 ,Area,Major,Minor,Angle,Feret,FeretX,FeretY,FeretAngle,MinFeret,Area_um2,Major_um,Minor_um,Feret_um,MinFeret_um,Diameter_um
1,2,2.257,1.128,0.0,2.236,4,0,153.435,1.0,3.285599232588026,2.892836279947917,1.4457772812499998,2.865920213541667,1.2817174479166666,2.0453259898153786
2,3,3.385,1.128,0.0,3.162,13,0,161.565,1.0,4.928398848882039,4.338613561197916,1.4457772812499998,4.0527905703125,1.2817174479166666,2.5050025163503102
3,520344,1877.621,352.852,91.768,2176.361,18,0,106.195,653.481,854820.923540892,2406.5795962747397,452.2565649322916,2789.479866665364,837.5779995820312,1043.2606207680326
4,4,4.514,1.128,0.0,4.123,77,0,165.964,1.0,6.571198465176052,5.785672559895834,1.4457772812499998,5.284521037760417,1.2817174479166666,2.892527754271083
5,6,3.988,1.916,161.565,4.472,231,0,153.435,2.0,9.856797697764078,5.111489182291667,2.4557706302083333,5.731840427083334,2.5634348958333333,3.5426085324013394
6,24,6.115,4.997,170.439,8.485,234,6,45.0,6.0,39.42719079105631,7.837702194010417,6.404742087239583,10.875372545572915,7.690304687499999,7.085217064802679
7,4,2.734,1.863,0.0,3.162,254,0,161.565,2.0,6.571198465176052,3.5042155026041666,2.38783960546875,4.0527905703125,2.5634348958333333,2.892527754271083
8,1,1.128,1.128,0.0,1.414,353,0,135.0,1.0,1.642799616294013,1.4457772812499998,1.4457772812499998,1.8123484713541664,1.2817174479166666,1.4462638771355416
9,1,1.128,1.128,0.0,1.414,422,0,135.0,1.0,1.642799616294013,1.4457772812499998,1.4457772812499998,1.8123484713541664,1.2817174479166666,1.4462638771355416
10,9,3.385,3.385,0.0,4.243,483,0,135.0,3.0,14.785196546646118,4.338613561197916,4.338613561197916,5.438327131510417,3.8451523437499997,4.338791631406624
11,4,2.734,1.863,0.0,3.162,515,0,161.565,2.0,6.571198465176052,3.5042155026041666,2.38783960546875,4.0527905703125,2.5634348958333333,2.892527754271083
12,504,51.518,12.456,2.272,60.208,561,12,11.497,20.0,827.9710066121826,66.03151948177083,15.96507253125,77.16964410416666,25.634348958333334,32.46854351465111
13,1,1.128,1.128,0.0,1.414,575,0,135.0,1.0,1.642799616294013,1.4457772812499998,1.4457772812499998,1.8123484713541664,1.2817174479166666,1.4462638771355416
14,91,12.408,9.338,86.245,15.811,625,15,71.565,12.0,149.49476508275518,15.903550093749999,11.968677528645832,20.265234569010417,15.380609374999999,13.79647807992854
15,1,1.128,1.128,0.0,1.414,651,0,135.0,1.0,1.642799616294013,1.4457772812499998,1.4457772812499998,1.8123484713541664,1.2817174479166666,1.4462638771355416
16,43,10.142,5.398,165.521,11.705,656,0,160.017,6.0,70.64038350064256,12.999178356770832,6.918710783854166,15.002502727864583,7.690304687499999,9.483786464234974
17,45,10.593,5.409,55.225,12.806,668,8,38.66,6.799,73.92598273323058,13.57723292578125,6.932809675781249,16.413673638020832,8.714396928385417,9.701833028032423
18,4,3.192,1.596,18.435,3.606,698,2,33.69,2.0,6.571198465176052,4.09124209375,2.045621046875,4.6218731171875,2.5634348958333333,2.892527754271083
19,1,1.128,1.128,0.0,1.414,705,0,135.0,1.0,1.642799616294013,1.4457772812499998,1.4457772812499998,1.8123484713541664,1.2817174479166666,1.4462638771355416
20,4,2.257,2.257,0.0,2.828,710,0,135.0,2.0,6.571198465176052,2.892836279947917,2.892836279947917,3.624696942708333,2.5634348958333333,2.892527754271083
21,5,4.183,1.522,169.099,4.472,714,0,153.435,2.0,8.213998081470065,5.361424084635416,1.9507739557291666,5.731840427083334,2.5634348958333333,3.2339443426774745
22,31,9.401,4.198,92.313,10.77,722,0,111.801,5.0,50.926788105114404,12.049425727864582,5.380649846354167,13.8040969140625,6.408587239583333,8.052456474363645
23,13,4.253,3.892,59.036,5.0,738,0,126.87,4.0,21.35639501182217,5.451144305989583,4.988444307291666,6.408587239583333,5.126869791666667,5.214578566863546
24,1,1.128,1.128,0.0,1.414,759,0,135.0,1.0,1.642799616294013,1.4457772812499998,1.4457772812499998,1.8123484713541664,1.2817174479166666,1.4462638771355416
25,1,1.128,1.128,0.0,1.414,841,0,135.0,1.0,1.642799616294013,1.4457772812499998,1.4457772812499998,1.8123484713541664,1.2817174479166666,1.4462638771355416
26,51,9.689,6.702,0.131,13.153,875,2,8.746,8.0,83.78278043099466,12.418560352864583,8.590070335937499,16.858429592447916,10.253739583333333,10.32838996735036
27,4,2.257,2.257,0.0,2.828,922,0,135.0,2.0,6.571198465176052,2.892836279947917,2.892836279947917,3.624696942708333,2.5634348958333333,2.892527754271083
28,5,3.144,2.025,18.435,3.606,939,2,33.69,2.0,8.213998081470065,4.02971965625,2.59547783203125,4.6218731171875,2.5634348958333333,3.2339443426774745
29,1,1.128,1.128,0.0,1.414,945,0,135.0,1.0,1.642799616294013,1.4457772812499998,1.4457772812499998,1.8123484713541664,1.2817174479166666,1.4462638771355416
30,5,3.732,1.706,31.717,4.243,969,3,45.0,2.236,8.213998081470065,4.783369515625,2.1866099661458334,5.438327131510417,2.865920213541667,3.2339443426774745
31,2,2.257,1.128,90.0,2.236,989,0,116.565,1.0,3.285599232588026,2.892836279947917,1.4457772812499998,2.865920213541667,1.2817174479166666,2.0453259898153786
32,2,2.257,1.128,90.0,2.236,995,0,116.565,1.0,3.285599232588026,2.892836279947917,1.4457772812499998,2.865920213541667,1.2817174479166666,2.0453259898153786
33,1,1.128,1.128,0.0,1.414,1175,0,135.0,1.0,1.642799616294013,1.4457772812499998,1.4457772812499998,1.8123484713541664,1.2817174479166666,1.4462638771355416
34,15,5.172,3.693,19.798,5.831,1498,3,30.964,4.0,24.641994244410196,6.629042640624999,4.73338253515625,7.473694438802084,5.126869791666667,5.601355910367322
35,4,3.192,1.596,161.565,3.606,1509,0,146.31,2.0,6.571198465176052,4.09124209375,2.045621046875,4.6218731171875,2.5634348958333333,2.892527754271083
36,4,2.257,2.257,0.0,2.828,1844,0,135.0,2.0,6.571198465176052,2.892836279947917,2.892836279947917,3.624696942708333,2.5634348958333333,2.892527754271083
37,23,6.773,4.323,160.025,8.062,1919,0,150.255,5.0,37.7843911747623,8.681072274739583,5.54086452734375,10.333206065104166,6.408587239583333,6.936037892995103
38,85,15.1,7.167,32.696,19.209,1939,12,38.66,10.934,139.6379673849911,19.353933463541665,9.18606894921875,24.620510457031248,14.014298575520833,13.333894112227902
39,105,21.494,6.22,170.73,24.331,1967,0,170.538,8.0,172.49395971087137,27.549234825520834,7.972282526041666,31.185467225260414,10.253739583333333,14.819794743593736
40,203,28.665,9.017,0.494,29.275,1998,4,7.853,10.0,333.48832210768467,36.74043064453125,11.557246227864582,37.522278287760415,12.817174479166667,20.606088373787664
41,6,3.853,1.983,5.31,4.472,2030,2,26.565,2.0,9.856797697764078,4.938457326822917,2.54164569921875,5.731840427083334,2.5634348958333333,3.5426085324013394
42,44,16.017,3.498,2.346,19.026,2037,0,176.987,4.0,72.28318311693657,20.52926836328125,4.4834476328125,24.3859561640625,5.126869791666667,9.593429256606505
43,20,8.021,3.175,175.164,10.05,2081,0,174.289,4.0,32.85599232588026,10.280655649739584,4.069452897135417,12.881260351562501,5.126869791666667,6.467888685354949
44,4,2.257,2.257,0.0,2.828,2370,0,135.0,2.0,6.571198465176052,2.892836279947917,2.892836279947917,3.624696942708333,2.5634348958333333,2.892527754271083
45,1,1.128,1.128,0.0,1.414,3137,0,135.0,1.0,1.642799616294013,1.4457772812499998,1.4457772812499998,1.8123484713541664,1.2817174479166666,1.4462638771355416
46,5,4.183,1.522,79.099,4.472,3184,4,63.435,2.0,8.213998081470065,5.361424084635416,1.9507739557291666,5.731840427083334,2.5634348958333333,3.2339443426774745
47,4,4.514,1.128,90.0,4.123,3207,0,104.036,1.0,6.571198465176052,5.785672559895834,1.4457772812499998,5.284521037760417,1.2817174479166666,2.892527754271083
48,5,3.144,2.025,161.565,3.606,3261,0,146.31,2.0,8.213998081470065,4.02971965625,2.59547783203125,4.6218731171875,2.5634348958333333,3.2339443426774745
49,174,19.421,11.408,60.631,25.554,3276,16,30.579,17.441,285.84713323515825,24.89223455598958,14.621832645833333,32.753007664062494,22.35443400911458,19.077530794142106
50,29,8.582,4.302,67.219,12.042,3308,8,41.634,6.708,47.64118887252638,10.999699138020834,5.5139484609375,15.4344415078125,8.597760640625,7.788369332980218
51,6,3.385,2.257,0.0,3.606,3319,0,146.31,2.0,9.856797697764078,4.338613561197916,2.892836279947917,4.6218731171875,2.5634348958333333,3.5426085324013394
52,6,3.184,2.399,156.255,4.243,3347,0,135.0,3.0,9.856797697764078,4.080988354166667,3.0748401575520834,5.438327131510417,3.8451523437499997,3.5426085324013394
53,11,5.529,2.533,2.979,6.325,3356,2,18.435,3.0,18.070795779234142,7.0866157695312495,3.2465902955729167,8.106862858072917,3.8451523437499997,4.796714628303253
54,18,7.648,2.997,43.152,9.434,3360,6,32.005,4.685,29.570393093292235,9.802575041666666,3.84130719140625,12.091722403645832,6.004846243489583,6.135977969446135
55,1,1.128,1.128,0.0,1.414,3369,0,135.0,1.0,1.642799616294013,1.4457772812499998,1.4457772812499998,1.8123484713541664,1.2817174479166666,1.4462638771355416
56,14,6.669,2.673,162.465,8.062,3376,0,150.255,4.0,22.999194628116182,8.547773660156249,3.42603073828125,10.333206065104166,5.126869791666667,5.411423919108519
57,32,7.075,5.759,134.999,8.485,3388,0,135.0,6.0,52.56958772140842,9.068150944010418,7.381410782552083,10.875372545572915,7.690304687499999,8.181303959261514
58,138590,642.236,274.756,108.351,927.6,3399,0,115.819,437.628,227675.59882218728,823.1650868802083,352.15955911979165,1188.9211046875,560.915443296875,538.4104574093495
59,11,6.327,2.214,3.058,6.325,3422,2,18.435,2.0,18.070795779234142,8.10942629296875,2.8377224296875,8.106862858072917,2.5634348958333333,4.796714628303253
60,3,2.365,1.615,45.0,2.828,10,3,45.0,2.0,4.928398848882039,3.0312617643229167,2.069973678385417,3.624696942708333,2.5634348958333333,2.5050025163503102
61,1,1.128,1.128,0.0,1.414,736,1,135.0,1.0,1.642799616294013,1.4457772812499998,1.4457772812499998,1.8123484713541664,1.2817174479166666,1.4462638771355416
62,1,1.128,1.128,0.0,1.414,792,1,135.0,1.0,1.642799616294013,1.4457772812499998,1.4457772812499998,1.8123484713541664,1.2817174479166666,1.4462638771355416
63,6,3.718,2.055,126.87,4.243,846,1,135.0,2.683,9.856797697764078,4.765425471354167,2.63392935546875,5.438327131510417,3.4388479127604166,3.5426085324013394
64,6,3.385,2.257,90.0,3.606,950,1,123.69,2.0,9.856797697764078,4.338613561197916,2.892836279947917,4.6218731171875,2.5634348958333333,3.5426085324013394
65,2,2.257,1.128,90.0,2.236,1045,1,116.565,1.0,3.285599232588026,2.892836279947917,1.4457772812499998,2.865920213541667,1.2817174479166666,2.0453259898153786
66,1,1.128,1.128,0.0,1.414,1496,1,135.0,1.0,1.642799616294013,1.4457772812499998,1.4457772812499998,1.8123484713541664,1.2817174479166666,1.4462638771355416
67,1,1.128,1.128,0.0,1.414,2293,1,135.0,1.0,1.642799616294013,1.4457772812499998,1.4457772812499998,1.8123484713541664,1.2817174479166666,1.4462638771355416
68,1,1.128,1.128,0.0,1.414,3177,1,135.0,1.0,1.642799616294013,1.4457772812499998,1.4457772812499998,1.8123484713541664,1.2817174479166666,1.4462638771355416
69,7,3.772,2.363,135.0,4.243,3196,1,135.0,2.828,11.499597314058091,4.834638213541666,3.0286983294270833,5.438327131510417,3.624696942708333,3.826454549076717
70,2,2.257,1.128,0.0,2.236,3266,1,153.435,1.0,3.285599232588026,2.892836279947917,1.4457772812499998,2.865920213541667,1.2817174479166666,2.0453259898153786
71,7,4.163,2.141,98.724,5.385,3301,1,111.801,3.0,11.499597314058091,5.335789735677084,2.744157055989583,6.90204845703125,3.8451523437499997,3.826454549076717
72,5,3.144,2.025,71.565,3.606,704,5,56.31,2.0,8.213998081470065,4.02971965625,2.59547783203125,4.6218731171875,2.5634348958333333,3.2339443426774745
73,2,2.257,1.128,90.0,2.236,866,2,116.565,1.0,3.285599232588026,2.892836279947917,1.4457772812499998,2.865920213541667,1.2817174479166666,2.0453259898153786
74,2,2.596,0.981,45.0,2.828,1108,4,45.0,1.414,3.285599232588026,3.327338494791667,1.2573648164062499,3.624696942708333,1.8123484713541664,2.0453259898153786
75,1,1.128,1.128,0.0,1.414,1165,2,135.0,1.0,1.642799616294013,1.4457772812499998,1.4457772812499998,1.8123484713541664,1.2817174479166666,1.4462638771355416
76,14,4.264,4.181,2.771e-13,5.0,1886,2,126.87,4.0,22.999194628116182,5.465243197916667,5.358860649739583,6.408587239583333,5.126869791666667,5.411423919108519
77,2,2.257,1.128,90.0,2.236,3042,2,116.565,1.0,3.285599232588026,2.892836279947917,1.4457772812499998,2.865920213541667,1.2817174479166666,2.0453259898153786
78,2,2.257,1.128,90.0,2.236,3115,2,116.565,1.0,3.285599232588026,2.892836279947917,1.4457772812499998,2.865920213541667,1.2817174479166666,2.0453259898153786
79,1,1.128,1.128,0.0,1.414,3226,2,135.0,1.0,1.642799616294013,1.4457772812499998,1.4457772812499998,1.8123484713541664,1.2817174479166666,1.4462638771355416
80,1,1.128,1.128,0.0,1.414,515,3,135.0,1.0,1.642799616294013,1.4457772812499998,1.4457772812499998,1.8123484713541664,1.2817174479166666,1.4462638771355416
81,2,2.257,1.128,0.0,2.236,638,3,153.435,1.0,3.285599232588026,2.892836279947917,1.4457772812499998,2.865920213541667,1.2817174479166666,2.0453259898153786
82,1,1.128,1.128,0.0,1.414,683,3,135.0,1.0,1.642799616294013,1.4457772812499998,1.4457772812499998,1.8123484713541664,1.2817174479166666,1.4462638771355416
83,1,1.128,1.128,0.0,1.414,715,3,135.0,1.0,1.642799616294013,1.4457772812499998,1.4457772812499998,1.8123484713541664,1.2817174479166666,1.4462638771355416
84,8,3.648,2.792,163.69,4.472,754,4,153.435,3.0,13.142396930352104,4.67570525,3.578555114583333,5.731840427083334,3.8451523437499997,4.090651979630757
85,1,1.128,1.128,0.0,1.414,792,3,135.0,1.0,1.642799616294013,1.4457772812499998,1.4457772812499998,1.8123484713541664,1.2817174479166666,1.4462638771355416
86,2,2.257,1.128,0.0,2.236,830,3,153.435,1.0,3.285599232588026,2.892836279947917,1.4457772812499998,2.865920213541667,1.2817174479166666,2.0453259898153786
87,7,3.334,2.674,56.599,4.243,869,6,45.0,3.0,11.499597314058091,4.273245971354167,3.4273124557291665,5.438327131510417,3.8451523437499997,3.826454549076717
88,4,3.192,1.596,161.565,3.606,2122,3,146.31,2.0,6.571198465176052,4.09124209375,2.045621046875,4.6218731171875,2.5634348958333333,2.892527754271083
89,4,2.887,1.764,14.872,3.606,2163,5,33.69,2.0,6.571198465176052,3.7003182721354166,2.260949578125,4.6218731171875,2.5634348958333333,2.892527754271083
90,1,1.128,1.128,0.0,1.414,3171,3,135.0,1.0,1.642799616294013,1.4457772812499998,1.4457772812499998,1.8123484713541664,1.2817174479166666,1.4462638771355416
91,4,3.216,1.583,58.283,3.606,3229,6,56.31,2.0,6.571198465176052,4.1220033125,2.028958720052083,4.6218731171875,2.5634348958333333,2.892527754271083
92,259,35.157,9.38,89.346,45.277,3334,3,96.34,16.0,425.48510062014935,45.061340316406245,12.022509661458335,58.03232088932292,20.507479166666666,23.275414355013023
93,46,9.472,6.184,21.244,12.53,3347,10,28.61,9.0,75.5687823495246,12.140427666666666,7.926140697916667,16.05991962239583,11.535457031249999,9.809038857407382
94,1,1.128,1.128,0.0,1.414,3400,3,135.0,1.0,1.642799616294013,1.4457772812499998,1.4457772812499998,1.8123484713541664,1.2817174479166666,1.4462638771355416
95,4,2.257,2.257,0.0,2.828,634,4,135.0,2.0,6.571198465176052,2.892836279947917,2.892836279947917,3.624696942708333,2.5634348958333333,2.892527754271083
96,56,10.914,6.533,40.871,13.601,685,15,36.027,10.215,91.99677851246473,13.988664226562499,8.373460087239584,17.432639009114585,13.092743730468749,10.822847838217038
97,1,1.128,1.128,0.0,1.414,732,4,135.0,1.0,1.642799616294013,1.4457772812499998,1.4457772812499998,1.8123484713541664,1.2817174479166666,1.4462638771355416
98,25,7.24,4.397,85.463,9.434,741,12,57.995,6.828,41.069990407350325,9.279634322916667,5.635711618489584,12.091722403645832,8.751566734375,7.231319385677708
99,4,2.257,2.257,0.0,2.828,838,4,135.0,2.0,6.571198465176052,2.892836279947917,2.892836279947917,3.624696942708333,2.5634348958333333,2.892527754271083
100,5,3.702,1.72,164.518,4.472,916,4,153.435,2.0,8.213998081470065,4.7449179921875,2.2045540104166665,5.731840427083334,2.5634348958333333,3.2339443426774745
101,3,2.365,1.615,45.0,2.828,962,6,45.0,2.0,4.928398848882039,3.0312617643229167,2.069973678385417,3.624696942708333,2.5634348958333333,2.5050025163503102
102,1,1.128,1.128,0.0,1.414,1019,4,135.0,1.0,1.642799616294013,1.4457772812499998,1.4457772812499998,1.8123484713541664,1.2817174479166666,1.4462638771355416
103,2,2.257,1.128,90.0,2.236,3051,4,116.565,1.0,3.285599232588026,2.892836279947917,1.4457772812499998,2.865920213541667,1.2817174479166666,2.0453259898153786
104,3,2.365,1.615,45.0,2.828,3106,6,45.0,2.0,4.928398848882039,3.0312617643229167,2.069973678385417,3.624696942708333,2.5634348958333333,2.5050025163503102
105,5,5.642,1.128,90.0,5.099,3233,4,101.31,1.0,8.213998081470065,7.2314498411458334,1.4457772812499998,6.535477266927083,1.2817174479166666,3.2339443426774745
106,184,24.169,9.693,16.244,33.526,3222,16,17.354,17.22,302.2751293980984,30.977828998697916,12.42368722265625,42.97085915885417,22.071174453125,19.618077714814763
107,80,12.621,8.07,54.457,15.62,3266,16,50.194,10.499,131.42396930352103,16.17655591015625,10.3434598046875,20.02042653645833,13.456751485677083,12.935777370709898
108,5,3.144,2.025,18.435,3.606,3305,6,33.69,2.0,8.213998081470065,4.02971965625,2.59547783203125,4.6218731171875,2.5634348958333333,3.2339443426774745
109,11,4.829,2.9,41.786,5.831,3327,8,30.964,3.883,18.070795779234142,6.189413555989583,3.716980598958333,7.473694438802084,4.976908850260417,4.796714628303253
110,3,3.385,1.128,90.0,3.162,3409,4,108.435,1.0,4.928398848882039,4.338613561197916,1.4457772812499998,4.0527905703125,1.2817174479166666,2.5050025163503102
111,1,1.128,1.128,0.0,1.414,737,5,135.0,1.0,1.642799616294013,1.4457772812499998,1.4457772812499998,1.8123484713541664,1.2817174479166666,1.4462638771355416
112,2,2.257,1.128,0.0,2.236,848,5,153.435,1.0,3.285599232588026,2.892836279947917,1.4457772812499998,2.865920213541667,1.2817174479166666,2.0453259898153786
113,2,2.257,1.128,0.0,2.236,1104,5,153.435,1.0,3.285599232588026,2.892836279947917,1.4457772812499998,2.865920213541667,1.2817174479166666,2.0453259898153786
114,3,3.385,1.128,0.0,3.162,3111,5,161.565,1.0,4.928398848882039,4.338613561197916,1.4457772812499998,4.0527905703125,1.2817174479166666,2.5050025163503102
115,1,1.128,1.128,0.0,1.414,3206,5,135.0,1.0,1.642799616294013,1.4457772812499998,1.4457772812499998,1.8123484713541664,1.2817174479166666,1.4462638771355416
116,24,9.261,3.3,14.411,12.369,698,12,14.036,5.578,39.42719079105631,11.869985285156249,4.2296675781249995,15.853563113281249,7.149419924479167,7.085217064802679
117,4,2.257,2.257,0.0,2.828,728,6,135.0,2.0,6.571198465176052,2.892836279947917,2.892836279947917,3.624696942708333,2.5634348958333333,2.892527754271083
118,20,8.749,2.91,28.433,10.0,728,12,36.87,4.727,32.85599232588026,11.213745951822917,3.7297977734375003,12.817174479166667,6.058678376302083,6.467888685354949
119,4,2.257,2.257,0.0,2.828,780,6,135.0,2.0,6.571198465176052,2.892836279947917,2.892836279947917,3.624696942708333,2.5634348958333333,2.892527754271083
120,7,3.752,2.375,90.0,4.472,866,6,116.565,3.0,11.499597314058091,4.809003864583333,3.0440789388020835,5.731840427083334,3.8451523437499997,3.826454549076717
121,1,1.128,1.128,0.0,1.414,895,6,135.0,1.0,1.642799616294013,1.4457772812499998,1.4457772812499998,1.8123484713541664,1.2817174479166666,1.4462638771355416
122,7,3.507,2.542,30.473,4.243,979,9,45.0,3.0,11.499597314058091,4.49498308984375,3.2581257526041663,5.438327131510417,3.8451523437499997,3.826454549076717
123,8,3.797,2.682,82.982,4.472,998,10,63.435,3.0,13.142396930352104,4.866681149739583,3.4375661953125,5.731840427083334,3.8451523437499997,4.090651979630757
124,20,5.642,4.514,90.0,6.403,1810,6,128.66,4.0,32.85599232588026,7.2314498411458334,5.785672559895834,8.206836819010416,5.126869791666667,6.467888685354949
125,9,3.43,3.341,0.0,4.472,3128,7,153.435,4.0,14.785196546646118,4.396290846354167,4.282217993489583,5.731840427083334,5.126869791666667,4.338791631406624
126,1,1.128,1.128,0.0,1.414,3147,6,135.0,1.0,1.642799616294013,1.4457772812499998,1.4457772812499998,1.8123484713541664,1.2817174479166666,1.4462638771355416
127,1,1.128,1.128,0.0,1.414,3209,6,135.0,1.0,1.642799616294013,1.4457772812499998,1.4457772812499998,1.8123484713541664,1.2817174479166666,1.4462638771355416
128,77,13.071,7.501,22.608,18.028,3310,16,33.69,11.314,126.49557045463901,16.75332876171875,9.614162576822917,23.106802151041663,14.501351205729167,12.690914016636032
129,27,10.445,3.291,32.763,11.662,3362,13,30.964,4.992,44.35558963993835,13.387538743489584,4.21813212109375,14.947388877604167,6.3983335,7.515007549050931
130,3,2.365,1.615,45.0,2.828,3378,8,45.0,2.0,4.928398848882039,3.0312617643229167,2.069973678385417,3.624696942708333,2.5634348958333333,2.5050025163503102
131,2,2.257,1.128,90.0,2.236,231,7,116.565,1.0,3.285599232588026,2.892836279947917,1.4457772812499998,2.865920213541667,1.2817174479166666,2.0453259898153786
132,2,2.257,1.128,0.0,2.236,244,7,153.435,1.0,3.285599232588026,2.892836279947917,1.4457772812499998,2.865920213541667,1.2817174479166666,2.0453259898153786
133,5,3.144,2.025,71.565,3.606,555,10,56.31,2.0,8.213998081470065,4.02971965625,2.59547783203125,4.6218731171875,2.5634348958333333,3.2339443426774745
134,1,1.128,1.128,0.0,1.414,1321,7,135.0,1.0,1.642799616294013,1.4457772812499998,1.4457772812499998,1.8123484713541664,1.2817174479166666,1.4462638771355416
135,1,1.128,1.128,0.0,1.414,2976,7,135.0,1.0,1.642799616294013,1.4457772812499998,1.4457772812499998,1.8123484713541664,1.2817174479166666,1.4462638771355416
136,6,3.718,2.055,126.87,4.243,3226,7,135.0,2.683,9.856797697764078,4.765425471354167,2.63392935546875,5.438327131510417,3.4388479127604166,3.5426085324013394
137,5,3.144,2.025,71.565,3.606,3276,10,56.31,2.0,8.213998081470065,4.02971965625,2.59547783203125,4.6218731171875,2.5634348958333333,3.2339443426774745
138,3,2.365,1.615,135.0,2.828,678,8,135.0,2.0,4.928398848882039,3.0312617643229167,2.069973678385417,3.624696942708333,2.5634348958333333,2.5050025163503102
139,1,1.128,1.128,0.0,1.414,737,8,135.0,1.0,1.642799616294013,1.4457772812499998,1.4457772812499998,1.8123484713541664,1.2817174479166666,1.4462638771355416
140,5,3.144,2.025,18.435,3.606,740,10,33.69,2.0,8.213998081470065,4.02971965625,2.59547783203125,4.6218731171875,2.5634348958333333,3.2339443426774745
141,2,2.257,1.128,90.0,2.236,783,8,116.565,1.0,3.285599232588026,2.892836279947917,1.4457772812499998,2.865920213541667,1.2817174479166666,2.0453259898153786
142,7,4.154,2.146,171.65,4.472,856,8,153.435,2.0,11.499597314058091,5.324254278645833,2.7505656432291663,5.731840427083334,2.5634348958333333,3.826454549076717
143,6,3.995,1.912,80.538,4.472,896,12,63.435,2.0,9.856797697764078,5.120461204427083,2.4506437604166664,5.731840427083334,2.5634348958333333,3.5426085324013394
144,4,2.257,2.257,0.0,2.828,992,8,135.0,2.0,6.571198465176052,2.892836279947917,2.892836279947917,3.624696942708333,2.5634348958333333,2.892527754271083
145,2,2.257,1.128,90.0,2.236,1119,8,116.565,1.0,3.285599232588026,2.892836279947917,1.4457772812499998,2.865920213541667,1.2817174479166666,2.0453259898153786
146,1,1.128,1.128,0.0,1.414,1173,8,135.0,1.0,1.642799616294013,1.4457772812499998,1.4457772812499998,1.8123484713541664,1.2817174479166666,1.4462638771355416
147,1,1.128,1.128,0.0,1.414,1175,8,135.0,1.0,1.642799616294013,1.4457772812499998,1.4457772812499998,1.8123484713541664,1.2817174479166666,1.4462638771355416
148,5,5.038,1.264,40.935,5.657,1190,12,45.0,2.121,8.213998081470065,6.457292502604167,1.6200908541666668,7.250675602864583,2.71852270703125,3.2339443426774745
149,53,10.511,6.42,139.124,11.402,1905,8,127.875,7.766,87.06837966358269,13.472132095052082,8.228626015625,14.614142341145833,9.953817700520833,10.528959954443641
150,53,11.621,5.807,157.862,13.892,3297,9,149.744,7.159,87.06837966358269,14.894838462239584,7.442933220052083,17.805618786458332,9.175815209635417,10.528959954443641
151,1,1.128,1.128,0.0,1.414,664,9,135.0,1.0,1.642799616294013,1.4457772812499998,1.4457772812499998,1.8123484713541664,1.2817174479166666,1.4462638771355416
152,1,1.128,1.128,0.0,1.414,787,9,135.0,1.0,1.642799616294013,1.4457772812499998,1.4457772812499998,1.8123484713541664,1.2817174479166666,1.4462638771355416
153,12,6.145,2.486,3.365,6.325,1014,10,161.565,3.0,19.713595395528156,7.876153717447916,3.1863495755208335,8.106862858072917,3.8451523437499997,5.0100050327006205
154,5,5.642,1.128,0.0,5.099,1057,9,168.69,1.0,8.213998081470065,7.2314498411458334,1.4457772812499998,6.535477266927083,1.2817174479166666,3.2339443426774745
155,1,1.128,1.128,0.0,1.414,1186,9,135.0,1.0,1.642799616294013,1.4457772812499998,1.4457772812499998,1.8123484713541664,1.2817174479166666,1.4462638771355416
156,8,4.037,2.523,33.69,5.0,1564,12,36.87,3.0,13.142396930352104,5.174293337239583,3.23377312109375,6.408587239583333,3.8451523437499997,4.090651979630757
157,3,3.385,1.128,0.0,3.162,3029,9,161.565,1.0,4.928398848882039,4.338613561197916,1.4457772812499998,4.0527905703125,1.2817174479166666,2.5050025163503102
158,1,1.128,1.128,0.0,1.414,3081,9,135.0,1.0,1.642799616294013,1.4457772812499998,1.4457772812499998,1.8123484713541664,1.2817174479166666,1.4462638771355416
159,1,1.128,1.128,0.0,1.414,3111,9,135.0,1.0,1.642799616294013,1.4457772812499998,1.4457772812499998,1.8123484713541664,1.2817174479166666,1.4462638771355416
160,5,3.732,1.706,95.152,4.123,831,10,104.036,2.0,8.213998081470065,4.783369515625,2.1866099661458334,5.284521037760417,2.5634348958333333,3.2339443426774745
161,10,4.053,3.142,143.872,5.0,952,10,143.13,4.0,16.42799616294013,5.19480081640625,4.027156221354167,6.408587239583333,5.126869791666667,4.573487949374228
162,128,17.665,9.226,29.325,24.083,3368,28,41.634,13.924,210.27835088563367,22.641538717447915,11.825125174479167,30.86760129817708,17.846633744791667,16.36260791852303
163,8,3.538,2.879,45.0,4.243,0,14,45.0,3.0,13.142396930352104,4.534716330729166,3.6900645325520833,5.438327131510417,3.8451523437499997,4.090651979630757
164,3,3.385,1.128,0.0,3.162,612,11,161.565,1.0,4.928398848882039,4.338613561197916,1.4457772812499998,4.0527905703125,1.2817174479166666,2.5050025163503102
165,8,3.538,2.879,135.0,4.243,678,11,135.0,3.0,13.142396930352104,4.534716330729166,3.6900645325520833,5.438327131510417,3.8451523437499997,4.090651979630757
166,1,1.128,1.128,0.0,1.414,855,11,135.0,1.0,1.642799616294013,1.4457772812499998,1.4457772812499998,1.8123484713541664,1.2817174479166666,1.4462638771355416
167,1,1.128,1.128,0.0,1.414,1135,11,135.0,1.0,1.642799616294013,1.4457772812499998,1.4457772812499998,1.8123484713541664,1.2817174479166666,1.4462638771355416
168,1,1.128,1.128,0.0,1.414,1148,11,135.0,1.0,1.642799616294013,1.4457772812499998,1.4457772812499998,1.8123484713541664,1.2817174479166666,1.4462638771355416
169,3,2.365,1.615,135.0,2.828,1306,11,135.0,2.0,4.928398848882039,3.0312617643229167,2.069973678385417,3.624696942708333,2.5634348958333333,2.5050025163503102
170,1,1.128,1.128,0.0,1.414,3069,11,135.0,1.0,1.642799616294013,1.4457772812499998,1.4457772812499998,1.8123484713541664,1.2817174479166666,1.4462638771355416
171,1,1.128,1.128,0.0,1.414,3195,11,135.0,1.0,1.642799616294013,1.4457772812499998,1.4457772812499998,1.8123484713541664,1.2817174479166666,1.4462638771355416
172,1,1.128,1.128,0.0,1.414,3210,11,135.0,1.0,1.642799616294013,1.4457772812499998,1.4457772812499998,1.8123484713541664,1.2817174479166666,1.4462638771355416
173,12,5.491,2.782,61.045,6.708,645,18,63.435,3.9,19.713595395528156,7.037910506510416,3.5657379401041664,8.597760640625,4.998698046875,5.0100050327006205
174,1,1.128,1.128,0.0,1.414,649,12,135.0,1.0,1.642799616294013,1.4457772812499998,1.4457772812499998,1.8123484713541664,1.2817174479166666,1.4462638771355416
175,3,2.365,1.615,45.0,2.828,794,14,45.0,2.0,4.928398848882039,3.0312617643229167,2.069973678385417,3.624696942708333,2.5634348958333333,2.5050025163503102
176,1,1.128,1.128,0.0,1.414,828,12,135.0,1.0,1.642799616294013,1.4457772812499998,1.4457772812499998,1.8123484713541664,1.2817174479166666,1.4462638771355416
177,11,6.451,2.171,106.035,6.708,861,12,116.565,2.846,18.070795779234142,8.268359256510417,2.782608579427083,8.597760640625,3.6477678567708334,4.796714628303253
178,1,1.128,1.128,0.0,1.414,1171,12,135.0,1.0,1.642799616294013,1.4457772812499998,1.4457772812499998,1.8123484713541664,1.2817174479166666,1.4462638771355416
179,1,1.128,1.128,0.0,1.414,1403,12,135.0,1.0,1.642799616294013,1.4457772812499998,1.4457772812499998,1.8123484713541664,1.2817174479166666,1.4462638771355416
180,16,5.186,3.928,34.419,6.403,1870,16,38.66,4.0,26.28479386070421,6.646986684895833,5.034586135416666,8.206836819010416,5.126869791666667,5.785055508542166
181,4,2.257,2.257,0.0,2.828,2348,12,135.0,2.0,6.571198465176052,2.892836279947917,2.892836279947917,3.624696942708333,2.5634348958333333,2.892527754271083
182,2,2.596,0.981,45.0,2.828,3146,14,45.0,1.414,3.285599232588026,3.327338494791667,1.2573648164062499,3.624696942708333,1.8123484713541664,2.0453259898153786
183,1,1.128,1.128,0.0,1.414,3193,12,135.0,1.0,1.642799616294013,1.4457772812499998,1.4457772812499998,1.8123484713541664,1.2817174479166666,1.4462638771355416
184,1,1.128,1.128,0.0,1.414,3291,12,135.0,1.0,1.642799616294013,1.4457772812499998,1.4457772812499998,1.8123484713541664,1.2817174479166666,1.4462638771355416
185,1,1.128,1.128,0.0,1.414,198,13,135.0,1.0,1.642799616294013,1.4457772812499998,1.4457772812499998,1.8123484713541664,1.2817174479166666,1.4462638771355416
186,1,1.128,1.128,0.0,1.414,262,13,135.0,1.0,1.642799616294013,1.4457772812499998,1.4457772812499998,1.8123484713541664,1.2817174479166666,1.4462638771355416
187,28,7.318,4.872,93.568,9.487,574,22,71.565,5.706,45.998389256232365,9.379608283854166,6.24452740625,12.159653428385417,7.313479757812501,7.652909098153434
188,2,2.257,1.128,0.0,2.236,580,13,153.435,1.0,3.285599232588026,2.892836279947917,1.4457772812499998,2.865920213541667,1.2817174479166666,2.0453259898153786
189,2,2.596,0.981,45.0,2.828,637,15,45.0,1.414,3.285599232588026,3.327338494791667,1.2573648164062499,3.624696942708333,1.8123484713541664,2.0453259898153786
190,3,3.385,1.128,0.0,3.162,699,13,161.565,1.0,4.928398848882039,4.338613561197916,1.4457772812499998,4.0527905703125,1.2817174479166666,2.5050025163503102
191,1,1.128,1.128,0.0,1.414,805,13,135.0,1.0,1.642799616294013,1.4457772812499998,1.4457772812499998,1.8123484713541664,1.2817174479166666,1.4462638771355416
192,1,1.128,1.128,0.0,1.414,3172,13,135.0,1.0,1.642799616294013,1.4457772812499998,1.4457772812499998,1.8123484713541664,1.2817174479166666,1.4462638771355416
193,1,1.128,1.128,0.0,1.414,3200,13,135.0,1.0,1.642799616294013,1.4457772812499998,1.4457772812499998,1.8123484713541664,1.2817174479166666,1.4462638771355416
194,2,2.257,1.128,0.0,2.236,3214,13,153.435,1.0,3.285599232588026,2.892836279947917,1.4457772812499998,2.865920213541667,1.2817174479166666,2.0453259898153786
195,24,5.859,5.215,127.982,8.062,3356,13,119.745,6.499,39.42719079105631,7.50958252734375,6.6841564908854165,10.333206065104166,8.329881694010416,7.085217064802679
196,2,2.257,1.128,90.0,2.236,3463,13,116.565,1.0,3.285599232588026,2.892836279947917,1.4457772812499998,2.865920213541667,1.2817174479166666,2.0453259898153786
197,11,4.69,2.987,117.68,5.657,660,14,135.0,3.883,18.070795779234142,6.011254830729167,3.8284900169270832,7.250675602864583,4.976908850260417,4.796714628303253
198,251,23.142,13.81,62.465,29.732,656,36,42.274,22.0,412.3427036897973,29.6615051796875,17.70051795572917,38.108023161458334,28.197783854166666,22.913128982727116
199,1,1.128,1.128,0.0,1.414,675,14,135.0,1.0,1.642799616294013,1.4457772812499998,1.4457772812499998,1.8123484713541664,1.2817174479166666,1.4462638771355416
200,4,3.192,1.596,0.0,4.123,694,15,165.964,2.0,6.571198465176052,4.09124209375,2.045621046875,5.284521037760417,2.5634348958333333,2.892527754271083
201,7,4.154,2.146,8.35,4.472,718,16,26.565,2.0,11.499597314058091,5.324254278645833,2.7505656432291663,5.731840427083334,2.5634348958333333,3.826454549076717
202,18,8.641,2.652,98.039,8.544,784,14,110.556,3.0,29.570393093292235,11.075320467447916,3.399114671875,10.950993875,3.8451523437499997,6.135977969446135
203,7,4.154,2.146,98.35,4.472,1006,14,116.565,2.0,11.499597314058091,5.324254278645833,2.7505656432291663,5.731840427083334,2.5634348958333333,3.826454549076717
204,2,2.596,0.981,45.0,2.828,1032,16,45.0,1.414,3.285599232588026,3.327338494791667,1.2573648164062499,3.624696942708333,1.8123484713541664,2.0453259898153786
205,8,4.514,2.257,90.0,4.472,1448,14,116.565,2.0,13.142396930352104,5.785672559895834,2.892836279947917,5.731840427083334,2.5634348958333333,4.090651979630757
206,1,1.128,1.128,0.0,1.414,1817,14,135.0,1.0,1.642799616294013,1.4457772812499998,1.4457772812499998,1.8123484713541664,1.2817174479166666,1.4462638771355416
207,21,7.498,3.566,96.858,8.246,1916,22,75.964,4.366,34.49879194217427,9.610317424479167,4.570604419270833,10.569042075520834,5.595978377604166,6.627613691853932
208,9,4.196,2.731,6.047,4.472,543,16,153.435,3.0,14.785196546646118,5.378086411458333,3.5003703502604164,5.731840427083334,3.8451523437499997,4.338791631406624
209,1,1.128,1.128,0.0,1.414,629,15,135.0,1.0,1.642799616294013,1.4457772812499998,1.4457772812499998,1.8123484713541664,1.2817174479166666,1.4462638771355416
210,1,1.128,1.128,0.0,1.414,3065,15,135.0,1.0,1.642799616294013,1.4457772812499998,1.4457772812499998,1.8123484713541664,1.2817174479166666,1.4462638771355416
211,2,2.257,1.128,90.0,2.236,3355,15,116.565,1.0,3.285599232588026,2.892836279947917,1.4457772812499998,2.865920213541667,1.2817174479166666,2.0453259898153786
212,3,2.365,1.615,45.0,2.828,3415,17,45.0,2.0,4.928398848882039,3.0312617643229167,2.069973678385417,3.624696942708333,2.5634348958333333,2.5050025163503102
213,1,1.128,1.128,0.0,1.414,3432,15,135.0,1.0,1.642799616294013,1.4457772812499998,1.4457772812499998,1.8123484713541664,1.2817174479166666,1.4462638771355416
214,4,2.257,2.257,0.0,2.828,196,16,135.0,2.0,6.571198465176052,2.892836279947917,2.892836279947917,3.624696942708333,2.5634348958333333,2.892527754271083
215,1,1.128,1.128,0.0,1.414,486,16,135.0,1.0,1.642799616294013,1.4457772812499998,1.4457772812499998,1.8123484713541664,1.2817174479166666,1.4462638771355416
216,263,28.07,11.929,40.699,42.521,598,48,48.814,20.203,432.0562990853254,35.97780876302083,15.289607436197917,54.49990760286458,25.894537600260417,23.454458642372774
217,23,8.677,3.375,19.58,10.77,630,20,21.801,4.919,37.7843911747623,11.121462295572917,4.32579638671875,13.8040969140625,6.304768126302083,6.936037892995103
218,1,1.128,1.128,0.0,1.414,709,16,135.0,1.0,1.642799616294013,1.4457772812499998,1.4457772812499998,1.8123484713541664,1.2817174479166666,1.4462638771355416
219,4,2.257,2.257,0.0,2.828,732,16,135.0,2.0,6.571198465176052,2.892836279947917,2.892836279947917,3.624696942708333,2.5634348958333333,2.892527754271083
220,3,2.365,1.615,135.0,2.828,756,16,135.0,2.0,4.928398848882039,3.0312617643229167,2.069973678385417,3.624696942708333,2.5634348958333333,2.5050025163503102
221,4,2.257,2.257,0.0,2.828,844,16,135.0,2.0,6.571198465176052,2.892836279947917,2.892836279947917,3.624696942708333,2.5634348958333333,2.892527754271083
222,9,6.13,1.869,3.716,6.325,848,18,18.435,2.0,14.785196546646118,7.856927955729167,2.39552991015625,8.106862858072917,2.5634348958333333,4.338791631406624
223,8,3.424,2.975,90.0,4.472,881,16,116.565,3.795,13.142396930352104,4.3886005416666665,3.8131094075520835,5.731840427083334,4.86411771484375,4.090651979630757
224,5,2.523,2.523,0.0,3.162,1051,16,108.435,2.828,8.213998081470065,3.23377312109375,3.23377312109375,4.0527905703125,3.624696942708333,3.2339443426774745
225,1,1.128,1.128,0.0,1.414,3131,16,135.0,1.0,1.642799616294013,1.4457772812499998,1.4457772812499998,1.8123484713541664,1.2817174479166666,1.4462638771355416
226,6,3.988,1.916,18.435,4.472,3197,18,26.565,2.0,9.856797697764078,5.111489182291667,2.4557706302083333,5.731840427083334,2.5634348958333333,3.5426085324013394
227,1,1.128,1.128,0.0,1.414,3332,16,135.0,1.0,1.642799616294013,1.4457772812499998,1.4457772812499998,1.8123484713541664,1.2817174479166666,1.4462638771355416
228,353,34.454,13.045,116.745,48.703,3350,16,109.179,24.441,579.9082645517866,44.160292950520834,16.720004108072917,62.42348486588542,31.32645614453125,27.172831255031493
229,4,2.734,1.863,0.0,3.162,612,17,161.565,2.0,6.571198465176052,3.5042155026041666,2.38783960546875,4.0527905703125,2.5634348958333333,2.892527754271083
230,2,2.257,1.128,0.0,2.236,713,17,153.435,1.0,3.285599232588026,2.892836279947917,1.4457772812499998,2.865920213541667,1.2817174479166666,2.0453259898153786
231,1,1.128,1.128,0.0,1.414,744,17,135.0,1.0,1.642799616294013,1.4457772812499998,1.4457772812499998,1.8123484713541664,1.2817174479166666,1.4462638771355416
232,1,1.128,1.128,0.0,1.414,793,17,135.0,1.0,1.642799616294013,1.4457772812499998,1.4457772812499998,1.8123484713541664,1.2817174479166666,1.4462638771355416
233,9,6.209,1.846,103.435,7.28,798,17,105.945,2.668,14.785196546646118,7.958183634114583,2.3660504088541665,9.330903020833334,3.4196221510416667,4.338791631406624
234,2,2.257,1.128,0.0,2.236,804,17,153.435,1.0,3.285599232588026,2.892836279947917,1.4457772812499998,2.865920213541667,1.2817174479166666,2.0453259898153786
235,1,1.128,1.128,0.0,1.414,928,17,135.0,1.0,1.642799616294013,1.4457772812499998,1.4457772812499998,1.8123484713541664,1.2817174479166666,1.4462638771355416
236,2,2.257,1.128,0.0,2.236,1058,17,153.435,1.0,3.285599232588026,2.892836279947917,1.4457772812499998,2.865920213541667,1.2817174479166666,2.0453259898153786
237,3,2.365,1.615,45.0,2.828,3477,19,45.0,2.0,4.928398848882039,3.0312617643229167,2.069973678385417,3.624696942708333,2.5634348958333333,2.5050025163503102
238,3,3.385,1.128,0.0,3.162,3482,17,161.565,1.0,4.928398848882039,4.338613561197916,1.4457772812499998,4.0527905703125,1.2817174479166666,2.5050025163503102
239,2,2.257,1.128,90.0,2.236,451,18,116.565,1.0,3.285599232588026,2.892836279947917,1.4457772812499998,2.865920213541667,1.2817174479166666,2.0453259898153786
240,37,8.562,5.502,96.704,10.44,565,18,106.699,6.0,60.783585802878484,10.9740647890625,7.0520093984375,13.381130156249998,7.690304687499999,8.7972797207639
241,40,8.554,5.954,94.593,10.77,654,28,68.199,7.566,65.71198465176052,10.963811049479167,7.631345684895833,13.8040969140625,9.6974742109375,9.146975898748456
242,2,2.257,1.128,90.0,2.236,703,18,116.565,1.0,3.285599232588026,2.892836279947917,1.4457772812499998,2.865920213541667,1.2817174479166666,2.0453259898153786
243,3,2.365,1.615,45.0,2.828,788,20,45.0,2.0,4.928398848882039,3.0312617643229167,2.069973678385417,3.624696942708333,2.5634348958333333,2.5050025163503102
244,30,8.322,4.59,45.53,10.0,926,24,36.87,6.656,49.28398848882039,10.666452601562499,5.8830830859375,12.817174479166667,8.531111333333333,7.921513496120161
245,7,3.855,2.312,30.964,4.472,1198,20,26.565,2.828,11.499597314058091,4.94102076171875,2.9633307395833333,5.731840427083334,3.624696942708333,3.826454549076717
246,4,4.514,1.128,90.0,4.123,3265,18,104.036,1.0,6.571198465176052,5.785672559895834,1.4457772812499998,5.284521037760417,1.2817174479166666,2.892527754271083
247,7,4.154,2.146,8.35,4.472,3294,20,26.565,2.0,11.499597314058091,5.324254278645833,2.7505656432291663,5.731840427083334,2.5634348958333333,3.826454549076717
248,2,2.596,0.981,45.0,2.828,3462,20,45.0,1.414,3.285599232588026,3.327338494791667,1.2573648164062499,3.624696942708333,1.8123484713541664,2.0453259898153786
249,2,2.257,1.128,0.0,2.236,23,19,153.435,1.0,3.285599232588026,2.892836279947917,1.4457772812499998,2.865920213541667,1.2817174479166666,2.0453259898153786
250,1,1.128,1.128,0.0,1.414,503,19,135.0,1.0,1.642799616294013,1.4457772812499998,1.4457772812499998,1.8123484713541664,1.2817174479166666,1.4462638771355416
251,2,2.257,1.128,0.0,2.236,577,19,153.435,1.0,3.285599232588026,2.892836279947917,1.4457772812499998,2.865920213541667,1.2817174479166666,2.0453259898153786
252,1,1.128,1.128,0.0,1.414,601,19,135.0,1.0,1.642799616294013,1.4457772812499998,1.4457772812499998,1.8123484713541664,1.2817174479166666,1.4462638771355416
253,3,3.385,1.128,0.0,3.162,757,19,161.565,1.0,4.928398848882039,4.338613561197916,1.4457772812499998,4.0527905703125,1.2817174479166666,2.5050025163503102
254,1,1.128,1.128,0.0,1.414,1054,19,135.0,1.0,1.642799616294013,1.4457772812499998,1.4457772812499998,1.8123484713541664,1.2817174479166666,1.4462638771355416
255,5,3.086,2.063,55.901,3.606,1155,21,33.69,2.683,8.213998081470065,3.955380044270833,2.6441830950520835,4.6218731171875,3.4388479127604166,3.2339443426774745
256,3,2.365,1.615,135.0,2.828,2232,19,135.0,2.0,4.928398848882039,3.0312617643229167,2.069973678385417,3.624696942708333,2.5634348958333333,2.5050025163503102
257,3,2.365,1.615,135.0,2.828,3010,19,135.0,2.0,4.928398848882039,3.0312617643229167,2.069973678385417,3.624696942708333,2.5634348958333333,2.5050025163503102
258,1,1.128,1.128,0.0,1.414,3206,19,135.0,1.0,1.642799616294013,1.4457772812499998,1.4457772812499998,1.8123484713541664,1.2817174479166666,1.4462638771355416
259,4,2.257,2.257,0.0,2.828,3208,19,135.0,2.0,6.571198465176052,2.892836279947917,2.892836279947917,3.624696942708333,2.5634348958333333,2.892527754271083
260,3,2.365,1.615,135.0,2.828,3332,19,135.0,2.0,4.928398848882039,3.0312617643229167,2.069973678385417,3.624696942708333,2.5634348958333333,2.5050025163503102
261,8,3.921,2.598,126.77,4.472,729,20,116.565,3.536,13.142396930352104,5.025614113281249,3.3299019296875,5.731840427083334,4.532152895833334,4.090651979630757
262,33,7.624,5.511,167.519,9.22,735,24,12.529,6.548,54.21238733770243,9.771813822916666,7.06354485546875,11.817434869791667,8.392685848958333,8.308153445630097
263,23,7.62,3.843,22.924,8.944,746,26,26.565,5.199,37.7843911747623,9.766686953125,4.92564015234375,11.463680854166668,6.66364901171875,6.936037892995103
264,5,3.144,2.025,18.435,3.606,887,22,33.69,2.0,8.213998081470065,4.02971965625,2.59547783203125,4.6218731171875,2.5634348958333333,3.2339443426774745
265,9,4.407,2.6,71.565,5.0,1060,24,53.13,3.0,14.785196546646118,5.64852879296875,3.3324653645833333,6.408587239583333,3.8451523437499997,4.338791631406624
266,15,5.44,3.511,3.394,6.708,3267,25,26.565,4.707,24.641994244410196,6.972542916666667,4.500109959635417,8.597760640625,6.03304402734375,5.601355910367322
267,43,9.722,5.632,119.072,12.806,3304,21,128.66,8.791,70.64038350064256,12.460857028645833,7.218632666666666,16.413673638020832,11.267578084635417,9.483786464234974
268,5,3.144,2.025,18.435,3.606,3328,22,33.69,2.0,8.213998081470065,4.02971965625,2.59547783203125,4.6218731171875,2.5634348958333333,3.2339443426774745
269,1,1.128,1.128,0.0,1.414,15,21,135.0,1.0,1.642799616294013,1.4457772812499998,1.4457772812499998,1.8123484713541664,1.2817174479166666,1.4462638771355416
270,1,1.128,1.128,0.0,1.414,194,21,135.0,1.0,1.642799616294013,1.4457772812499998,1.4457772812499998,1.8123484713541664,1.2817174479166666,1.4462638771355416
271,2,2.257,1.128,90.0,2.236,451,21,116.565,1.0,3.285599232588026,2.892836279947917,1.4457772812499998,2.865920213541667,1.2817174479166666,2.0453259898153786
272,3,2.365,1.615,135.0,2.828,586,21,135.0,2.0,4.928398848882039,3.0312617643229167,2.069973678385417,3.624696942708333,2.5634348958333333,2.5050025163503102
273,1,1.128,1.128,0.0,1.414,599,21,135.0,1.0,1.642799616294013,1.4457772812499998,1.4457772812499998,1.8123484713541664,1.2817174479166666,1.4462638771355416
274,2,2.596,0.981,45.0,2.828,627,23,45.0,1.414,3.285599232588026,3.327338494791667,1.2573648164062499,3.624696942708333,1.8123484713541664,2.0453259898153786
275,18,4.819,4.756,56.31,5.831,645,21,120.964,5.0,29.570393093292235,6.176596381510416,6.095848182291667,7.473694438802084,6.408587239583333,6.135977969446135
276,6,5.208,1.467,97.466,5.385,680,21,111.801,2.0,9.856797697764078,6.67518446875,1.8802794960937501,6.90204845703125,2.5634348958333333,3.5426085324013394
277,44,9.442,5.933,147.388,11.314,756,22,135.0,7.83,72.28318311693657,12.101976143229166,7.604429618489583,14.501351205729167,10.0358476171875,9.593429256606505
278,2,2.257,1.128,0.0,2.236,1052,21,153.435,1.0,3.285599232588026,2.892836279947917,1.4457772812499998,2.865920213541667,1.2817174479166666,2.0453259898153786
279,1,1.128,1.128,0.0,1.414,1427,21,135.0,1.0,1.642799616294013,1.4457772812499998,1.4457772812499998,1.8123484713541664,1.2817174479166666,1.4462638771355416
280,21,7.443,3.592,153.776,8.944,3274,21,153.435,5.491,34.49879194217427,9.539822964843749,4.603929072916666,11.463680854166668,7.037910506510416,6.627613691853932
281,6,4.749,1.609,39.69,5.657,3361,25,45.0,2.496,9.856797697764078,6.086876160156249,2.0622833736979165,7.250675602864583,3.19916675,3.5426085324013394
282,2,2.257,1.128,90.0,2.236,399,22,116.565,1.0,3.285599232588026,2.892836279947917,1.4457772812499998,2.865920213541667,1.2817174479166666,2.0453259898153786
283,3,2.365,1.615,135.0,2.828,595,22,135.0,2.0,4.928398848882039,3.0312617643229167,2.069973678385417,3.624696942708333,2.5634348958333333,2.5050025163503102
284,2,2.257,1.128,90.0,2.236,651,22,116.565,1.0,3.285599232588026,2.892836279947917,1.4457772812499998,2.865920213541667,1.2817174479166666,2.0453259898153786
285,1,1.128,1.128,0.0,1.414,696,22,135.0,1.0,1.642799616294013,1.4457772812499998,1.4457772812499998,1.8123484713541664,1.2817174479166666,1.4462638771355416
286,1,1.128,1.128,0.0,1.414,715,22,135.0,1.0,1.642799616294013,1.4457772812499998,1.4457772812499998,1.8123484713541664,1.2817174479166666,1.4462638771355416
287,35,11.289,3.948,24.059,13.892,768,29,30.256,5.692,57.49798657029046,14.469308269531249,5.060220484375,17.805618786458332,7.295535713541667,8.556212484548844
288,3,2.365,1.615,135.0,2.828,812,22,135.0,2.0,4.928398848882039,3.0312617643229167,2.069973678385417,3.624696942708333,2.5634348958333333,2.5050025163503102
289,2,2.257,1.128,90.0,2.236,883,22,116.565,1.0,3.285599232588026,2.892836279947917,1.4457772812499998,2.865920213541667,1.2817174479166666,2.0453259898153786
290,2,2.257,1.128,0.0,2.236,940,22,153.435,1.0,3.285599232588026,2.892836279947917,1.4457772812499998,2.865920213541667,1.2817174479166666,2.0453259898153786
291,1,1.128,1.128,0.0,1.414,1047,22,135.0,1.0,1.642799616294013,1.4457772812499998,1.4457772812499998,1.8123484713541664,1.2817174479166666,1.4462638771355416
292,1,1.128,1.128,0.0,1.414,1083,22,135.0,1.0,1.642799616294013,1.4457772812499998,1.4457772812499998,1.8123484713541664,1.2817174479166666,1.4462638771355416
293,1,1.128,1.128,0.0,1.414,3285,22,135.0,1.0,1.642799616294013,1.4457772812499998,1.4457772812499998,1.8123484713541664,1.2817174479166666,1.4462638771355416
294,1,1.128,1.128,0.0,1.414,605,23,135.0,1.0,1.642799616294013,1.4457772812499998,1.4457772812499998,1.8123484713541664,1.2817174479166666,1.4462638771355416
295,2,2.257,1.128,90.0,2.236,666,23,116.565,1.0,3.285599232588026,2.892836279947917,1.4457772812499998,2.865920213541667,1.2817174479166666,2.0453259898153786
296,2,2.257,1.128,90.0,2.236,801,23,116.565,1.0,3.285599232588026,2.892836279947917,1.4457772812499998,2.865920213541667,1.2817174479166666,2.0453259898153786
297,6,4.134,1.848,167.067,4.472,888,23,153.435,2.0,9.856797697764078,5.298619929687501,2.36861384375,5.731840427083334,2.5634348958333333,3.5426085324013394
298,1,1.128,1.128,0.0,1.414,1109,23,135.0,1.0,1.642799616294013,1.4457772812499998,1.4457772812499998,1.8123484713541664,1.2817174479166666,1.4462638771355416
299,1,1.128,1.128,0.0,1.414,1147,23,135.0,1.0,1.642799616294013,1.4457772812499998,1.4457772812499998,1.8123484713541664,1.2817174479166666,1.4462638771355416
300,20,6.933,3.673,72.566,7.616,1481,30,66.801,4.0,32.85599232588026,8.886147066406249,4.707748186197916,9.761560083333332,5.126869791666667,6.467888685354949
301,1,1.128,1.128,0.0,1.414,2900,23,135.0,1.0,1.642799616294013,1.4457772812499998,1.4457772812499998,1.8123484713541664,1.2817174479166666,1.4462638771355416
302,1,1.128,1.128,0.0,1.414,2905,23,135.0,1.0,1.642799616294013,1.4457772812499998,1.4457772812499998,1.8123484713541664,1.2817174479166666,1.4462638771355416
303,1,1.128,1.128,0.0,1.414,3167,23,135.0,1.0,1.642799616294013,1.4457772812499998,1.4457772812499998,1.8123484713541664,1.2817174479166666,1.4462638771355416
304,1,1.128,1.128,0.0,1.414,3205,23,135.0,1.0,1.642799616294013,1.4457772812499998,1.4457772812499998,1.8123484713541664,1.2817174479166666,1.4462638771355416
305,2,2.257,1.128,0.0,2.236,3207,23,153.435,1.0,3.285599232588026,2.892836279947917,1.4457772812499998,2.865920213541667,1.2817174479166666,2.0453259898153786
306,1,1.128,1.128,0.0,1.414,197,24,135.0,1.0,1.642799616294013,1.4457772812499998,1.4457772812499998,1.8123484713541664,1.2817174479166666,1.4462638771355416
307,13,6.277,2.637,58.119,7.81,682,30,50.194,3.883,21.35639501182217,8.045340420572916,3.37988891015625,10.010213268229165,4.976908850260417,5.214578566863546
308,39,7.911,6.277,62.54,8.944,694,32,63.435,7.0,64.0691850354665,10.139666730468749,8.045340420572916,11.463680854166668,8.972022135416667,9.031915017867364
309,1,1.128,1.128,0.0,1.414,810,24,135.0,1.0,1.642799616294013,1.4457772812499998,1.4457772812499998,1.8123484713541664,1.2817174479166666,1.4462638771355416
310,12,4.819,3.171,150.274,5.831,883,25,149.036,4.0,19.713595395528156,6.176596381510416,4.06432602734375,7.473694438802084,5.126869791666667,5.0100050327006205
311,3,2.365,1.615,45.0,2.828,906,26,45.0,2.0,4.928398848882039,3.0312617643229167,2.069973678385417,3.624696942708333,2.5634348958333333,2.5050025163503102
312,6,4.134,1.848,102.933,4.472,918,24,116.565,2.0,9.856797697764078,5.298619929687501,2.36861384375,5.731840427083334,2.5634348958333333,3.5426085324013394
313,2,2.257,1.128,0.0,2.236,992,24,153.435,1.0,3.285599232588026,2.892836279947917,1.4457772812499998,2.865920213541667,1.2817174479166666,2.0453259898153786
314,3,3.385,1.128,90.0,3.162,3113,24,108.435,1.0,4.928398848882039,4.338613561197916,1.4457772812499998,4.0527905703125,1.2817174479166666,2.5050025163503102
315,1,1.128,1.128,0.0,1.414,3254,24,135.0,1.0,1.642799616294013,1.4457772812499998,1.4457772812499998,1.8123484713541664,1.2817174479166666,1.4462638771355416
316,2,2.257,1.128,90.0,2.236,3257,24,116.565,1.0,3.285599232588026,2.892836279947917,1.4457772812499998,2.865920213541667,1.2817174479166666,2.0453259898153786
317,10,4.289,2.969,100.462,5.099,3285,24,101.31,3.0,16.42799616294013,5.4972861341145824,3.805419102864583,6.535477266927083,3.8451523437499997,4.573487949374228
318,3,2.365,1.615,45.0,2.828,3364,26,45.0,2.0,4.928398848882039,3.0312617643229167,2.069973678385417,3.624696942708333,2.5634348958333333,2.5050025163503102
319,1,1.128,1.128,0.0,1.414,17,25,135.0,1.0,1.642799616294013,1.4457772812499998,1.4457772812499998,1.8123484713541664,1.2817174479166666,1.4462638771355416
320,13,6.171,2.682,129.366,7.81,577,25,140.194,4.0,21.35639501182217,7.90947837109375,3.4375661953125,10.010213268229165,5.126869791666667,5.214578566863546
321,3,2.365,1.615,135.0,2.828,598,25,135.0,2.0,4.928398848882039,3.0312617643229167,2.069973678385417,3.624696942708333,2.5634348958333333,2.5050025163503102
322,1,1.128,1.128,0.0,1.414,601,25,135.0,1.0,1.642799616294013,1.4457772812499998,1.4457772812499998,1.8123484713541664,1.2817174479166666,1.4462638771355416
323,3,3.385,1.128,90.0,3.162,689,25,108.435,1.0,4.928398848882039,4.338613561197916,1.4457772812499998,4.0527905703125,1.2817174479166666,2.5050025163503102
324,1,1.128,1.128,0.0,1.414,744,25,135.0,1.0,1.642799616294013,1.4457772812499998,1.4457772812499998,1.8123484713541664,1.2817174479166666,1.4462638771355416
325,1,1.128,1.128,0.0,1.414,812,25,135.0,1.0,1.642799616294013,1.4457772812499998,1.4457772812499998,1.8123484713541664,1.2817174479166666,1.4462638771355416
326,1,1.128,1.128,0.0,1.414,845,25,135.0,1.0,1.642799616294013,1.4457772812499998,1.4457772812499998,1.8123484713541664,1.2817174479166666,1.4462638771355416
327,1,1.128,1.128,0.0,1.414,1069,25,135.0,1.0,1.642799616294013,1.4457772812499998,1.4457772812499998,1.8123484713541664,1.2817174479166666,1.4462638771355416
328,17,5.976,3.622,123.534,7.211,1856,25,123.69,4.0,27.927593476998222,7.65954346875,4.642380596354166,9.242464516927084,5.126869791666667,5.963098727945161
329,1,1.128,1.128,0.0,1.414,3053,25,135.0,1.0,1.642799616294013,1.4457772812499998,1.4457772812499998,1.8123484713541664,1.2817174479166666,1.4462638771355416
330,16,6.227,3.272,33.496,7.81,3376,30,39.806,4.366,26.28479386070421,7.981254548177084,4.193779489583333,10.010213268229165,5.595978377604166,5.785055508542166
331,18,6.498,3.527,107.479,7.211,650,26,123.69,4.0,29.570393093292235,8.3285999765625,4.520617438802083,9.242464516927084,5.126869791666667,6.135977969446135
332,1,1.128,1.128,0.0,1.414,705,26,135.0,1.0,1.642799616294013,1.4457772812499998,1.4457772812499998,1.8123484713541664,1.2817174479166666,1.4462638771355416
333,2,2.257,1.128,90.0,2.236,909,26,116.565,1.0,3.285599232588026,2.892836279947917,1.4457772812499998,2.865920213541667,1.2817174479166666,2.0453259898153786
334,3,2.365,1.615,135.0,2.828,946,26,135.0,2.0,4.928398848882039,3.0312617643229167,2.069973678385417,3.624696942708333,2.5634348958333333,2.5050025163503102
335,1,1.128,1.128,0.0,1.414,951,26,135.0,1.0,1.642799616294013,1.4457772812499998,1.4457772812499998,1.8123484713541664,1.2817174479166666,1.4462638771355416
336,5,4.076,1.562,110.994,4.472,3351,26,116.565,2.0,8.213998081470065,5.224280317708333,2.0020426536458333,5.731840427083334,2.5634348958333333,3.2339443426774745
337,4,2.887,1.764,75.128,3.606,454,30,56.31,2.0,6.571198465176052,3.7003182721354166,2.260949578125,4.6218731171875,2.5634348958333333,2.892527754271083
338,1,1.128,1.128,0.0,1.414,538,27,135.0,1.0,1.642799616294013,1.4457772812499998,1.4457772812499998,1.8123484713541664,1.2817174479166666,1.4462638771355416
339,187,16.783,14.186,20.272,25.06,576,40,28.61,21.273,307.20352824698045,21.51106392838542,18.182443716145833,32.11983924479166,27.26597526953125,19.77736106843967
340,4,3.216,1.583,58.283,3.606,810,30,56.31,2.0,6.571198465176052,4.1220033125,2.028958720052083,4.6218731171875,2.5634348958333333,2.892527754271083
341,1,1.128,1.128,0.0,1.414,995,27,135.0,1.0,1.642799616294013,1.4457772812499998,1.4457772812499998,1.8123484713541664,1.2817174479166666,1.4462638771355416
342,1,1.128,1.128,0.0,1.414,1083,27,135.0,1.0,1.642799616294013,1.4457772812499998,1.4457772812499998,1.8123484713541664,1.2817174479166666,1.4462638771355416
343,4,2.257,2.257,0.0,2.828,1477,27,135.0,2.0,6.571198465176052,2.892836279947917,2.892836279947917,3.624696942708333,2.5634348958333333,2.892527754271083
344,101,17.954,7.163,154.775,20.248,1906,31,159.775,9.717,165.9227612456953,23.011955059895833,9.180942079427084,25.952214885416666,12.454448441406251,14.534772080532257
345,1,1.128,1.128,0.0,1.414,3110,27,135.0,1.0,1.642799616294013,1.4457772812499998,1.4457772812499998,1.8123484713541664,1.2817174479166666,1.4462638771355416
346,1,1.128,1.128,0.0,1.414,3263,27,135.0,1.0,1.642799616294013,1.4457772812499998,1.4457772812499998,1.8123484713541664,1.2817174479166666,1.4462638771355416
347,5,3.144,2.025,71.565,3.606,3280,30,56.31,2.0,8.213998081470065,4.02971965625,2.59547783203125,4.6218731171875,2.5634348958333333,3.2339443426774745
348,3,2.365,1.615,135.0,2.828,3288,27,135.0,2.0,4.928398848882039,3.0312617643229167,2.069973678385417,3.624696942708333,2.5634348958333333,2.5050025163503102
349,1,1.128,1.128,0.0,1.414,3355,27,135.0,1.0,1.642799616294013,1.4457772812499998,1.4457772812499998,1.8123484713541664,1.2817174479166666,1.4462638771355416
350,2,2.596,0.981,135.0,2.828,3438,27,135.0,1.414,3.285599232588026,3.327338494791667,1.2573648164062499,3.624696942708333,1.8123484713541664,2.0453259898153786
351,6,3.14,2.433,135.0,3.606,496,28,123.69,2.828,9.856797697764078,4.024592786458333,3.1184185507812496,4.6218731171875,3.624696942708333,3.5426085324013394
352,2,2.257,1.128,90.0,2.236,813,28,116.565,1.0,3.285599232588026,2.892836279947917,1.4457772812499998,2.865920213541667,1.2817174479166666,2.0453259898153786
353,31,8.532,4.626,144.865,10.817,863,28,146.31,6.872,50.926788105114404,10.935613265625,5.9292249140625,13.864337634114584,8.807962302083332,8.052456474363645
354,4,2.257,2.257,0.0,2.828,906,28,135.0,2.0,6.571198465176052,2.892836279947917,2.892836279947917,3.624696942708333,2.5634348958333333,2.892527754271083
355,2,2.257,1.128,90.0,2.236,1017,28,116.565,1.0,3.285599232588026,2.892836279947917,1.4457772812499998,2.865920213541667,1.2817174479166666,2.0453259898153786
356,2,2.257,1.128,90.0,2.236,1099,28,116.565,1.0,3.285599232588026,2.892836279947917,1.4457772812499998,2.865920213541667,1.2817174479166666,2.0453259898153786
357,6,4.134,1.848,167.067,4.472,1124,28,153.435,2.0,9.856797697764078,5.298619929687501,2.36861384375,5.731840427083334,2.5634348958333333,3.5426085324013394
358,2,2.257,1.128,90.0,2.236,1515,28,116.565,1.0,3.285599232588026,2.892836279947917,1.4457772812499998,2.865920213541667,1.2817174479166666,2.0453259898153786
359,20,5.642,4.514,0.0,6.403,2126,28,141.34,4.0,32.85599232588026,7.2314498411458334,5.785672559895834,8.206836819010416,5.126869791666667,6.467888685354949
360,5,3.144,2.025,71.565,3.606,3157,31,56.31,2.0,8.213998081470065,4.02971965625,2.59547783203125,4.6218731171875,2.5634348958333333,3.2339443426774745
361,1,1.128,1.128,0.0,1.414,3217,28,135.0,1.0,1.642799616294013,1.4457772812499998,1.4457772812499998,1.8123484713541664,1.2817174479166666,1.4462638771355416
362,2,2.596,0.981,135.0,2.828,3225,28,135.0,1.414,3.285599232588026,3.327338494791667,1.2573648164062499,3.624696942708333,1.8123484713541664,2.0453259898153786
363,16,6.133,3.322,79.246,6.708,3253,34,63.435,4.0,26.28479386070421,7.860773108072917,4.257865361979166,8.597760640625,5.126869791666667,5.785055508542166
364,22,8.618,3.25,88.04,10.198,3267,28,101.31,4.0,36.141591558468285,11.045840966145834,4.165581705729166,13.070954533854167,5.126869791666667,6.78357888217988
365,18,6.476,3.539,63.591,7.81,3322,33,39.806,5.27,29.570393093292235,8.300402192708333,4.535998048177084,10.010213268229165,6.7546509505208325,6.135977969446135
366,2,2.257,1.128,90.0,2.236,3360,28,116.565,1.0,3.285599232588026,2.892836279947917,1.4457772812499998,2.865920213541667,1.2817174479166666,2.0453259898153786
367,1,1.128,1.128,0.0,1.414,565,29,135.0,1.0,1.642799616294013,1.4457772812499998,1.4457772812499998,1.8123484713541664,1.2817174479166666,1.4462638771355416
368,1,1.128,1.128,0.0,1.414,569,29,135.0,1.0,1.642799616294013,1.4457772812499998,1.4457772812499998,1.8123484713541664,1.2817174479166666,1.4462638771355416
369,1,1.128,1.128,0.0,1.414,676,29,135.0,1.0,1.642799616294013,1.4457772812499998,1.4457772812499998,1.8123484713541664,1.2817174479166666,1.4462638771355416
370,5,3.144,2.025,71.565,3.606,778,32,56.31,2.0,8.213998081470065,4.02971965625,2.59547783203125,4.6218731171875,2.5634348958333333,3.2339443426774745
371,1,1.128,1.128,0.0,1.414,885,29,135.0,1.0,1.642799616294013,1.4457772812499998,1.4457772812499998,1.8123484713541664,1.2817174479166666,1.4462638771355416
372,2,2.257,1.128,0.0,2.236,947,29,153.435,1.0,3.285599232588026,2.892836279947917,1.4457772812499998,2.865920213541667,1.2817174479166666,2.0453259898153786
373,4,3.192,1.596,71.565,3.606,976,32,56.31,2.0,6.571198465176052,4.09124209375,2.045621046875,4.6218731171875,2.5634348958333333,2.892527754271083
374,1,1.128,1.128,0.0,1.414,1025,29,135.0,1.0,1.642799616294013,1.4457772812499998,1.4457772812499998,1.8123484713541664,1.2817174479166666,1.4462638771355416
375,1,1.128,1.128,0.0,1.414,1409,29,135.0,1.0,1.642799616294013,1.4457772812499998,1.4457772812499998,1.8123484713541664,1.2817174479166666,1.4462638771355416
376,1,1.128,1.128,0.0,1.414,3001,29,135.0,1.0,1.642799616294013,1.4457772812499998,1.4457772812499998,1.8123484713541664,1.2817174479166666,1.4462638771355416
377,1,1.128,1.128,0.0,1.414,3175,29,135.0,1.0,1.642799616294013,1.4457772812499998,1.4457772812499998,1.8123484713541664,1.2817174479166666,1.4462638771355416
378,1,1.128,1.128,0.0,1.414,3298,29,135.0,1.0,1.642799616294013,1.4457772812499998,1.4457772812499998,1.8123484713541664,1.2817174479166666,1.4462638771355416
379,2,2.257,1.128,90.0,2.236,3393,29,116.565,1.0,3.285599232588026,2.892836279947917,1.4457772812499998,2.865920213541667,1.2817174479166666,2.0453259898153786
380,3,3.385,1.128,90.0,3.162,639,30,108.435,1.0,4.928398848882039,4.338613561197916,1.4457772812499998,4.0527905703125,1.2817174479166666,2.5050025163503102
381,22,9.137,3.066,84.526,11.18,704,30,100.305,5.0,36.141591558468285,11.711052321614584,3.9297456953124996,14.329601067708333,6.408587239583333,6.78357888217988
382,2,2.257,1.128,90.0,2.236,712,30,116.565,1.0,3.285599232588026,2.892836279947917,1.4457772812499998,2.865920213541667,1.2817174479166666,2.0453259898153786
383,8,5.191,1.962,45.0,5.657,738,34,45.0,2.828,13.142396930352104,6.653395272135416,2.5147296328124997,7.250675602864583,3.624696942708333,4.090651979630757
384,3,3.385,1.128,90.0,3.162,793,30,108.435,1.0,4.928398848882039,4.338613561197916,1.4457772812499998,4.0527905703125,1.2817174479166666,2.5050025163503102
385,1,1.128,1.128,0.0,1.414,879,30,135.0,1.0,1.642799616294013,1.4457772812499998,1.4457772812499998,1.8123484713541664,1.2817174479166666,1.4462638771355416
386,2,2.257,1.128,90.0,2.236,1112,30,116.565,1.0,3.285599232588026,2.892836279947917,1.4457772812499998,2.865920213541667,1.2817174479166666,2.0453259898153786
387,2,2.257,1.128,90.0,2.236,1513,30,116.565,1.0,3.285599232588026,2.892836279947917,1.4457772812499998,2.865920213541667,1.2817174479166666,2.0453259898153786
388,5,2.791,2.281,0.0,3.606,3103,31,146.31,3.0,8.213998081470065,3.5772733971354165,2.9235974986979167,4.6218731171875,3.8451523437499997,3.2339443426774745
389,3,2.365,1.615,135.0,2.828,3239,30,135.0,2.0,4.928398848882039,3.0312617643229167,2.069973678385417,3.624696942708333,2.5634348958333333,2.5050025163503102
390,22,7.928,3.533,159.549,9.434,3273,30,147.995,5.336,36.141591558468285,10.161455927083333,4.5283077434895835,12.091722403645832,6.839244302083333,6.78357888217988
391,2,2.257,1.128,0.0,2.236,571,31,153.435,1.0,3.285599232588026,2.892836279947917,1.4457772812499998,2.865920213541667,1.2817174479166666,2.0453259898153786
392,1,1.128,1.128,0.0,1.414,578,31,135.0,1.0,1.642799616294013,1.4457772812499998,1.4457772812499998,1.8123484713541664,1.2817174479166666,1.4462638771355416
393,2,2.257,1.128,90.0,2.236,735,31,116.565,1.0,3.285599232588026,2.892836279947917,1.4457772812499998,2.865920213541667,1.2817174479166666,2.0453259898153786
394,1,1.128,1.128,0.0,1.414,788,31,135.0,1.0,1.642799616294013,1.4457772812499998,1.4457772812499998,1.8123484713541664,1.2817174479166666,1.4462638771355416
395,1,1.128,1.128,0.0,1.414,916,31,135.0,1.0,1.642799616294013,1.4457772812499998,1.4457772812499998,1.8123484713541664,1.2817174479166666,1.4462638771355416
396,3,2.365,1.615,135.0,2.828,1012,31,135.0,2.0,4.928398848882039,3.0312617643229167,2.069973678385417,3.624696942708333,2.5634348958333333,2.5050025163503102
397,8,3.961,2.571,172.204,4.472,1060,31,153.435,3.0,13.142396930352104,5.076882811197916,3.2952955585937502,5.731840427083334,3.8451523437499997,4.090651979630757
398,1,1.128,1.128,0.0,1.414,1541,31,135.0,1.0,1.642799616294013,1.4457772812499998,1.4457772812499998,1.8123484713541664,1.2817174479166666,1.4462638771355416
399,7,5.033,1.771,148.561,5.831,1555,31,149.036,2.683,11.499597314058091,6.450883915364583,2.2699216002604166,7.473694438802084,3.4388479127604166,3.826454549076717
400,1,1.128,1.128,0.0,1.414,1618,31,135.0,1.0,1.642799616294013,1.4457772812499998,1.4457772812499998,1.8123484713541664,1.2817174479166666,1.4462638771355416
401,4,3.417,1.49,6.62,4.123,3301,31,165.964,2.0,6.571198465176052,4.379628519531249,1.9097589973958333,5.284521037760417,2.5634348958333333,2.892527754271083
402,1,1.128,1.128,0.0,1.414,3357,31,135.0,1.0,1.642799616294013,1.4457772812499998,1.4457772812499998,1.8123484713541664,1.2817174479166666,1.4462638771355416
403,2,2.257,1.128,0.0,2.236,3362,31,153.435,1.0,3.285599232588026,2.892836279947917,1.4457772812499998,2.865920213541667,1.2817174479166666,2.0453259898153786
404,13,4.622,3.581,157.097,5.657,634,32,135.0,4.0,21.35639501182217,5.924098044270833,4.589830180989583,7.250675602864583,5.126869791666667,5.214578566863546
405,16,5.852,3.481,92.753,6.708,721,32,116.565,4.0,26.28479386070421,7.500610505208334,4.461658436197917,8.597760640625,5.126869791666667,5.785055508542166
406,2,2.257,1.128,90.0,2.236,833,32,116.565,1.0,3.285599232588026,2.892836279947917,1.4457772812499998,2.865920213541667,1.2817174479166666,2.0453259898153786
407,15,6.592,2.897,122.954,7.81,842,32,129.806,4.472,24.641994244410196,8.449081416666665,3.713135446614583,10.010213268229165,5.731840427083334,5.601355910367322
408,7,3.709,2.403,62.769,4.472,939,36,63.435,3.0,11.499597314058091,4.753890014322916,3.07996702734375,5.731840427083334,3.8451523437499997,3.826454549076717
409,10,4.544,2.802,61.556,5.831,971,37,59.036,3.638,16.42799616294013,5.8241240833333325,3.5913722890625,7.473694438802084,4.662888075520833,4.573487949374228
410,8,3.538,2.879,45.0,4.243,1562,35,45.0,3.0,13.142396930352104,4.534716330729166,3.6900645325520833,5.438327131510417,3.8451523437499997,4.090651979630757
411,2,2.257,1.128,90.0,2.236,3227,32,116.565,1.0,3.285599232588026,2.892836279947917,1.4457772812499998,2.865920213541667,1.2817174479166666,2.0453259898153786
412,95,12.13,9.972,100.581,19.209,679,37,141.34,14.467,156.06596354793123,15.547232643229167,12.781286390624999,24.620510457031248,18.542606319010417,14.096436578766182
413,2,2.257,1.128,0.0,2.236,706,33,153.435,1.0,3.285599232588026,2.892836279947917,1.4457772812499998,2.865920213541667,1.2817174479166666,2.0453259898153786
414,1,1.128,1.128,0.0,1.414,873,33,135.0,1.0,1.642799616294013,1.4457772812499998,1.4457772812499998,1.8123484713541664,1.2817174479166666,1.4462638771355416
415,2,2.257,1.128,90.0,2.236,1739,33,116.565,1.0,3.285599232588026,2.892836279947917,1.4457772812499998,2.865920213541667,1.2817174479166666,2.0453259898153786
416,1,1.128,1.128,0.0,1.414,3198,33,135.0,1.0,1.642799616294013,1.4457772812499998,1.4457772812499998,1.8123484713541664,1.2817174479166666,1.4462638771355416
417,9,4.204,2.726,35.783,5.0,3230,36,36.87,3.0,14.785196546646118,5.388340151041667,3.4939617630208333,6.408587239583333,3.8451523437499997,4.338791631406624
418,4,3.192,1.596,161.565,3.606,3237,33,146.31,2.0,6.571198465176052,4.09124209375,2.045621046875,4.6218731171875,2.5634348958333333,2.892527754271083
419,1,1.128,1.128,0.0,1.414,3243,33,135.0,1.0,1.642799616294013,1.4457772812499998,1.4457772812499998,1.8123484713541664,1.2817174479166666,1.4462638771355416
420,1,1.128,1.128,0.0,1.414,3296,33,135.0,1.0,1.642799616294013,1.4457772812499998,1.4457772812499998,1.8123484713541664,1.2817174479166666,1.4462638771355416
421,1,1.128,1.128,0.0,1.414,3299,33,135.0,1.0,1.642799616294013,1.4457772812499998,1.4457772812499998,1.8123484713541664,1.2817174479166666,1.4462638771355416
422,15,8.167,2.338,41.266,9.22,3309,39,40.601,3.536,24.641994244410196,10.467786397135416,2.9966553932291666,11.817434869791667,4.532152895833334,5.601355910367322
423,24,6.417,4.762,18.056,7.28,3399,34,164.055,5.491,39.42719079105631,8.22478086328125,6.103538486979166,9.330903020833334,7.037910506510416,7.085217064802679
424,2,2.257,1.128,90.0,2.236,565,34,116.565,1.0,3.285599232588026,2.892836279947917,1.4457772812499998,2.865920213541667,1.2817174479166666,2.0453259898153786
425,1,1.128,1.128,0.0,1.414,795,34,135.0,1.0,1.642799616294013,1.4457772812499998,1.4457772812499998,1.8123484713541664,1.2817174479166666,1.4462638771355416
426,2,2.257,1.128,90.0,2.236,919,34,116.565,1.0,3.285599232588026,2.892836279947917,1.4457772812499998,2.865920213541667,1.2817174479166666,2.0453259898153786
427,1,1.128,1.128,0.0,1.414,987,34,135.0,1.0,1.642799616294013,1.4457772812499998,1.4457772812499998,1.8123484713541664,1.2817174479166666,1.4462638771355416
428,7,3.742,2.382,104.872,4.472,1005,34,116.565,3.0,11.499597314058091,4.796186690104166,3.0530509609375,5.731840427083334,3.8451523437499997,3.826454549076717
429,1,1.128,1.128,0.0,1.414,1015,34,135.0,1.0,1.642799616294013,1.4457772812499998,1.4457772812499998,1.8123484713541664,1.2817174479166666,1.4462638771355416
430,2,2.596,0.981,135.0,2.828,1542,34,135.0,1.414,3.285599232588026,3.327338494791667,1.2573648164062499,3.624696942708333,1.8123484713541664,2.0453259898153786
431,6,3.718,2.055,90.0,4.123,2223,34,104.036,2.0,9.856797697764078,4.765425471354167,2.63392935546875,5.284521037760417,2.5634348958333333,3.5426085324013394
432,7,4.647,1.918,94.308,5.099,3262,34,101.31,2.0,11.499597314058091,5.95614098046875,2.4583340651041667,6.535477266927083,2.5634348958333333,3.826454549076717
433,1,1.128,1.128,0.0,1.414,626,35,135.0,1.0,1.642799616294013,1.4457772812499998,1.4457772812499998,1.8123484713541664,1.2817174479166666,1.4462638771355416
434,6,3.479,2.196,155.817,4.472,628,35,153.435,2.846,9.856797697764078,4.459095001302083,2.814651515625,5.731840427083334,3.6477678567708334,3.5426085324013394
435,3,2.365,1.615,45.0,2.828,915,37,45.0,2.0,4.928398848882039,3.0312617643229167,2.069973678385417,3.624696942708333,2.5634348958333333,2.5050025163503102
436,6,3.489,2.19,135.0,4.243,1009,35,135.0,2.828,9.856797697764078,4.47191217578125,2.8069612109374997,5.438327131510417,3.624696942708333,3.5426085324013394
437,2,2.257,1.128,0.0,2.236,3152,35,153.435,1.0,3.285599232588026,2.892836279947917,1.4457772812499998,2.865920213541667,1.2817174479166666,2.0453259898153786
438,113,17.48,8.231,177.66,20.224,3206,44,8.531,10.63,185.63635664122347,22.404420989583333,10.549816313802083,25.921453666666668,13.624656471354168,15.373995897641755
439,1,1.128,1.128,0.0,1.414,3225,35,135.0,1.0,1.642799616294013,1.4457772812499998,1.4457772812499998,1.8123484713541664,1.2817174479166666,1.4462638771355416
440,5,3.316,1.92,135.0,4.243,3297,35,135.0,2.828,8.213998081470065,4.250175057291666,2.4608974999999997,5.438327131510417,3.624696942708333,3.2339443426774745
441,1,1.128,1.128,0.0,1.414,3320,35,135.0,1.0,1.642799616294013,1.4457772812499998,1.4457772812499998,1.8123484713541664,1.2817174479166666,1.4462638771355416
442,22,5.973,4.69,143.731,7.211,640,36,146.31,5.657,36.141591558468285,7.65569831640625,6.011254830729167,9.242464516927084,7.250675602864583,6.78357888217988
443,2,2.257,1.128,90.0,2.236,849,36,116.565,1.0,3.285599232588026,2.892836279947917,1.4457772812499998,2.865920213541667,1.2817174479166666,2.0453259898153786
444,2,2.257,1.128,90.0,2.236,1029,36,116.565,1.0,3.285599232588026,2.892836279947917,1.4457772812499998,2.865920213541667,1.2817174479166666,2.0453259898153786
445,1,1.128,1.128,0.0,1.414,1517,36,135.0,1.0,1.642799616294013,1.4457772812499998,1.4457772812499998,1.8123484713541664,1.2817174479166666,1.4462638771355416
446,13,4.762,3.476,45.0,5.657,3142,40,45.0,4.0,21.35639501182217,6.103538486979166,4.455249848958333,7.250675602864583,5.126869791666667,5.214578566863546
447,3,2.365,1.615,135.0,2.828,3235,36,135.0,2.0,4.928398848882039,3.0312617643229167,2.069973678385417,3.624696942708333,2.5634348958333333,2.5050025163503102
448,1,1.128,1.128,0.0,1.414,3278,36,135.0,1.0,1.642799616294013,1.4457772812499998,1.4457772812499998,1.8123484713541664,1.2817174479166666,1.4462638771355416
449,33,11.17,3.762,2.856,12.166,3358,36,170.538,4.0,54.21238733770243,14.316783893229166,4.8218210390625,15.593374471354167,5.126869791666667,8.308153445630097
450,19,5.637,4.292,64.524,6.708,3438,42,63.435,5.0,31.21319270958625,7.225041253906249,5.501131286458333,8.597760640625,6.408587239583333,6.304118086127151
451,2,2.257,1.128,0.0,2.236,27,37,153.435,1.0,3.285599232588026,2.892836279947917,1.4457772812499998,2.865920213541667,1.2817174479166666,2.0453259898153786
452,12,6.05,2.525,124.722,7.071,569,37,135.0,3.9,19.713595395528156,7.754390559895833,3.2363365559895834,9.063024074218749,4.998698046875,5.0100050327006205
453,12,6.864,2.226,97.031,7.616,634,37,113.199,3.0,19.713595395528156,8.7977085625,2.8531030390625,9.761560083333332,3.8451523437499997,5.0100050327006205
454,22,7.935,3.53,84.631,8.246,1531,37,104.036,4.0,36.141591558468285,10.17042794921875,4.524462591145833,10.569042075520834,5.126869791666667,6.78357888217988
455,1,1.128,1.128,0.0,1.414,3149,37,135.0,1.0,1.642799616294013,1.4457772812499998,1.4457772812499998,1.8123484713541664,1.2817174479166666,1.4462638771355416
456,5,2.523,2.523,0.0,3.162,3396,37,108.435,2.828,8.213998081470065,3.23377312109375,3.23377312109375,4.0527905703125,3.624696942708333,3.2339443426774745
457,4,2.257,2.257,0.0,2.828,914,38,135.0,2.0,6.571198465176052,2.892836279947917,2.892836279947917,3.624696942708333,2.5634348958333333,2.892527754271083
458,3,2.365,1.615,45.0,2.828,972,40,45.0,2.0,4.928398848882039,3.0312617643229167,2.069973678385417,3.624696942708333,2.5634348958333333,2.5050025163503102
459,2,2.257,1.128,90.0,2.236,1659,38,116.565,1.0,3.285599232588026,2.892836279947917,1.4457772812499998,2.865920213541667,1.2817174479166666,2.0453259898153786
460,5,3.461,1.839,45.0,4.243,3123,41,45.0,2.683,8.213998081470065,4.436024087239583,2.35707838671875,5.438327131510417,3.4388479127604166,3.2339443426774745
461,2,2.596,0.981,45.0,2.828,3274,40,45.0,1.414,3.285599232588026,3.327338494791667,1.2573648164062499,3.624696942708333,1.8123484713541664,2.0453259898153786
462,4,4.514,1.128,90.0,4.123,507,39,104.036,1.0,6.571198465176052,5.785672559895834,1.4457772812499998,5.284521037760417,1.2817174479166666,2.892527754271083
463,1,1.128,1.128,0.0,1.414,616,39,135.0,1.0,1.642799616294013,1.4457772812499998,1.4457772812499998,1.8123484713541664,1.2817174479166666,1.4462638771355416
464,25,8.07,3.944,129.308,9.899,645,41,135.0,6.128,41.069990407350325,10.3434598046875,5.055093614583333,12.687721016927082,7.854364520833333,7.231319385677708
465,1,1.128,1.128,0.0,1.414,770,39,135.0,1.0,1.642799616294013,1.4457772812499998,1.4457772812499998,1.8123484713541664,1.2817174479166666,1.4462638771355416
466,27,8.601,3.997,111.53,10.817,810,39,123.69,5.907,44.35558963993835,11.024051769531251,5.123024639322916,13.864337634114584,7.57110496484375,7.515007549050931
467,4,3.192,1.596,71.565,3.606,947,42,56.31,2.0,6.571198465176052,4.09124209375,2.045621046875,4.6218731171875,2.5634348958333333,2.892527754271083
468,9,5.437,2.108,91.907,5.385,966,39,111.801,2.0,14.785196546646118,6.968697764322917,2.701860380208333,6.90204845703125,2.5634348958333333,4.338791631406624
469,4,3.589,1.419,135.0,4.243,3083,39,135.0,2.121,6.571198465176052,4.600083920572916,1.81875705859375,5.438327131510417,2.71852270703125,2.892527754271083
470,2,2.257,1.128,0.0,2.236,3127,39,153.435,1.0,3.285599232588026,2.892836279947917,1.4457772812499998,2.865920213541667,1.2817174479166666,2.0453259898153786
471,1,1.128,1.128,0.0,1.414,3151,39,135.0,1.0,1.642799616294013,1.4457772812499998,1.4457772812499998,1.8123484713541664,1.2817174479166666,1.4462638771355416
472,1,1.128,1.128,0.0,1.414,3236,39,135.0,1.0,1.642799616294013,1.4457772812499998,1.4457772812499998,1.8123484713541664,1.2817174479166666,1.4462638771355416
473,1,1.128,1.128,0.0,1.414,3271,39,135.0,1.0,1.642799616294013,1.4457772812499998,1.4457772812499998,1.8123484713541664,1.2817174479166666,1.4462638771355416
474,1,1.128,1.128,0.0,1.414,3311,39,135.0,1.0,1.642799616294013,1.4457772812499998,1.4457772812499998,1.8123484713541664,1.2817174479166666,1.4462638771355416
475,1,1.128,1.128,0.0,1.414,3351,39,135.0,1.0,1.642799616294013,1.4457772812499998,1.4457772812499998,1.8123484713541664,1.2817174479166666,1.4462638771355416
476,1,1.128,1.128,0.0,1.414,3512,39,135.0,1.0,1.642799616294013,1.4457772812499998,1.4457772812499998,1.8123484713541664,1.2817174479166666,1.4462638771355416
477,6,3.14,2.433,135.0,3.606,12,40,123.69,2.828,9.856797697764078,4.024592786458333,3.1184185507812496,4.6218731171875,3.624696942708333,3.5426085324013394
478,1,1.128,1.128,0.0,1.414,707,40,135.0,1.0,1.642799616294013,1.4457772812499998,1.4457772812499998,1.8123484713541664,1.2817174479166666,1.4462638771355416
479,12,4.133,3.697,155.994,6.403,728,40,128.66,4.707,19.713595395528156,5.297338212239583,4.738509404947917,8.206836819010416,6.03304402734375,5.0100050327006205
480,6,3.489,2.19,135.0,4.243,835,40,135.0,2.828,9.856797697764078,4.47191217578125,2.8069612109374997,5.438327131510417,3.624696942708333,3.5426085324013394
481,6,3.385,2.257,90.0,3.606,878,40,123.69,2.0,9.856797697764078,4.338613561197916,2.892836279947917,4.6218731171875,2.5634348958333333,3.5426085324013394
482,2,2.257,1.128,90.0,2.236,1145,40,116.565,1.0,3.285599232588026,2.892836279947917,1.4457772812499998,2.865920213541667,1.2817174479166666,2.0453259898153786
483,14,5.77,3.09,162.367,6.325,1851,41,161.565,4.0,22.999194628116182,7.395509674479166,3.9605069140624996,8.106862858072917,5.126869791666667,5.411423919108519
484,38,7.595,6.37,174.226,8.944,1886,44,26.565,7.0,62.4263854191725,9.734644016927083,8.164540143229166,11.463680854166668,8.972022135416667,8.915369296202536
485,30,7.632,5.005,74.13,10.296,3200,50,60.945,6.0,49.28398848882039,9.7820675625,6.414995826822916,13.19656284375,7.690304687499999,7.921513496120161
486,3,2.365,1.615,45.0,2.828,3368,42,45.0,2.0,4.928398848882039,3.0312617643229167,2.069973678385417,3.624696942708333,2.5634348958333333,2.5050025163503102
487,1,1.128,1.128,0.0,1.414,564,41,135.0,1.0,1.642799616294013,1.4457772812499998,1.4457772812499998,1.8123484713541664,1.2817174479166666,1.4462638771355416
488,2,2.257,1.128,0.0,2.236,1016,41,153.435,1.0,3.285599232588026,2.892836279947917,1.4457772812499998,2.865920213541667,1.2817174479166666,2.0453259898153786
489,1,1.128,1.128,0.0,1.414,3161,41,135.0,1.0,1.642799616294013,1.4457772812499998,1.4457772812499998,1.8123484713541664,1.2817174479166666,1.4462638771355416
490,9,5.498,2.084,120.473,6.403,3288,41,128.66,3.051,14.785196546646118,7.046882528645834,2.6710991614583333,8.206836819010416,3.91051993359375,4.338791631406624
491,24,7.72,3.958,100.391,9.434,3304,42,122.005,5.578,39.42719079105631,9.894858697916666,5.073037658854167,12.091722403645832,7.149419924479167,7.085217064802679
492,1,1.128,1.128,0.0,1.414,3366,41,135.0,1.0,1.642799616294013,1.4457772812499998,1.4457772812499998,1.8123484713541664,1.2817174479166666,1.4462638771355416
493,3,2.365,1.615,45.0,2.828,3390,43,45.0,2.0,4.928398848882039,3.0312617643229167,2.069973678385417,3.624696942708333,2.5634348958333333,2.5050025163503102
494,3,3.213,1.189,151.845,3.606,3393,41,146.31,1.789,4.928398848882039,4.11815816015625,1.5239620455729168,4.6218731171875,2.2929925143229166,2.5050025163503102
495,9,6.124,1.871,82.372,6.325,24,48,71.565,2.0,14.785196546646118,7.849237651041666,2.398093345052083,8.106862858072917,2.5634348958333333,4.338791631406624
496,2,2.257,1.128,90.0,2.236,611,42,116.565,1.0,3.285599232588026,2.892836279947917,1.4457772812499998,2.865920213541667,1.2817174479166666,2.0453259898153786
497,1,1.128,1.128,0.0,1.414,613,42,135.0,1.0,1.642799616294013,1.4457772812499998,1.4457772812499998,1.8123484713541664,1.2817174479166666,1.4462638771355416
498,8,4.755,2.142,67.722,5.831,615,47,59.036,2.846,13.142396930352104,6.09456646484375,2.7454387734375,7.473694438802084,3.6477678567708334,4.090651979630757
499,63,13.77,5.825,38.456,14.422,618,52,33.69,7.426,103.49637582652282,17.6492492578125,7.466004134114583,18.48492903385417,9.518033768229166,11.47936364723015
500,5,3.144,2.025,161.565,3.606,716,42,146.31,2.0,8.213998081470065,4.02971965625,2.59547783203125,4.6218731171875,2.5634348958333333,3.2339443426774745
501,38,8.543,5.663,14.929,9.22,733,44,167.471,7.0,62.4263854191725,10.949712157552081,7.258365907552084,11.817434869791667,8.972022135416667,8.915369296202536
502,3,2.365,1.615,135.0,2.828,758,42,135.0,2.0,4.928398848882039,3.0312617643229167,2.069973678385417,3.624696942708333,2.5634348958333333,2.5050025163503102
503,19,8.764,2.76,166.355,10.817,829,42,146.31,4.123,31.21319270958625,11.232971713541666,3.5375401562499995,13.864337634114584,5.284521037760417,6.304118086127151
504,4,3.192,1.596,161.565,3.606,881,42,146.31,2.0,6.571198465176052,4.09124209375,2.045621046875,4.6218731171875,2.5634348958333333,2.892527754271083
505,7,4.154,2.146,98.35,4.472,920,42,116.565,2.0,11.499597314058091,5.324254278645833,2.7505656432291663,5.731840427083334,2.5634348958333333,3.826454549076717
506,1,1.128,1.128,0.0,1.414,1179,42,135.0,1.0,1.642799616294013,1.4457772812499998,1.4457772812499998,1.8123484713541664,1.2817174479166666,1.4462638771355416
507,5,3.144,2.025,108.435,3.606,2170,42,123.69,2.0,8.213998081470065,4.02971965625,2.59547783203125,4.6218731171875,2.5634348958333333,3.2339443426774745
508,3,2.365,1.615,45.0,2.828,3255,44,45.0,2.0,4.928398848882039,3.0312617643229167,2.069973678385417,3.624696942708333,2.5634348958333333,2.5050025163503102
509,4,2.734,1.863,90.0,3.162,3271,42,108.435,2.0,6.571198465176052,3.5042155026041666,2.38783960546875,4.0527905703125,2.5634348958333333,2.892527754271083
510,9,3.966,2.889,115.355,5.385,3302,42,111.801,3.795,14.785196546646118,5.0832913984375,3.7028817070312496,6.90204845703125,4.86411771484375,4.338791631406624
511,4,2.257,2.257,0.0,2.828,3326,42,135.0,2.0,6.571198465176052,2.892836279947917,2.892836279947917,3.624696942708333,2.5634348958333333,2.892527754271083
512,2,2.257,1.128,0.0,2.236,3373,42,153.435,1.0,3.285599232588026,2.892836279947917,1.4457772812499998,2.865920213541667,1.2817174479166666,2.0453259898153786
513,1,1.128,1.128,0.0,1.414,389,43,135.0,1.0,1.642799616294013,1.4457772812499998,1.4457772812499998,1.8123484713541664,1.2817174479166666,1.4462638771355416
514,4,2.734,1.863,90.0,3.162,639,43,108.435,2.0,6.571198465176052,3.5042155026041666,2.38783960546875,4.0527905703125,2.5634348958333333,2.892527754271083
515,8,4.037,2.523,146.31,5.0,642,43,143.13,3.0,13.142396930352104,5.174293337239583,3.23377312109375,6.408587239583333,3.8451523437499997,4.090651979630757
516,136,25.919,6.681,109.026,38.91,667,43,115.907,13.267,223.42074781598578,33.22083453255208,8.56315426953125,49.87162589843749,17.004545381510415,16.866190189659594
517,2,2.257,1.128,0.0,2.236,711,43,153.435,1.0,3.285599232588026,2.892836279947917,1.4457772812499998,2.865920213541667,1.2817174479166666,2.0453259898153786
518,1,1.128,1.128,0.0,1.414,1066,43,135.0,1.0,1.642799616294013,1.4457772812499998,1.4457772812499998,1.8123484713541664,1.2817174479166666,1.4462638771355416
519,6,3.718,2.055,126.87,4.243,1084,43,135.0,2.683,9.856797697764078,4.765425471354167,2.63392935546875,5.438327131510417,3.4388479127604166,3.5426085324013394
520,1,1.128,1.128,0.0,1.414,1512,43,135.0,1.0,1.642799616294013,1.4457772812499998,1.4457772812499998,1.8123484713541664,1.2817174479166666,1.4462638771355416
521,1,1.128,1.128,0.0,1.414,1720,43,135.0,1.0,1.642799616294013,1.4457772812499998,1.4457772812499998,1.8123484713541664,1.2817174479166666,1.4462638771355416
522,4,3.192,1.596,108.435,3.606,3108,43,123.69,2.0,6.571198465176052,4.09124209375,2.045621046875,4.6218731171875,2.5634348958333333,2.892527754271083
523,5,3.144,2.025,71.565,3.606,0,47,56.31,2.0,8.213998081470065,4.02971965625,2.59547783203125,4.6218731171875,2.5634348958333333,3.2339443426774745
524,37,10.489,4.491,43.115,11.314,562,52,45.0,5.657,60.783585802878484,13.443934311197918,5.756193058593749,14.501351205729167,7.250675602864583,8.7972797207639
525,1,1.128,1.128,0.0,1.414,613,44,135.0,1.0,1.642799616294013,1.4457772812499998,1.4457772812499998,1.8123484713541664,1.2817174479166666,1.4462638771355416
526,2,2.257,1.128,0.0,2.236,782,44,153.435,1.0,3.285599232588026,2.892836279947917,1.4457772812499998,2.865920213541667,1.2817174479166666,2.0453259898153786
527,1,1.128,1.128,0.0,1.414,1091,44,135.0,1.0,1.642799616294013,1.4457772812499998,1.4457772812499998,1.8123484713541664,1.2817174479166666,1.4462638771355416
528,4,3.216,1.583,31.717,3.606,1186,46,33.69,2.0,6.571198465176052,4.1220033125,2.028958720052083,4.6218731171875,2.5634348958333333,2.892527754271083
529,1,1.128,1.128,0.0,1.414,3261,44,135.0,1.0,1.642799616294013,1.4457772812499998,1.4457772812499998,1.8123484713541664,1.2817174479166666,1.4462638771355416
530,2,2.257,1.128,90.0,2.236,3280,44,116.565,1.0,3.285599232588026,2.892836279947917,1.4457772812499998,2.865920213541667,1.2817174479166666,2.0453259898153786
531,8,5.222,1.951,140.062,5.657,3316,44,135.0,2.774,13.142396930352104,6.693128513020834,2.5006307408854167,7.250675602864583,3.555484200520833,4.090651979630757
532,1,1.128,1.128,0.0,1.414,3371,44,135.0,1.0,1.642799616294013,1.4457772812499998,1.4457772812499998,1.8123484713541664,1.2817174479166666,1.4462638771355416
533,46,9.507,6.161,112.201,12.042,3441,45,131.634,7.495,75.5687823495246,12.18528777734375,7.896661196614582,15.4344415078125,9.606472272135417,9.809038857407382
534,1,1.128,1.128,0.0,1.414,386,45,135.0,1.0,1.642799616294013,1.4457772812499998,1.4457772812499998,1.8123484713541664,1.2817174479166666,1.4462638771355416
535,1,1.128,1.128,0.0,1.414,388,45,135.0,1.0,1.642799616294013,1.4457772812499998,1.4457772812499998,1.8123484713541664,1.2817174479166666,1.4462638771355416
536,1,1.128,1.128,0.0,1.414,562,45,135.0,1.0,1.642799616294013,1.4457772812499998,1.4457772812499998,1.8123484713541664,1.2817174479166666,1.4462638771355416
537,2,2.257,1.128,0.0,2.236,572,45,153.435,1.0,3.285599232588026,2.892836279947917,1.4457772812499998,2.865920213541667,1.2817174479166666,2.0453259898153786
538,2,2.257,1.128,90.0,2.236,656,45,116.565,1.0,3.285599232588026,2.892836279947917,1.4457772812499998,2.865920213541667,1.2817174479166666,2.0453259898153786
539,5,3.461,1.839,45.0,4.243,707,48,45.0,2.683,8.213998081470065,4.436024087239583,2.35707838671875,5.438327131510417,3.4388479127604166,3.2339443426774745
540,12,4.986,3.064,144.217,5.657,728,45,135.0,3.578,19.713595395528156,6.390643195312499,3.9271822604166666,7.250675602864583,4.585985028645833,5.0100050327006205
541,2,2.257,1.128,0.0,2.236,758,45,153.435,1.0,3.285599232588026,2.892836279947917,1.4457772812499998,2.865920213541667,1.2817174479166666,2.0453259898153786
542,3,3.385,1.128,0.0,3.162,876,45,161.565,1.0,4.928398848882039,4.338613561197916,1.4457772812499998,4.0527905703125,1.2817174479166666,2.5050025163503102
543,1,1.128,1.128,0.0,1.414,1040,45,135.0,1.0,1.642799616294013,1.4457772812499998,1.4457772812499998,1.8123484713541664,1.2817174479166666,1.4462638771355416
544,2,2.257,1.128,90.0,2.236,1191,45,116.565,1.0,3.285599232588026,2.892836279947917,1.4457772812499998,2.865920213541667,1.2817174479166666,2.0453259898153786
545,1,1.128,1.128,0.0,1.414,1211,45,135.0,1.0,1.642799616294013,1.4457772812499998,1.4457772812499998,1.8123484713541664,1.2817174479166666,1.4462638771355416
546,23,7.043,4.158,9.015,9.22,1505,49,12.529,6.0,37.7843911747623,9.027135985677083,5.3293811484375,11.817434869791667,7.690304687499999,6.936037892995103
547,2,2.257,1.128,0.0,2.236,3150,45,153.435,1.0,3.285599232588026,2.892836279947917,1.4457772812499998,2.865920213541667,1.2817174479166666,2.0453259898153786
548,1,1.128,1.128,0.0,1.414,3167,45,135.0,1.0,1.642799616294013,1.4457772812499998,1.4457772812499998,1.8123484713541664,1.2817174479166666,1.4462638771355416
549,2,2.257,1.128,0.0,2.236,3224,45,153.435,1.0,3.285599232588026,2.892836279947917,1.4457772812499998,2.865920213541667,1.2817174479166666,2.0453259898153786
550,93,12.623,9.38,4.655,14.765,3257,45,151.699,11.0,152.7803643153432,16.179119345052083,12.022509661458335,18.924558118489582,14.098891927083333,13.947263739334787
551,1,1.128,1.128,0.0,1.414,3273,45,135.0,1.0,1.642799616294013,1.4457772812499998,1.4457772812499998,1.8123484713541664,1.2817174479166666,1.4462638771355416
552,4,4.514,1.128,90.0,4.123,3373,45,104.036,1.0,6.571198465176052,5.785672559895834,1.4457772812499998,5.284521037760417,1.2817174479166666,2.892527754271083
553,2,2.257,1.128,90.0,2.236,3396,45,116.565,1.0,3.285599232588026,2.892836279947917,1.4457772812499998,2.865920213541667,1.2817174479166666,2.0453259898153786
554,13,4.614,3.588,111.489,5.831,773,51,59.036,4.0,21.35639501182217,5.913844304687499,4.598802203125,7.473694438802084,5.126869791666667,5.214578566863546
555,5,3.144,2.025,161.565,3.606,807,46,146.31,2.0,8.213998081470065,4.02971965625,2.59547783203125,4.6218731171875,2.5634348958333333,3.2339443426774745
556,1,1.128,1.128,0.0,1.414,941,46,135.0,1.0,1.642799616294013,1.4457772812499998,1.4457772812499998,1.8123484713541664,1.2817174479166666,1.4462638771355416
557,3,2.365,1.615,45.0,2.828,1004,48,45.0,2.0,4.928398848882039,3.0312617643229167,2.069973678385417,3.624696942708333,2.5634348958333333,2.5050025163503102
558,3,3.969,0.963,45.0,4.243,1041,49,45.0,1.414,4.928398848882039,5.08713655078125,1.23429390234375,5.438327131510417,1.8123484713541664,2.5050025163503102
559,11,4.711,2.973,30.595,5.831,1066,50,30.964,3.883,18.070795779234142,6.038170897135417,3.8105459726562496,7.473694438802084,4.976908850260417,4.796714628303253
560,10,4.542,2.803,65.09,5.831,3083,51,59.036,3.883,16.42799616294013,5.8215606484375,3.5926540065104167,7.473694438802084,4.976908850260417,4.573487949374228
561,3,2.365,1.615,45.0,2.828,3212,48,45.0,2.0,4.928398848882039,3.0312617643229167,2.069973678385417,3.624696942708333,2.5634348958333333,2.5050025163503102
562,6,4.63,1.65,0.0,5.099,3247,47,168.69,2.0,9.856797697764078,5.934351783854167,2.1148337890624997,6.535477266927083,2.5634348958333333,3.5426085324013394
563,1,1.128,1.128,0.0,1.414,695,47,135.0,1.0,1.642799616294013,1.4457772812499998,1.4457772812499998,1.8123484713541664,1.2817174479166666,1.4462638771355416
564,4,2.257,2.257,0.0,2.828,718,47,135.0,2.0,6.571198465176052,2.892836279947917,2.892836279947917,3.624696942708333,2.5634348958333333,2.892527754271083
565,2,2.257,1.128,90.0,2.236,982,47,116.565,1.0,3.285599232588026,2.892836279947917,1.4457772812499998,2.865920213541667,1.2817174479166666,2.0453259898153786
566,4,2.257,2.257,0.0,2.828,984,47,135.0,2.0,6.571198465176052,2.892836279947917,2.892836279947917,3.624696942708333,2.5634348958333333,2.892527754271083
567,1,1.128,1.128,0.0,1.414,3149,47,135.0,1.0,1.642799616294013,1.4457772812499998,1.4457772812499998,1.8123484713541664,1.2817174479166666,1.4462638771355416
568,6,3.909,1.954,26.565,5.0,3240,50,36.87,3.0,9.856797697764078,5.0102335039062496,2.5044758932291664,6.408587239583333,3.8451523437499997,3.5426085324013394
569,2,2.257,1.128,90.0,2.236,537,48,116.565,1.0,3.285599232588026,2.892836279947917,1.4457772812499998,2.865920213541667,1.2817174479166666,2.0453259898153786
570,26,6.402,5.171,99.882,8.544,611,48,110.556,6.791,42.71279002364434,8.2055551015625,6.6277609231770835,10.950993875,8.704143188802083,7.374527731318484
571,4,2.257,2.257,0.0,2.828,678,48,135.0,2.0,6.571198465176052,2.892836279947917,2.892836279947917,3.624696942708333,2.5634348958333333,2.892527754271083
572,1,1.128,1.128,0.0,1.414,757,48,135.0,1.0,1.642799616294013,1.4457772812499998,1.4457772812499998,1.8123484713541664,1.2817174479166666,1.4462638771355416
573,1,1.128,1.128,0.0,1.414,841,48,135.0,1.0,1.642799616294013,1.4457772812499998,1.4457772812499998,1.8123484713541664,1.2817174479166666,1.4462638771355416
574,6,3.14,2.433,135.0,3.606,892,48,123.69,2.828,9.856797697764078,4.024592786458333,3.1184185507812496,4.6218731171875,3.624696942708333,3.5426085324013394
575,1,1.128,1.128,0.0,1.414,917,48,135.0,1.0,1.642799616294013,1.4457772812499998,1.4457772812499998,1.8123484713541664,1.2817174479166666,1.4462638771355416
576,2,2.257,1.128,0.0,2.236,2204,48,153.435,1.0,3.285599232588026,2.892836279947917,1.4457772812499998,2.865920213541667,1.2817174479166666,2.0453259898153786
577,4,2.734,1.863,90.0,3.162,3059,48,108.435,2.0,6.571198465176052,3.5042155026041666,2.38783960546875,4.0527905703125,2.5634348958333333,2.892527754271083
578,2,2.257,1.128,90.0,2.236,3093,48,116.565,1.0,3.285599232588026,2.892836279947917,1.4457772812499998,2.865920213541667,1.2817174479166666,2.0453259898153786
579,2,2.257,1.128,90.0,2.236,3168,48,116.565,1.0,3.285599232588026,2.892836279947917,1.4457772812499998,2.865920213541667,1.2817174479166666,2.0453259898153786
580,4,2.257,2.257,0.0,2.828,3314,48,135.0,2.0,6.571198465176052,2.892836279947917,2.892836279947917,3.624696942708333,2.5634348958333333,2.892527754271083
581,2,2.257,1.128,90.0,2.236,3449,48,116.565,1.0,3.285599232588026,2.892836279947917,1.4457772812499998,2.865920213541667,1.2817174479166666,2.0453259898153786
582,11,5.091,2.751,48.797,5.657,3493,52,45.0,3.536,18.070795779234142,6.52522352734375,3.52600469921875,7.250675602864583,4.532152895833334,4.796714628303253
583,8,3.538,2.879,45.0,4.243,20,52,45.0,3.0,13.142396930352104,4.534716330729166,3.6900645325520833,5.438327131510417,3.8451523437499997,4.090651979630757
584,4,2.257,2.257,0.0,2.828,425,49,135.0,2.0,6.571198465176052,2.892836279947917,2.892836279947917,3.624696942708333,2.5634348958333333,2.892527754271083
585,2,2.257,1.128,90.0,2.236,577,49,116.565,1.0,3.285599232588026,2.892836279947917,1.4457772812499998,2.865920213541667,1.2817174479166666,2.0453259898153786
586,1,1.128,1.128,0.0,1.414,603,49,135.0,1.0,1.642799616294013,1.4457772812499998,1.4457772812499998,1.8123484713541664,1.2817174479166666,1.4462638771355416
587,7,4.807,1.854,70.921,5.831,648,54,59.036,3.0,11.499597314058091,6.161215772135417,2.3763041484375003,7.473694438802084,3.8451523437499997,3.826454549076717
588,76,10.865,8.907,172.013,17.088,648,60,20.556,13.927,124.852770838345,13.925860071614583,11.41625730859375,21.90198775,17.850478897135417,12.608236172254301
589,1,1.128,1.128,0.0,1.414,684,49,135.0,1.0,1.642799616294013,1.4457772812499998,1.4457772812499998,1.8123484713541664,1.2817174479166666,1.4462638771355416
590,4,2.257,2.257,0.0,2.828,752,49,135.0,2.0,6.571198465176052,2.892836279947917,2.892836279947917,3.624696942708333,2.5634348958333333,2.892527754271083
591,1,1.128,1.128,0.0,1.414,807,49,135.0,1.0,1.642799616294013,1.4457772812499998,1.4457772812499998,1.8123484713541664,1.2817174479166666,1.4462638771355416
592,2,2.257,1.128,0.0,2.236,820,49,153.435,1.0,3.285599232588026,2.892836279947917,1.4457772812499998,2.865920213541667,1.2817174479166666,2.0453259898153786
593,1,1.128,1.128,0.0,1.414,937,49,135.0,1.0,1.642799616294013,1.4457772812499998,1.4457772812499998,1.8123484713541664,1.2817174479166666,1.4462638771355416
594,1,1.128,1.128,0.0,1.414,1057,49,135.0,1.0,1.642799616294013,1.4457772812499998,1.4457772812499998,1.8123484713541664,1.2817174479166666,1.4462638771355416
595,11,5.326,2.63,175.269,5.385,1500,50,158.199,3.0,18.070795779234142,6.826427127604166,3.370916888020833,6.90204845703125,3.8451523437499997,4.796714628303253
596,1,1.128,1.128,0.0,1.414,3090,49,135.0,1.0,1.642799616294013,1.4457772812499998,1.4457772812499998,1.8123484713541664,1.2817174479166666,1.4462638771355416
597,1,1.128,1.128,0.0,1.414,3153,49,135.0,1.0,1.642799616294013,1.4457772812499998,1.4457772812499998,1.8123484713541664,1.2817174479166666,1.4462638771355416
598,1,1.128,1.128,0.0,1.414,3210,49,135.0,1.0,1.642799616294013,1.4457772812499998,1.4457772812499998,1.8123484713541664,1.2817174479166666,1.4462638771355416
599,1,1.128,1.128,0.0,1.414,3233,49,135.0,1.0,1.642799616294013,1.4457772812499998,1.4457772812499998,1.8123484713541664,1.2817174479166666,1.4462638771355416
600,1,1.128,1.128,0.0,1.414,3294,49,135.0,1.0,1.642799616294013,1.4457772812499998,1.4457772812499998,1.8123484713541664,1.2817174479166666,1.4462638771355416
601,7,3.69,2.416,33.401,4.472,3334,51,26.565,3.0,11.499597314058091,4.7295373828125,3.0966293541666663,5.731840427083334,3.8451523437499997,3.826454549076717
602,1,1.128,1.128,0.0,1.414,666,50,135.0,1.0,1.642799616294013,1.4457772812499998,1.4457772812499998,1.8123484713541664,1.2817174479166666,1.4462638771355416
603,7,3.507,2.542,149.527,4.243,862,50,135.0,3.0,11.499597314058091,4.49498308984375,3.2581257526041663,5.438327131510417,3.8451523437499997,3.826454549076717
604,3,2.365,1.615,45.0,2.828,922,52,45.0,2.0,4.928398848882039,3.0312617643229167,2.069973678385417,3.624696942708333,2.5634348958333333,2.5050025163503102
605,4,2.734,1.863,90.0,3.162,2367,50,108.435,2.0,6.571198465176052,3.5042155026041666,2.38783960546875,4.0527905703125,2.5634348958333333,2.892527754271083
606,1,1.128,1.128,0.0,1.414,3172,50,135.0,1.0,1.642799616294013,1.4457772812499998,1.4457772812499998,1.8123484713541664,1.2817174479166666,1.4462638771355416
607,16,5.689,3.581,82.352,6.403,3207,56,51.34,4.0,26.28479386070421,7.291690561197917,4.589830180989583,8.206836819010416,5.126869791666667,5.785055508542166
608,4,2.734,1.863,0.0,3.162,3276,51,161.565,2.0,6.571198465176052,3.5042155026041666,2.38783960546875,4.0527905703125,2.5634348958333333,2.892527754271083
609,1,1.128,1.128,0.0,1.414,453,51,135.0,1.0,1.642799616294013,1.4457772812499998,1.4457772812499998,1.8123484713541664,1.2817174479166666,1.4462638771355416
610,1,1.128,1.128,0.0,1.414,597,51,135.0,1.0,1.642799616294013,1.4457772812499998,1.4457772812499998,1.8123484713541664,1.2817174479166666,1.4462638771355416
611,1,1.128,1.128,0.0,1.414,755,51,135.0,1.0,1.642799616294013,1.4457772812499998,1.4457772812499998,1.8123484713541664,1.2817174479166666,1.4462638771355416
612,2,2.257,1.128,90.0,2.236,841,51,116.565,1.0,3.285599232588026,2.892836279947917,1.4457772812499998,2.865920213541667,1.2817174479166666,2.0453259898153786
613,1,1.128,1.128,0.0,1.414,1051,51,135.0,1.0,1.642799616294013,1.4457772812499998,1.4457772812499998,1.8123484713541664,1.2817174479166666,1.4462638771355416
614,1,1.128,1.128,0.0,1.414,1068,51,135.0,1.0,1.642799616294013,1.4457772812499998,1.4457772812499998,1.8123484713541664,1.2817174479166666,1.4462638771355416
615,31,11.428,3.454,145.696,13.601,1557,52,143.973,5.378,50.926788105114404,14.647466994791667,4.427052065104167,17.432639009114585,6.893076434895834,8.052456474363645
616,1,1.128,1.128,0.0,1.414,1564,51,135.0,1.0,1.642799616294013,1.4457772812499998,1.4457772812499998,1.8123484713541664,1.2817174479166666,1.4462638771355416
617,3,2.365,1.615,135.0,2.828,3100,51,135.0,2.0,4.928398848882039,3.0312617643229167,2.069973678385417,3.624696942708333,2.5634348958333333,2.5050025163503102
618,1,1.128,1.128,0.0,1.414,3155,51,135.0,1.0,1.642799616294013,1.4457772812499998,1.4457772812499998,1.8123484713541664,1.2817174479166666,1.4462638771355416
619,106,14.418,9.361,71.126,21.213,571,73,81.87,13.122,174.13675932716538,18.479802164062498,11.998157029947917,27.18907222265625,16.8186963515625,14.890197965257402
620,2,2.257,1.128,90.0,2.236,582,52,116.565,1.0,3.285599232588026,2.892836279947917,1.4457772812499998,2.865920213541667,1.2817174479166666,2.0453259898153786
621,7,4.154,2.146,98.35,4.472,666,52,116.565,2.0,11.499597314058091,5.324254278645833,2.7505656432291663,5.731840427083334,2.5634348958333333,3.826454549076717
622,14,4.477,3.981,180.0,5.0,689,52,126.87,4.0,22.999194628116182,5.738249014322917,5.10251716015625,6.408587239583333,5.126869791666667,5.411423919108519
623,15,4.842,3.944,8.952,6.083,698,52,170.538,4.0,24.641994244410196,6.2060758828125,5.055093614583333,7.7966872356770835,5.126869791666667,5.601355910367322
624,27,8.253,4.165,117.242,10.0,726,52,126.87,6.0,44.35558963993835,10.57801409765625,5.338353170572916,12.817174479166667,7.690304687499999,7.515007549050931
625,3,2.365,1.615,45.0,2.828,1037,54,45.0,2.0,4.928398848882039,3.0312617643229167,2.069973678385417,3.624696942708333,2.5634348958333333,2.5050025163503102
626,1,1.128,1.128,0.0,1.414,1529,52,135.0,1.0,1.642799616294013,1.4457772812499998,1.4457772812499998,1.8123484713541664,1.2817174479166666,1.4462638771355416
627,6,4.134,1.848,12.933,4.472,2132,54,26.565,2.0,9.856797697764078,5.298619929687501,2.36861384375,5.731840427083334,2.5634348958333333,3.5426085324013394
628,1,1.128,1.128,0.0,1.414,3085,52,135.0,1.0,1.642799616294013,1.4457772812499998,1.4457772812499998,1.8123484713541664,1.2817174479166666,1.4462638771355416
629,1,1.128,1.128,0.0,1.414,3212,52,135.0,1.0,1.642799616294013,1.4457772812499998,1.4457772812499998,1.8123484713541664,1.2817174479166666,1.4462638771355416
630,3,2.365,1.615,135.0,2.828,3333,52,135.0,2.0,4.928398848882039,3.0312617643229167,2.069973678385417,3.624696942708333,2.5634348958333333,2.5050025163503102
631,36,7.645,5.995,57.942,9.487,635,62,71.565,7.0,59.14078618658447,9.798729889322916,7.683896100260417,12.159653428385417,8.972022135416667,8.677583262813249
632,1,1.128,1.128,0.0,1.414,652,53,135.0,1.0,1.642799616294013,1.4457772812499998,1.4457772812499998,1.8123484713541664,1.2817174479166666,1.4462638771355416
633,1,1.128,1.128,0.0,1.414,756,53,135.0,1.0,1.642799616294013,1.4457772812499998,1.4457772812499998,1.8123484713541664,1.2817174479166666,1.4462638771355416
634,2,2.257,1.128,90.0,2.236,809,53,116.565,1.0,3.285599232588026,2.892836279947917,1.4457772812499998,2.865920213541667,1.2817174479166666,2.0453259898153786
635,1,1.128,1.128,0.0,1.414,3033,53,135.0,1.0,1.642799616294013,1.4457772812499998,1.4457772812499998,1.8123484713541664,1.2817174479166666,1.4462638771355416
636,2,2.257,1.128,0.0,2.236,3064,53,153.435,1.0,3.285599232588026,2.892836279947917,1.4457772812499998,2.865920213541667,1.2817174479166666,2.0453259898153786
637,1,1.128,1.128,0.0,1.414,3095,53,135.0,1.0,1.642799616294013,1.4457772812499998,1.4457772812499998,1.8123484713541664,1.2817174479166666,1.4462638771355416
638,4,3.192,1.596,71.565,3.606,3203,56,56.31,2.0,6.571198465176052,4.09124209375,2.045621046875,4.6218731171875,2.5634348958333333,2.892527754271083
639,50,11.377,5.596,44.224,14.142,532,64,45.0,7.071,82.13998081470065,14.582099404947916,7.172490838541667,18.126048148437498,9.063024074218749,10.226629949076893
640,1,1.128,1.128,0.0,1.414,563,54,135.0,1.0,1.642799616294013,1.4457772812499998,1.4457772812499998,1.8123484713541664,1.2817174479166666,1.4462638771355416
641,8,4.514,2.257,90.0,4.472,602,54,116.565,2.0,13.142396930352104,5.785672559895834,2.892836279947917,5.731840427083334,2.5634348958333333,4.090651979630757
642,1,1.128,1.128,0.0,1.414,625,54,135.0,1.0,1.642799616294013,1.4457772812499998,1.4457772812499998,1.8123484713541664,1.2817174479166666,1.4462638771355416
643,1,1.128,1.128,0.0,1.414,669,54,135.0,1.0,1.642799616294013,1.4457772812499998,1.4457772812499998,1.8123484713541664,1.2817174479166666,1.4462638771355416
644,15,6.326,3.019,74.416,7.211,714,60,56.31,4.0,24.641994244410196,8.108144575520832,3.869504975260417,9.242464516927084,5.126869791666667,5.601355910367322
645,1,1.128,1.128,0.0,1.414,763,54,135.0,1.0,1.642799616294013,1.4457772812499998,1.4457772812499998,1.8123484713541664,1.2817174479166666,1.4462638771355416
646,13,4.452,3.718,23.04,5.657,1784,58,45.0,4.0,21.35639501182217,5.706206078125,4.765425471354167,7.250675602864583,5.126869791666667,5.214578566863546
647,17,5.668,3.819,16.799,6.708,1985,58,26.565,4.0,27.927593476998222,7.264774494791666,4.89487893359375,8.597760640625,5.126869791666667,5.963098727945161
648,1,1.128,1.128,0.0,1.414,3011,54,135.0,1.0,1.642799616294013,1.4457772812499998,1.4457772812499998,1.8123484713541664,1.2817174479166666,1.4462638771355416
649,3,2.365,1.615,45.0,2.828,3148,56,45.0,2.0,4.928398848882039,3.0312617643229167,2.069973678385417,3.624696942708333,2.5634348958333333,2.5050025163503102
650,2,2.257,1.128,0.0,2.236,3282,54,153.435,1.0,3.285599232588026,2.892836279947917,1.4457772812499998,2.865920213541667,1.2817174479166666,2.0453259898153786
651,1,1.128,1.128,0.0,1.414,3325,54,135.0,1.0,1.642799616294013,1.4457772812499998,1.4457772812499998,1.8123484713541664,1.2817174479166666,1.4462638771355416
652,70,10.338,8.621,115.088,13.454,3383,54,131.987,10.932,114.99597314058092,13.250394976562498,11.049686118489584,17.244226544270834,14.011735140625,12.100311738194971
653,3,2.446,1.561,90.0,3.162,3477,54,108.435,2.0,4.928398848882039,3.135080877604167,2.0007609361979166,4.0527905703125,2.5634348958333333,2.5050025163503102
654,1,1.128,1.128,0.0,1.414,0,55,135.0,1.0,1.642799616294013,1.4457772812499998,1.4457772812499998,1.8123484713541664,1.2817174479166666,1.4462638771355416
655,4,2.734,1.863,90.0,3.162,630,55,108.435,2.0,6.571198465176052,3.5042155026041666,2.38783960546875,4.0527905703125,2.5634348958333333,2.892527754271083
656,6,3.145,2.429,125.783,4.243,1039,55,135.0,3.0,9.856797697764078,4.031001373697917,3.113291680989583,5.438327131510417,3.8451523437499997,3.5426085324013394
657,6,6.77,1.128,0.0,6.083,1044,55,170.538,1.0,9.856797697764078,8.677227122395832,1.4457772812499998,7.7966872356770835,1.2817174479166666,3.5426085324013394
658,1,1.128,1.128,0.0,1.414,3008,55,135.0,1.0,1.642799616294013,1.4457772812499998,1.4457772812499998,1.8123484713541664,1.2817174479166666,1.4462638771355416
659,1,1.128,1.128,0.0,1.414,3028,55,135.0,1.0,1.642799616294013,1.4457772812499998,1.4457772812499998,1.8123484713541664,1.2817174479166666,1.4462638771355416
660,1,1.128,1.128,0.0,1.414,3077,55,135.0,1.0,1.642799616294013,1.4457772812499998,1.4457772812499998,1.8123484713541664,1.2817174479166666,1.4462638771355416
661,1,1.128,1.128,0.0,1.414,3093,55,135.0,1.0,1.642799616294013,1.4457772812499998,1.4457772812499998,1.8123484713541664,1.2817174479166666,1.4462638771355416
662,1,1.128,1.128,0.0,1.414,3145,55,135.0,1.0,1.642799616294013,1.4457772812499998,1.4457772812499998,1.8123484713541664,1.2817174479166666,1.4462638771355416
663,1,1.128,1.128,0.0,1.414,3223,55,135.0,1.0,1.642799616294013,1.4457772812499998,1.4457772812499998,1.8123484713541664,1.2817174479166666,1.4462638771355416
664,4,3.589,1.419,45.0,4.243,3243,58,45.0,2.121,6.571198465176052,4.600083920572916,1.81875705859375,5.438327131510417,2.71852270703125,2.892527754271083
665,1,1.128,1.128,0.0,1.414,3300,55,135.0,1.0,1.642799616294013,1.4457772812499998,1.4457772812499998,1.8123484713541664,1.2817174479166666,1.4462638771355416
666,1,1.128,1.128,0.0,1.414,3331,55,135.0,1.0,1.642799616294013,1.4457772812499998,1.4457772812499998,1.8123484713541664,1.2817174479166666,1.4462638771355416
667,11,4.384,3.195,74.929,5.0,3335,59,53.13,3.0,18.070795779234142,5.619049291666667,4.095087246093749,6.408587239583333,3.8451523437499997,4.796714628303253
668,2,2.257,1.128,0.0,2.236,3350,55,153.435,1.0,3.285599232588026,2.892836279947917,1.4457772812499998,2.865920213541667,1.2817174479166666,2.0453259898153786
669,1,1.128,1.128,0.0,1.414,3445,55,135.0,1.0,1.642799616294013,1.4457772812499998,1.4457772812499998,1.8123484713541664,1.2817174479166666,1.4462638771355416
670,5,3.144,2.025,161.565,3.606,737,56,146.31,2.0,8.213998081470065,4.02971965625,2.59547783203125,4.6218731171875,2.5634348958333333,3.2339443426774745
671,2,2.596,0.981,135.0,2.828,1209,56,135.0,1.414,3.285599232588026,3.327338494791667,1.2573648164062499,3.624696942708333,1.8123484713541664,2.0453259898153786
672,2,2.257,1.128,0.0,2.236,3236,56,153.435,1.0,3.285599232588026,2.892836279947917,1.4457772812499998,2.865920213541667,1.2817174479166666,2.0453259898153786
673,3,2.365,1.615,45.0,2.828,3294,58,45.0,2.0,4.928398848882039,3.0312617643229167,2.069973678385417,3.624696942708333,2.5634348958333333,2.5050025163503102
674,1,1.128,1.128,0.0,1.414,3297,56,135.0,1.0,1.642799616294013,1.4457772812499998,1.4457772812499998,1.8123484713541664,1.2817174479166666,1.4462638771355416
675,4,3.676,1.385,50.31,4.243,3303,59,45.0,2.121,6.571198465176052,4.711593338541666,1.7751786653645834,5.438327131510417,2.71852270703125,2.892527754271083
676,2,2.257,1.128,90.0,2.236,3329,56,116.565,1.0,3.285599232588026,2.892836279947917,1.4457772812499998,2.865920213541667,1.2817174479166666,2.0453259898153786
677,13,5.084,3.255,71.39,6.403,588,63,51.34,4.0,21.35639501182217,6.5162515052083325,4.17199029296875,8.206836819010416,5.126869791666667,5.214578566863546
678,1,1.128,1.128,0.0,1.414,644,57,135.0,1.0,1.642799616294013,1.4457772812499998,1.4457772812499998,1.8123484713541664,1.2817174479166666,1.4462638771355416
679,5,4.356,1.462,115.67,5.0,696,57,126.87,2.214,8.213998081470065,5.583161203125,1.8738709088541665,6.408587239583333,2.8377224296875,3.2339443426774745
680,2,2.257,1.128,0.0,2.236,810,57,153.435,1.0,3.285599232588026,2.892836279947917,1.4457772812499998,2.865920213541667,1.2817174479166666,2.0453259898153786
681,12,4.189,3.648,28.713,5.0,2149,61,36.87,4.0,19.713595395528156,5.369114389322917,4.67570525,6.408587239583333,5.126869791666667,5.0100050327006205
682,5,3.144,2.025,108.435,3.606,3192,57,123.69,2.0,8.213998081470065,4.02971965625,2.59547783203125,4.6218731171875,2.5634348958333333,3.2339443426774745
683,4,3.192,1.596,71.565,3.606,3259,60,56.31,2.0,6.571198465176052,4.09124209375,2.045621046875,4.6218731171875,2.5634348958333333,2.892527754271083
684,1,1.128,1.128,0.0,1.414,3307,57,135.0,1.0,1.642799616294013,1.4457772812499998,1.4457772812499998,1.8123484713541664,1.2817174479166666,1.4462638771355416
685,1,1.128,1.128,0.0,1.414,3321,57,135.0,1.0,1.642799616294013,1.4457772812499998,1.4457772812499998,1.8123484713541664,1.2817174479166666,1.4462638771355416
686,1,1.128,1.128,0.0,1.414,3326,57,135.0,1.0,1.642799616294013,1.4457772812499998,1.4457772812499998,1.8123484713541664,1.2817174479166666,1.4462638771355416
687,1,1.128,1.128,0.0,1.414,3450,57,135.0,1.0,1.642799616294013,1.4457772812499998,1.4457772812499998,1.8123484713541664,1.2817174479166666,1.4462638771355416
688,8,3.504,2.907,157.5,4.472,878,58,116.565,3.795,13.142396930352104,4.4911379375,3.72595262109375,5.731840427083334,4.86411771484375,4.090651979630757
689,5,3.144,2.025,161.565,3.606,1011,58,146.31,2.0,8.213998081470065,4.02971965625,2.59547783203125,4.6218731171875,2.5634348958333333,3.2339443426774745
690,1,1.128,1.128,0.0,1.414,1021,58,135.0,1.0,1.642799616294013,1.4457772812499998,1.4457772812499998,1.8123484713541664,1.2817174479166666,1.4462638771355416
691,60,10.628,7.188,166.666,16.643,3409,59,147.265,9.939,98.56797697764078,13.622093036458333,9.212985015625,21.331623485677085,12.73898971484375,11.202711820734644
692,7,4.636,1.923,68.487,5.831,3509,63,59.036,2.846,11.499597314058091,5.942042088541666,2.46474265234375,7.473694438802084,3.6477678567708334,3.826454549076717
693,1,1.128,1.128,0.0,1.414,62,59,135.0,1.0,1.642799616294013,1.4457772812499998,1.4457772812499998,1.8123484713541664,1.2817174479166666,1.4462638771355416
694,12,4.317,3.539,90.0,6.708,613,59,116.565,4.851,19.713595395528156,5.53317422265625,4.535998048177084,8.597760640625,6.21761133984375,5.0100050327006205
695,5,3.316,1.92,45.0,4.243,883,62,45.0,2.828,8.213998081470065,4.250175057291666,2.4608974999999997,5.438327131510417,3.624696942708333,3.2339443426774745
696,1,1.128,1.128,0.0,1.414,2083,59,135.0,1.0,1.642799616294013,1.4457772812499998,1.4457772812499998,1.8123484713541664,1.2817174479166666,1.4462638771355416
697,1,1.128,1.128,0.0,1.414,2147,59,135.0,1.0,1.642799616294013,1.4457772812499998,1.4457772812499998,1.8123484713541664,1.2817174479166666,1.4462638771355416
698,1,1.128,1.128,0.0,1.414,3292,59,135.0,1.0,1.642799616294013,1.4457772812499998,1.4457772812499998,1.8123484713541664,1.2817174479166666,1.4462638771355416
699,5,4.356,1.462,115.67,5.0,3322,59,126.87,2.214,8.213998081470065,5.583161203125,1.8738709088541665,6.408587239583333,2.8377224296875,3.2339443426774745
700,4,2.734,1.863,0.0,3.162,620,61,161.565,2.0,6.571198465176052,3.5042155026041666,2.38783960546875,4.0527905703125,2.5634348958333333,2.892527754271083
701,8,3.797,2.682,82.982,4.472,666,64,63.435,3.0,13.142396930352104,4.866681149739583,3.4375661953125,5.731840427083334,3.8451523437499997,4.090651979630757
702,22,6.448,4.344,90.0,6.708,670,60,116.565,4.0,36.141591558468285,8.264514104166667,5.56778059375,8.597760640625,5.126869791666667,6.78357888217988
703,8,4.044,2.519,19.33,4.472,682,63,26.565,3.0,13.142396930352104,5.1832653593749995,3.2286462513020835,5.731840427083334,3.8451523437499997,4.090651979630757
704,27,9.498,3.619,52.351,12.806,734,70,51.34,5.935,44.35558963993835,12.173752320312499,4.638535444010417,16.413673638020832,7.606993053385416,7.515007549050931
705,1,1.128,1.128,0.0,1.414,865,60,135.0,1.0,1.642799616294013,1.4457772812499998,1.4457772812499998,1.8123484713541664,1.2817174479166666,1.4462638771355416
706,3,2.365,1.615,45.0,2.828,1637,62,45.0,2.0,4.928398848882039,3.0312617643229167,2.069973678385417,3.624696942708333,2.5634348958333333,2.5050025163503102
707,1,1.128,1.128,0.0,1.414,3125,60,135.0,1.0,1.642799616294013,1.4457772812499998,1.4457772812499998,1.8123484713541664,1.2817174479166666,1.4462638771355416
708,3,2.365,1.615,135.0,2.828,3302,60,135.0,2.0,4.928398848882039,3.0312617643229167,2.069973678385417,3.624696942708333,2.5634348958333333,2.5050025163503102
709,1,1.128,1.128,0.0,1.414,3352,60,135.0,1.0,1.642799616294013,1.4457772812499998,1.4457772812499998,1.8123484713541664,1.2817174479166666,1.4462638771355416
710,13,5.978,2.769,92.464,6.325,3394,60,108.435,3.0,21.35639501182217,7.6621069036458325,3.54907561328125,8.106862858072917,3.8451523437499997,5.214578566863546
711,29,9.49,3.891,112.485,11.705,560,61,109.983,5.571,47.64118887252638,12.163498580729167,4.9871625898437495,15.002502727864583,7.14044790234375,7.788369332980218
712,2,2.257,1.128,90.0,2.236,565,61,116.565,1.0,3.285599232588026,2.892836279947917,1.4457772812499998,2.865920213541667,1.2817174479166666,2.0453259898153786
713,3,2.365,1.615,45.0,2.828,704,63,45.0,2.0,4.928398848882039,3.0312617643229167,2.069973678385417,3.624696942708333,2.5634348958333333,2.5050025163503102
714,2,2.257,1.128,0.0,2.236,821,61,153.435,1.0,3.285599232588026,2.892836279947917,1.4457772812499998,2.865920213541667,1.2817174479166666,2.0453259898153786
715,1,1.128,1.128,0.0,1.414,862,61,135.0,1.0,1.642799616294013,1.4457772812499998,1.4457772812499998,1.8123484713541664,1.2817174479166666,1.4462638771355416
716,2,2.257,1.128,90.0,2.236,3287,61,116.565,1.0,3.285599232588026,2.892836279947917,1.4457772812499998,2.865920213541667,1.2817174479166666,2.0453259898153786
717,1,1.128,1.128,0.0,1.414,571,62,135.0,1.0,1.642799616294013,1.4457772812499998,1.4457772812499998,1.8123484713541664,1.2817174479166666,1.4462638771355416
718,56,12.152,5.867,170.699,14.318,623,64,155.225,8.0,91.99677851246473,15.575430427083331,7.519836266927083,18.351630419270833,10.253739583333333,10.822847838217038
719,2,2.257,1.128,90.0,2.236,649,62,116.565,1.0,3.285599232588026,2.892836279947917,1.4457772812499998,2.865920213541667,1.2817174479166666,2.0453259898153786
720,6,3.385,2.257,90.0,3.606,774,62,123.69,2.0,9.856797697764078,4.338613561197916,2.892836279947917,4.6218731171875,2.5634348958333333,3.5426085324013394
721,4,2.257,2.257,0.0,2.828,802,62,135.0,2.0,6.571198465176052,2.892836279947917,2.892836279947917,3.624696942708333,2.5634348958333333,2.892527754271083
722,1,1.128,1.128,0.0,1.414,825,62,135.0,1.0,1.642799616294013,1.4457772812499998,1.4457772812499998,1.8123484713541664,1.2817174479166666,1.4462638771355416
723,1,1.128,1.128,0.0,1.414,865,62,135.0,1.0,1.642799616294013,1.4457772812499998,1.4457772812499998,1.8123484713541664,1.2817174479166666,1.4462638771355416
724,1,1.128,1.128,0.0,1.414,1143,62,135.0,1.0,1.642799616294013,1.4457772812499998,1.4457772812499998,1.8123484713541664,1.2817174479166666,1.4462638771355416
725,6,3.489,2.19,45.0,4.243,2193,65,45.0,2.828,9.856797697764078,4.47191217578125,2.8069612109374997,5.438327131510417,3.624696942708333,3.5426085324013394
726,175,19.736,11.29,46.241,28.284,3252,84,45.0,15.97,287.4899328514523,25.295975552083334,14.470589986979165,36.252096296874996,20.46902764322917,19.132272745383585
727,3,2.365,1.615,45.0,2.828,3282,64,45.0,2.0,4.928398848882039,3.0312617643229167,2.069973678385417,3.624696942708333,2.5634348958333333,2.5050025163503102
728,8,5.136,1.983,95.199,5.385,3344,62,111.801,2.0,13.142396930352104,6.5829008125,2.54164569921875,6.90204845703125,2.5634348958333333,4.090651979630757
729,1,1.128,1.128,0.0,1.414,442,63,135.0,1.0,1.642799616294013,1.4457772812499998,1.4457772812499998,1.8123484713541664,1.2817174479166666,1.4462638771355416
730,1,1.128,1.128,0.0,1.414,694,63,135.0,1.0,1.642799616294013,1.4457772812499998,1.4457772812499998,1.8123484713541664,1.2817174479166666,1.4462638771355416
731,7,4.11,2.168,22.5,4.472,782,65,26.565,2.683,11.499597314058091,5.2678587109375,2.7787634270833337,5.731840427083334,3.4388479127604166,3.826454549076717
732,1,1.128,1.128,0.0,1.414,810,63,135.0,1.0,1.642799616294013,1.4457772812499998,1.4457772812499998,1.8123484713541664,1.2817174479166666,1.4462638771355416
733,3,2.365,1.615,135.0,2.828,940,63,135.0,2.0,4.928398848882039,3.0312617643229167,2.069973678385417,3.624696942708333,2.5634348958333333,2.5050025163503102
734,5,3.144,2.025,108.435,3.606,2018,63,123.69,2.0,8.213998081470065,4.02971965625,2.59547783203125,4.6218731171875,2.5634348958333333,3.2339443426774745
735,4,3.192,1.596,108.435,3.606,3120,63,123.69,2.0,6.571198465176052,4.09124209375,2.045621046875,4.6218731171875,2.5634348958333333,2.892527754271083
736,1,1.128,1.128,0.0,1.414,3136,63,135.0,1.0,1.642799616294013,1.4457772812499998,1.4457772812499998,1.8123484713541664,1.2817174479166666,1.4462638771355416
737,1,1.128,1.128,0.0,1.414,3172,63,135.0,1.0,1.642799616294013,1.4457772812499998,1.4457772812499998,1.8123484713541664,1.2817174479166666,1.4462638771355416
738,9,4.297,2.667,104.679,5.385,3277,63,111.801,3.0,14.785196546646118,5.507539873697916,3.4183404335937495,6.90204845703125,3.8451523437499997,4.338791631406624
739,3,3.385,1.128,90.0,3.162,3337,63,108.435,1.0,4.928398848882039,4.338613561197916,1.4457772812499998,4.0527905703125,1.2817174479166666,2.5050025163503102
740,49,8.853,7.047,92.421,11.402,3403,74,74.745,8.0,80.49718119840664,11.34704456640625,9.03226285546875,14.614142341145833,10.253739583333333,10.12384713994879
741,71,12.261,7.373,47.093,17.804,532,77,38.157,11.7,116.63877275687493,15.715137628906248,9.450102743489584,22.819697442708332,14.996094140624999,12.186436040278805
742,2,2.257,1.128,90.0,2.236,606,64,116.565,1.0,3.285599232588026,2.892836279947917,1.4457772812499998,2.865920213541667,1.2817174479166666,2.0453259898153786
743,1,1.128,1.128,0.0,1.414,751,64,135.0,1.0,1.642799616294013,1.4457772812499998,1.4457772812499998,1.8123484713541664,1.2817174479166666,1.4462638771355416
744,13,5.172,3.2,67.709,5.831,925,69,59.036,4.0,21.35639501182217,6.629042640624999,4.101495833333334,7.473694438802084,5.126869791666667,5.214578566863546
745,4,2.257,2.257,0.0,2.828,1000,64,135.0,2.0,6.571198465176052,2.892836279947917,2.892836279947917,3.624696942708333,2.5634348958333333,2.892527754271083
746,1,1.128,1.128,0.0,1.414,2287,64,135.0,1.0,1.642799616294013,1.4457772812499998,1.4457772812499998,1.8123484713541664,1.2817174479166666,1.4462638771355416
747,2,2.596,0.981,45.0,2.828,3178,66,45.0,1.414,3.285599232588026,3.327338494791667,1.2573648164062499,3.624696942708333,1.8123484713541664,2.0453259898153786
748,19,9.366,2.583,123.518,10.817,3366,64,123.69,4.16,31.21319270958625,12.004565617187499,3.31067616796875,13.864337634114584,5.331944583333334,6.304118086127151
749,7,3.025,2.946,45.002,4.243,523,65,135.0,3.0,11.499597314058091,3.8771952799479164,3.7759396015625,5.438327131510417,3.8451523437499997,3.826454549076717
750,2,2.257,1.128,90.0,2.236,805,65,116.565,1.0,3.285599232588026,2.892836279947917,1.4457772812499998,2.865920213541667,1.2817174479166666,2.0453259898153786
751,2,2.257,1.128,0.0,2.236,812,65,153.435,1.0,3.285599232588026,2.892836279947917,1.4457772812499998,2.865920213541667,1.2817174479166666,2.0453259898153786
752,3,3.385,1.128,0.0,3.162,853,65,161.565,1.0,4.928398848882039,4.338613561197916,1.4457772812499998,4.0527905703125,1.2817174479166666,2.5050025163503102
753,2,2.257,1.128,90.0,2.236,1735,65,116.565,1.0,3.285599232588026,2.892836279947917,1.4457772812499998,2.865920213541667,1.2817174479166666,2.0453259898153786
754,1,1.128,1.128,0.0,1.414,3238,65,135.0,1.0,1.642799616294013,1.4457772812499998,1.4457772812499998,1.8123484713541664,1.2817174479166666,1.4462638771355416
755,3,2.365,1.615,135.0,2.828,489,66,135.0,2.0,4.928398848882039,3.0312617643229167,2.069973678385417,3.624696942708333,2.5634348958333333,2.5050025163503102
756,19,6.409,3.774,98.065,7.211,548,66,123.69,4.0,31.21319270958625,8.214527123697916,4.8372016484375,9.242464516927084,5.126869791666667,6.304118086127151
757,4,3.192,1.596,18.435,3.606,647,68,33.69,2.0,6.571198465176052,4.09124209375,2.045621046875,4.6218731171875,2.5634348958333333,2.892527754271083
758,37,11.42,4.125,133.164,12.806,661,66,128.66,6.364,60.783585802878484,14.637213255208334,5.28708447265625,16.413673638020832,8.156849838541666,8.7972797207639
759,2,2.257,1.128,0.0,2.236,686,66,153.435,1.0,3.285599232588026,2.892836279947917,1.4457772812499998,2.865920213541667,1.2817174479166666,2.0453259898153786
760,23,7.387,3.965,99.193,8.544,729,66,110.556,4.0,37.7843911747623,9.468046787760416,5.082009680989583,10.950993875,5.126869791666667,6.936037892995103
761,2,2.257,1.128,90.0,2.236,891,66,116.565,1.0,3.285599232588026,2.892836279947917,1.4457772812499998,2.865920213541667,1.2817174479166666,2.0453259898153786
762,6,3.988,1.916,71.565,4.472,1590,70,63.435,2.0,9.856797697764078,5.111489182291667,2.4557706302083333,5.731840427083334,2.5634348958333333,3.5426085324013394
763,1,1.128,1.128,0.0,1.414,3085,66,135.0,1.0,1.642799616294013,1.4457772812499998,1.4457772812499998,1.8123484713541664,1.2817174479166666,1.4462638771355416
764,92,13.617,8.603,134.55,19.209,3081,68,141.34,11.245,151.1375646990492,17.453146488281252,11.026615204427083,24.620510457031248,14.412912701822915,13.872075785990207
765,1,1.128,1.128,0.0,1.414,3137,66,135.0,1.0,1.642799616294013,1.4457772812499998,1.4457772812499998,1.8123484713541664,1.2817174479166666,1.4462638771355416
766,4,2.734,1.863,0.0,3.162,3425,66,161.565,2.0,6.571198465176052,3.5042155026041666,2.38783960546875,4.0527905703125,2.5634348958333333,2.892527754271083
767,7,4.35,2.049,177.957,4.472,3456,66,153.435,2.0,11.499597314058091,5.5754708984375,2.62623905078125,5.731840427083334,2.5634348958333333,3.826454549076717
768,2,2.257,1.128,0.0,2.236,612,67,153.435,1.0,3.285599232588026,2.892836279947917,1.4457772812499998,2.865920213541667,1.2817174479166666,2.0453259898153786
769,1,1.128,1.128,0.0,1.414,689,67,135.0,1.0,1.642799616294013,1.4457772812499998,1.4457772812499998,1.8123484713541664,1.2817174479166666,1.4462638771355416
770,34,9.062,4.777,129.81,12.042,756,67,131.634,6.656,55.855186953996444,11.614923513020832,6.122764248697917,15.4344415078125,8.531111333333333,8.433095094829797
771,1,1.128,1.128,0.0,1.414,803,67,135.0,1.0,1.642799616294013,1.4457772812499998,1.4457772812499998,1.8123484713541664,1.2817174479166666,1.4462638771355416
772,1,1.128,1.128,0.0,1.414,810,67,135.0,1.0,1.642799616294013,1.4457772812499998,1.4457772812499998,1.8123484713541664,1.2817174479166666,1.4462638771355416
773,1,1.128,1.128,0.0,1.414,985,67,135.0,1.0,1.642799616294013,1.4457772812499998,1.4457772812499998,1.8123484713541664,1.2817174479166666,1.4462638771355416
774,4,3.192,1.596,71.565,3.606,1000,70,56.31,2.0,6.571198465176052,4.09124209375,2.045621046875,4.6218731171875,2.5634348958333333,2.892527754271083
775,1,1.128,1.128,0.0,1.414,1019,67,135.0,1.0,1.642799616294013,1.4457772812499998,1.4457772812499998,1.8123484713541664,1.2817174479166666,1.4462638771355416
776,2,2.596,0.981,135.0,2.828,3108,67,135.0,1.414,3.285599232588026,3.327338494791667,1.2573648164062499,3.624696942708333,1.8123484713541664,2.0453259898153786
777,3,3.213,1.189,61.845,3.606,3203,70,56.31,1.789,4.928398848882039,4.11815816015625,1.5239620455729168,4.6218731171875,2.2929925143229166,2.5050025163503102
778,5,3.144,2.025,161.565,3.606,3509,67,146.31,2.0,8.213998081470065,4.02971965625,2.59547783203125,4.6218731171875,2.5634348958333333,3.2339443426774745
779,1,1.128,1.128,0.0,1.414,565,68,135.0,1.0,1.642799616294013,1.4457772812499998,1.4457772812499998,1.8123484713541664,1.2817174479166666,1.4462638771355416
780,9,4.196,2.731,6.047,4.472,580,68,153.435,3.0,14.785196546646118,5.378086411458333,3.5003703502604164,5.731840427083334,3.8451523437499997,4.338791631406624
781,44,10.398,5.388,107.832,14.56,606,68,105.945,7.0,72.28318311693657,13.3272980234375,6.905893609375,18.66180604166667,8.972022135416667,9.593429256606505
782,4,2.257,2.257,0.0,2.828,712,68,135.0,2.0,6.571198465176052,2.892836279947917,2.892836279947917,3.624696942708333,2.5634348958333333,2.892527754271083
783,39,7.521,6.603,103.746,11.662,716,68,120.964,9.285,64.0691850354665,9.63979692578125,8.46318030859375,14.947388877604167,11.90074650390625,9.031915017867364
784,9,4.2,2.729,119.518,5.0,744,68,126.87,3.0,14.785196546646118,5.38321328125,3.4978069153645834,6.408587239583333,3.8451523437499997,4.338791631406624
785,1,1.128,1.128,0.0,1.414,752,68,135.0,1.0,1.642799616294013,1.4457772812499998,1.4457772812499998,1.8123484713541664,1.2817174479166666,1.4462638771355416
786,1,1.128,1.128,0.0,1.414,769,68,135.0,1.0,1.642799616294013,1.4457772812499998,1.4457772812499998,1.8123484713541664,1.2817174479166666,1.4462638771355416
787,4,2.257,2.257,0.0,2.828,834,68,135.0,2.0,6.571198465176052,2.892836279947917,2.892836279947917,3.624696942708333,2.5634348958333333,2.892527754271083
788,15,4.659,4.099,135.0,5.657,852,68,135.0,4.0,24.641994244410196,5.97152158984375,5.253759819010416,7.250675602864583,5.126869791666667,5.601355910367322
789,3,2.365,1.615,45.0,2.828,2244,70,45.0,2.0,4.928398848882039,3.0312617643229167,2.069973678385417,3.624696942708333,2.5634348958333333,2.5050025163503102
790,9,4.196,2.731,83.953,4.472,3098,68,116.565,3.0,14.785196546646118,5.378086411458333,3.5003703502604164,5.731840427083334,3.8451523437499997,4.338791631406624
791,2,2.257,1.128,90.0,2.236,3381,68,116.565,1.0,3.285599232588026,2.892836279947917,1.4457772812499998,2.865920213541667,1.2817174479166666,2.0453259898153786
792,2,2.596,0.981,135.0,2.828,296,69,135.0,1.414,3.285599232588026,3.327338494791667,1.2573648164062499,3.624696942708333,1.8123484713541664,2.0453259898153786
793,11,5.575,2.512,20.301,5.831,643,72,30.964,3.0,18.070795779234142,7.145574772135417,3.2196742291666665,7.473694438802084,3.8451523437499997,4.796714628303253
794,2,2.257,1.128,0.0,2.236,655,69,153.435,1.0,3.285599232588026,2.892836279947917,1.4457772812499998,2.865920213541667,1.2817174479166666,2.0453259898153786
795,1,1.128,1.128,0.0,1.414,737,69,135.0,1.0,1.642799616294013,1.4457772812499998,1.4457772812499998,1.8123484713541664,1.2817174479166666,1.4462638771355416
796,5,3.732,1.706,121.717,4.243,748,69,135.0,2.236,8.213998081470065,4.783369515625,2.1866099661458334,5.438327131510417,2.865920213541667,3.2339443426774745
797,1,1.128,1.128,0.0,1.414,782,69,135.0,1.0,1.642799616294013,1.4457772812499998,1.4457772812499998,1.8123484713541664,1.2817174479166666,1.4462638771355416
798,52,10.14,6.53,81.142,13.038,1589,81,57.529,8.542,85.42558004728868,12.996614921875,8.369614934895834,16.7110320859375,10.948430440104167,10.429157133727092
799,1,1.128,1.128,0.0,1.414,3199,69,135.0,1.0,1.642799616294013,1.4457772812499998,1.4457772812499998,1.8123484713541664,1.2817174479166666,1.4462638771355416
800,2,2.257,1.128,0.0,2.236,3218,69,153.435,1.0,3.285599232588026,2.892836279947917,1.4457772812499998,2.865920213541667,1.2817174479166666,2.0453259898153786
801,5,3.833,1.661,135.0,4.243,3305,69,135.0,2.121,8.213998081470065,4.912822977864583,2.128932680989583,5.438327131510417,2.71852270703125,3.2339443426774745
802,1,1.128,1.128,0.0,1.414,3328,69,135.0,1.0,1.642799616294013,1.4457772812499998,1.4457772812499998,1.8123484713541664,1.2817174479166666,1.4462638771355416
803,1,1.128,1.128,0.0,1.414,3340,69,135.0,1.0,1.642799616294013,1.4457772812499998,1.4457772812499998,1.8123484713541664,1.2817174479166666,1.4462638771355416
804,1,1.128,1.128,0.0,1.414,3410,69,135.0,1.0,1.642799616294013,1.4457772812499998,1.4457772812499998,1.8123484713541664,1.2817174479166666,1.4462638771355416
805,49,8.734,7.144,63.115,10.0,597,78,53.13,8.0,80.49718119840664,11.194520190104166,9.156589447916666,12.817174479166667,10.253739583333333,10.12384713994879
806,1,1.128,1.128,0.0,1.414,792,70,135.0,1.0,1.642799616294013,1.4457772812499998,1.4457772812499998,1.8123484713541664,1.2817174479166666,1.4462638771355416
807,1,1.128,1.128,0.0,1.414,931,70,135.0,1.0,1.642799616294013,1.4457772812499998,1.4457772812499998,1.8123484713541664,1.2817174479166666,1.4462638771355416
808,6,4.024,1.899,96.264,4.472,948,70,116.565,2.0,9.856797697764078,5.157631010416667,2.43398143359375,5.731840427083334,2.5634348958333333,3.5426085324013394
809,1,1.128,1.128,0.0,1.414,961,70,135.0,1.0,1.642799616294013,1.4457772812499998,1.4457772812499998,1.8123484713541664,1.2817174479166666,1.4462638771355416
810,1,1.128,1.128,0.0,1.414,1017,70,135.0,1.0,1.642799616294013,1.4457772812499998,1.4457772812499998,1.8123484713541664,1.2817174479166666,1.4462638771355416
811,5,3.144,2.025,161.565,3.606,1477,70,146.31,2.0,8.213998081470065,4.02971965625,2.59547783203125,4.6218731171875,2.5634348958333333,3.2339443426774745
812,3,3.213,1.189,151.845,3.606,1549,70,146.31,1.789,4.928398848882039,4.11815816015625,1.5239620455729168,4.6218731171875,2.2929925143229166,2.5050025163503102
813,25,6.897,4.615,130.08,7.81,1643,70,129.806,5.547,41.069990407350325,8.84000523828125,5.915126022135417,10.010213268229165,7.10968668359375,7.231319385677708
814,15,4.767,4.006,128.846,5.831,1908,71,149.036,4.743,24.641994244410196,6.10994707421875,5.134560096354167,7.473694438802084,6.07918585546875,5.601355910367322
815,13,4.762,3.476,135.0,5.657,2172,70,135.0,4.0,21.35639501182217,6.103538486979166,4.455249848958333,7.250675602864583,5.126869791666667,5.214578566863546
816,2,2.257,1.128,90.0,2.236,2439,70,116.565,1.0,3.285599232588026,2.892836279947917,1.4457772812499998,2.865920213541667,1.2817174479166666,2.0453259898153786
817,5,3.144,2.025,161.565,3.606,3295,70,146.31,2.0,8.213998081470065,4.02971965625,2.59547783203125,4.6218731171875,2.5634348958333333,3.2339443426774745
818,29,11.618,3.178,21.796,14.422,3386,78,33.69,5.364,47.64118887252638,14.890993309895833,4.073298049479167,18.48492903385417,6.875132390625,7.788369332980218
819,17,7.304,2.964,70.617,8.062,576,78,60.255,4.0,27.927593476998222,9.361664239583334,3.799010515625,10.333206065104166,5.126869791666667,5.963098727945161
820,3,2.365,1.615,135.0,2.828,632,71,135.0,2.0,4.928398848882039,3.0312617643229167,2.069973678385417,3.624696942708333,2.5634348958333333,2.5050025163503102
821,3,3.385,1.128,90.0,3.162,795,71,108.435,1.0,4.928398848882039,4.338613561197916,1.4457772812499998,4.0527905703125,1.2817174479166666,2.5050025163503102
822,1,1.128,1.128,0.0,1.414,1598,71,135.0,1.0,1.642799616294013,1.4457772812499998,1.4457772812499998,1.8123484713541664,1.2817174479166666,1.4462638771355416
823,328,23.045,18.122,167.035,33.121,3320,71,118.887,27.407,538.8382741444362,29.537178587239584,23.227283591145834,42.45176359244792,35.12803009505208,26.192952837676362
824,5,3.144,2.025,71.565,3.606,3330,74,56.31,2.0,8.213998081470065,4.02971965625,2.59547783203125,4.6218731171875,2.5634348958333333,3.2339443426774745
825,1,1.128,1.128,0.0,1.414,3366,71,135.0,1.0,1.642799616294013,1.4457772812499998,1.4457772812499998,1.8123484713541664,1.2817174479166666,1.4462638771355416
826,6,3.327,2.296,24.699,4.243,613,75,45.0,3.0,9.856797697764078,4.26427394921875,2.942823260416666,5.438327131510417,3.8451523437499997,3.5426085324013394
827,7,4.154,2.146,171.65,4.472,880,72,153.435,2.0,11.499597314058091,5.324254278645833,2.7505656432291663,5.731840427083334,2.5634348958333333,3.826454549076717
828,4,3.969,1.283,107.609,4.472,1030,72,116.565,1.897,6.571198465176052,5.08713655078125,1.644443485677083,5.731840427083334,2.4314179986979165,2.892527754271083
829,1,1.128,1.128,0.0,1.414,1179,72,135.0,1.0,1.642799616294013,1.4457772812499998,1.4457772812499998,1.8123484713541664,1.2817174479166666,1.4462638771355416
830,13,6.204,2.668,16.27,6.708,3246,75,26.565,3.0,21.35639501182217,7.9517750468749995,3.4196221510416667,8.597760640625,3.8451523437499997,5.214578566863546
831,32,9.135,4.46,66.951,11.18,3354,82,63.435,6.326,52.56958772140842,11.708488886718749,5.7164598177083334,14.329601067708333,8.108144575520832,8.181303959261514
832,4,2.734,1.863,90.0,3.162,3467,72,108.435,2.0,6.571198465176052,3.5042155026041666,2.38783960546875,4.0527905703125,2.5634348958333333,2.892527754271083
833,1,1.128,1.128,0.0,1.414,473,73,135.0,1.0,1.642799616294013,1.4457772812499998,1.4457772812499998,1.8123484713541664,1.2817174479166666,1.4462638771355416
834,1,1.128,1.128,0.0,1.414,586,73,135.0,1.0,1.642799616294013,1.4457772812499998,1.4457772812499998,1.8123484713541664,1.2817174479166666,1.4462638771355416
835,4,2.257,2.257,0.0,2.828,637,73,135.0,2.0,6.571198465176052,2.892836279947917,2.892836279947917,3.624696942708333,2.5634348958333333,2.892527754271083
836,2,2.257,1.128,0.0,2.236,800,73,153.435,1.0,3.285599232588026,2.892836279947917,1.4457772812499998,2.865920213541667,1.2817174479166666,2.0453259898153786
837,2,2.257,1.128,0.0,2.236,908,73,153.435,1.0,3.285599232588026,2.892836279947917,1.4457772812499998,2.865920213541667,1.2817174479166666,2.0453259898153786
838,1,1.128,1.128,0.0,1.414,1000,73,135.0,1.0,1.642799616294013,1.4457772812499998,1.4457772812499998,1.8123484713541664,1.2817174479166666,1.4462638771355416
839,2,2.257,1.128,0.0,2.236,1600,73,153.435,1.0,3.285599232588026,2.892836279947917,1.4457772812499998,2.865920213541667,1.2817174479166666,2.0453259898153786
840,2,2.596,0.981,45.0,2.828,3177,75,45.0,1.414,3.285599232588026,3.327338494791667,1.2573648164062499,3.624696942708333,1.8123484713541664,2.0453259898153786
841,1,1.128,1.128,0.0,1.414,3280,73,135.0,1.0,1.642799616294013,1.4457772812499998,1.4457772812499998,1.8123484713541664,1.2817174479166666,1.4462638771355416
842,1,1.128,1.128,0.0,1.414,3336,73,135.0,1.0,1.642799616294013,1.4457772812499998,1.4457772812499998,1.8123484713541664,1.2817174479166666,1.4462638771355416
843,1,1.128,1.128,0.0,1.414,3342,73,135.0,1.0,1.642799616294013,1.4457772812499998,1.4457772812499998,1.8123484713541664,1.2817174479166666,1.4462638771355416
844,6,3.385,2.257,90.0,3.606,544,74,123.69,2.0,9.856797697764078,4.338613561197916,2.892836279947917,4.6218731171875,2.5634348958333333,3.5426085324013394
845,3,2.365,1.615,135.0,2.828,651,74,135.0,2.0,4.928398848882039,3.0312617643229167,2.069973678385417,3.624696942708333,2.5634348958333333,2.5050025163503102
846,5,3.144,2.025,108.435,3.606,657,74,123.69,2.0,8.213998081470065,4.02971965625,2.59547783203125,4.6218731171875,2.5634348958333333,3.2339443426774745
847,18,7.906,2.899,95.881,8.544,690,74,110.556,4.0,29.570393093292235,10.133258143229167,3.715698881510417,10.950993875,5.126869791666667,6.135977969446135
848,1,1.128,1.128,0.0,1.414,723,74,135.0,1.0,1.642799616294013,1.4457772812499998,1.4457772812499998,1.8123484713541664,1.2817174479166666,1.4462638771355416
849,1,1.128,1.128,0.0,1.414,879,74,135.0,1.0,1.642799616294013,1.4457772812499998,1.4457772812499998,1.8123484713541664,1.2817174479166666,1.4462638771355416
850,9,4.803,2.386,18.435,5.385,3223,76,21.801,3.0,14.785196546646118,6.1560889023437495,3.058177830729167,6.90204845703125,3.8451523437499997,4.338791631406624
851,2,2.257,1.128,90.0,2.236,3328,74,116.565,1.0,3.285599232588026,2.892836279947917,1.4457772812499998,2.865920213541667,1.2817174479166666,2.0453259898153786
852,3,2.365,1.615,135.0,2.828,3400,74,135.0,2.0,4.928398848882039,3.0312617643229167,2.069973678385417,3.624696942708333,2.5634348958333333,2.5050025163503102
853,1,1.128,1.128,0.0,1.414,3413,74,135.0,1.0,1.642799616294013,1.4457772812499998,1.4457772812499998,1.8123484713541664,1.2817174479166666,1.4462638771355416
854,1,1.128,1.128,0.0,1.414,564,75,135.0,1.0,1.642799616294013,1.4457772812499998,1.4457772812499998,1.8123484713541664,1.2817174479166666,1.4462638771355416
855,1,1.128,1.128,0.0,1.414,574,75,135.0,1.0,1.642799616294013,1.4457772812499998,1.4457772812499998,1.8123484713541664,1.2817174479166666,1.4462638771355416
856,4,3.192,1.596,71.565,3.606,629,78,56.31,2.0,6.571198465176052,4.09124209375,2.045621046875,4.6218731171875,2.5634348958333333,2.892527754271083
857,2,2.257,1.128,0.0,2.236,672,75,153.435,1.0,3.285599232588026,2.892836279947917,1.4457772812499998,2.865920213541667,1.2817174479166666,2.0453259898153786
858,2,2.257,1.128,0.0,2.236,800,75,153.435,1.0,3.285599232588026,2.892836279947917,1.4457772812499998,2.865920213541667,1.2817174479166666,2.0453259898153786
859,5,3.144,2.025,108.435,3.606,826,75,123.69,2.0,8.213998081470065,4.02971965625,2.59547783203125,4.6218731171875,2.5634348958333333,3.2339443426774745
860,13,6.235,2.655,168.109,6.708,830,75,153.435,3.0,21.35639501182217,7.991508287760417,3.4029598242187498,8.597760640625,3.8451523437499997,5.214578566863546
861,2,2.257,1.128,90.0,2.236,2107,75,116.565,1.0,3.285599232588026,2.892836279947917,1.4457772812499998,2.865920213541667,1.2817174479166666,2.0453259898153786
862,1,1.128,1.128,0.0,1.414,3129,75,135.0,1.0,1.642799616294013,1.4457772812499998,1.4457772812499998,1.8123484713541664,1.2817174479166666,1.4462638771355416
863,1,1.128,1.128,0.0,1.414,3150,75,135.0,1.0,1.642799616294013,1.4457772812499998,1.4457772812499998,1.8123484713541664,1.2817174479166666,1.4462638771355416
864,1,1.128,1.128,0.0,1.414,3221,75,135.0,1.0,1.642799616294013,1.4457772812499998,1.4457772812499998,1.8123484713541664,1.2817174479166666,1.4462638771355416
865,6,4.134,1.848,12.933,4.472,3298,77,26.565,2.0,9.856797697764078,5.298619929687501,2.36861384375,5.731840427083334,2.5634348958333333,3.5426085324013394
866,1,1.128,1.128,0.0,1.414,3367,75,135.0,1.0,1.642799616294013,1.4457772812499998,1.4457772812499998,1.8123484713541664,1.2817174479166666,1.4462638771355416
867,2,2.257,1.128,90.0,2.236,559,76,116.565,1.0,3.285599232588026,2.892836279947917,1.4457772812499998,2.865920213541667,1.2817174479166666,2.0453259898153786
868,13,4.797,3.45,85.48,6.325,588,82,71.565,4.0,21.35639501182217,6.148398597656249,4.4219251953125,8.106862858072917,5.126869791666667,5.214578566863546
869,27,10.235,3.359,104.71,11.18,675,76,116.565,4.608,44.35558963993835,13.118378079427082,4.305288907552083,14.329601067708333,5.906153999999999,7.515007549050931
870,16,4.842,4.207,149.384,6.403,700,76,128.66,4.851,26.28479386070421,6.2060758828125,5.392185303385417,8.206836819010416,6.21761133984375,5.785055508542166
871,5,3.144,2.025,108.435,3.606,862,76,123.69,2.0,8.213998081470065,4.02971965625,2.59547783203125,4.6218731171875,2.5634348958333333,3.2339443426774745
872,1,1.128,1.128,0.0,1.414,957,76,135.0,1.0,1.642799616294013,1.4457772812499998,1.4457772812499998,1.8123484713541664,1.2817174479166666,1.4462638771355416
873,2,2.596,0.981,135.0,2.828,1546,76,135.0,1.414,3.285599232588026,3.327338494791667,1.2573648164062499,3.624696942708333,1.8123484713541664,2.0453259898153786
874,1,1.128,1.128,0.0,1.414,1599,76,135.0,1.0,1.642799616294013,1.4457772812499998,1.4457772812499998,1.8123484713541664,1.2817174479166666,1.4462638771355416
875,3,3.213,1.189,151.845,3.606,1675,76,146.31,1.789,4.928398848882039,4.11815816015625,1.5239620455729168,4.6218731171875,2.2929925143229166,2.5050025163503102
876,2,2.257,1.128,90.0,2.236,3233,76,116.565,1.0,3.285599232588026,2.892836279947917,1.4457772812499998,2.865920213541667,1.2817174479166666,2.0453259898153786
877,3,2.365,1.615,135.0,2.828,3244,76,135.0,2.0,4.928398848882039,3.0312617643229167,2.069973678385417,3.624696942708333,2.5634348958333333,2.5050025163503102
878,13,8.151,2.031,51.698,9.899,3357,83,45.0,3.748,21.35639501182217,10.447278917968749,2.6031681367187502,12.687721016927082,4.803876994791667,5.214578566863546
879,6,4.134,1.848,102.933,4.472,3452,76,116.565,2.0,9.856797697764078,5.298619929687501,2.36861384375,5.731840427083334,2.5634348958333333,3.5426085324013394
880,16,5.281,3.858,143.02,7.211,738,78,146.31,5.0,26.28479386070421,6.768749842447916,4.9448659140625,9.242464516927084,6.408587239583333,5.785055508542166
881,9,5.693,2.013,20.712,6.708,756,80,26.565,3.0,14.785196546646118,7.296817430989583,2.5800972226562497,8.597760640625,3.8451523437499997,4.338791631406624
882,50,8.904,7.15,151.09,11.18,1941,77,153.435,7.845,82.13998081470065,11.41241215625,9.164279752604166,14.329601067708333,10.055073378906249,10.226629949076893
883,3,3.385,1.128,0.0,3.162,3226,77,161.565,1.0,4.928398848882039,4.338613561197916,1.4457772812499998,4.0527905703125,1.2817174479166666,2.5050025163503102
884,1,1.128,1.128,0.0,1.414,3271,77,135.0,1.0,1.642799616294013,1.4457772812499998,1.4457772812499998,1.8123484713541664,1.2817174479166666,1.4462638771355416
885,3,2.365,1.615,45.0,2.828,3369,79,45.0,2.0,4.928398848882039,3.0312617643229167,2.069973678385417,3.624696942708333,2.5634348958333333,2.5050025163503102
886,125,15.489,10.275,85.055,22.847,539,99,66.801,16.674,205.34995203675163,19.85252155078125,13.16964677734375,29.283398532552084,21.3713567265625,16.169721713387375
887,42,10.801,4.951,89.646,13.601,552,78,107.103,6.0,68.99758388434854,13.843830154947916,6.345783084635416,17.432639009114585,7.690304687499999,9.372861169189449
888,120,18.969,8.055,163.403,24.352,616,81,160.821,12.773,197.13595395528156,24.31289826953125,10.32423404296875,31.212383291666665,16.371376962239584,15.843026992240322
889,1,1.128,1.128,0.0,1.414,633,78,135.0,1.0,1.642799616294013,1.4457772812499998,1.4457772812499998,1.8123484713541664,1.2817174479166666,1.4462638771355416
890,1,1.128,1.128,0.0,1.414,637,78,135.0,1.0,1.642799616294013,1.4457772812499998,1.4457772812499998,1.8123484713541664,1.2817174479166666,1.4462638771355416
891,7,4.154,2.146,81.65,4.472,640,82,63.435,2.0,11.499597314058091,5.324254278645833,2.7505656432291663,5.731840427083334,2.5634348958333333,3.826454549076717
892,2,2.257,1.128,90.0,2.236,754,78,116.565,1.0,3.285599232588026,2.892836279947917,1.4457772812499998,2.865920213541667,1.2817174479166666,2.0453259898153786
893,5,3.144,2.025,108.435,3.606,770,78,123.69,2.0,8.213998081470065,4.02971965625,2.59547783203125,4.6218731171875,2.5634348958333333,3.2339443426774745
894,7,4.154,2.146,98.35,4.472,778,78,116.565,2.0,11.499597314058091,5.324254278645833,2.7505656432291663,5.731840427083334,2.5634348958333333,3.826454549076717
895,9,4.663,2.458,84.116,5.385,796,83,68.199,3.0,14.785196546646118,5.976648459635417,3.1504614869791667,6.90204845703125,3.8451523437499997,4.338791631406624
896,3,3.385,1.128,90.0,3.162,823,78,108.435,1.0,4.928398848882039,4.338613561197916,1.4457772812499998,4.0527905703125,1.2817174479166666,2.5050025163503102
897,5,3.144,2.025,108.435,3.606,886,78,123.69,2.0,8.213998081470065,4.02971965625,2.59547783203125,4.6218731171875,2.5634348958333333,3.2339443426774745
898,2,2.257,1.128,90.0,2.236,959,78,116.565,1.0,3.285599232588026,2.892836279947917,1.4457772812499998,2.865920213541667,1.2817174479166666,2.0453259898153786
899,2,2.257,1.128,90.0,2.236,3200,78,116.565,1.0,3.285599232588026,2.892836279947917,1.4457772812499998,2.865920213541667,1.2817174479166666,2.0453259898153786
900,4,2.734,1.863,90.0,3.162,3223,78,108.435,2.0,6.571198465176052,3.5042155026041666,2.38783960546875,4.0527905703125,2.5634348958333333,2.892527754271083
901,19,7.522,3.216,174.894,8.544,3344,78,159.444,4.0,31.21319270958625,9.641078643229166,4.1220033125,10.950993875,5.126869791666667,6.304118086127151
902,28,7.365,4.84,29.537,9.22,571,86,49.399,6.379,45.998389256232365,9.43984900390625,6.203512447916666,11.817434869791667,8.176075600260416,7.652909098153434
903,6,4.757,1.606,135.0,5.657,668,79,135.0,2.774,9.856797697764078,6.097129899739583,2.0584382213541668,7.250675602864583,3.555484200520833,3.5426085324013394
904,1,1.128,1.128,0.0,1.414,745,79,135.0,1.0,1.642799616294013,1.4457772812499998,1.4457772812499998,1.8123484713541664,1.2817174479166666,1.4462638771355416
905,2,2.257,1.128,90.0,2.236,855,79,116.565,1.0,3.285599232588026,2.892836279947917,1.4457772812499998,2.865920213541667,1.2817174479166666,2.0453259898153786
906,1,1.128,1.128,0.0,1.414,997,79,135.0,1.0,1.642799616294013,1.4457772812499998,1.4457772812499998,1.8123484713541664,1.2817174479166666,1.4462638771355416
907,2,2.257,1.128,0.0,2.236,1732,79,153.435,1.0,3.285599232588026,2.892836279947917,1.4457772812499998,2.865920213541667,1.2817174479166666,2.0453259898153786
908,1,1.128,1.128,0.0,1.414,3100,79,135.0,1.0,1.642799616294013,1.4457772812499998,1.4457772812499998,1.8123484713541664,1.2817174479166666,1.4462638771355416
909,5,3.144,2.025,108.435,3.606,3182,79,123.69,2.0,8.213998081470065,4.02971965625,2.59547783203125,4.6218731171875,2.5634348958333333,3.2339443426774745
910,8,4.43,2.299,54.992,5.657,3268,83,45.0,3.479,13.142396930352104,5.678008294270833,2.9466684127604164,7.250675602864583,4.459095001302083,4.090651979630757
911,5,3.144,2.025,71.565,3.606,3364,82,56.31,2.0,8.213998081470065,4.02971965625,2.59547783203125,4.6218731171875,2.5634348958333333,3.2339443426774745
912,8,4.514,2.257,90.0,4.472,654,80,116.565,2.0,13.142396930352104,5.785672559895834,2.892836279947917,5.731840427083334,2.5634348958333333,4.090651979630757
913,4,2.257,2.257,0.0,2.828,718,80,135.0,2.0,6.571198465176052,2.892836279947917,2.892836279947917,3.624696942708333,2.5634348958333333,2.892527754271083
914,2,2.257,1.128,90.0,2.236,723,80,116.565,1.0,3.285599232588026,2.892836279947917,1.4457772812499998,2.865920213541667,1.2817174479166666,2.0453259898153786
915,2,2.257,1.128,90.0,2.236,815,80,116.565,1.0,3.285599232588026,2.892836279947917,1.4457772812499998,2.865920213541667,1.2817174479166666,2.0453259898153786
916,4,2.257,2.257,0.0,2.828,850,80,135.0,2.0,6.571198465176052,2.892836279947917,2.892836279947917,3.624696942708333,2.5634348958333333,2.892527754271083
917,3,2.365,1.615,135.0,2.828,946,80,135.0,2.0,4.928398848882039,3.0312617643229167,2.069973678385417,3.624696942708333,2.5634348958333333,2.5050025163503102
918,1,1.128,1.128,0.0,1.414,3071,80,135.0,1.0,1.642799616294013,1.4457772812499998,1.4457772812499998,1.8123484713541664,1.2817174479166666,1.4462638771355416
919,2,2.257,1.128,90.0,2.236,3285,80,116.565,1.0,3.285599232588026,2.892836279947917,1.4457772812499998,2.865920213541667,1.2817174479166666,2.0453259898153786
920,1,1.128,1.128,0.0,1.414,3372,80,135.0,1.0,1.642799616294013,1.4457772812499998,1.4457772812499998,1.8123484713541664,1.2817174479166666,1.4462638771355416
921,7,4.154,2.146,81.65,4.472,3394,84,63.435,2.0,11.499597314058091,5.324254278645833,2.7505656432291663,5.731840427083334,2.5634348958333333,3.826454549076717
922,1,1.128,1.128,0.0,1.414,3503,80,135.0,1.0,1.642799616294013,1.4457772812499998,1.4457772812499998,1.8123484713541664,1.2817174479166666,1.4462638771355416
923,2,2.257,1.128,90.0,2.236,663,81,116.565,1.0,3.285599232588026,2.892836279947917,1.4457772812499998,2.865920213541667,1.2817174479166666,2.0453259898153786
924,5,4.409,1.444,40.735,5.0,696,84,36.87,2.121,8.213998081470065,5.6510922278645825,1.8507999947916665,6.408587239583333,2.71852270703125,3.2339443426774745
925,9,4.488,2.553,166.717,5.0,762,81,143.13,3.0,14.785196546646118,5.752347906250001,3.2722246445312497,6.408587239583333,3.8451523437499997,4.338791631406624
926,1,1.128,1.128,0.0,1.414,820,81,135.0,1.0,1.642799616294013,1.4457772812499998,1.4457772812499998,1.8123484713541664,1.2817174479166666,1.4462638771355416
927,1,1.128,1.128,0.0,1.414,853,81,135.0,1.0,1.642799616294013,1.4457772812499998,1.4457772812499998,1.8123484713541664,1.2817174479166666,1.4462638771355416
928,2,2.596,0.981,45.0,2.828,973,83,45.0,1.414,3.285599232588026,3.327338494791667,1.2573648164062499,3.624696942708333,1.8123484713541664,2.0453259898153786
929,24,6.236,4.901,11.86,7.071,1545,86,45.0,5.0,39.42719079105631,7.992790005208333,6.281697212239583,9.063024074218749,6.408587239583333,7.085217064802679
930,4,3.192,1.596,71.565,3.606,3075,84,56.31,2.0,6.571198465176052,4.09124209375,2.045621046875,4.6218731171875,2.5634348958333333,2.892527754271083
931,4,2.257,2.257,0.0,2.828,3388,81,135.0,2.0,6.571198465176052,2.892836279947917,2.892836279947917,3.624696942708333,2.5634348958333333,2.892527754271083
932,5,3.43,1.856,36.65,4.243,3503,84,45.0,2.683,8.213998081470065,4.396290846354167,2.3788675833333333,5.438327131510417,3.4388479127604166,3.2339443426774745
933,2,2.257,1.128,0.0,2.236,674,82,153.435,1.0,3.285599232588026,2.892836279947917,1.4457772812499998,2.865920213541667,1.2817174479166666,2.0453259898153786
934,3,2.365,1.615,45.0,2.828,706,84,45.0,2.0,4.928398848882039,3.0312617643229167,2.069973678385417,3.624696942708333,2.5634348958333333,2.5050025163503102
935,1,1.128,1.128,0.0,1.414,767,82,135.0,1.0,1.642799616294013,1.4457772812499998,1.4457772812499998,1.8123484713541664,1.2817174479166666,1.4462638771355416
936,4,2.257,2.257,0.0,2.828,784,82,135.0,2.0,6.571198465176052,2.892836279947917,2.892836279947917,3.624696942708333,2.5634348958333333,2.892527754271083
937,1,1.128,1.128,0.0,1.414,823,82,135.0,1.0,1.642799616294013,1.4457772812499998,1.4457772812499998,1.8123484713541664,1.2817174479166666,1.4462638771355416
938,2,2.257,1.128,90.0,2.236,921,82,116.565,1.0,3.285599232588026,2.892836279947917,1.4457772812499998,2.865920213541667,1.2817174479166666,2.0453259898153786
939,1,1.128,1.128,0.0,1.414,949,82,135.0,1.0,1.642799616294013,1.4457772812499998,1.4457772812499998,1.8123484713541664,1.2817174479166666,1.4462638771355416
940,2,2.596,0.981,45.0,2.828,3170,84,45.0,1.414,3.285599232588026,3.327338494791667,1.2573648164062499,3.624696942708333,1.8123484713541664,2.0453259898153786
941,10,5.116,2.489,41.291,6.403,3269,86,38.66,3.536,16.42799616294013,6.557266463541666,3.1901947278645832,8.206836819010416,4.532152895833334,4.573487949374228
942,3,2.365,1.615,135.0,2.828,3279,82,135.0,2.0,4.928398848882039,3.0312617643229167,2.069973678385417,3.624696942708333,2.5634348958333333,2.5050025163503102
943,4,2.257,2.257,0.0,2.828,3376,82,135.0,2.0,6.571198465176052,2.892836279947917,2.892836279947917,3.624696942708333,2.5634348958333333,2.892527754271083
944,1,1.128,1.128,0.0,1.414,514,83,135.0,1.0,1.642799616294013,1.4457772812499998,1.4457772812499998,1.8123484713541664,1.2817174479166666,1.4462638771355416
945,2,2.257,1.128,90.0,2.236,551,83,116.565,1.0,3.285599232588026,2.892836279947917,1.4457772812499998,2.865920213541667,1.2817174479166666,2.0453259898153786
946,1,1.128,1.128,0.0,1.414,579,83,135.0,1.0,1.642799616294013,1.4457772812499998,1.4457772812499998,1.8123484713541664,1.2817174479166666,1.4462638771355416
947,1,1.128,1.128,0.0,1.414,3162,83,135.0,1.0,1.642799616294013,1.4457772812499998,1.4457772812499998,1.8123484713541664,1.2817174479166666,1.4462638771355416
948,2,2.596,0.981,45.0,2.828,3295,85,45.0,1.414,3.285599232588026,3.327338494791667,1.2573648164062499,3.624696942708333,1.8123484713541664,2.0453259898153786
949,15,5.405,3.533,95.375,7.28,3298,90,74.055,4.0,24.641994244410196,6.927682805989583,4.5283077434895835,9.330903020833334,5.126869791666667,5.601355910367322
950,2,2.257,1.128,0.0,2.236,3348,83,153.435,1.0,3.285599232588026,2.892836279947917,1.4457772812499998,2.865920213541667,1.2817174479166666,2.0453259898153786
951,5,3.144,2.025,71.565,3.606,3360,86,56.31,2.0,8.213998081470065,4.02971965625,2.59547783203125,4.6218731171875,2.5634348958333333,3.2339443426774745
952,3,2.365,1.615,45.0,2.828,3455,85,45.0,2.0,4.928398848882039,3.0312617643229167,2.069973678385417,3.624696942708333,2.5634348958333333,2.5050025163503102
953,4,3.969,1.283,107.609,4.472,464,84,116.565,1.897,6.571198465176052,5.08713655078125,1.644443485677083,5.731840427083334,2.4314179986979165,2.892527754271083
954,2,2.596,0.981,45.0,2.828,470,86,45.0,1.414,3.285599232588026,3.327338494791667,1.2573648164062499,3.624696942708333,1.8123484713541664,2.0453259898153786
955,1,1.128,1.128,0.0,1.414,587,84,135.0,1.0,1.642799616294013,1.4457772812499998,1.4457772812499998,1.8123484713541664,1.2817174479166666,1.4462638771355416
956,52,14.195,4.664,48.918,18.439,590,98,49.399,8.8,85.42558004728868,18.193979173177084,5.977930177083333,23.633588022135417,11.279113541666668,10.429157133727092
957,42,9.221,5.8,95.008,10.44,660,84,106.699,6.0,68.99758388434854,11.818716587239583,7.433961197916666,13.381130156249998,7.690304687499999,9.372861169189449
958,15,5.215,3.662,104.185,6.325,668,84,108.435,4.0,24.641994244410196,6.6841564908854165,4.693649294270833,8.106862858072917,5.126869791666667,5.601355910367322
959,3,2.365,1.615,45.0,2.828,724,86,45.0,2.0,4.928398848882039,3.0312617643229167,2.069973678385417,3.624696942708333,2.5634348958333333,2.5050025163503102
960,8,4.712,2.162,26.565,5.0,746,87,36.87,2.683,13.142396930352104,6.0394526145833325,2.7710731223958334,6.408587239583333,3.4388479127604166,4.090651979630757
961,1,1.128,1.128,0.0,1.414,809,84,135.0,1.0,1.642799616294013,1.4457772812499998,1.4457772812499998,1.8123484713541664,1.2817174479166666,1.4462638771355416
962,8,4.037,2.523,146.31,5.0,874,84,143.13,3.0,13.142396930352104,5.174293337239583,3.23377312109375,6.408587239583333,3.8451523437499997,4.090651979630757
963,3,2.365,1.615,135.0,2.828,884,84,135.0,2.0,4.928398848882039,3.0312617643229167,2.069973678385417,3.624696942708333,2.5634348958333333,2.5050025163503102
964,1,1.128,1.128,0.0,1.414,1607,84,135.0,1.0,1.642799616294013,1.4457772812499998,1.4457772812499998,1.8123484713541664,1.2817174479166666,1.4462638771355416
965,17,6.77,3.197,97.018,7.28,3373,84,105.945,4.0,27.927593476998222,8.677227122395832,4.097650680989584,9.330903020833334,5.126869791666667,5.963098727945161
966,42,10.79,4.956,31.914,12.207,3382,92,34.992,6.708,68.99758388434854,13.829731263020832,6.3521916718750004,15.64592488671875,8.597760640625,9.372861169189449
967,3,2.365,1.615,45.0,2.828,3426,86,45.0,2.0,4.928398848882039,3.0312617643229167,2.069973678385417,3.624696942708333,2.5634348958333333,2.5050025163503102
968,2,2.257,1.128,90.0,2.236,603,85,116.565,1.0,3.285599232588026,2.892836279947917,1.4457772812499998,2.865920213541667,1.2817174479166666,2.0453259898153786
969,1,1.128,1.128,0.0,1.414,695,85,135.0,1.0,1.642799616294013,1.4457772812499998,1.4457772812499998,1.8123484713541664,1.2817174479166666,1.4462638771355416
970,9,4.204,2.726,35.783,5.0,944,88,36.87,3.0,14.785196546646118,5.388340151041667,3.4939617630208333,6.408587239583333,3.8451523437499997,4.338791631406624
971,1,1.128,1.128,0.0,1.414,962,85,135.0,1.0,1.642799616294013,1.4457772812499998,1.4457772812499998,1.8123484713541664,1.2817174479166666,1.4462638771355416
972,1,1.128,1.128,0.0,1.414,3051,85,135.0,1.0,1.642799616294013,1.4457772812499998,1.4457772812499998,1.8123484713541664,1.2817174479166666,1.4462638771355416
973,1,1.128,1.128,0.0,1.414,3172,85,135.0,1.0,1.642799616294013,1.4457772812499998,1.4457772812499998,1.8123484713541664,1.2817174479166666,1.4462638771355416
974,1,1.128,1.128,0.0,1.414,3253,85,135.0,1.0,1.642799616294013,1.4457772812499998,1.4457772812499998,1.8123484713541664,1.2817174479166666,1.4462638771355416
975,25,9.411,3.382,45.549,9.899,557,93,45.0,4.243,41.069990407350325,12.06224290234375,4.334768408854167,12.687721016927082,5.438327131510417,7.231319385677708
976,6,3.479,2.196,155.817,4.472,581,86,153.435,2.846,9.856797697764078,4.459095001302083,2.814651515625,5.731840427083334,3.6477678567708334,3.5426085324013394
977,2,2.257,1.128,90.0,2.236,589,86,116.565,1.0,3.285599232588026,2.892836279947917,1.4457772812499998,2.865920213541667,1.2817174479166666,2.0453259898153786
978,2,2.257,1.128,90.0,2.236,806,86,116.565,1.0,3.285599232588026,2.892836279947917,1.4457772812499998,2.865920213541667,1.2817174479166666,2.0453259898153786
979,2,2.257,1.128,90.0,2.236,842,86,116.565,1.0,3.285599232588026,2.892836279947917,1.4457772812499998,2.865920213541667,1.2817174479166666,2.0453259898153786
980,2,2.257,1.128,90.0,2.236,919,86,116.565,1.0,3.285599232588026,2.892836279947917,1.4457772812499998,2.865920213541667,1.2817174479166666,2.0453259898153786
981,2,2.257,1.128,90.0,2.236,3303,86,116.565,1.0,3.285599232588026,2.892836279947917,1.4457772812499998,2.865920213541667,1.2817174479166666,2.0453259898153786
982,43,7.619,7.186,76.098,10.296,577,87,119.055,8.0,70.64038350064256,9.765405235677083,9.210421580729166,13.19656284375,10.253739583333333,9.483786464234974
983,1,1.128,1.128,0.0,1.414,632,87,135.0,1.0,1.642799616294013,1.4457772812499998,1.4457772812499998,1.8123484713541664,1.2817174479166666,1.4462638771355416
984,1,1.128,1.128,0.0,1.414,887,87,135.0,1.0,1.642799616294013,1.4457772812499998,1.4457772812499998,1.8123484713541664,1.2817174479166666,1.4462638771355416
985,1,1.128,1.128,0.0,1.414,1039,87,135.0,1.0,1.642799616294013,1.4457772812499998,1.4457772812499998,1.8123484713541664,1.2817174479166666,1.4462638771355416
986,21,5.423,4.93,106.528,6.325,1928,87,108.435,5.0,34.49879194217427,6.9507537200520835,6.318867018229166,8.106862858072917,6.408587239583333,6.627613691853932
987,2,2.257,1.128,0.0,2.236,3134,87,153.435,1.0,3.285599232588026,2.892836279947917,1.4457772812499998,2.865920213541667,1.2817174479166666,2.0453259898153786
988,3,3.213,1.189,61.845,3.606,3370,90,56.31,1.789,4.928398848882039,4.11815816015625,1.5239620455729168,4.6218731171875,2.2929925143229166,2.5050025163503102
989,4,2.257,2.257,0.0,2.828,3551,87,135.0,2.0,6.571198465176052,2.892836279947917,2.892836279947917,3.624696942708333,2.5634348958333333,2.892527754271083
990,2,2.257,1.128,90.0,2.236,529,88,116.565,1.0,3.285599232588026,2.892836279947917,1.4457772812499998,2.865920213541667,1.2817174479166666,2.0453259898153786
991,13,5.75,2.879,150.233,8.062,757,88,150.255,4.0,21.35639501182217,7.369875325520833,3.6900645325520833,10.333206065104166,5.126869791666667,5.214578566863546
992,1,1.128,1.128,0.0,1.414,801,88,135.0,1.0,1.642799616294013,1.4457772812499998,1.4457772812499998,1.8123484713541664,1.2817174479166666,1.4462638771355416
993,5,3.702,1.72,15.482,4.472,822,90,26.565,2.0,8.213998081470065,4.7449179921875,2.2045540104166665,5.731840427083334,2.5634348958333333,3.2339443426774745
994,4,3.216,1.583,58.283,3.606,874,91,56.31,2.0,6.571198465176052,4.1220033125,2.028958720052083,4.6218731171875,2.5634348958333333,2.892527754271083
995,2,2.257,1.128,0.0,2.236,1134,88,153.435,1.0,3.285599232588026,2.892836279947917,1.4457772812499998,2.865920213541667,1.2817174479166666,2.0453259898153786
996,3,2.365,1.615,45.0,2.828,3196,90,45.0,2.0,4.928398848882039,3.0312617643229167,2.069973678385417,3.624696942708333,2.5634348958333333,2.5050025163503102
997,1,1.128,1.128,0.0,1.414,569,89,135.0,1.0,1.642799616294013,1.4457772812499998,1.4457772812499998,1.8123484713541664,1.2817174479166666,1.4462638771355416
998,1,1.128,1.128,0.0,1.414,586,89,135.0,1.0,1.642799616294013,1.4457772812499998,1.4457772812499998,1.8123484713541664,1.2817174479166666,1.4462638771355416
999,1,1.128,1.128,0.0,1.414,604,89,135.0,1.0,1.642799616294013,1.4457772812499998,1.4457772812499998,1.8123484713541664,1.2817174479166666,1.4462638771355416
1000,19,6.31,3.834,78.813,8.062,808,96,60.255,4.0,31.21319270958625,8.087637096354166,4.9141046953125,10.333206065104166,5.126869791666667,6.304118086127151
1001,2,2.257,1.128,90.0,2.236,960,89,116.565,1.0,3.285599232588026,2.892836279947917,1.4457772812499998,2.865920213541667,1.2817174479166666,2.0453259898153786
1002,1,1.128,1.128,0.0,1.414,990,89,135.0,1.0,1.642799616294013,1.4457772812499998,1.4457772812499998,1.8123484713541664,1.2817174479166666,1.4462638771355416
1003,66,13.127,6.401,55.32,13.601,1521,101,53.973,7.889,108.42477467540486,16.825104938802085,8.204273384114583,17.432639009114585,10.111468946614583,11.749503281086843
1004,3,2.365,1.615,135.0,2.828,3182,89,135.0,2.0,4.928398848882039,3.0312617643229167,2.069973678385417,3.624696942708333,2.5634348958333333,2.5050025163503102
1005,1,1.128,1.128,0.0,1.414,3192,89,135.0,1.0,1.642799616294013,1.4457772812499998,1.4457772812499998,1.8123484713541664,1.2817174479166666,1.4462638771355416
1006,13,4.585,3.61,137.645,5.385,3467,89,111.801,4.715,21.35639501182217,5.876674498697916,4.6269999869791665,6.90204845703125,6.043297766927083,5.214578566863546
1007,1,1.128,1.128,0.0,1.414,465,90,135.0,1.0,1.642799616294013,1.4457772812499998,1.4457772812499998,1.8123484713541664,1.2817174479166666,1.4462638771355416
1008,1,1.128,1.128,0.0,1.414,537,90,135.0,1.0,1.642799616294013,1.4457772812499998,1.4457772812499998,1.8123484713541664,1.2817174479166666,1.4462638771355416
1009,1,1.128,1.128,0.0,1.414,553,90,135.0,1.0,1.642799616294013,1.4457772812499998,1.4457772812499998,1.8123484713541664,1.2817174479166666,1.4462638771355416
1010,2,2.257,1.128,0.0,2.236,612,90,153.435,1.0,3.285599232588026,2.892836279947917,1.4457772812499998,2.865920213541667,1.2817174479166666,2.0453259898153786
1011,1,1.128,1.128,0.0,1.414,687,90,135.0,1.0,1.642799616294013,1.4457772812499998,1.4457772812499998,1.8123484713541664,1.2817174479166666,1.4462638771355416
1012,24,5.753,5.312,24.775,7.28,702,92,164.055,6.0,39.42719079105631,7.373720477864583,6.808483083333334,9.330903020833334,7.690304687499999,7.085217064802679
1013,2,2.257,1.128,90.0,2.236,741,90,116.565,1.0,3.285599232588026,2.892836279947917,1.4457772812499998,2.865920213541667,1.2817174479166666,2.0453259898153786
1014,34,9.142,4.735,36.222,11.402,748,98,37.875,6.656,55.855186953996444,11.717460908854166,6.068932115885417,14.614142341145833,8.531111333333333,8.433095094829797
1015,4,3.192,1.596,18.435,3.606,857,92,33.69,2.0,6.571198465176052,4.09124209375,2.045621046875,4.6218731171875,2.5634348958333333,2.892527754271083
1016,1,1.128,1.128,0.0,1.414,3295,90,135.0,1.0,1.642799616294013,1.4457772812499998,1.4457772812499998,1.8123484713541664,1.2817174479166666,1.4462638771355416
1017,1,1.128,1.128,0.0,1.414,3309,90,135.0,1.0,1.642799616294013,1.4457772812499998,1.4457772812499998,1.8123484713541664,1.2817174479166666,1.4462638771355416
1018,1,1.128,1.128,0.0,1.414,3347,90,135.0,1.0,1.642799616294013,1.4457772812499998,1.4457772812499998,1.8123484713541664,1.2817174479166666,1.4462638771355416
1019,2,2.257,1.128,90.0,2.236,3389,90,116.565,1.0,3.285599232588026,2.892836279947917,1.4457772812499998,2.865920213541667,1.2817174479166666,2.0453259898153786
1020,191,29.675,8.195,54.837,40.0,3409,122,53.13,13.72,313.7747267121565,38.03496526692708,10.503674485677083,51.26869791666667,17.585163385416667,19.987764448298403
1021,1,1.128,1.128,0.0,1.414,474,91,135.0,1.0,1.642799616294013,1.4457772812499998,1.4457772812499998,1.8123484713541664,1.2817174479166666,1.4462638771355416
1022,2,2.257,1.128,0.0,2.236,534,91,153.435,1.0,3.285599232588026,2.892836279947917,1.4457772812499998,2.865920213541667,1.2817174479166666,2.0453259898153786
1023,23,7.014,4.175,50.64,8.602,566,98,54.462,5.659,37.7843911747623,8.9899661796875,5.351170345052083,11.025333486979166,7.253239037760416,6.936037892995103
1024,6,3.385,2.257,90.0,3.606,822,91,123.69,2.0,9.856797697764078,4.338613561197916,2.892836279947917,4.6218731171875,2.5634348958333333,3.5426085324013394
1025,1,1.128,1.128,0.0,1.414,905,91,135.0,1.0,1.642799616294013,1.4457772812499998,1.4457772812499998,1.8123484713541664,1.2817174479166666,1.4462638771355416
1026,1,1.128,1.128,0.0,1.414,3202,91,135.0,1.0,1.642799616294013,1.4457772812499998,1.4457772812499998,1.8123484713541664,1.2817174479166666,1.4462638771355416
1027,1,1.128,1.128,0.0,1.414,3313,91,135.0,1.0,1.642799616294013,1.4457772812499998,1.4457772812499998,1.8123484713541664,1.2817174479166666,1.4462638771355416
1028,1,1.128,1.128,0.0,1.414,3438,91,135.0,1.0,1.642799616294013,1.4457772812499998,1.4457772812499998,1.8123484713541664,1.2817174479166666,1.4462638771355416
1029,4,3.969,1.283,162.391,4.472,3482,91,153.435,1.897,6.571198465176052,5.08713655078125,1.644443485677083,5.731840427083334,2.4314179986979165,2.892527754271083
1030,2,2.596,0.981,45.0,2.828,3569,93,45.0,1.414,3.285599232588026,3.327338494791667,1.2573648164062499,3.624696942708333,1.8123484713541664,2.0453259898153786
1031,1,1.128,1.128,0.0,1.414,612,92,135.0,1.0,1.642799616294013,1.4457772812499998,1.4457772812499998,1.8123484713541664,1.2817174479166666,1.4462638771355416
1032,2,2.257,1.128,0.0,2.236,614,92,153.435,1.0,3.285599232588026,2.892836279947917,1.4457772812499998,2.865920213541667,1.2817174479166666,2.0453259898153786
1033,1,1.128,1.128,0.0,1.414,635,92,135.0,1.0,1.642799616294013,1.4457772812499998,1.4457772812499998,1.8123484713541664,1.2817174479166666,1.4462638771355416
1034,23,6.532,4.483,99.323,8.544,726,92,110.556,5.821,37.7843911747623,8.372178369791667,5.745939319010416,10.950993875,7.460877264322916,6.936037892995103
1035,4,2.257,2.257,0.0,2.828,836,92,135.0,2.0,6.571198465176052,2.892836279947917,2.892836279947917,3.624696942708333,2.5634348958333333,2.892527754271083
1036,97,14.716,8.393,40.007,16.279,3252,104,42.51,10.176,159.35156278051926,18.861753963541666,10.757454540364584,20.865078334635417,13.04275675,14.24404726978226
1037,14,4.943,3.606,84.996,7.211,3306,98,56.31,5.814,22.999194628116182,6.335529345052083,4.6218731171875,9.242464516927084,7.4519052421875,5.411423919108519
1038,1,1.128,1.128,0.0,1.414,3400,92,135.0,1.0,1.642799616294013,1.4457772812499998,1.4457772812499998,1.8123484713541664,1.2817174479166666,1.4462638771355416
1039,1,1.128,1.128,0.0,1.414,3417,92,135.0,1.0,1.642799616294013,1.4457772812499998,1.4457772812499998,1.8123484713541664,1.2817174479166666,1.4462638771355416
1040,1,1.128,1.128,0.0,1.414,517,93,135.0,1.0,1.642799616294013,1.4457772812499998,1.4457772812499998,1.8123484713541664,1.2817174479166666,1.4462638771355416
1041,1,1.128,1.128,0.0,1.414,685,93,135.0,1.0,1.642799616294013,1.4457772812499998,1.4457772812499998,1.8123484713541664,1.2817174479166666,1.4462638771355416
1042,1,1.128,1.128,0.0,1.414,1244,93,135.0,1.0,1.642799616294013,1.4457772812499998,1.4457772812499998,1.8123484713541664,1.2817174479166666,1.4462638771355416
1043,14,5.794,3.077,29.035,6.403,1641,97,38.66,3.795,22.999194628116182,7.426270893229166,3.943844587239583,8.206836819010416,4.86411771484375,5.411423919108519
1044,4,3.192,1.596,108.435,3.606,3314,93,123.69,2.0,6.571198465176052,4.09124209375,2.045621046875,4.6218731171875,2.5634348958333333,2.892527754271083
1045,1,1.128,1.128,0.0,1.414,3318,93,135.0,1.0,1.642799616294013,1.4457772812499998,1.4457772812499998,1.8123484713541664,1.2817174479166666,1.4462638771355416
1046,3,2.365,1.615,45.0,2.828,3357,95,45.0,2.0,4.928398848882039,3.0312617643229167,2.069973678385417,3.624696942708333,2.5634348958333333,2.5050025163503102
1047,3,3.213,1.189,28.155,3.606,3380,95,33.69,1.789,4.928398848882039,4.11815816015625,1.5239620455729168,4.6218731171875,2.2929925143229166,2.5050025163503102
1048,5,4.076,1.562,69.006,4.472,3489,97,63.435,2.0,8.213998081470065,5.224280317708333,2.0020426536458333,5.731840427083334,2.5634348958333333,3.2339443426774745
1049,2,2.257,1.128,90.0,2.236,562,94,116.565,1.0,3.285599232588026,2.892836279947917,1.4457772812499998,2.865920213541667,1.2817174479166666,2.0453259898153786
1050,1,1.128,1.128,0.0,1.414,583,94,135.0,1.0,1.642799616294013,1.4457772812499998,1.4457772812499998,1.8123484713541664,1.2817174479166666,1.4462638771355416
1051,177,21.643,10.413,171.164,28.16,634,96,163.496,18.0,290.7755320840403,27.740210725260418,13.34652378515625,36.09316333333333,23.070914062499998,19.24128942686435
1052,15,4.801,3.978,106.053,5.831,675,94,120.964,5.0,24.641994244410196,6.153525467447917,5.0986720078125005,7.473694438802084,6.408587239583333,5.601355910367322
1053,1,1.128,1.128,0.0,1.414,724,94,135.0,1.0,1.642799616294013,1.4457772812499998,1.4457772812499998,1.8123484713541664,1.2817174479166666,1.4462638771355416
1054,4,2.257,2.257,0.0,2.828,948,94,135.0,2.0,6.571198465176052,2.892836279947917,2.892836279947917,3.624696942708333,2.5634348958333333,2.892527754271083
1055,3,2.365,1.615,45.0,2.828,3290,96,45.0,2.0,4.928398848882039,3.0312617643229167,2.069973678385417,3.624696942708333,2.5634348958333333,2.5050025163503102
1056,5,3.144,2.025,18.435,3.606,3298,96,33.69,2.0,8.213998081470065,4.02971965625,2.59547783203125,4.6218731171875,2.5634348958333333,3.2339443426774745
1057,1,1.128,1.128,0.0,1.414,470,95,135.0,1.0,1.642799616294013,1.4457772812499998,1.4457772812499998,1.8123484713541664,1.2817174479166666,1.4462638771355416
1058,29,8.943,4.129,172.026,10.198,614,95,168.69,5.0,47.64118887252638,11.46239913671875,5.292211342447916,13.070954533854167,6.408587239583333,7.788369332980218
1059,2,2.257,1.128,0.0,2.236,702,95,153.435,1.0,3.285599232588026,2.892836279947917,1.4457772812499998,2.865920213541667,1.2817174479166666,2.0453259898153786
1060,1,1.128,1.128,0.0,1.414,806,95,135.0,1.0,1.642799616294013,1.4457772812499998,1.4457772812499998,1.8123484713541664,1.2817174479166666,1.4462638771355416
1061,2,2.257,1.128,0.0,2.236,838,95,153.435,1.0,3.285599232588026,2.892836279947917,1.4457772812499998,2.865920213541667,1.2817174479166666,2.0453259898153786
1062,15,4.64,4.116,104.036,5.385,2039,95,111.801,4.0,24.641994244410196,5.947168958333333,5.275549015625,6.90204845703125,5.126869791666667,5.601355910367322
1063,3,3.385,1.128,0.0,3.162,3270,95,161.565,1.0,4.928398848882039,4.338613561197916,1.4457772812499998,4.0527905703125,1.2817174479166666,2.5050025163503102
1064,7,3.334,2.674,146.599,4.243,3281,95,135.0,3.0,11.499597314058091,4.273245971354167,3.4273124557291665,5.438327131510417,3.8451523437499997,3.826454549076717
1065,1,1.128,1.128,0.0,1.414,3401,95,135.0,1.0,1.642799616294013,1.4457772812499998,1.4457772812499998,1.8123484713541664,1.2817174479166666,1.4462638771355416
1066,1,1.128,1.128,0.0,1.414,3416,95,135.0,1.0,1.642799616294013,1.4457772812499998,1.4457772812499998,1.8123484713541664,1.2817174479166666,1.4462638771355416
1067,2,2.257,1.128,90.0,2.236,3454,95,116.565,1.0,3.285599232588026,2.892836279947917,1.4457772812499998,2.865920213541667,1.2817174479166666,2.0453259898153786
1068,2,2.257,1.128,90.0,2.236,3481,95,116.565,1.0,3.285599232588026,2.892836279947917,1.4457772812499998,2.865920213541667,1.2817174479166666,2.0453259898153786
1069,5,3.144,2.025,18.435,3.606,459,98,33.69,2.0,8.213998081470065,4.02971965625,2.59547783203125,4.6218731171875,2.5634348958333333,3.2339443426774745
1070,1,1.128,1.128,0.0,1.414,603,96,135.0,1.0,1.642799616294013,1.4457772812499998,1.4457772812499998,1.8123484713541664,1.2817174479166666,1.4462638771355416
1071,1,1.128,1.128,0.0,1.414,951,96,135.0,1.0,1.642799616294013,1.4457772812499998,1.4457772812499998,1.8123484713541664,1.2817174479166666,1.4462638771355416
1072,7,3.69,2.416,146.599,4.472,1971,96,153.435,3.0,11.499597314058091,4.7295373828125,3.0966293541666663,5.731840427083334,3.8451523437499997,3.826454549076717
1073,3,2.365,1.615,45.0,2.828,3294,98,45.0,2.0,4.928398848882039,3.0312617643229167,2.069973678385417,3.624696942708333,2.5634348958333333,2.5050025163503102
1074,2,2.257,1.128,90.0,2.236,3380,96,116.565,1.0,3.285599232588026,2.892836279947917,1.4457772812499998,2.865920213541667,1.2817174479166666,2.0453259898153786
1075,36,11.127,4.119,100.796,13.0,3391,96,112.62,6.184,59.14078618658447,14.26167004296875,5.27939416796875,16.662326822916665,7.926140697916667,8.677583262813249
1076,6,3.14,2.433,135.0,3.606,3398,96,123.69,2.828,9.856797697764078,4.024592786458333,3.1184185507812496,4.6218731171875,3.624696942708333,3.5426085324013394
1077,1,1.128,1.128,0.0,1.414,514,97,135.0,1.0,1.642799616294013,1.4457772812499998,1.4457772812499998,1.8123484713541664,1.2817174479166666,1.4462638771355416
1078,122,17.04,9.116,106.917,24.207,597,97,128.29,14.544,200.4215531878696,21.840465312499997,11.684136255208333,31.02653426171875,18.6412985625,15.974506649079016
1079,1,1.128,1.128,0.0,1.414,625,97,135.0,1.0,1.642799616294013,1.4457772812499998,1.4457772812499998,1.8123484713541664,1.2817174479166666,1.4462638771355416
1080,32,10.673,3.818,40.931,12.728,3241,106,45.0,5.657,52.56958772140842,13.679770321614583,4.893597216145833,16.31369967708333,7.250675602864583,8.181303959261514
1081,2,2.257,1.128,0.0,2.236,3289,97,153.435,1.0,3.285599232588026,2.892836279947917,1.4457772812499998,2.865920213541667,1.2817174479166666,2.0453259898153786
1082,1,1.128,1.128,0.0,1.414,3359,97,135.0,1.0,1.642799616294013,1.4457772812499998,1.4457772812499998,1.8123484713541664,1.2817174479166666,1.4462638771355416
1083,10,4.289,2.969,100.462,5.099,3373,97,101.31,3.0,16.42799616294013,5.4972861341145824,3.805419102864583,6.535477266927083,3.8451523437499997,4.573487949374228
1084,34,9.292,4.659,61.897,11.402,531,109,74.745,6.261,55.855186953996444,11.909718526041667,5.97152158984375,14.614142341145833,8.02483294140625,8.433095094829797
1085,11,4.878,2.871,2.228,6.083,556,100,170.538,3.0,18.070795779234142,6.2522177109375,3.67981079296875,7.7966872356770835,3.8451523437499997,4.796714628303253
1086,36,8.975,5.107,66.401,11.402,567,109,52.125,6.247,59.14078618658447,11.503414095052083,6.545731006510417,14.614142341145833,8.006888897135417,8.677583262813249
1087,1,1.128,1.128,0.0,1.414,3345,98,135.0,1.0,1.642799616294013,1.4457772812499998,1.4457772812499998,1.8123484713541664,1.2817174479166666,1.4462638771355416
1088,1,1.128,1.128,0.0,1.414,3363,98,135.0,1.0,1.642799616294013,1.4457772812499998,1.4457772812499998,1.8123484713541664,1.2817174479166666,1.4462638771355416
1089,15,7.268,2.628,129.103,8.602,519,99,125.538,3.536,24.641994244410196,9.315522411458334,3.368353453125,11.025333486979166,4.532152895833334,5.601355910367322
1090,1,1.128,1.128,0.0,1.414,563,99,135.0,1.0,1.642799616294013,1.4457772812499998,1.4457772812499998,1.8123484713541664,1.2817174479166666,1.4462638771355416
1091,3,3.385,1.128,0.0,3.162,749,99,161.565,1.0,4.928398848882039,4.338613561197916,1.4457772812499998,4.0527905703125,1.2817174479166666,2.5050025163503102
1092,5,3.144,2.025,71.565,3.606,822,102,56.31,2.0,8.213998081470065,4.02971965625,2.59547783203125,4.6218731171875,2.5634348958333333,3.2339443426774745
1093,42,9.734,5.494,27.73,11.18,3272,107,26.565,6.379,68.99758388434854,12.476237638020834,7.041755658854166,14.329601067708333,8.176075600260416,9.372861169189449
1094,1,1.128,1.128,0.0,1.414,3353,99,135.0,1.0,1.642799616294013,1.4457772812499998,1.4457772812499998,1.8123484713541664,1.2817174479166666,1.4462638771355416
1095,6,2.93,2.607,26.565,3.606,537,100,146.31,3.0,9.856797697764078,3.7554321223958333,3.3414373867187503,4.6218731171875,3.8451523437499997,3.5426085324013394
1096,8,6.253,1.629,62.782,7.211,590,106,56.31,2.683,13.142396930352104,8.014579201822917,2.08791772265625,9.242464516927084,3.4388479127604166,4.090651979630757
1097,1,1.128,1.128,0.0,1.414,663,100,135.0,1.0,1.642799616294013,1.4457772812499998,1.4457772812499998,1.8123484713541664,1.2817174479166666,1.4462638771355416
1098,9,4.77,2.402,127.372,5.657,670,100,135.0,3.479,14.785196546646118,6.1137922265624995,3.0786853098958336,7.250675602864583,4.459095001302083,4.338791631406624
1099,13,4.253,3.892,120.964,5.0,709,100,126.87,4.0,21.35639501182217,5.451144305989583,4.988444307291666,6.408587239583333,5.126869791666667,5.214578566863546
1100,15,5.15,3.708,162.353,6.403,742,100,141.34,4.0,24.641994244410196,6.600844856770833,4.7526082968750005,8.206836819010416,5.126869791666667,5.601355910367322
1101,6,4.134,1.848,102.933,4.472,763,100,116.565,2.0,9.856797697764078,5.298619929687501,2.36861384375,5.731840427083334,2.5634348958333333,3.5426085324013394
1102,2,2.257,1.128,90.0,2.236,3265,100,116.565,1.0,3.285599232588026,2.892836279947917,1.4457772812499998,2.865920213541667,1.2817174479166666,2.0453259898153786
1103,170,19.866,10.895,151.511,25.0,3284,102,143.13,17.22,279.2759347699822,25.4625988203125,13.964311595052083,32.04293619791667,22.071174453125,18.85697389275946
1104,2,2.257,1.128,90.0,2.236,3345,100,116.565,1.0,3.285599232588026,2.892836279947917,1.4457772812499998,2.865920213541667,1.2817174479166666,2.0453259898153786
1105,3,3.385,1.128,90.0,3.162,3409,100,108.435,1.0,4.928398848882039,4.338613561197916,1.4457772812499998,4.0527905703125,1.2817174479166666,2.5050025163503102
1106,3,2.365,1.615,45.0,2.828,717,103,45.0,2.0,4.928398848882039,3.0312617643229167,2.069973678385417,3.624696942708333,2.5634348958333333,2.5050025163503102
1107,1,1.128,1.128,0.0,1.414,779,101,135.0,1.0,1.642799616294013,1.4457772812499998,1.4457772812499998,1.8123484713541664,1.2817174479166666,1.4462638771355416
1108,1,1.128,1.128,0.0,1.414,2060,101,135.0,1.0,1.642799616294013,1.4457772812499998,1.4457772812499998,1.8123484713541664,1.2817174479166666,1.4462638771355416
1109,2,2.257,1.128,90.0,2.236,3153,101,116.565,1.0,3.285599232588026,2.892836279947917,1.4457772812499998,2.865920213541667,1.2817174479166666,2.0453259898153786
1110,2,2.257,1.128,0.0,2.236,3381,101,153.435,1.0,3.285599232588026,2.892836279947917,1.4457772812499998,2.865920213541667,1.2817174479166666,2.0453259898153786
1111,1,1.128,1.128,0.0,1.414,501,102,135.0,1.0,1.642799616294013,1.4457772812499998,1.4457772812499998,1.8123484713541664,1.2817174479166666,1.4462638771355416
1112,31,7.328,5.386,162.584,9.434,556,103,147.995,6.0,50.926788105114404,9.392425458333333,6.903330174479167,12.091722403645832,7.690304687499999,8.052456474363645
1113,3,2.365,1.615,135.0,2.828,575,102,135.0,2.0,4.928398848882039,3.0312617643229167,2.069973678385417,3.624696942708333,2.5634348958333333,2.5050025163503102
1114,1,1.128,1.128,0.0,1.414,605,102,135.0,1.0,1.642799616294013,1.4457772812499998,1.4457772812499998,1.8123484713541664,1.2817174479166666,1.4462638771355416
1115,8,4.514,2.257,0.0,4.472,664,102,153.435,2.0,13.142396930352104,5.785672559895834,2.892836279947917,5.731840427083334,2.5634348958333333,4.090651979630757
1116,4,2.257,2.257,0.0,2.828,810,102,135.0,2.0,6.571198465176052,2.892836279947917,2.892836279947917,3.624696942708333,2.5634348958333333,2.892527754271083
1117,2,2.257,1.128,90.0,2.236,849,102,116.565,1.0,3.285599232588026,2.892836279947917,1.4457772812499998,2.865920213541667,1.2817174479166666,2.0453259898153786
1118,4,3.192,1.596,108.435,3.606,862,102,123.69,2.0,6.571198465176052,4.09124209375,2.045621046875,4.6218731171875,2.5634348958333333,2.892527754271083
1119,3,3.385,1.128,90.0,3.162,3307,102,108.435,1.0,4.928398848882039,4.338613561197916,1.4457772812499998,4.0527905703125,1.2817174479166666,2.5050025163503102
1120,3,3.213,1.189,28.155,3.606,3431,104,33.69,1.789,4.928398848882039,4.11815816015625,1.5239620455729168,4.6218731171875,2.2929925143229166,2.5050025163503102
1121,4,2.257,2.257,0.0,2.828,3440,102,135.0,2.0,6.571198465176052,2.892836279947917,2.892836279947917,3.624696942708333,2.5634348958333333,2.892527754271083
1122,10,3.726,3.417,149.872,4.472,548,103,116.565,4.0,16.42799616294013,4.7756792109375,4.379628519531249,5.731840427083334,5.126869791666667,4.573487949374228
1123,12,5.573,2.742,55.278,6.403,722,108,51.34,3.883,19.713595395528156,7.143011337239583,3.5144692421875,8.206836819010416,4.976908850260417,5.0100050327006205
1124,1,1.128,1.128,0.0,1.414,887,103,135.0,1.0,1.642799616294013,1.4457772812499998,1.4457772812499998,1.8123484713541664,1.2817174479166666,1.4462638771355416
1125,2,2.257,1.128,0.0,2.236,892,103,153.435,1.0,3.285599232588026,2.892836279947917,1.4457772812499998,2.865920213541667,1.2817174479166666,2.0453259898153786
1126,3,2.365,1.615,135.0,2.828,3174,103,135.0,2.0,4.928398848882039,3.0312617643229167,2.069973678385417,3.624696942708333,2.5634348958333333,2.5050025163503102
1127,13,5.886,2.812,37.942,7.071,3403,108,45.0,3.883,21.35639501182217,7.5441888984375,3.6041894635416662,9.063024074218749,4.976908850260417,5.214578566863546
1128,6,4.339,1.761,54.751,5.0,726,108,53.13,2.683,9.856797697764078,5.5613720065104175,2.25710442578125,6.408587239583333,3.4388479127604166,3.5426085324013394
1129,1,1.128,1.128,0.0,1.414,737,104,135.0,1.0,1.642799616294013,1.4457772812499998,1.4457772812499998,1.8123484713541664,1.2817174479166666,1.4462638771355416
1130,2,2.257,1.128,90.0,2.236,792,104,116.565,1.0,3.285599232588026,2.892836279947917,1.4457772812499998,2.865920213541667,1.2817174479166666,2.0453259898153786
1131,2,2.257,1.128,90.0,2.236,819,104,116.565,1.0,3.285599232588026,2.892836279947917,1.4457772812499998,2.865920213541667,1.2817174479166666,2.0453259898153786
1132,3,2.365,1.615,45.0,2.828,1062,106,45.0,2.0,4.928398848882039,3.0312617643229167,2.069973678385417,3.624696942708333,2.5634348958333333,2.5050025163503102
1133,3,2.365,1.615,45.0,2.828,3170,106,45.0,2.0,4.928398848882039,3.0312617643229167,2.069973678385417,3.624696942708333,2.5634348958333333,2.5050025163503102
1134,5,3.144,2.025,71.565,3.606,3322,107,56.31,2.0,8.213998081470065,4.02971965625,2.59547783203125,4.6218731171875,2.5634348958333333,3.2339443426774745
1135,3,2.365,1.615,45.0,2.828,3328,106,45.0,2.0,4.928398848882039,3.0312617643229167,2.069973678385417,3.624696942708333,2.5634348958333333,2.5050025163503102
1136,4,4.428,1.15,36.091,5.0,3372,107,36.87,1.941,6.571198465176052,5.675444859375,1.4739750651041665,6.408587239583333,2.48781356640625,2.892527754271083
1137,2,2.257,1.128,90.0,2.236,3413,104,116.565,1.0,3.285599232588026,2.892836279947917,1.4457772812499998,2.865920213541667,1.2817174479166666,2.0453259898153786
1138,4,2.734,1.863,90.0,3.162,546,105,108.435,2.0,6.571198465176052,3.5042155026041666,2.38783960546875,4.0527905703125,2.5634348958333333,2.892527754271083
1139,1,1.128,1.128,0.0,1.414,573,105,135.0,1.0,1.642799616294013,1.4457772812499998,1.4457772812499998,1.8123484713541664,1.2817174479166666,1.4462638771355416
1140,1,1.128,1.128,0.0,1.414,613,105,135.0,1.0,1.642799616294013,1.4457772812499998,1.4457772812499998,1.8123484713541664,1.2817174479166666,1.4462638771355416
1141,11,6.137,2.282,75.836,6.325,781,111,71.565,2.846,18.070795779234142,7.865899977864583,2.9248792161458335,8.106862858072917,3.6477678567708334,4.796714628303253
1142,2,2.257,1.128,90.0,2.236,3219,105,116.565,1.0,3.285599232588026,2.892836279947917,1.4457772812499998,2.865920213541667,1.2817174479166666,2.0453259898153786
1143,2,2.257,1.128,0.0,2.236,584,106,153.435,1.0,3.285599232588026,2.892836279947917,1.4457772812499998,2.865920213541667,1.2817174479166666,2.0453259898153786
1144,4,2.257,2.257,0.0,2.828,618,106,135.0,2.0,6.571198465176052,2.892836279947917,2.892836279947917,3.624696942708333,2.5634348958333333,2.892527754271083
1145,3,3.213,1.189,28.155,3.606,810,108,33.69,1.789,4.928398848882039,4.11815816015625,1.5239620455729168,4.6218731171875,2.2929925143229166,2.5050025163503102
1146,49,9.334,6.684,110.925,10.77,3342,116,68.199,8.246,80.49718119840664,11.963550658854166,8.566999421875,13.8040969140625,10.569042075520834,10.12384713994879
1147,1,1.128,1.128,0.0,1.414,3349,106,135.0,1.0,1.642799616294013,1.4457772812499998,1.4457772812499998,1.8123484713541664,1.2817174479166666,1.4462638771355416
1148,1,1.128,1.128,0.0,1.414,523,107,135.0,1.0,1.642799616294013,1.4457772812499998,1.4457772812499998,1.8123484713541664,1.2817174479166666,1.4462638771355416
1149,10,5.101,2.496,110.175,5.831,615,107,120.964,3.0,16.42799616294013,6.538040701822917,3.19916675,7.473694438802084,3.8451523437499997,4.573487949374228
1150,11,4.723,2.966,3.861,5.385,622,108,158.199,3.0,18.070795779234142,6.053551506510416,3.8015739505208335,6.90204845703125,3.8451523437499997,4.796714628303253
1151,1,1.128,1.128,0.0,1.414,633,107,135.0,1.0,1.642799616294013,1.4457772812499998,1.4457772812499998,1.8123484713541664,1.2817174479166666,1.4462638771355416
1152,2,2.596,0.981,45.0,2.828,743,109,45.0,1.414,3.285599232588026,3.327338494791667,1.2573648164062499,3.624696942708333,1.8123484713541664,2.0453259898153786
1153,4,3.969,1.283,162.391,4.472,804,107,153.435,1.897,6.571198465176052,5.08713655078125,1.644443485677083,5.731840427083334,2.4314179986979165,2.892527754271083
1154,3,2.365,1.615,135.0,2.828,840,107,135.0,2.0,4.928398848882039,3.0312617643229167,2.069973678385417,3.624696942708333,2.5634348958333333,2.5050025163503102
1155,2,2.257,1.128,90.0,2.236,847,107,116.565,1.0,3.285599232588026,2.892836279947917,1.4457772812499998,2.865920213541667,1.2817174479166666,2.0453259898153786
1156,1,1.128,1.128,0.0,1.414,1149,107,135.0,1.0,1.642799616294013,1.4457772812499998,1.4457772812499998,1.8123484713541664,1.2817174479166666,1.4462638771355416
1157,1,1.128,1.128,0.0,1.414,3169,107,135.0,1.0,1.642799616294013,1.4457772812499998,1.4457772812499998,1.8123484713541664,1.2817174479166666,1.4462638771355416
1158,1,1.128,1.128,0.0,1.414,3233,107,135.0,1.0,1.642799616294013,1.4457772812499998,1.4457772812499998,1.8123484713541664,1.2817174479166666,1.4462638771355416
1159,1,1.128,1.128,0.0,1.414,3538,107,135.0,1.0,1.642799616294013,1.4457772812499998,1.4457772812499998,1.8123484713541664,1.2817174479166666,1.4462638771355416
1160,242,20.441,15.074,128.492,30.0,506,109,126.87,21.925,397.55750714315116,26.199586352864582,19.320608809895834,38.4515234375,28.101655045572915,22.498585887969163
1161,42,9.191,5.818,17.047,12.166,584,109,170.538,8.756,68.99758388434854,11.780265063802084,7.457032111979166,15.593374471354167,11.222717973958334,9.372861169189449
1162,1,1.128,1.128,0.0,1.414,710,108,135.0,1.0,1.642799616294013,1.4457772812499998,1.4457772812499998,1.8123484713541664,1.2817174479166666,1.4462638771355416
1163,10,4.749,2.681,161.479,6.708,870,108,153.435,3.881,16.42799616294013,6.086876160156249,3.436284477864583,8.597760640625,4.974345415364583,4.573487949374228
1164,3,2.365,1.615,45.0,2.828,1134,110,45.0,2.0,4.928398848882039,3.0312617643229167,2.069973678385417,3.624696942708333,2.5634348958333333,2.5050025163503102
1165,114,15.794,9.19,111.721,22.804,3430,108,105.255,14.68,187.27915625751749,20.243445372395833,11.778983346354165,29.228284682291665,18.815612135416664,15.441872589262374
1166,1,1.128,1.128,0.0,1.414,511,109,135.0,1.0,1.642799616294013,1.4457772812499998,1.4457772812499998,1.8123484713541664,1.2817174479166666,1.4462638771355416
1167,1,1.128,1.128,0.0,1.414,539,109,135.0,1.0,1.642799616294013,1.4457772812499998,1.4457772812499998,1.8123484713541664,1.2817174479166666,1.4462638771355416
1168,1,1.128,1.128,0.0,1.414,564,109,135.0,1.0,1.642799616294013,1.4457772812499998,1.4457772812499998,1.8123484713541664,1.2817174479166666,1.4462638771355416
1169,1,1.128,1.128,0.0,1.414,767,109,135.0,1.0,1.642799616294013,1.4457772812499998,1.4457772812499998,1.8123484713541664,1.2817174479166666,1.4462638771355416
1170,5,3.144,2.025,108.435,3.606,786,109,123.69,2.0,8.213998081470065,4.02971965625,2.59547783203125,4.6218731171875,2.5634348958333333,3.2339443426774745
1171,1,1.128,1.128,0.0,1.414,1048,109,135.0,1.0,1.642799616294013,1.4457772812499998,1.4457772812499998,1.8123484713541664,1.2817174479166666,1.4462638771355416
1172,1,1.128,1.128,0.0,1.414,2092,109,135.0,1.0,1.642799616294013,1.4457772812499998,1.4457772812499998,1.8123484713541664,1.2817174479166666,1.4462638771355416
1173,31,6.904,5.717,77.408,9.055,3109,109,96.34,6.708,50.926788105114404,8.848977260416666,7.327578649739583,11.605951490885417,8.597760640625,8.052456474363645
1174,35,8.357,5.332,92.343,10.44,3263,109,106.699,7.0,57.49798657029046,10.711312712239582,6.8341174322916665,13.381130156249998,8.972022135416667,8.556212484548844
1175,1,1.128,1.128,0.0,1.414,3288,109,135.0,1.0,1.642799616294013,1.4457772812499998,1.4457772812499998,1.8123484713541664,1.2817174479166666,1.4462638771355416
1176,8,3.516,2.897,152.656,5.657,3319,109,135.0,4.0,13.142396930352104,4.506518546875,3.713135446614583,7.250675602864583,5.126869791666667,4.090651979630757
1177,33,7.214,5.824,152.411,8.062,3387,109,119.745,6.641,54.21238733770243,9.246309669270834,7.464722416666667,10.333206065104166,8.511885571614583,8.308153445630097
1178,40,10.166,5.01,48.57,12.207,482,118,34.992,7.682,65.71198465176052,13.029939575520833,6.4214044140625,15.64592488671875,9.846153434895834,9.146975898748456
1179,2,2.257,1.128,0.0,2.236,547,110,153.435,1.0,3.285599232588026,2.892836279947917,1.4457772812499998,2.865920213541667,1.2817174479166666,2.0453259898153786
1180,335,35.535,12.003,55.232,47.434,529,149,55.305,20.377,550.3378714584944,45.54582951171874,15.384454527343749,60.79698542447916,26.117556436197916,26.470975289416295
1181,1,1.128,1.128,0.0,1.414,557,110,135.0,1.0,1.642799616294013,1.4457772812499998,1.4457772812499998,1.8123484713541664,1.2817174479166666,1.4462638771355416
1182,16,7.244,2.812,47.199,7.81,563,116,50.194,3.536,26.28479386070421,9.284761192708332,3.6041894635416662,10.010213268229165,4.532152895833334,5.785055508542166
1183,2,2.257,1.128,0.0,2.236,708,110,153.435,1.0,3.285599232588026,2.892836279947917,1.4457772812499998,2.865920213541667,1.2817174479166666,2.0453259898153786
1184,3,2.365,1.615,45.0,2.828,844,112,45.0,2.0,4.928398848882039,3.0312617643229167,2.069973678385417,3.624696942708333,2.5634348958333333,2.5050025163503102
1185,1,1.128,1.128,0.0,1.414,865,110,135.0,1.0,1.642799616294013,1.4457772812499998,1.4457772812499998,1.8123484713541664,1.2817174479166666,1.4462638771355416
1186,1,1.128,1.128,0.0,1.414,979,110,135.0,1.0,1.642799616294013,1.4457772812499998,1.4457772812499998,1.8123484713541664,1.2817174479166666,1.4462638771355416
1187,2,2.257,1.128,90.0,2.236,3117,110,116.565,1.0,3.285599232588026,2.892836279947917,1.4457772812499998,2.865920213541667,1.2817174479166666,2.0453259898153786
1188,1,1.128,1.128,0.0,1.414,3315,110,135.0,1.0,1.642799616294013,1.4457772812499998,1.4457772812499998,1.8123484713541664,1.2817174479166666,1.4462638771355416
1189,38,7.701,6.282,88.344,10.296,3333,119,60.945,8.666,62.4263854191725,9.87050606640625,8.0517490078125,13.19656284375,11.107363403645834,8.915369296202536
1190,4,2.734,1.863,0.0,3.162,3364,111,161.565,2.0,6.571198465176052,3.5042155026041666,2.38783960546875,4.0527905703125,2.5634348958333333,2.892527754271083
1191,1,1.128,1.128,0.0,1.414,3435,110,135.0,1.0,1.642799616294013,1.4457772812499998,1.4457772812499998,1.8123484713541664,1.2817174479166666,1.4462638771355416
1192,9,4.333,2.645,135.0,5.0,3499,110,126.87,3.536,14.785196546646118,5.553681701822917,3.3901426497395835,6.408587239583333,4.532152895833334,4.338791631406624
1193,1,1.128,1.128,0.0,1.414,542,111,135.0,1.0,1.642799616294013,1.4457772812499998,1.4457772812499998,1.8123484713541664,1.2817174479166666,1.4462638771355416
1194,1,1.128,1.128,0.0,1.414,632,111,135.0,1.0,1.642799616294013,1.4457772812499998,1.4457772812499998,1.8123484713541664,1.2817174479166666,1.4462638771355416
1195,1,1.128,1.128,0.0,1.414,807,111,135.0,1.0,1.642799616294013,1.4457772812499998,1.4457772812499998,1.8123484713541664,1.2817174479166666,1.4462638771355416
1196,1,1.128,1.128,0.0,1.414,3358,111,135.0,1.0,1.642799616294013,1.4457772812499998,1.4457772812499998,1.8123484713541664,1.2817174479166666,1.4462638771355416
1197,4,3.216,1.583,31.717,3.606,3360,113,33.69,2.0,6.571198465176052,4.1220033125,2.028958720052083,4.6218731171875,2.5634348958333333,2.892527754271083
1198,38,9.782,4.946,134.883,12.042,3368,111,131.634,7.071,62.4263854191725,12.537760075520833,6.339374497395833,15.4344415078125,9.063024074218749,8.915369296202536
1199,2,2.257,1.128,0.0,2.236,3374,111,153.435,1.0,3.285599232588026,2.892836279947917,1.4457772812499998,2.865920213541667,1.2817174479166666,2.0453259898153786
1200,1,1.128,1.128,0.0,1.414,497,112,135.0,1.0,1.642799616294013,1.4457772812499998,1.4457772812499998,1.8123484713541664,1.2817174479166666,1.4462638771355416
1201,2,2.257,1.128,90.0,2.236,501,112,116.565,1.0,3.285599232588026,2.892836279947917,1.4457772812499998,2.865920213541667,1.2817174479166666,2.0453259898153786
1202,4,2.257,2.257,0.0,2.828,666,112,135.0,2.0,6.571198465176052,2.892836279947917,2.892836279947917,3.624696942708333,2.5634348958333333,2.892527754271083
1203,1,1.128,1.128,0.0,1.414,717,112,135.0,1.0,1.642799616294013,1.4457772812499998,1.4457772812499998,1.8123484713541664,1.2817174479166666,1.4462638771355416
1204,1,1.128,1.128,0.0,1.414,877,112,135.0,1.0,1.642799616294013,1.4457772812499998,1.4457772812499998,1.8123484713541664,1.2817174479166666,1.4462638771355416
1205,4,2.734,1.863,90.0,3.162,3435,112,108.435,2.0,6.571198465176052,3.5042155026041666,2.38783960546875,4.0527905703125,2.5634348958333333,2.892527754271083
1206,3,2.365,1.615,45.0,2.828,3488,114,45.0,2.0,4.928398848882039,3.0312617643229167,2.069973678385417,3.624696942708333,2.5634348958333333,2.5050025163503102
1207,1,1.128,1.128,0.0,1.414,569,113,135.0,1.0,1.642799616294013,1.4457772812499998,1.4457772812499998,1.8123484713541664,1.2817174479166666,1.4462638771355416
1208,5,3.144,2.025,71.565,3.606,726,116,56.31,2.0,8.213998081470065,4.02971965625,2.59547783203125,4.6218731171875,2.5634348958333333,3.2339443426774745
1209,3,3.385,1.128,0.0,3.162,3175,113,161.565,1.0,4.928398848882039,4.338613561197916,1.4457772812499998,4.0527905703125,1.2817174479166666,2.5050025163503102
1210,16,5.473,3.722,97.999,6.403,3244,113,128.66,4.0,26.28479386070421,7.014839592447917,4.770552341145833,8.206836819010416,5.126869791666667,5.785055508542166
1211,3,2.365,1.615,135.0,2.828,3268,113,135.0,2.0,4.928398848882039,3.0312617643229167,2.069973678385417,3.624696942708333,2.5634348958333333,2.5050025163503102
1212,3,2.365,1.615,45.0,2.828,3445,115,45.0,2.0,4.928398848882039,3.0312617643229167,2.069973678385417,3.624696942708333,2.5634348958333333,2.5050025163503102
1213,123,16.581,9.445,5.645,22.561,488,126,12.804,13.914,202.0643528041636,21.252157003906248,12.105821295572916,28.916827342447917,17.8338165703125,16.039842327272947
1214,3,2.365,1.615,45.0,2.828,679,116,45.0,2.0,4.928398848882039,3.0312617643229167,2.069973678385417,3.624696942708333,2.5634348958333333,2.5050025163503102
1215,5,3.732,1.706,84.848,4.123,704,114,104.036,2.0,8.213998081470065,4.783369515625,2.1866099661458334,5.284521037760417,2.5634348958333333,3.2339443426774745
1216,3,2.365,1.615,135.0,2.828,732,114,135.0,2.0,4.928398848882039,3.0312617643229167,2.069973678385417,3.624696942708333,2.5634348958333333,2.5050025163503102
1217,4,2.734,1.863,0.0,3.162,776,115,161.565,2.0,6.571198465176052,3.5042155026041666,2.38783960546875,4.0527905703125,2.5634348958333333,2.892527754271083
1218,2,2.257,1.128,90.0,2.236,839,114,116.565,1.0,3.285599232588026,2.892836279947917,1.4457772812499998,2.865920213541667,1.2817174479166666,2.0453259898153786
1219,73,11.867,7.832,46.622,12.806,1583,124,51.34,8.902,119.92437198946295,15.210140954427084,10.038411052083333,16.413673638020832,11.409848721354166,12.35688398296352
1220,11,4.488,3.121,67.059,5.099,1981,114,101.31,3.578,18.070795779234142,5.752347906250001,4.0002401549479165,6.535477266927083,4.585985028645833,4.796714628303253
1221,12,5.179,2.95,4.837,5.385,3219,114,158.199,3.0,19.713595395528156,6.638014662760417,3.781066471354167,6.90204845703125,3.8451523437499997,5.0100050327006205
1222,1,1.128,1.128,0.0,1.414,3257,114,135.0,1.0,1.642799616294013,1.4457772812499998,1.4457772812499998,1.8123484713541664,1.2817174479166666,1.4462638771355416
1223,14,6.127,2.909,85.269,6.708,3271,114,116.565,3.0,22.999194628116182,7.8530828033854165,3.728516055989583,8.597760640625,3.8451523437499997,5.411423919108519
1224,120,19.607,7.793,38.824,21.26,3306,128,41.186,9.899,197.13595395528156,25.13063400130208,9.988424071614583,27.249312942708336,12.687721016927082,15.843026992240322
1225,97,24.234,5.096,99.951,28.46,3402,114,108.435,8.239,159.35156278051926,31.061140632812503,6.531632114583333,36.47767856770833,10.560070053385417,14.24404726978226
1226,5,3.732,1.706,84.848,4.123,445,115,104.036,2.0,8.213998081470065,4.783369515625,2.1866099661458334,5.284521037760417,2.5634348958333333,3.2339443426774745
1227,3,2.365,1.615,135.0,2.828,614,115,135.0,2.0,4.928398848882039,3.0312617643229167,2.069973678385417,3.624696942708333,2.5634348958333333,2.5050025163503102
1228,1,1.128,1.128,0.0,1.414,625,115,135.0,1.0,1.642799616294013,1.4457772812499998,1.4457772812499998,1.8123484713541664,1.2817174479166666,1.4462638771355416
1229,2,2.257,1.128,0.0,2.236,826,115,153.435,1.0,3.285599232588026,2.892836279947917,1.4457772812499998,2.865920213541667,1.2817174479166666,2.0453259898153786
1230,1,1.128,1.128,0.0,1.414,1228,115,135.0,1.0,1.642799616294013,1.4457772812499998,1.4457772812499998,1.8123484713541664,1.2817174479166666,1.4462638771355416
1231,9,4.899,2.339,132.047,5.657,2022,115,135.0,3.328,14.785196546646118,6.27913377734375,2.9979371106770833,7.250675602864583,4.265555666666667,4.338791631406624
1232,1,1.128,1.128,0.0,1.414,3151,115,135.0,1.0,1.642799616294013,1.4457772812499998,1.4457772812499998,1.8123484713541664,1.2817174479166666,1.4462638771355416
1233,1,1.128,1.128,0.0,1.414,3216,115,135.0,1.0,1.642799616294013,1.4457772812499998,1.4457772812499998,1.8123484713541664,1.2817174479166666,1.4462638771355416
1234,2,2.257,1.128,0.0,2.236,3240,115,153.435,1.0,3.285599232588026,2.892836279947917,1.4457772812499998,2.865920213541667,1.2817174479166666,2.0453259898153786
1235,2,2.257,1.128,0.0,2.236,3250,115,153.435,1.0,3.285599232588026,2.892836279947917,1.4457772812499998,2.865920213541667,1.2817174479166666,2.0453259898153786
1236,1,1.128,1.128,0.0,1.414,3393,115,135.0,1.0,1.642799616294013,1.4457772812499998,1.4457772812499998,1.8123484713541664,1.2817174479166666,1.4462638771355416
1237,1,1.128,1.128,0.0,1.414,3596,115,135.0,1.0,1.642799616294013,1.4457772812499998,1.4457772812499998,1.8123484713541664,1.2817174479166666,1.4462638771355416
1238,34,10.977,3.944,50.28,12.207,573,126,55.008,5.423,55.855186953996444,14.06941242578125,5.055093614583333,15.64592488671875,6.9507537200520835,8.433095094829797
1239,1,1.128,1.128,0.0,1.414,643,116,135.0,1.0,1.642799616294013,1.4457772812499998,1.4457772812499998,1.8123484713541664,1.2817174479166666,1.4462638771355416
1240,4,2.734,1.863,0.0,3.162,655,116,161.565,2.0,6.571198465176052,3.5042155026041666,2.38783960546875,4.0527905703125,2.5634348958333333,2.892527754271083
1241,40,8.98,5.672,66.177,12.083,671,127,65.556,8.344,65.71198465176052,11.509822682291666,7.269901364583333,15.486991923177083,10.694650385416665,9.146975898748456
1242,2,2.257,1.128,90.0,2.236,755,116,116.565,1.0,3.285599232588026,2.892836279947917,1.4457772812499998,2.865920213541667,1.2817174479166666,2.0453259898153786
1243,5,3.144,2.025,71.565,3.606,767,119,56.31,2.0,8.213998081470065,4.02971965625,2.59547783203125,4.6218731171875,2.5634348958333333,3.2339443426774745
1244,1,1.128,1.128,0.0,1.414,1155,116,135.0,1.0,1.642799616294013,1.4457772812499998,1.4457772812499998,1.8123484713541664,1.2817174479166666,1.4462638771355416
1245,5,3.144,2.025,161.565,3.606,503,117,146.31,2.0,8.213998081470065,4.02971965625,2.59547783203125,4.6218731171875,2.5634348958333333,3.2339443426774745
1246,109,27.328,5.078,0.594,28.636,614,120,167.905,8.606,179.06515817604742,35.02677441666666,6.508561200520834,36.70326083854167,11.030460356770833,15.099438170060402
1247,1,1.128,1.128,0.0,1.414,680,117,135.0,1.0,1.642799616294013,1.4457772812499998,1.4457772812499998,1.8123484713541664,1.2817174479166666,1.4462638771355416
1248,10,6.823,1.866,92.255,7.28,777,117,105.945,2.0,16.42799616294013,8.745158147135417,2.3916847578125,9.330903020833334,2.5634348958333333,4.573487949374228
1249,5,4.521,1.408,31.121,5.0,796,120,36.87,2.219,8.213998081470065,5.79464458203125,1.8046581666666666,6.408587239583333,2.8441310169270833,3.2339443426774745
1250,1,1.128,1.128,0.0,1.414,969,117,135.0,1.0,1.642799616294013,1.4457772812499998,1.4457772812499998,1.8123484713541664,1.2817174479166666,1.4462638771355416
1251,1,1.128,1.128,0.0,1.414,979,117,135.0,1.0,1.642799616294013,1.4457772812499998,1.4457772812499998,1.8123484713541664,1.2817174479166666,1.4462638771355416
1252,1,1.128,1.128,0.0,1.414,3256,117,135.0,1.0,1.642799616294013,1.4457772812499998,1.4457772812499998,1.8123484713541664,1.2817174479166666,1.4462638771355416
1253,3,2.365,1.615,135.0,2.828,3386,117,135.0,2.0,4.928398848882039,3.0312617643229167,2.069973678385417,3.624696942708333,2.5634348958333333,2.5050025163503102
1254,1,1.128,1.128,0.0,1.414,645,118,135.0,1.0,1.642799616294013,1.4457772812499998,1.4457772812499998,1.8123484713541664,1.2817174479166666,1.4462638771355416
1255,7,4.903,1.818,141.132,5.657,700,118,135.0,2.774,11.499597314058091,6.284260647135416,2.3301623203125,7.250675602864583,3.555484200520833,3.826454549076717
1256,5,2.523,2.523,0.0,3.162,1955,118,108.435,2.828,8.213998081470065,3.23377312109375,3.23377312109375,4.0527905703125,3.624696942708333,3.2339443426774745
1257,6,4.79,1.595,175.269,5.099,3214,119,168.69,2.0,9.856797697764078,6.139426575520833,2.0443393294270833,6.535477266927083,2.5634348958333333,3.5426085324013394
1258,1,1.128,1.128,0.0,1.414,3307,118,135.0,1.0,1.642799616294013,1.4457772812499998,1.4457772812499998,1.8123484713541664,1.2817174479166666,1.4462638771355416
1259,2,2.596,0.981,135.0,2.828,3343,118,135.0,1.414,3.285599232588026,3.327338494791667,1.2573648164062499,3.624696942708333,1.8123484713541664,2.0453259898153786
1260,3,2.365,1.615,45.0,2.828,3348,120,45.0,2.0,4.928398848882039,3.0312617643229167,2.069973678385417,3.624696942708333,2.5634348958333333,2.5050025163503102
1261,4,2.257,2.257,0.0,2.828,3356,118,135.0,2.0,6.571198465176052,2.892836279947917,2.892836279947917,3.624696942708333,2.5634348958333333,2.892527754271083
1262,1,1.128,1.128,0.0,1.414,3451,118,135.0,1.0,1.642799616294013,1.4457772812499998,1.4457772812499998,1.8123484713541664,1.2817174479166666,1.4462638771355416
1263,11,6.327,2.214,3.058,6.325,3460,120,18.435,2.0,18.070795779234142,8.10942629296875,2.8377224296875,8.106862858072917,2.5634348958333333,4.796714628303253
1264,3,2.365,1.615,135.0,2.828,3563,118,135.0,2.0,4.928398848882039,3.0312617643229167,2.069973678385417,3.624696942708333,2.5634348958333333,2.5050025163503102
1265,1,1.128,1.128,0.0,1.414,553,119,135.0,1.0,1.642799616294013,1.4457772812499998,1.4457772812499998,1.8123484713541664,1.2817174479166666,1.4462638771355416
1266,1,1.128,1.128,0.0,1.414,820,119,135.0,1.0,1.642799616294013,1.4457772812499998,1.4457772812499998,1.8123484713541664,1.2817174479166666,1.4462638771355416
1267,1,1.128,1.128,0.0,1.414,3281,119,135.0,1.0,1.642799616294013,1.4457772812499998,1.4457772812499998,1.8123484713541664,1.2817174479166666,1.4462638771355416
1268,3,3.385,1.128,0.0,3.162,3289,119,161.565,1.0,4.928398848882039,4.338613561197916,1.4457772812499998,4.0527905703125,1.2817174479166666,2.5050025163503102
1269,3,2.365,1.615,45.0,2.828,3303,121,45.0,2.0,4.928398848882039,3.0312617643229167,2.069973678385417,3.624696942708333,2.5634348958333333,2.5050025163503102
1270,76,12.54,7.716,59.023,14.866,3447,130,42.274,10.539,124.852770838345,16.072736796875,9.889731828125,19.054011580729167,13.50802018359375,12.608236172254301
1271,5,3.144,2.025,161.565,3.606,560,120,146.31,2.0,8.213998081470065,4.02971965625,2.59547783203125,4.6218731171875,2.5634348958333333,3.2339443426774745
1272,8,4.271,2.385,56.981,5.0,597,124,53.13,3.0,13.142396930352104,5.474215220052083,3.0568961132812498,6.408587239583333,3.8451523437499997,4.090651979630757
1273,4,2.734,1.863,90.0,3.162,789,120,108.435,2.0,6.571198465176052,3.5042155026041666,2.38783960546875,4.0527905703125,2.5634348958333333,2.892527754271083
1274,6,4.068,1.878,125.072,5.0,896,120,126.87,2.683,9.856797697764078,5.214026578124999,2.4070653671874997,6.408587239583333,3.4388479127604166,3.5426085324013394
1275,2,2.596,0.981,135.0,2.828,924,120,135.0,1.414,3.285599232588026,3.327338494791667,1.2573648164062499,3.624696942708333,1.8123484713541664,2.0453259898153786
1276,5,5.642,1.128,90.0,5.099,981,120,101.31,1.0,8.213998081470065,7.2314498411458334,1.4457772812499998,6.535477266927083,1.2817174479166666,3.2339443426774745
1277,2,2.257,1.128,90.0,2.236,1007,120,116.565,1.0,3.285599232588026,2.892836279947917,1.4457772812499998,2.865920213541667,1.2817174479166666,2.0453259898153786
1278,3,3.213,1.189,118.155,3.606,558,121,123.69,1.789,4.928398848882039,4.11815816015625,1.5239620455729168,4.6218731171875,2.2929925143229166,2.5050025163503102
1279,1,1.128,1.128,0.0,1.414,3229,121,135.0,1.0,1.642799616294013,1.4457772812499998,1.4457772812499998,1.8123484713541664,1.2817174479166666,1.4462638771355416
1280,9,4.387,2.612,148.949,5.0,3249,121,126.87,3.479,14.785196546646118,5.622894444010416,3.3478459739583335,6.408587239583333,4.459095001302083,4.338791631406624
1281,1,1.128,1.128,0.0,1.414,3278,121,135.0,1.0,1.642799616294013,1.4457772812499998,1.4457772812499998,1.8123484713541664,1.2817174479166666,1.4462638771355416
1282,1,1.128,1.128,0.0,1.414,3343,121,135.0,1.0,1.642799616294013,1.4457772812499998,1.4457772812499998,1.8123484713541664,1.2817174479166666,1.4462638771355416
1283,13,5.448,3.038,135.466,6.403,3382,121,128.66,3.883,21.35639501182217,6.982796656250001,3.893857606770833,8.206836819010416,4.976908850260417,5.214578566863546
1284,3,3.385,1.128,90.0,3.162,3464,121,108.435,1.0,4.928398848882039,4.338613561197916,1.4457772812499998,4.0527905703125,1.2817174479166666,2.5050025163503102
1285,3,2.365,1.615,135.0,2.828,3468,121,135.0,2.0,4.928398848882039,3.0312617643229167,2.069973678385417,3.624696942708333,2.5634348958333333,2.5050025163503102
1286,1,1.128,1.128,0.0,1.414,3520,121,135.0,1.0,1.642799616294013,1.4457772812499998,1.4457772812499998,1.8123484713541664,1.2817174479166666,1.4462638771355416
1287,3,2.365,1.615,135.0,2.828,3546,121,135.0,2.0,4.928398848882039,3.0312617643229167,2.069973678385417,3.624696942708333,2.5634348958333333,2.5050025163503102
1288,2,2.257,1.128,0.0,2.236,551,122,153.435,1.0,3.285599232588026,2.892836279947917,1.4457772812499998,2.865920213541667,1.2817174479166666,2.0453259898153786
1289,6,3.385,2.257,90.0,3.606,580,122,123.69,2.0,9.856797697764078,4.338613561197916,2.892836279947917,4.6218731171875,2.5634348958333333,3.5426085324013394
1290,4,2.257,2.257,0.0,2.828,608,122,135.0,2.0,6.571198465176052,2.892836279947917,2.892836279947917,3.624696942708333,2.5634348958333333,2.892527754271083
1291,18,7.555,3.033,144.771,9.434,718,123,147.995,4.95,29.570393093292235,9.683375319010416,3.8874490195312497,12.091722403645832,6.3445013671875,6.135977969446135
1292,12,5.305,2.88,37.847,5.831,750,126,30.964,3.536,19.713595395528156,6.799511061197916,3.6913462499999996,7.473694438802084,4.532152895833334,5.0100050327006205
1293,3,2.365,1.615,45.0,2.828,780,124,45.0,2.0,4.928398848882039,3.0312617643229167,2.069973678385417,3.624696942708333,2.5634348958333333,2.5050025163503102
1294,57,9.983,7.27,14.9,11.662,3256,130,30.964,8.0,93.63957812875874,12.795385282552084,9.318085846354165,14.947388877604167,10.253739583333333,10.919052822086096
1295,4,2.257,2.257,0.0,2.828,3294,122,135.0,2.0,6.571198465176052,2.892836279947917,2.892836279947917,3.624696942708333,2.5634348958333333,2.892527754271083
1296,1,1.128,1.128,0.0,1.414,3297,122,135.0,1.0,1.642799616294013,1.4457772812499998,1.4457772812499998,1.8123484713541664,1.2817174479166666,1.4462638771355416
1297,2,2.257,1.128,0.0,2.236,3330,122,153.435,1.0,3.285599232588026,2.892836279947917,1.4457772812499998,2.865920213541667,1.2817174479166666,2.0453259898153786
1298,8,5.609,1.816,99.462,6.325,3334,122,108.435,2.0,13.142396930352104,7.1891531653645835,2.3275988854166667,8.106862858072917,2.5634348958333333,4.090651979630757
1299,5,3.144,2.025,161.565,3.606,3358,122,146.31,2.0,8.213998081470065,4.02971965625,2.59547783203125,4.6218731171875,2.5634348958333333,3.2339443426774745
1300,4,2.257,2.257,0.0,2.828,3460,122,135.0,2.0,6.571198465176052,2.892836279947917,2.892836279947917,3.624696942708333,2.5634348958333333,2.892527754271083
1301,4,3.192,1.596,108.435,3.606,756,123,123.69,2.0,6.571198465176052,4.09124209375,2.045621046875,4.6218731171875,2.5634348958333333,2.892527754271083
1302,2,2.257,1.128,0.0,2.236,925,123,153.435,1.0,3.285599232588026,2.892836279947917,1.4457772812499998,2.865920213541667,1.2817174479166666,2.0453259898153786
1303,2,2.257,1.128,0.0,2.236,929,123,153.435,1.0,3.285599232588026,2.892836279947917,1.4457772812499998,2.865920213541667,1.2817174479166666,2.0453259898153786
1304,4,2.734,1.863,90.0,3.162,3172,123,108.435,2.0,6.571198465176052,3.5042155026041666,2.38783960546875,4.0527905703125,2.5634348958333333,2.892527754271083
1305,1,1.128,1.128,0.0,1.414,3362,123,135.0,1.0,1.642799616294013,1.4457772812499998,1.4457772812499998,1.8123484713541664,1.2817174479166666,1.4462638771355416
1306,10,5.195,2.451,53.551,6.403,3440,128,51.34,3.479,16.42799616294013,6.658522141927084,3.14148946484375,8.206836819010416,4.459095001302083,4.573487949374228
1307,3,3.385,1.128,90.0,3.162,3471,123,108.435,1.0,4.928398848882039,4.338613561197916,1.4457772812499998,4.0527905703125,1.2817174479166666,2.5050025163503102
1308,1,1.128,1.128,0.0,1.414,3481,123,135.0,1.0,1.642799616294013,1.4457772812499998,1.4457772812499998,1.8123484713541664,1.2817174479166666,1.4462638771355416
1309,39,8.227,6.035,119.76,10.0,550,124,126.87,7.799,64.0691850354665,10.544689444010418,7.735164798177084,12.817174479166667,9.996114376302083,9.031915017867364
1310,12,5.573,2.742,34.722,6.403,848,128,38.66,3.883,19.713595395528156,7.143011337239583,3.5144692421875,8.206836819010416,4.976908850260417,5.0100050327006205
1311,3,2.365,1.615,45.0,2.828,936,126,45.0,2.0,4.928398848882039,3.0312617643229167,2.069973678385417,3.624696942708333,2.5634348958333333,2.5050025163503102
1312,17,6.304,3.434,5.29,8.944,2296,128,26.565,5.571,27.927593476998222,8.079946791666666,4.401417716145834,11.463680854166668,7.14044790234375,5.963098727945161
1313,3,3.213,1.189,151.845,3.606,3237,124,146.31,1.789,4.928398848882039,4.11815816015625,1.5239620455729168,4.6218731171875,2.2929925143229166,2.5050025163503102
1314,2,2.257,1.128,90.0,2.236,3337,124,116.565,1.0,3.285599232588026,2.892836279947917,1.4457772812499998,2.865920213541667,1.2817174479166666,2.0453259898153786
1315,4,2.257,2.257,0.0,2.828,3346,124,135.0,2.0,6.571198465176052,2.892836279947917,2.892836279947917,3.624696942708333,2.5634348958333333,2.892527754271083
1316,1,1.128,1.128,0.0,1.414,3391,124,135.0,1.0,1.642799616294013,1.4457772812499998,1.4457772812499998,1.8123484713541664,1.2817174479166666,1.4462638771355416
1317,156,15.491,12.822,99.748,29.411,3419,124,107.819,20.09,256.276740141866,19.85508498567708,16.4341811171875,37.69659186067708,25.74970352864583,18.06383003573473
1318,1,1.128,1.128,0.0,1.414,3445,124,135.0,1.0,1.642799616294013,1.4457772812499998,1.4457772812499998,1.8123484713541664,1.2817174479166666,1.4462638771355416
1319,38,9.231,5.241,38.61,10.296,570,131,29.055,6.8,62.4263854191725,11.831533761718749,6.7174811445312494,13.19656284375,8.715678645833332,8.915369296202536
1320,56,11.032,6.463,54.702,14.213,627,137,50.711,8.677,91.99677851246473,14.139906885416666,8.283739865885417,18.21705008723958,11.121462295572917,10.822847838217038
1321,1,1.128,1.128,0.0,1.414,647,125,135.0,1.0,1.642799616294013,1.4457772812499998,1.4457772812499998,1.8123484713541664,1.2817174479166666,1.4462638771355416
1322,1,1.128,1.128,0.0,1.414,740,125,135.0,1.0,1.642799616294013,1.4457772812499998,1.4457772812499998,1.8123484713541664,1.2817174479166666,1.4462638771355416
1323,1,1.128,1.128,0.0,1.414,3149,125,135.0,1.0,1.642799616294013,1.4457772812499998,1.4457772812499998,1.8123484713541664,1.2817174479166666,1.4462638771355416
1324,8,4.444,2.292,125.355,5.0,3327,125,126.87,2.828,13.142396930352104,5.695952338541667,2.9376963906249998,6.408587239583333,3.624696942708333,4.090651979630757
1325,1,1.128,1.128,0.0,1.414,3331,125,135.0,1.0,1.642799616294013,1.4457772812499998,1.4457772812499998,1.8123484713541664,1.2817174479166666,1.4462638771355416
1326,2,2.257,1.128,0.0,2.236,3414,125,153.435,1.0,3.285599232588026,2.892836279947917,1.4457772812499998,2.865920213541667,1.2817174479166666,2.0453259898153786
1327,5,3.144,2.025,108.435,3.606,564,126,123.69,2.0,8.213998081470065,4.02971965625,2.59547783203125,4.6218731171875,2.5634348958333333,3.2339443426774745
1328,1,1.128,1.128,0.0,1.414,645,126,135.0,1.0,1.642799616294013,1.4457772812499998,1.4457772812499998,1.8123484713541664,1.2817174479166666,1.4462638771355416
1329,1,1.128,1.128,0.0,1.414,795,126,135.0,1.0,1.642799616294013,1.4457772812499998,1.4457772812499998,1.8123484713541664,1.2817174479166666,1.4462638771355416
1330,5,3.833,1.661,45.0,4.243,3359,129,45.0,2.121,8.213998081470065,4.912822977864583,2.128932680989583,5.438327131510417,2.71852270703125,3.2339443426774745
1331,8,4.937,2.063,161.421,5.831,3373,126,149.036,3.0,13.142396930352104,6.327839040364584,2.6441830950520835,7.473694438802084,3.8451523437499997,4.090651979630757
1332,1,1.128,1.128,0.0,1.414,386,127,135.0,1.0,1.642799616294013,1.4457772812499998,1.4457772812499998,1.8123484713541664,1.2817174479166666,1.4462638771355416
1333,1,1.128,1.128,0.0,1.414,446,127,135.0,1.0,1.642799616294013,1.4457772812499998,1.4457772812499998,1.8123484713541664,1.2817174479166666,1.4462638771355416
1334,5,3.144,2.025,108.435,3.606,656,127,123.69,2.0,8.213998081470065,4.02971965625,2.59547783203125,4.6218731171875,2.5634348958333333,3.2339443426774745
1335,1,1.128,1.128,0.0,1.414,668,127,135.0,1.0,1.642799616294013,1.4457772812499998,1.4457772812499998,1.8123484713541664,1.2817174479166666,1.4462638771355416
1336,41,9.197,5.676,99.64,11.705,698,138,70.017,8.629,67.35478426805453,11.787955368489582,7.275028234375,15.002502727864583,11.059939858072916,9.26060728541019
1337,1,1.128,1.128,0.0,1.414,939,127,135.0,1.0,1.642799616294013,1.4457772812499998,1.4457772812499998,1.8123484713541664,1.2817174479166666,1.4462638771355416
1338,2,2.257,1.128,0.0,2.236,1015,127,153.435,1.0,3.285599232588026,2.892836279947917,1.4457772812499998,2.865920213541667,1.2817174479166666,2.0453259898153786
1339,1,1.128,1.128,0.0,1.414,3142,127,135.0,1.0,1.642799616294013,1.4457772812499998,1.4457772812499998,1.8123484713541664,1.2817174479166666,1.4462638771355416
1340,7,3.49,2.554,2.199,4.472,3295,130,26.565,3.0,11.499597314058091,4.473193893229167,3.2735063619791664,5.731840427083334,3.8451523437499997,3.826454549076717
1341,3,3.385,1.128,0.0,3.162,3411,127,161.565,1.0,4.928398848882039,4.338613561197916,1.4457772812499998,4.0527905703125,1.2817174479166666,2.5050025163503102
1342,1,1.128,1.128,0.0,1.414,3490,127,135.0,1.0,1.642799616294013,1.4457772812499998,1.4457772812499998,1.8123484713541664,1.2817174479166666,1.4462638771355416
1343,3,2.365,1.615,45.0,2.828,508,130,45.0,2.0,4.928398848882039,3.0312617643229167,2.069973678385417,3.624696942708333,2.5634348958333333,2.5050025163503102
1344,50,10.824,5.881,47.614,13.416,608,140,63.435,8.121,82.13998081470065,13.87330965625,7.537780311197917,17.19552128125,10.40882739453125,10.226629949076893
1345,1,1.128,1.128,0.0,1.414,761,128,135.0,1.0,1.642799616294013,1.4457772812499998,1.4457772812499998,1.8123484713541664,1.2817174479166666,1.4462638771355416
1346,3,2.365,1.615,135.0,2.828,906,128,135.0,2.0,4.928398848882039,3.0312617643229167,2.069973678385417,3.624696942708333,2.5634348958333333,2.5050025163503102
1347,27,6.487,5.299,9.293,7.81,1598,134,39.806,6.0,44.35558963993835,8.314501084635417,6.791820756510417,10.010213268229165,7.690304687499999,7.515007549050931
1348,5,3.713,1.715,122.612,4.472,3357,128,116.565,2.683,8.213998081470065,4.759016884114583,2.1981454231770834,5.731840427083334,3.4388479127604166,3.2339443426774745
1349,1,1.128,1.128,0.0,1.414,3367,128,135.0,1.0,1.642799616294013,1.4457772812499998,1.4457772812499998,1.8123484713541664,1.2817174479166666,1.4462638771355416
1350,1,1.128,1.128,0.0,1.414,395,129,135.0,1.0,1.642799616294013,1.4457772812499998,1.4457772812499998,1.8123484713541664,1.2817174479166666,1.4462638771355416
1351,1,1.128,1.128,0.0,1.414,590,129,135.0,1.0,1.642799616294013,1.4457772812499998,1.4457772812499998,1.8123484713541664,1.2817174479166666,1.4462638771355416
1352,1,1.128,1.128,0.0,1.414,654,129,135.0,1.0,1.642799616294013,1.4457772812499998,1.4457772812499998,1.8123484713541664,1.2817174479166666,1.4462638771355416
1353,2,2.257,1.128,0.0,2.236,735,129,153.435,1.0,3.285599232588026,2.892836279947917,1.4457772812499998,2.865920213541667,1.2817174479166666,2.0453259898153786
1354,5,3.144,2.025,71.565,3.606,924,132,56.31,2.0,8.213998081470065,4.02971965625,2.59547783203125,4.6218731171875,2.5634348958333333,3.2339443426774745
1355,2,2.257,1.128,0.0,2.236,984,129,153.435,1.0,3.285599232588026,2.892836279947917,1.4457772812499998,2.865920213541667,1.2817174479166666,2.0453259898153786
1356,1,1.128,1.128,0.0,1.414,3400,129,135.0,1.0,1.642799616294013,1.4457772812499998,1.4457772812499998,1.8123484713541664,1.2817174479166666,1.4462638771355416
1357,1,1.128,1.128,0.0,1.414,3466,129,135.0,1.0,1.642799616294013,1.4457772812499998,1.4457772812499998,1.8123484713541664,1.2817174479166666,1.4462638771355416
1358,20,6.714,3.793,123.934,7.81,511,130,129.806,4.919,32.85599232588026,8.6054509453125,4.861554279947916,10.010213268229165,6.304768126302083,6.467888685354949
1359,2,2.257,1.128,0.0,2.236,527,130,153.435,1.0,3.285599232588026,2.892836279947917,1.4457772812499998,2.865920213541667,1.2817174479166666,2.0453259898153786
1360,4,2.257,2.257,0.0,2.828,548,130,135.0,2.0,6.571198465176052,2.892836279947917,2.892836279947917,3.624696942708333,2.5634348958333333,2.892527754271083
1361,1,1.128,1.128,0.0,1.414,581,130,135.0,1.0,1.642799616294013,1.4457772812499998,1.4457772812499998,1.8123484713541664,1.2817174479166666,1.4462638771355416
1362,1,1.128,1.128,0.0,1.414,643,130,135.0,1.0,1.642799616294013,1.4457772812499998,1.4457772812499998,1.8123484713541664,1.2817174479166666,1.4462638771355416
1363,1,1.128,1.128,0.0,1.414,649,130,135.0,1.0,1.642799616294013,1.4457772812499998,1.4457772812499998,1.8123484713541664,1.2817174479166666,1.4462638771355416
1364,4,3.192,1.596,161.565,3.606,1637,130,146.31,2.0,6.571198465176052,4.09124209375,2.045621046875,4.6218731171875,2.5634348958333333,2.892527754271083
1365,3,2.365,1.615,45.0,2.828,3394,132,45.0,2.0,4.928398848882039,3.0312617643229167,2.069973678385417,3.624696942708333,2.5634348958333333,2.5050025163503102
1366,1,1.128,1.128,0.0,1.414,422,131,135.0,1.0,1.642799616294013,1.4457772812499998,1.4457772812499998,1.8123484713541664,1.2817174479166666,1.4462638771355416
1367,46,9.695,6.041,12.408,14.422,632,140,33.69,9.0,75.5687823495246,12.426250657552083,7.742855102864584,18.48492903385417,11.535457031249999,9.809038857407382
1368,5,3.833,1.661,135.0,4.243,2008,131,135.0,2.121,8.213998081470065,4.912822977864583,2.128932680989583,5.438327131510417,2.71852270703125,3.2339443426774745
1369,1,1.128,1.128,0.0,1.414,3198,131,135.0,1.0,1.642799616294013,1.4457772812499998,1.4457772812499998,1.8123484713541664,1.2817174479166666,1.4462638771355416
1370,1,1.128,1.128,0.0,1.414,3491,131,135.0,1.0,1.642799616294013,1.4457772812499998,1.4457772812499998,1.8123484713541664,1.2817174479166666,1.4462638771355416
1371,2,2.257,1.128,0.0,2.236,3560,131,153.435,1.0,3.285599232588026,2.892836279947917,1.4457772812499998,2.865920213541667,1.2817174479166666,2.0453259898153786
1372,1,1.128,1.128,0.0,1.414,411,132,135.0,1.0,1.642799616294013,1.4457772812499998,1.4457772812499998,1.8123484713541664,1.2817174479166666,1.4462638771355416
1373,90,20.441,5.606,165.084,23.087,559,135,175.03,9.021,147.85196546646117,26.199586352864582,7.185308013020833,29.591010720052083,11.56237309765625,13.720463848122685
1374,2,2.257,1.128,90.0,2.236,581,132,116.565,1.0,3.285599232588026,2.892836279947917,1.4457772812499998,2.865920213541667,1.2817174479166666,2.0453259898153786
1375,1,1.128,1.128,0.0,1.414,593,132,135.0,1.0,1.642799616294013,1.4457772812499998,1.4457772812499998,1.8123484713541664,1.2817174479166666,1.4462638771355416
1376,8,4.619,2.205,136.023,5.0,616,132,126.87,2.828,13.142396930352104,5.920252891927083,2.82618697265625,6.408587239583333,3.624696942708333,4.090651979630757
1377,8,3.538,2.879,135.0,4.243,646,132,135.0,3.0,13.142396930352104,4.534716330729166,3.6900645325520833,5.438327131510417,3.8451523437499997,4.090651979630757
1378,14,4.74,3.761,50.062,5.831,2035,136,30.964,4.0,22.999194628116182,6.075340703125,4.820539321614583,7.473694438802084,5.126869791666667,5.411423919108519
1379,190,22.792,10.614,160.538,33.377,3282,147,171.384,19.219,312.13192709586247,29.21290407291667,13.6041489921875,42.779883259114584,24.63332763151042,19.935371790823325
1380,3,2.365,1.615,135.0,2.828,3327,132,135.0,2.0,4.928398848882039,3.0312617643229167,2.069973678385417,3.624696942708333,2.5634348958333333,2.5050025163503102
1381,3,2.365,1.615,45.0,2.828,3374,134,45.0,2.0,4.928398848882039,3.0312617643229167,2.069973678385417,3.624696942708333,2.5634348958333333,2.5050025163503102
1382,23,6.738,4.346,153.5,8.944,3377,132,153.435,5.657,37.7843911747623,8.636212164062501,5.570344028645834,11.463680854166668,7.250675602864583,6.936037892995103
1383,4,2.887,1.764,75.128,3.606,3434,135,56.31,2.0,6.571198465176052,3.7003182721354166,2.260949578125,4.6218731171875,2.5634348958333333,2.892527754271083
1384,5,3.144,2.025,108.435,3.606,3444,132,123.69,2.0,8.213998081470065,4.02971965625,2.59547783203125,4.6218731171875,2.5634348958333333,3.2339443426774745
1385,26,6.61,5.008,50.995,10.0,493,141,53.13,6.0,42.71279002364434,8.472152330729166,6.418840979166666,12.817174479166667,7.690304687499999,7.374527731318484
1386,18,5.424,4.225,67.579,6.708,500,139,63.435,4.0,29.570393093292235,6.9520354375,5.415256217447916,8.597760640625,5.126869791666667,6.135977969446135
1387,2,2.257,1.128,0.0,2.236,590,133,153.435,1.0,3.285599232588026,2.892836279947917,1.4457772812499998,2.865920213541667,1.2817174479166666,2.0453259898153786
1388,1,1.128,1.128,0.0,1.414,3394,133,135.0,1.0,1.642799616294013,1.4457772812499998,1.4457772812499998,1.8123484713541664,1.2817174479166666,1.4462638771355416
1389,6,3.718,2.055,126.87,4.243,3437,133,135.0,2.683,9.856797697764078,4.765425471354167,2.63392935546875,5.438327131510417,3.4388479127604166,3.5426085324013394
1390,2,2.257,1.128,90.0,2.236,3489,133,116.565,1.0,3.285599232588026,2.892836279947917,1.4457772812499998,2.865920213541667,1.2817174479166666,2.0453259898153786
1391,5,3.144,2.025,108.435,3.606,934,134,123.69,2.0,8.213998081470065,4.02971965625,2.59547783203125,4.6218731171875,2.5634348958333333,3.2339443426774745
1392,2,2.257,1.128,90.0,2.236,945,134,116.565,1.0,3.285599232588026,2.892836279947917,1.4457772812499998,2.865920213541667,1.2817174479166666,2.0453259898153786
1393,17,5.692,3.803,42.824,6.708,2029,140,63.435,4.438,27.927593476998222,7.295535713541667,4.8743714544270835,8.597760640625,5.6882620338541665,5.963098727945161
1394,10,3.726,3.417,59.872,4.472,3259,134,116.565,4.0,16.42799616294013,4.7756792109375,4.379628519531249,5.731840427083334,5.126869791666667,4.573487949374228
1395,2,2.596,0.981,135.0,2.828,3285,134,135.0,1.414,3.285599232588026,3.327338494791667,1.2573648164062499,3.624696942708333,1.8123484713541664,2.0453259898153786
1396,3,2.365,1.615,45.0,2.828,3304,136,45.0,2.0,4.928398848882039,3.0312617643229167,2.069973678385417,3.624696942708333,2.5634348958333333,2.5050025163503102
1397,7,4.633,1.924,67.5,5.0,3395,138,53.13,2.53,11.499597314058091,5.938196936197917,2.4660243697916666,6.408587239583333,3.2427451432291665,3.826454549076717
1398,1,1.128,1.128,0.0,1.414,21,135,135.0,1.0,1.642799616294013,1.4457772812499998,1.4457772812499998,1.8123484713541664,1.2817174479166666,1.4462638771355416
1399,2,2.257,1.128,0.0,2.236,511,135,153.435,1.0,3.285599232588026,2.892836279947917,1.4457772812499998,2.865920213541667,1.2817174479166666,2.0453259898153786
1400,2,2.257,1.128,0.0,2.236,522,135,153.435,1.0,3.285599232588026,2.892836279947917,1.4457772812499998,2.865920213541667,1.2817174479166666,2.0453259898153786
1401,1,1.128,1.128,0.0,1.414,658,135,135.0,1.0,1.642799616294013,1.4457772812499998,1.4457772812499998,1.8123484713541664,1.2817174479166666,1.4462638771355416
1402,101,14.387,8.938,121.733,16.971,680,135,135.0,10.399,165.9227612456953,18.440068923177083,11.455990549479168,21.75202680859375,13.328579740885415,14.534772080532257
1403,1,1.128,1.128,0.0,1.414,792,135,135.0,1.0,1.642799616294013,1.4457772812499998,1.4457772812499998,1.8123484713541664,1.2817174479166666,1.4462638771355416
1404,1,1.128,1.128,0.0,1.414,794,135,135.0,1.0,1.642799616294013,1.4457772812499998,1.4457772812499998,1.8123484713541664,1.2817174479166666,1.4462638771355416
1405,1,1.128,1.128,0.0,1.414,1598,135,135.0,1.0,1.642799616294013,1.4457772812499998,1.4457772812499998,1.8123484713541664,1.2817174479166666,1.4462638771355416
1406,7,3.507,2.542,59.527,4.243,1599,138,45.0,3.0,11.499597314058091,4.49498308984375,3.2581257526041663,5.438327131510417,3.8451523437499997,3.826454549076717
1407,1,1.128,1.128,0.0,1.414,3302,135,135.0,1.0,1.642799616294013,1.4457772812499998,1.4457772812499998,1.8123484713541664,1.2817174479166666,1.4462638771355416
1408,1,1.128,1.128,0.0,1.414,3329,135,135.0,1.0,1.642799616294013,1.4457772812499998,1.4457772812499998,1.8123484713541664,1.2817174479166666,1.4462638771355416
1409,4,3.192,1.596,71.565,3.606,3342,138,56.31,2.0,6.571198465176052,4.09124209375,2.045621046875,4.6218731171875,2.5634348958333333,2.892527754271083
1410,2,2.257,1.128,90.0,2.236,3373,135,116.565,1.0,3.285599232588026,2.892836279947917,1.4457772812499998,2.865920213541667,1.2817174479166666,2.0453259898153786
1411,5,3.732,1.706,5.152,4.123,3411,135,165.964,2.0,8.213998081470065,4.783369515625,2.1866099661458334,5.284521037760417,2.5634348958333333,3.2339443426774745
1412,20,6.289,4.049,71.565,7.211,516,142,56.31,4.0,32.85599232588026,8.060721029947915,5.189673946614584,9.242464516927084,5.126869791666667,6.467888685354949
1413,7,3.752,2.375,90.0,4.472,649,136,116.565,3.0,11.499597314058091,4.809003864583333,3.0440789388020835,5.731840427083334,3.8451523437499997,3.826454549076717
1414,5,3.144,2.025,161.565,3.606,3460,136,146.31,2.0,8.213998081470065,4.02971965625,2.59547783203125,4.6218731171875,2.5634348958333333,3.2339443426774745
1415,3,2.365,1.615,45.0,2.828,3508,138,45.0,2.0,4.928398848882039,3.0312617643229167,2.069973678385417,3.624696942708333,2.5634348958333333,2.5050025163503102
1416,1,1.128,1.128,0.0,1.414,597,137,135.0,1.0,1.642799616294013,1.4457772812499998,1.4457772812499998,1.8123484713541664,1.2817174479166666,1.4462638771355416
1417,1,1.128,1.128,0.0,1.414,622,137,135.0,1.0,1.642799616294013,1.4457772812499998,1.4457772812499998,1.8123484713541664,1.2817174479166666,1.4462638771355416
1418,2,2.257,1.128,0.0,2.236,709,137,153.435,1.0,3.285599232588026,2.892836279947917,1.4457772812499998,2.865920213541667,1.2817174479166666,2.0453259898153786
1419,1,1.128,1.128,0.0,1.414,814,137,135.0,1.0,1.642799616294013,1.4457772812499998,1.4457772812499998,1.8123484713541664,1.2817174479166666,1.4462638771355416
1420,1,1.128,1.128,0.0,1.414,3286,137,135.0,1.0,1.642799616294013,1.4457772812499998,1.4457772812499998,1.8123484713541664,1.2817174479166666,1.4462638771355416
1421,1,1.128,1.128,0.0,1.414,3332,137,135.0,1.0,1.642799616294013,1.4457772812499998,1.4457772812499998,1.8123484713541664,1.2817174479166666,1.4462638771355416
1422,15,7.457,2.561,177.899,8.246,3360,138,165.964,4.0,24.641994244410196,9.557767009114583,3.282478384114583,10.569042075520834,5.126869791666667,5.601355910367322
1423,3,3.213,1.189,151.845,3.606,785,138,146.31,1.789,4.928398848882039,4.11815816015625,1.5239620455729168,4.6218731171875,2.2929925143229166,2.5050025163503102
1424,9,3.905,2.934,150.325,5.831,3235,138,149.036,4.0,14.785196546646118,5.005106634114583,3.7605589921875002,7.473694438802084,5.126869791666667,4.338791631406624
1425,4,2.257,2.257,0.0,2.828,3282,138,135.0,2.0,6.571198465176052,2.892836279947917,2.892836279947917,3.624696942708333,2.5634348958333333,2.892527754271083
1426,2,2.257,1.128,90.0,2.236,3313,138,116.565,1.0,3.285599232588026,2.892836279947917,1.4457772812499998,2.865920213541667,1.2817174479166666,2.0453259898153786
1427,5,3.732,1.706,84.848,4.123,3387,138,104.036,2.0,8.213998081470065,4.783369515625,2.1866099661458334,5.284521037760417,2.5634348958333333,3.2339443426774745
1428,1,1.128,1.128,0.0,1.414,498,139,135.0,1.0,1.642799616294013,1.4457772812499998,1.4457772812499998,1.8123484713541664,1.2817174479166666,1.4462638771355416
1429,1,1.128,1.128,0.0,1.414,708,139,135.0,1.0,1.642799616294013,1.4457772812499998,1.4457772812499998,1.8123484713541664,1.2817174479166666,1.4462638771355416
1430,1,1.128,1.128,0.0,1.414,715,139,135.0,1.0,1.642799616294013,1.4457772812499998,1.4457772812499998,1.8123484713541664,1.2817174479166666,1.4462638771355416
1431,31,9.028,4.372,175.933,11.045,2003,140,174.806,5.0,50.926788105114404,11.571345119791667,5.603668682291667,14.156569212239583,6.408587239583333,8.052456474363645
1432,1,1.128,1.128,0.0,1.414,3101,139,135.0,1.0,1.642799616294013,1.4457772812499998,1.4457772812499998,1.8123484713541664,1.2817174479166666,1.4462638771355416
1433,1,1.128,1.128,0.0,1.414,3378,139,135.0,1.0,1.642799616294013,1.4457772812499998,1.4457772812499998,1.8123484713541664,1.2817174479166666,1.4462638771355416
1434,1,1.128,1.128,0.0,1.414,3506,139,135.0,1.0,1.642799616294013,1.4457772812499998,1.4457772812499998,1.8123484713541664,1.2817174479166666,1.4462638771355416
1435,360,26.866,17.062,179.211,41.146,471,154,154.058,30.872,591.4078618658447,34.434620955729166,21.86866309635417,52.737546111979164,39.56918105208333,27.44092769624537
1436,1,1.128,1.128,0.0,1.414,545,140,135.0,1.0,1.642799616294013,1.4457772812499998,1.4457772812499998,1.8123484713541664,1.2817174479166666,1.4462638771355416
1437,31,8.582,4.599,109.738,10.77,588,140,111.801,6.0,50.926788105114404,10.999699138020834,5.89461854296875,13.8040969140625,7.690304687499999,8.052456474363645
1438,47,8.562,6.989,121.538,10.0,616,140,126.87,8.485,77.21158196581861,10.9740647890625,8.957923243489583,12.817174479166667,10.875372545572915,9.915085602678126
1439,5,3.144,2.025,161.565,3.606,653,140,146.31,2.0,8.213998081470065,4.02971965625,2.59547783203125,4.6218731171875,2.5634348958333333,3.2339443426774745
1440,10,3.885,3.277,147.557,5.0,663,140,126.87,4.0,16.42799616294013,4.97947228515625,4.200188076822917,6.408587239583333,5.126869791666667,4.573487949374228
1441,2,2.257,1.128,90.0,2.236,3508,140,116.565,1.0,3.285599232588026,2.892836279947917,1.4457772812499998,2.865920213541667,1.2817174479166666,2.0453259898153786
1442,39,7.838,6.335,168.333,9.434,488,143,147.995,7.0,64.0691850354665,10.046101356770833,8.119680032552083,12.091722403645832,8.972022135416667,9.031915017867364
1443,2,2.257,1.128,0.0,2.236,552,141,153.435,1.0,3.285599232588026,2.892836279947917,1.4457772812499998,2.865920213541667,1.2817174479166666,2.0453259898153786
1444,1,1.128,1.128,0.0,1.414,1016,141,135.0,1.0,1.642799616294013,1.4457772812499998,1.4457772812499998,1.8123484713541664,1.2817174479166666,1.4462638771355416
1445,3,3.213,1.189,118.155,3.606,1020,141,123.69,1.789,4.928398848882039,4.11815816015625,1.5239620455729168,4.6218731171875,2.2929925143229166,2.5050025163503102
1446,1,1.128,1.128,0.0,1.414,3039,141,135.0,1.0,1.642799616294013,1.4457772812499998,1.4457772812499998,1.8123484713541664,1.2817174479166666,1.4462638771355416
1447,36,8.613,5.322,58.954,12.53,3434,152,61.39,8.798,59.14078618658447,11.03943237890625,6.8213002578125,16.05991962239583,11.276550106770832,8.677583262813249
1448,5,3.144,2.025,18.435,3.606,3453,143,33.69,2.0,8.213998081470065,4.02971965625,2.59547783203125,4.6218731171875,2.5634348958333333,3.2339443426774745
1449,5,3.009,2.116,115.097,4.243,357,142,135.0,3.0,8.213998081470065,3.8566878007812497,2.712114119791667,5.438327131510417,3.8451523437499997,3.2339443426774745
1450,2,2.596,0.981,45.0,2.828,520,144,45.0,1.414,3.285599232588026,3.327338494791667,1.2573648164062499,3.624696942708333,1.8123484713541664,2.0453259898153786
1451,35,8.269,5.389,27.625,9.899,539,149,45.0,6.668,57.49798657029046,10.598521576822916,6.907175326822917,12.687721016927082,8.546491942708334,8.556212484548844
1452,1,1.128,1.128,0.0,1.414,547,142,135.0,1.0,1.642799616294013,1.4457772812499998,1.4457772812499998,1.8123484713541664,1.2817174479166666,1.4462638771355416
1453,8,4.037,2.523,123.69,5.0,744,142,126.87,3.0,13.142396930352104,5.174293337239583,3.23377312109375,6.408587239583333,3.8451523437499997,4.090651979630757
1454,1,1.128,1.128,0.0,1.414,749,142,135.0,1.0,1.642799616294013,1.4457772812499998,1.4457772812499998,1.8123484713541664,1.2817174479166666,1.4462638771355416
1455,7,3.086,2.888,90.0,3.606,772,142,123.69,3.0,11.499597314058091,3.955380044270833,3.701599989583333,4.6218731171875,3.8451523437499997,3.826454549076717
1456,8,3.651,2.79,145.278,4.472,783,142,153.435,3.0,13.142396930352104,4.679550402343749,3.5759916796874998,5.731840427083334,3.8451523437499997,4.090651979630757
1457,1,1.128,1.128,0.0,1.414,837,142,135.0,1.0,1.642799616294013,1.4457772812499998,1.4457772812499998,1.8123484713541664,1.2817174479166666,1.4462638771355416
1458,3,3.213,1.189,61.845,3.606,919,145,56.31,1.789,4.928398848882039,4.11815816015625,1.5239620455729168,4.6218731171875,2.2929925143229166,2.5050025163503102
1459,97,14.42,8.565,167.738,17.263,3329,149,10.008,10.394,159.35156278051926,18.48236559895833,10.97790994140625,22.12628830338542,13.322171153645833,14.24404726978226
1460,1,1.128,1.128,0.0,1.414,3337,142,135.0,1.0,1.642799616294013,1.4457772812499998,1.4457772812499998,1.8123484713541664,1.2817174479166666,1.4462638771355416
1461,1,1.128,1.128,0.0,1.414,3427,142,135.0,1.0,1.642799616294013,1.4457772812499998,1.4457772812499998,1.8123484713541664,1.2817174479166666,1.4462638771355416
1462,3,2.365,1.615,135.0,2.828,3525,142,135.0,2.0,4.928398848882039,3.0312617643229167,2.069973678385417,3.624696942708333,2.5634348958333333,2.5050025163503102
1463,9,4.534,2.528,52.628,5.0,428,146,36.87,3.536,14.785196546646118,5.811306908854166,3.2401817083333335,6.408587239583333,4.532152895833334,4.338791631406624
1464,1,1.128,1.128,0.0,1.414,509,143,135.0,1.0,1.642799616294013,1.4457772812499998,1.4457772812499998,1.8123484713541664,1.2817174479166666,1.4462638771355416
1465,83,13.412,7.88,177.95,19.235,507,156,27.897,11.963,136.35236815240307,17.190394411458335,10.099933489583332,24.653835110677083,15.333185829427082,13.17609099055906
1466,18,7.539,3.04,71.024,8.544,569,151,69.444,3.881,29.570393093292235,9.662867839843749,3.8964210416666667,10.950993875,4.974345415364583,6.135977969446135
1467,8,4.013,2.538,175.862,5.099,578,143,168.69,3.0,13.142396930352104,5.143532118489583,3.2529988828125,6.535477266927083,3.8451523437499997,4.090651979630757
1468,19,8.544,2.832,130.718,10.817,721,143,123.69,4.609,31.21319270958625,10.950993875,3.6298238124999997,13.864337634114584,5.907435717447917,6.304118086127151
1469,1,1.128,1.128,0.0,1.414,925,143,135.0,1.0,1.642799616294013,1.4457772812499998,1.4457772812499998,1.8123484713541664,1.2817174479166666,1.4462638771355416
1470,1,1.128,1.128,0.0,1.414,1159,143,135.0,1.0,1.642799616294013,1.4457772812499998,1.4457772812499998,1.8123484713541664,1.2817174479166666,1.4462638771355416
1471,2,2.257,1.128,0.0,2.236,3181,143,153.435,1.0,3.285599232588026,2.892836279947917,1.4457772812499998,2.865920213541667,1.2817174479166666,2.0453259898153786
1472,1,1.128,1.128,0.0,1.414,3262,143,135.0,1.0,1.642799616294013,1.4457772812499998,1.4457772812499998,1.8123484713541664,1.2817174479166666,1.4462638771355416
1473,3,3.385,1.128,0.0,3.162,3317,143,161.565,1.0,4.928398848882039,4.338613561197916,1.4457772812499998,4.0527905703125,1.2817174479166666,2.5050025163503102
1474,1,1.128,1.128,0.0,1.414,3327,143,135.0,1.0,1.642799616294013,1.4457772812499998,1.4457772812499998,1.8123484713541664,1.2817174479166666,1.4462638771355416
1475,1,1.128,1.128,0.0,1.414,3353,143,135.0,1.0,1.642799616294013,1.4457772812499998,1.4457772812499998,1.8123484713541664,1.2817174479166666,1.4462638771355416
1476,9,5.229,2.191,94.731,5.385,3372,143,111.801,2.0,14.785196546646118,6.70210053515625,2.8082429283854164,6.90204845703125,2.5634348958333333,4.338791631406624
1477,12,7.73,1.977,167.886,8.544,3402,143,159.444,2.942,19.713595395528156,9.907675872395833,2.53395539453125,10.950993875,3.7708127317708335,5.0100050327006205
1478,16,5.053,4.032,45.895,7.071,3430,148,45.0,4.95,26.28479386070421,6.476518264322917,5.16788475,9.063024074218749,6.3445013671875,5.785055508542166
1479,7,4.154,2.146,8.35,4.472,3445,145,26.565,2.0,11.499597314058091,5.324254278645833,2.7505656432291663,5.731840427083334,2.5634348958333333,3.826454549076717
1480,1,1.128,1.128,0.0,1.414,485,144,135.0,1.0,1.642799616294013,1.4457772812499998,1.4457772812499998,1.8123484713541664,1.2817174479166666,1.4462638771355416
1481,9,4.333,2.645,45.0,5.0,597,148,36.87,3.536,14.785196546646118,5.553681701822917,3.3901426497395835,6.408587239583333,4.532152895833334,4.338791631406624
1482,1,1.128,1.128,0.0,1.414,674,144,135.0,1.0,1.642799616294013,1.4457772812499998,1.4457772812499998,1.8123484713541664,1.2817174479166666,1.4462638771355416
1483,1,1.128,1.128,0.0,1.414,755,144,135.0,1.0,1.642799616294013,1.4457772812499998,1.4457772812499998,1.8123484713541664,1.2817174479166666,1.4462638771355416
1484,4,2.257,2.257,0.0,2.828,870,144,135.0,2.0,6.571198465176052,2.892836279947917,2.892836279947917,3.624696942708333,2.5634348958333333,2.892527754271083
1485,2,2.596,0.981,45.0,2.828,922,146,45.0,1.414,3.285599232588026,3.327338494791667,1.2573648164062499,3.624696942708333,1.8123484713541664,2.0453259898153786
1486,72,13.612,6.735,72.832,16.553,3268,159,64.983,9.0,118.28157237316894,17.446737901041665,8.63236701171875,21.216268915364584,11.535457031249999,12.27195593889227
1487,7,4.647,1.918,85.692,5.099,3279,144,101.31,2.0,11.499597314058091,5.95614098046875,2.4583340651041667,6.535477266927083,2.5634348958333333,3.826454549076717
1488,2,2.257,1.128,90.0,2.236,3376,144,116.565,1.0,3.285599232588026,2.892836279947917,1.4457772812499998,2.865920213541667,1.2817174479166666,2.0453259898153786
1489,16,7.791,2.615,50.021,9.22,3382,151,49.399,4.061,26.28479386070421,9.98586063671875,3.3516911263020837,11.817434869791667,5.205054555989583,5.785055508542166
1490,339,25.929,16.647,94.363,38.079,3451,145,113.199,25.902,556.9090699236705,33.23365170703125,21.336750355468748,48.80651869921875,33.1990453359375,26.628542010071012
1491,13,5.355,3.091,171.74,6.325,557,146,161.565,4.0,21.35639501182217,6.86359693359375,3.9617886315104167,8.106862858072917,5.126869791666667,5.214578566863546
1492,2,2.257,1.128,0.0,2.236,564,145,153.435,1.0,3.285599232588026,2.892836279947917,1.4457772812499998,2.865920213541667,1.2817174479166666,2.0453259898153786
1493,2,2.257,1.128,0.0,2.236,832,145,153.435,1.0,3.285599232588026,2.892836279947917,1.4457772812499998,2.865920213541667,1.2817174479166666,2.0453259898153786
1494,2,2.257,1.128,0.0,2.236,3266,145,153.435,1.0,3.285599232588026,2.892836279947917,1.4457772812499998,2.865920213541667,1.2817174479166666,2.0453259898153786
1495,5,3.244,1.963,90.0,3.606,3355,145,123.69,2.0,8.213998081470065,4.157891401041667,2.516011350260417,4.6218731171875,2.5634348958333333,3.2339443426774745
1496,1,1.128,1.128,0.0,1.414,3360,145,135.0,1.0,1.642799616294013,1.4457772812499998,1.4457772812499998,1.8123484713541664,1.2817174479166666,1.4462638771355416
1497,20,5.919,4.302,0.753,8.544,3413,150,20.556,6.364,32.85599232588026,7.58648557421875,5.5139484609375,10.950993875,8.156849838541666,6.467888685354949
1498,2,2.257,1.128,90.0,2.236,425,146,116.565,1.0,3.285599232588026,2.892836279947917,1.4457772812499998,2.865920213541667,1.2817174479166666,2.0453259898153786
1499,3,2.365,1.615,135.0,2.828,465,146,135.0,2.0,4.928398848882039,3.0312617643229167,2.069973678385417,3.624696942708333,2.5634348958333333,2.5050025163503102
1500,7,4.154,2.146,81.65,4.472,582,150,63.435,2.0,11.499597314058091,5.324254278645833,2.7505656432291663,5.731840427083334,2.5634348958333333,3.826454549076717
1501,12,5.648,2.705,68.36,6.708,647,152,63.435,4.0,19.713595395528156,7.239140145833333,3.4670456966145835,8.597760640625,5.126869791666667,5.0100050327006205
1502,1,1.128,1.128,0.0,1.414,673,146,135.0,1.0,1.642799616294013,1.4457772812499998,1.4457772812499998,1.8123484713541664,1.2817174479166666,1.4462638771355416
1503,1,1.128,1.128,0.0,1.414,706,146,135.0,1.0,1.642799616294013,1.4457772812499998,1.4457772812499998,1.8123484713541664,1.2817174479166666,1.4462638771355416
1504,2,2.596,0.981,135.0,2.828,1011,146,135.0,1.414,3.285599232588026,3.327338494791667,1.2573648164062499,3.624696942708333,1.8123484713541664,2.0453259898153786
1505,5,3.732,1.706,5.152,4.123,3315,147,165.964,2.0,8.213998081470065,4.783369515625,2.1866099661458334,5.284521037760417,2.5634348958333333,3.2339443426774745
1506,3,2.365,1.615,45.0,2.828,3378,148,45.0,2.0,4.928398848882039,3.0312617643229167,2.069973678385417,3.624696942708333,2.5634348958333333,2.5050025163503102
1507,37,8.789,5.36,97.786,11.402,3399,146,105.255,7.0,60.783585802878484,11.265014649739582,6.870005520833334,14.614142341145833,8.972022135416667,8.7972797207639
1508,1,1.128,1.128,0.0,1.414,409,147,135.0,1.0,1.642799616294013,1.4457772812499998,1.4457772812499998,1.8123484713541664,1.2817174479166666,1.4462638771355416
1509,1,1.128,1.128,0.0,1.414,468,147,135.0,1.0,1.642799616294013,1.4457772812499998,1.4457772812499998,1.8123484713541664,1.2817174479166666,1.4462638771355416
1510,6,3.479,2.196,65.817,4.472,675,151,63.435,2.846,9.856797697764078,4.459095001302083,2.814651515625,5.731840427083334,3.6477678567708334,3.5426085324013394
1511,1,1.128,1.128,0.0,1.414,897,147,135.0,1.0,1.642799616294013,1.4457772812499998,1.4457772812499998,1.8123484713541664,1.2817174479166666,1.4462638771355416
1512,3,3.385,1.128,90.0,3.162,923,147,108.435,1.0,4.928398848882039,4.338613561197916,1.4457772812499998,4.0527905703125,1.2817174479166666,2.5050025163503102
1513,1,1.128,1.128,0.0,1.414,1118,147,135.0,1.0,1.642799616294013,1.4457772812499998,1.4457772812499998,1.8123484713541664,1.2817174479166666,1.4462638771355416
1514,1,1.128,1.128,0.0,1.414,1121,147,135.0,1.0,1.642799616294013,1.4457772812499998,1.4457772812499998,1.8123484713541664,1.2817174479166666,1.4462638771355416
1515,2,2.257,1.128,90.0,2.236,3353,147,116.565,1.0,3.285599232588026,2.892836279947917,1.4457772812499998,2.865920213541667,1.2817174479166666,2.0453259898153786
1516,1,1.128,1.128,0.0,1.414,3535,147,135.0,1.0,1.642799616294013,1.4457772812499998,1.4457772812499998,1.8123484713541664,1.2817174479166666,1.4462638771355416
1517,1,1.128,1.128,0.0,1.414,551,148,135.0,1.0,1.642799616294013,1.4457772812499998,1.4457772812499998,1.8123484713541664,1.2817174479166666,1.4462638771355416
1518,181,18.217,12.65,25.948,27.203,586,162,17.103,15.836,297.3467305492164,23.349046748697916,16.213725716145834,34.86655973567708,20.297277505208335,19.45749047584478
1519,3,2.365,1.615,45.0,2.828,774,150,45.0,2.0,4.928398848882039,3.0312617643229167,2.069973678385417,3.624696942708333,2.5634348958333333,2.5050025163503102
1520,4,3.192,1.596,71.565,3.606,760,152,56.31,2.0,6.571198465176052,4.09124209375,2.045621046875,4.6218731171875,2.5634348958333333,2.892527754271083
1521,2,2.257,1.128,0.0,2.236,814,149,153.435,1.0,3.285599232588026,2.892836279947917,1.4457772812499998,2.865920213541667,1.2817174479166666,2.0453259898153786
1522,13,6.722,2.462,89.223,7.28,916,156,74.055,3.0,21.35639501182217,8.615704684895833,3.1555883567708336,9.330903020833334,3.8451523437499997,5.214578566863546
1523,1,1.128,1.128,0.0,1.414,3255,149,135.0,1.0,1.642799616294013,1.4457772812499998,1.4457772812499998,1.8123484713541664,1.2817174479166666,1.4462638771355416
1524,5,3.144,2.025,71.565,3.606,3316,152,56.31,2.0,8.213998081470065,4.02971965625,2.59547783203125,4.6218731171875,2.5634348958333333,3.2339443426774745
1525,1,1.128,1.128,0.0,1.414,3377,149,135.0,1.0,1.642799616294013,1.4457772812499998,1.4457772812499998,1.8123484713541664,1.2817174479166666,1.4462638771355416
1526,81,13.052,7.902,167.952,15.232,532,152,156.801,9.61,133.06676891981505,16.728976130208334,10.1281312734375,19.523120166666665,12.317304674479166,13.016374894219874
1527,36,8.792,5.213,81.57,9.434,548,158,57.995,6.0,59.14078618658447,11.268859802083332,6.681593055989583,12.091722403645832,7.690304687499999,8.677583262813249
1528,2,2.257,1.128,90.0,2.236,653,150,116.565,1.0,3.285599232588026,2.892836279947917,1.4457772812499998,2.865920213541667,1.2817174479166666,2.0453259898153786
1529,15,5.615,3.401,127.238,6.403,666,150,128.66,4.0,24.641994244410196,7.196843470052084,4.359121040364583,8.206836819010416,5.126869791666667,5.601355910367322
1530,1,1.128,1.128,0.0,1.414,913,150,135.0,1.0,1.642799616294013,1.4457772812499998,1.4457772812499998,1.8123484713541664,1.2817174479166666,1.4462638771355416
1531,5,3.144,2.025,161.565,3.606,3362,150,146.31,2.0,8.213998081470065,4.02971965625,2.59547783203125,4.6218731171875,2.5634348958333333,3.2339443426774745
1532,2,2.257,1.128,90.0,2.236,3405,150,116.565,1.0,3.285599232588026,2.892836279947917,1.4457772812499998,2.865920213541667,1.2817174479166666,2.0453259898153786
1533,4,4.514,1.128,90.0,4.123,3409,150,104.036,1.0,6.571198465176052,5.785672559895834,1.4457772812499998,5.284521037760417,1.2817174479166666,2.892527754271083
1534,6,3.416,2.236,90.0,4.123,467,151,104.036,3.0,9.856797697764078,4.378346802083333,2.865920213541667,5.284521037760417,3.8451523437499997,3.5426085324013394
1535,1,1.128,1.128,0.0,1.414,555,151,135.0,1.0,1.642799616294013,1.4457772812499998,1.4457772812499998,1.8123484713541664,1.2817174479166666,1.4462638771355416
1536,1,1.128,1.128,0.0,1.414,579,151,135.0,1.0,1.642799616294013,1.4457772812499998,1.4457772812499998,1.8123484713541664,1.2817174479166666,1.4462638771355416
1537,2,2.257,1.128,90.0,2.236,631,151,116.565,1.0,3.285599232588026,2.892836279947917,1.4457772812499998,2.865920213541667,1.2817174479166666,2.0453259898153786
1538,2,2.257,1.128,90.0,2.236,3443,151,116.565,1.0,3.285599232588026,2.892836279947917,1.4457772812499998,2.865920213541667,1.2817174479166666,2.0453259898153786
1539,1,1.128,1.128,0.0,1.414,3518,151,135.0,1.0,1.642799616294013,1.4457772812499998,1.4457772812499998,1.8123484713541664,1.2817174479166666,1.4462638771355416
1540,8,3.726,2.734,0.0,4.472,736,152,153.435,3.0,13.142396930352104,4.7756792109375,3.5042155026041666,5.731840427083334,3.8451523437499997,4.090651979630757
1541,2,2.257,1.128,0.0,2.236,750,152,153.435,1.0,3.285599232588026,2.892836279947917,1.4457772812499998,2.865920213541667,1.2817174479166666,2.0453259898153786
1542,6,4.289,1.781,45.0,5.657,750,156,45.0,2.828,9.856797697764078,5.4972861341145824,2.2827387747395833,7.250675602864583,3.624696942708333,3.5426085324013394
1543,1,1.128,1.128,0.0,1.414,3278,152,135.0,1.0,1.642799616294013,1.4457772812499998,1.4457772812499998,1.8123484713541664,1.2817174479166666,1.4462638771355416
1544,2,2.257,1.128,90.0,2.236,3407,152,116.565,1.0,3.285599232588026,2.892836279947917,1.4457772812499998,2.865920213541667,1.2817174479166666,2.0453259898153786
1545,1,1.128,1.128,0.0,1.414,565,153,135.0,1.0,1.642799616294013,1.4457772812499998,1.4457772812499998,1.8123484713541664,1.2817174479166666,1.4462638771355416
1546,2,2.257,1.128,90.0,2.236,635,153,116.565,1.0,3.285599232588026,2.892836279947917,1.4457772812499998,2.865920213541667,1.2817174479166666,2.0453259898153786
1547,1,1.128,1.128,0.0,1.414,3281,153,135.0,1.0,1.642799616294013,1.4457772812499998,1.4457772812499998,1.8123484713541664,1.2817174479166666,1.4462638771355416
1548,1,1.128,1.128,0.0,1.414,3329,153,135.0,1.0,1.642799616294013,1.4457772812499998,1.4457772812499998,1.8123484713541664,1.2817174479166666,1.4462638771355416
1549,35,10.654,4.183,59.672,11.662,510,164,59.036,5.814,57.49798657029046,13.655417690104166,5.361424084635416,14.947388877604167,7.4519052421875,8.556212484548844
1550,1,1.128,1.128,0.0,1.414,628,154,135.0,1.0,1.642799616294013,1.4457772812499998,1.4457772812499998,1.8123484713541664,1.2817174479166666,1.4462638771355416
1551,6,3.489,2.19,135.0,4.243,989,154,135.0,2.828,9.856797697764078,4.47191217578125,2.8069612109374997,5.438327131510417,3.624696942708333,3.5426085324013394
1552,9,4.333,2.645,135.0,5.0,3344,154,126.87,3.536,14.785196546646118,5.553681701822917,3.3901426497395835,6.408587239583333,4.532152895833334,4.338791631406624
1553,63,10.96,7.319,172.334,13.038,3460,159,175.601,10.0,103.49637582652282,14.047623229166668,9.380890001302083,16.7110320859375,12.817174479166667,11.47936364723015
1554,6,2.93,2.607,63.435,3.606,655,155,123.69,3.0,9.856797697764078,3.7554321223958333,3.3414373867187503,4.6218731171875,3.8451523437499997,3.5426085324013394
1555,4,2.257,2.257,0.0,2.828,3304,155,135.0,2.0,6.571198465176052,2.892836279947917,2.892836279947917,3.624696942708333,2.5634348958333333,2.892527754271083
1556,1,1.128,1.128,0.0,1.414,349,156,135.0,1.0,1.642799616294013,1.4457772812499998,1.4457772812499998,1.8123484713541664,1.2817174479166666,1.4462638771355416
1557,2,2.257,1.128,0.0,2.236,522,156,153.435,1.0,3.285599232588026,2.892836279947917,1.4457772812499998,2.865920213541667,1.2817174479166666,2.0453259898153786
1558,9,5.231,2.191,103.283,6.325,583,156,108.435,2.91,14.785196546646118,6.704663970052083,2.8082429283854164,8.106862858072917,3.7297977734375003,4.338791631406624
1559,23,8.65,3.385,33.946,9.434,612,162,32.005,4.919,37.7843911747623,11.086855924479167,4.338613561197916,12.091722403645832,6.304768126302083,6.936037892995103
1560,48,10.003,6.11,82.452,13.153,628,169,81.254,8.0,78.85438158211262,12.821019631510417,7.831293606770833,16.858429592447916,10.253739583333333,10.020010065401241
1561,6,3.385,2.257,0.0,3.606,658,156,146.31,2.0,9.856797697764078,4.338613561197916,2.892836279947917,4.6218731171875,2.5634348958333333,3.5426085324013394
1562,13,6.344,2.609,178.685,6.325,676,156,161.565,3.0,21.35639501182217,8.131215489583333,3.3440008216145833,8.106862858072917,3.8451523437499997,5.214578566863546
1563,7,4.647,1.918,94.308,5.099,685,156,101.31,2.0,11.499597314058091,5.95614098046875,2.4583340651041667,6.535477266927083,2.5634348958333333,3.826454549076717
1564,4,2.257,2.257,0.0,2.828,706,156,135.0,2.0,6.571198465176052,2.892836279947917,2.892836279947917,3.624696942708333,2.5634348958333333,2.892527754271083
1565,1,1.128,1.128,0.0,1.414,3127,156,135.0,1.0,1.642799616294013,1.4457772812499998,1.4457772812499998,1.8123484713541664,1.2817174479166666,1.4462638771355416
1566,7,4.154,2.146,171.65,4.472,3414,156,153.435,2.0,11.499597314058091,5.324254278645833,2.7505656432291663,5.731840427083334,2.5634348958333333,3.826454549076717
1567,1,1.128,1.128,0.0,1.414,3519,156,135.0,1.0,1.642799616294013,1.4457772812499998,1.4457772812499998,1.8123484713541664,1.2817174479166666,1.4462638771355416
1568,13,4.429,3.737,134.403,5.831,419,157,120.964,5.0,21.35639501182217,5.676726576822917,4.789778102864584,7.473694438802084,6.408587239583333,5.214578566863546
1569,1,1.128,1.128,0.0,1.414,699,157,135.0,1.0,1.642799616294013,1.4457772812499998,1.4457772812499998,1.8123484713541664,1.2817174479166666,1.4462638771355416
1570,1,1.128,1.128,0.0,1.414,753,157,135.0,1.0,1.642799616294013,1.4457772812499998,1.4457772812499998,1.8123484713541664,1.2817174479166666,1.4462638771355416
1571,1,1.128,1.128,0.0,1.414,903,157,135.0,1.0,1.642799616294013,1.4457772812499998,1.4457772812499998,1.8123484713541664,1.2817174479166666,1.4462638771355416
1572,1,1.128,1.128,0.0,1.414,938,157,135.0,1.0,1.642799616294013,1.4457772812499998,1.4457772812499998,1.8123484713541664,1.2817174479166666,1.4462638771355416
1573,1,1.128,1.128,0.0,1.414,982,157,135.0,1.0,1.642799616294013,1.4457772812499998,1.4457772812499998,1.8123484713541664,1.2817174479166666,1.4462638771355416
1574,10,4.934,2.581,59.125,5.831,3242,162,59.036,3.578,16.42799616294013,6.3239938880208335,3.3081127330729165,7.473694438802084,4.585985028645833,4.573487949374228
1575,1,1.128,1.128,0.0,1.414,3282,157,135.0,1.0,1.642799616294013,1.4457772812499998,1.4457772812499998,1.8123484713541664,1.2817174479166666,1.4462638771355416
1576,1,1.128,1.128,0.0,1.414,3371,157,135.0,1.0,1.642799616294013,1.4457772812499998,1.4457772812499998,1.8123484713541664,1.2817174479166666,1.4462638771355416
1577,4,3.589,1.419,45.0,4.243,3589,160,45.0,2.121,6.571198465176052,4.600083920572916,1.81875705859375,5.438327131510417,2.71852270703125,2.892527754271083
1578,2,2.257,1.128,0.0,2.236,459,158,153.435,1.0,3.285599232588026,2.892836279947917,1.4457772812499998,2.865920213541667,1.2817174479166666,2.0453259898153786
1579,9,4.964,2.308,130.429,6.403,522,158,128.66,3.536,14.785196546646118,6.362445411458333,2.9582038697916664,8.206836819010416,4.532152895833334,4.338791631406624
1580,6,4.134,1.848,77.067,4.472,578,162,63.435,2.0,9.856797697764078,5.298619929687501,2.36861384375,5.731840427083334,2.5634348958333333,3.5426085324013394
1581,4,2.257,2.257,0.0,2.828,636,158,135.0,2.0,6.571198465176052,2.892836279947917,2.892836279947917,3.624696942708333,2.5634348958333333,2.892527754271083
1582,16,5.416,3.761,78.07,7.211,642,164,56.31,4.0,26.28479386070421,6.941781697916667,4.820539321614583,9.242464516927084,5.126869791666667,5.785055508542166
1583,8,4.429,2.3,35.538,5.0,988,162,36.87,3.051,13.142396930352104,5.676726576822917,2.947950130208333,6.408587239583333,3.91051993359375,4.090651979630757
1584,4,2.257,2.257,0.0,2.828,3358,158,135.0,2.0,6.571198465176052,2.892836279947917,2.892836279947917,3.624696942708333,2.5634348958333333,2.892527754271083
1585,5,3.144,2.025,18.435,3.606,3380,160,33.69,2.0,8.213998081470065,4.02971965625,2.59547783203125,4.6218731171875,2.5634348958333333,3.2339443426774745
1586,12,5.428,2.815,121.619,6.403,3422,158,128.66,3.795,19.713595395528156,6.957162307291666,3.6080346158854164,8.206836819010416,4.86411771484375,5.0100050327006205
1587,2,2.257,1.128,0.0,2.236,463,159,153.435,1.0,3.285599232588026,2.892836279947917,1.4457772812499998,2.865920213541667,1.2817174479166666,2.0453259898153786
1588,1,1.128,1.128,0.0,1.414,543,159,135.0,1.0,1.642799616294013,1.4457772812499998,1.4457772812499998,1.8123484713541664,1.2817174479166666,1.4462638771355416
1589,1,1.128,1.128,0.0,1.414,698,159,135.0,1.0,1.642799616294013,1.4457772812499998,1.4457772812499998,1.8123484713541664,1.2817174479166666,1.4462638771355416
1590,1,1.128,1.128,0.0,1.414,939,159,135.0,1.0,1.642799616294013,1.4457772812499998,1.4457772812499998,1.8123484713541664,1.2817174479166666,1.4462638771355416
1591,1,1.128,1.128,0.0,1.414,986,159,135.0,1.0,1.642799616294013,1.4457772812499998,1.4457772812499998,1.8123484713541664,1.2817174479166666,1.4462638771355416
1592,26,9.729,3.402,113.508,11.662,3364,159,120.964,4.851,42.71279002364434,12.469829050781248,4.3604027578125,14.947388877604167,6.21761133984375,7.374527731318484
1593,1,1.128,1.128,0.0,1.414,3375,159,135.0,1.0,1.642799616294013,1.4457772812499998,1.4457772812499998,1.8123484713541664,1.2817174479166666,1.4462638771355416
1594,2,2.257,1.128,0.0,2.236,3415,159,153.435,1.0,3.285599232588026,2.892836279947917,1.4457772812499998,2.865920213541667,1.2817174479166666,2.0453259898153786
1595,26,8.225,4.025,102.008,10.198,541,160,101.31,5.821,42.71279002364434,10.542126009114583,5.158912727864584,13.070954533854167,7.460877264322916,7.374527731318484
1596,1,1.128,1.128,0.0,1.414,639,160,135.0,1.0,1.642799616294013,1.4457772812499998,1.4457772812499998,1.8123484713541664,1.2817174479166666,1.4462638771355416
1597,2,2.596,0.981,45.0,2.828,826,162,45.0,1.414,3.285599232588026,3.327338494791667,1.2573648164062499,3.624696942708333,1.8123484713541664,2.0453259898153786
1598,1,1.128,1.128,0.0,1.414,3309,160,135.0,1.0,1.642799616294013,1.4457772812499998,1.4457772812499998,1.8123484713541664,1.2817174479166666,1.4462638771355416
1599,7,4.134,2.156,62.769,5.0,3393,164,53.13,3.0,11.499597314058091,5.298619929687501,2.7633828177083335,6.408587239583333,3.8451523437499997,3.826454549076717
1600,32,9.078,4.488,100.528,10.77,3420,160,111.801,5.0,52.56958772140842,11.6354309921875,5.752347906250001,13.8040969140625,6.408587239583333,8.181303959261514
1601,2,2.257,1.128,90.0,2.236,0,161,116.565,1.0,3.285599232588026,2.892836279947917,1.4457772812499998,2.865920213541667,1.2817174479166666,2.0453259898153786
1602,1,1.128,1.128,0.0,1.414,530,161,135.0,1.0,1.642799616294013,1.4457772812499998,1.4457772812499998,1.8123484713541664,1.2817174479166666,1.4462638771355416
1603,33,9.286,4.525,87.139,9.487,560,170,71.565,5.0,54.21238733770243,11.902028221354167,5.799771451822917,12.159653428385417,6.408587239583333,8.308153445630097
1604,1,1.128,1.128,0.0,1.414,718,161,135.0,1.0,1.642799616294013,1.4457772812499998,1.4457772812499998,1.8123484713541664,1.2817174479166666,1.4462638771355416
1605,2,2.596,0.981,135.0,2.828,820,161,135.0,1.414,3.285599232588026,3.327338494791667,1.2573648164062499,3.624696942708333,1.8123484713541664,2.0453259898153786
1606,2,2.257,1.128,0.0,2.236,946,161,153.435,1.0,3.285599232588026,2.892836279947917,1.4457772812499998,2.865920213541667,1.2817174479166666,2.0453259898153786
1607,27,7.109,4.836,132.034,9.899,1162,161,135.0,6.8,44.35558963993835,9.111729337239582,6.198385578125,12.687721016927082,8.715678645833332,7.515007549050931
1608,5,3.998,1.592,36.323,5.0,3294,164,36.87,2.496,8.213998081470065,5.124306356770833,2.0404941770833336,6.408587239583333,3.19916675,3.2339443426774745
1609,2,2.257,1.128,0.0,2.236,3345,161,153.435,1.0,3.285599232588026,2.892836279947917,1.4457772812499998,2.865920213541667,1.2817174479166666,2.0453259898153786
1610,1,1.128,1.128,0.0,1.414,3382,161,135.0,1.0,1.642799616294013,1.4457772812499998,1.4457772812499998,1.8123484713541664,1.2817174479166666,1.4462638771355416
1611,19,6.286,3.849,116.208,8.602,3412,161,125.538,5.659,31.21319270958625,8.056875877604165,4.93333045703125,11.025333486979166,7.253239037760416,6.304118086127151
1612,1,1.128,1.128,0.0,1.414,3483,161,135.0,1.0,1.642799616294013,1.4457772812499998,1.4457772812499998,1.8123484713541664,1.2817174479166666,1.4462638771355416
1613,1,1.128,1.128,0.0,1.414,3538,161,135.0,1.0,1.642799616294013,1.4457772812499998,1.4457772812499998,1.8123484713541664,1.2817174479166666,1.4462638771355416
1614,4,3.216,1.583,121.717,3.606,402,162,123.69,2.0,6.571198465176052,4.1220033125,2.028958720052083,4.6218731171875,2.5634348958333333,2.892527754271083
1615,3,2.365,1.615,135.0,2.828,461,162,135.0,2.0,4.928398848882039,3.0312617643229167,2.069973678385417,3.624696942708333,2.5634348958333333,2.5050025163503102
1616,13,6.121,2.704,121.109,7.211,479,162,123.69,4.243,21.35639501182217,7.845392498697917,3.465763979166667,9.242464516927084,5.438327131510417,5.214578566863546
1617,1,1.128,1.128,0.0,1.414,527,162,135.0,1.0,1.642799616294013,1.4457772812499998,1.4457772812499998,1.8123484713541664,1.2817174479166666,1.4462638771355416
1618,48,9.346,6.539,75.688,10.817,664,171,56.31,8.0,78.85438158211262,11.978931268229166,8.381150391927083,13.864337634114584,10.253739583333333,10.020010065401241
1619,1,1.128,1.128,0.0,1.414,773,162,135.0,1.0,1.642799616294013,1.4457772812499998,1.4457772812499998,1.8123484713541664,1.2817174479166666,1.4462638771355416
1620,4,3.216,1.583,31.717,3.606,807,164,33.69,2.0,6.571198465176052,4.1220033125,2.028958720052083,4.6218731171875,2.5634348958333333,2.892527754271083
1621,3,2.365,1.615,45.0,2.828,3429,164,45.0,2.0,4.928398848882039,3.0312617643229167,2.069973678385417,3.624696942708333,2.5634348958333333,2.5050025163503102
1622,1,1.128,1.128,0.0,1.414,4,163,135.0,1.0,1.642799616294013,1.4457772812499998,1.4457772812499998,1.8123484713541664,1.2817174479166666,1.4462638771355416
1623,1,1.128,1.128,0.0,1.414,566,163,135.0,1.0,1.642799616294013,1.4457772812499998,1.4457772812499998,1.8123484713541664,1.2817174479166666,1.4462638771355416
1624,2,2.596,0.981,135.0,2.828,588,163,135.0,1.414,3.285599232588026,3.327338494791667,1.2573648164062499,3.624696942708333,1.8123484713541664,2.0453259898153786
1625,1,1.128,1.128,0.0,1.414,719,163,135.0,1.0,1.642799616294013,1.4457772812499998,1.4457772812499998,1.8123484713541664,1.2817174479166666,1.4462638771355416
1626,3,3.213,1.189,61.845,3.606,742,166,56.31,1.789,4.928398848882039,4.11815816015625,1.5239620455729168,4.6218731171875,2.2929925143229166,2.5050025163503102
1627,1,1.128,1.128,0.0,1.414,793,163,135.0,1.0,1.642799616294013,1.4457772812499998,1.4457772812499998,1.8123484713541664,1.2817174479166666,1.4462638771355416
1628,2,2.257,1.128,0.0,2.236,823,163,153.435,1.0,3.285599232588026,2.892836279947917,1.4457772812499998,2.865920213541667,1.2817174479166666,2.0453259898153786
1629,1,1.128,1.128,0.0,1.414,879,163,135.0,1.0,1.642799616294013,1.4457772812499998,1.4457772812499998,1.8123484713541664,1.2817174479166666,1.4462638771355416
1630,1,1.128,1.128,0.0,1.414,3230,163,135.0,1.0,1.642799616294013,1.4457772812499998,1.4457772812499998,1.8123484713541664,1.2817174479166666,1.4462638771355416
1631,2,2.596,0.981,45.0,2.828,3297,165,45.0,1.414,3.285599232588026,3.327338494791667,1.2573648164062499,3.624696942708333,1.8123484713541664,2.0453259898153786
1632,1,1.128,1.128,0.0,1.414,3323,163,135.0,1.0,1.642799616294013,1.4457772812499998,1.4457772812499998,1.8123484713541664,1.2817174479166666,1.4462638771355416
1633,4,2.257,2.257,0.0,2.828,3348,163,135.0,2.0,6.571198465176052,2.892836279947917,2.892836279947917,3.624696942708333,2.5634348958333333,2.892527754271083
1634,3,2.365,1.615,45.0,2.828,3371,165,45.0,2.0,4.928398848882039,3.0312617643229167,2.069973678385417,3.624696942708333,2.5634348958333333,2.5050025163503102
1635,1,1.128,1.128,0.0,1.414,3591,163,135.0,1.0,1.642799616294013,1.4457772812499998,1.4457772812499998,1.8123484713541664,1.2817174479166666,1.4462638771355416
1636,3,2.365,1.615,45.0,2.828,534,166,45.0,2.0,4.928398848882039,3.0312617643229167,2.069973678385417,3.624696942708333,2.5634348958333333,2.5050025163503102
1637,17,7.499,2.886,42.801,8.485,706,170,45.0,4.16,27.927593476998222,9.611599141927083,3.6990365546875,10.875372545572915,5.331944583333334,5.963098727945161
1638,2,2.257,1.128,90.0,2.236,721,164,116.565,1.0,3.285599232588026,2.892836279947917,1.4457772812499998,2.865920213541667,1.2817174479166666,2.0453259898153786
1639,6,3.718,2.055,53.13,4.243,783,167,45.0,2.683,9.856797697764078,4.765425471354167,2.63392935546875,5.438327131510417,3.4388479127604166,3.5426085324013394
1640,2,2.596,0.981,45.0,2.828,3312,166,45.0,1.414,3.285599232588026,3.327338494791667,1.2573648164062499,3.624696942708333,1.8123484713541664,2.0453259898153786
1641,2,2.596,0.981,45.0,2.828,429,167,45.0,1.414,3.285599232588026,3.327338494791667,1.2573648164062499,3.624696942708333,1.8123484713541664,2.0453259898153786
1642,1,1.128,1.128,0.0,1.414,547,165,135.0,1.0,1.642799616294013,1.4457772812499998,1.4457772812499998,1.8123484713541664,1.2817174479166666,1.4462638771355416
1643,2,2.257,1.128,90.0,2.236,571,165,116.565,1.0,3.285599232588026,2.892836279947917,1.4457772812499998,2.865920213541667,1.2817174479166666,2.0453259898153786
1644,37,8.785,5.363,63.959,11.705,737,176,70.017,8.0,60.783585802878484,11.259887779947917,6.873850673177084,15.002502727864583,10.253739583333333,8.7972797207639
1645,5,3.144,2.025,18.435,3.606,915,167,33.69,2.0,8.213998081470065,4.02971965625,2.59547783203125,4.6218731171875,2.5634348958333333,3.2339443426774745
1646,1,1.128,1.128,0.0,1.414,3259,165,135.0,1.0,1.642799616294013,1.4457772812499998,1.4457772812499998,1.8123484713541664,1.2817174479166666,1.4462638771355416
1647,10,5.12,2.487,102.222,5.831,3361,165,120.964,3.0,16.42799616294013,6.5623933333333335,3.1876312929687503,7.473694438802084,3.8451523437499997,4.573487949374228
1648,1,1.128,1.128,0.0,1.414,425,166,135.0,1.0,1.642799616294013,1.4457772812499998,1.4457772812499998,1.8123484713541664,1.2817174479166666,1.4462638771355416
1649,136,15.6,11.1,110.304,18.974,490,184,71.565,14.266,223.42074781598578,19.9947921875,14.227063671875,24.319306856770833,18.284981111979167,16.866190189659594
1650,10,4.158,3.062,50.194,5.0,602,169,36.87,3.883,16.42799616294013,5.3293811484375,3.924618825520833,6.408587239583333,4.976908850260417,4.573487949374228
1651,15,5.093,3.75,22.079,5.831,607,169,30.964,4.0,24.641994244410196,6.527786962239583,4.8064404296875,7.473694438802084,5.126869791666667,5.601355910367322
1652,46,10.806,5.42,26.21,14.866,638,176,19.654,9.012,75.5687823495246,13.850238742187498,6.946908567708333,19.054011580729167,11.550837640625,9.809038857407382
1653,2,2.257,1.128,90.0,2.236,904,166,116.565,1.0,3.285599232588026,2.892836279947917,1.4457772812499998,2.865920213541667,1.2817174479166666,2.0453259898153786
1654,2,2.257,1.128,90.0,2.236,912,166,116.565,1.0,3.285599232588026,2.892836279947917,1.4457772812499998,2.865920213541667,1.2817174479166666,2.0453259898153786
1655,1,1.128,1.128,0.0,1.414,927,166,135.0,1.0,1.642799616294013,1.4457772812499998,1.4457772812499998,1.8123484713541664,1.2817174479166666,1.4462638771355416
1656,1,1.128,1.128,0.0,1.414,957,166,135.0,1.0,1.642799616294013,1.4457772812499998,1.4457772812499998,1.8123484713541664,1.2817174479166666,1.4462638771355416
1657,2,2.257,1.128,0.0,2.236,960,166,153.435,1.0,3.285599232588026,2.892836279947917,1.4457772812499998,2.865920213541667,1.2817174479166666,2.0453259898153786
1658,1,1.128,1.128,0.0,1.414,3346,166,135.0,1.0,1.642799616294013,1.4457772812499998,1.4457772812499998,1.8123484713541664,1.2817174479166666,1.4462638771355416
1659,6,4.134,1.848,77.067,4.472,3379,170,63.435,2.0,9.856797697764078,5.298619929687501,2.36861384375,5.731840427083334,2.5634348958333333,3.5426085324013394
1660,1,1.128,1.128,0.0,1.414,3449,166,135.0,1.0,1.642799616294013,1.4457772812499998,1.4457772812499998,1.8123484713541664,1.2817174479166666,1.4462638771355416
1661,2,2.257,1.128,90.0,2.236,587,167,116.565,1.0,3.285599232588026,2.892836279947917,1.4457772812499998,2.865920213541667,1.2817174479166666,2.0453259898153786
1662,14,6.712,2.656,124.787,8.485,652,167,135.0,3.578,22.999194628116182,8.602887510416666,3.404241541666667,10.875372545572915,4.585985028645833,5.411423919108519
1663,5,3.316,1.92,135.0,4.243,796,167,135.0,2.828,8.213998081470065,4.250175057291666,2.4608974999999997,5.438327131510417,3.624696942708333,3.2339443426774745
1664,3,2.365,1.615,135.0,2.828,900,167,135.0,2.0,4.928398848882039,3.0312617643229167,2.069973678385417,3.624696942708333,2.5634348958333333,2.5050025163503102
1665,4,3.192,1.596,71.565,3.606,3202,170,56.31,2.0,6.571198465176052,4.09124209375,2.045621046875,4.6218731171875,2.5634348958333333,2.892527754271083
1666,2,2.596,0.981,135.0,2.828,3280,167,135.0,1.414,3.285599232588026,3.327338494791667,1.2573648164062499,3.624696942708333,1.8123484713541664,2.0453259898153786
1667,42,8.306,6.438,142.113,10.817,3292,168,146.31,8.384,68.99758388434854,10.645945122395831,8.2516969296875,13.864337634114584,10.745919083333334,9.372861169189449
1668,3,2.365,1.615,135.0,2.828,3332,167,135.0,2.0,4.928398848882039,3.0312617643229167,2.069973678385417,3.624696942708333,2.5634348958333333,2.5050025163503102
1669,13,4.345,3.809,166.717,5.385,3373,167,111.801,4.743,21.35639501182217,5.569062311197916,4.882061759114584,6.90204845703125,6.07918585546875,5.214578566863546
1670,16,4.808,4.237,80.41,5.831,427,173,59.036,4.0,26.28479386070421,6.162497489583333,5.430636826822917,7.473694438802084,5.126869791666667,5.785055508542166
1671,6,4.79,1.595,85.269,5.099,535,168,101.31,2.0,9.856797697764078,6.139426575520833,2.0443393294270833,6.535477266927083,2.5634348958333333,3.5426085324013394
1672,48,9.486,6.443,73.397,12.166,548,168,99.462,8.0,78.85438158211262,12.1583717109375,8.258105516927083,15.593374471354167,10.253739583333333,10.020010065401241
1673,30,7.7,4.96,172.282,11.18,672,175,26.565,7.0,49.28398848882039,9.869224348958333,6.357318541666666,14.329601067708333,8.972022135416667,7.921513496120161
1674,1,1.128,1.128,0.0,1.414,819,168,135.0,1.0,1.642799616294013,1.4457772812499998,1.4457772812499998,1.8123484713541664,1.2817174479166666,1.4462638771355416
1675,1,1.128,1.128,0.0,1.414,927,168,135.0,1.0,1.642799616294013,1.4457772812499998,1.4457772812499998,1.8123484713541664,1.2817174479166666,1.4462638771355416
1676,1,1.128,1.128,0.0,1.414,3239,168,135.0,1.0,1.642799616294013,1.4457772812499998,1.4457772812499998,1.8123484713541664,1.2817174479166666,1.4462638771355416
1677,1,1.128,1.128,0.0,1.414,3268,168,135.0,1.0,1.642799616294013,1.4457772812499998,1.4457772812499998,1.8123484713541664,1.2817174479166666,1.4462638771355416
1678,13,4.554,3.634,77.162,5.831,3350,173,59.036,4.743,21.35639501182217,5.836941257812501,4.657761205729167,7.473694438802084,6.07918585546875,5.214578566863546
1679,9,3.685,3.109,97.628,4.472,3390,168,116.565,3.0,14.785196546646118,4.723128795572917,3.9848595455729168,5.731840427083334,3.8451523437499997,4.338791631406624
1680,3,2.365,1.615,135.0,2.828,3401,168,135.0,2.0,4.928398848882039,3.0312617643229167,2.069973678385417,3.624696942708333,2.5634348958333333,2.5050025163503102
1681,1,1.128,1.128,0.0,1.414,3467,168,135.0,1.0,1.642799616294013,1.4457772812499998,1.4457772812499998,1.8123484713541664,1.2817174479166666,1.4462638771355416
1682,3,2.365,1.615,45.0,2.828,479,171,45.0,2.0,4.928398848882039,3.0312617643229167,2.069973678385417,3.624696942708333,2.5634348958333333,2.5050025163503102
1683,4,3.192,1.596,108.435,3.606,538,169,123.69,2.0,6.571198465176052,4.09124209375,2.045621046875,4.6218731171875,2.5634348958333333,2.892527754271083
1684,12,4.11,3.718,0.0,5.0,584,169,143.13,4.0,19.713595395528156,5.2678587109375,4.765425471354167,6.408587239583333,5.126869791666667,5.0100050327006205
1685,1,1.128,1.128,0.0,1.414,605,169,135.0,1.0,1.642799616294013,1.4457772812499998,1.4457772812499998,1.8123484713541664,1.2817174479166666,1.4462638771355416
1686,1,1.128,1.128,0.0,1.414,692,169,135.0,1.0,1.642799616294013,1.4457772812499998,1.4457772812499998,1.8123484713541664,1.2817174479166666,1.4462638771355416
1687,32,9.574,4.256,4.365,10.44,3408,169,163.301,5.0,52.56958772140842,12.271162846354166,5.454989458333333,13.381130156249998,6.408587239583333,8.181303959261514
1688,24,7.006,4.362,176.942,7.28,524,170,164.055,4.0,39.42719079105631,8.979712440104167,5.5908515078125,9.330903020833334,5.126869791666667,7.085217064802679
1689,21,6.162,4.339,49.466,7.211,564,176,33.69,5.657,34.49879194217427,7.8979429140625,5.5613720065104175,9.242464516927084,7.250675602864583,6.627613691853932
1690,6,3.988,1.916,161.565,4.472,598,170,153.435,2.0,9.856797697764078,5.111489182291667,2.4557706302083333,5.731840427083334,2.5634348958333333,3.5426085324013394
1691,4,4.514,1.128,90.0,4.123,3239,170,104.036,1.0,6.571198465176052,5.785672559895834,1.4457772812499998,5.284521037760417,1.2817174479166666,2.892527754271083
1692,5,3.461,1.839,45.0,4.243,3315,173,45.0,2.683,8.213998081470065,4.436024087239583,2.35707838671875,5.438327131510417,3.4388479127604166,3.2339443426774745
1693,10,5.29,2.407,156.576,5.831,3355,170,149.036,3.0,16.42799616294013,6.780285299479167,3.0850938971354167,7.473694438802084,3.8451523437499997,4.573487949374228
1694,1,1.128,1.128,0.0,1.414,553,171,135.0,1.0,1.642799616294013,1.4457772812499998,1.4457772812499998,1.8123484713541664,1.2817174479166666,1.4462638771355416
1695,1,1.128,1.128,0.0,1.414,628,171,135.0,1.0,1.642799616294013,1.4457772812499998,1.4457772812499998,1.8123484713541664,1.2817174479166666,1.4462638771355416
1696,1,1.128,1.128,0.0,1.414,818,171,135.0,1.0,1.642799616294013,1.4457772812499998,1.4457772812499998,1.8123484713541664,1.2817174479166666,1.4462638771355416
1697,1,1.128,1.128,0.0,1.414,3259,171,135.0,1.0,1.642799616294013,1.4457772812499998,1.4457772812499998,1.8123484713541664,1.2817174479166666,1.4462638771355416
1698,1,1.128,1.128,0.0,1.414,3288,171,135.0,1.0,1.642799616294013,1.4457772812499998,1.4457772812499998,1.8123484713541664,1.2817174479166666,1.4462638771355416
1699,2,2.257,1.128,0.0,2.236,3325,171,153.435,1.0,3.285599232588026,2.892836279947917,1.4457772812499998,2.865920213541667,1.2817174479166666,2.0453259898153786
1700,2,2.596,0.981,135.0,2.828,3500,171,135.0,1.414,3.285599232588026,3.327338494791667,1.2573648164062499,3.624696942708333,1.8123484713541664,2.0453259898153786
1701,1,1.128,1.128,0.0,1.414,3514,171,135.0,1.0,1.642799616294013,1.4457772812499998,1.4457772812499998,1.8123484713541664,1.2817174479166666,1.4462638771355416
1702,7,3.772,2.363,45.0,4.243,501,175,45.0,2.828,11.499597314058091,4.834638213541666,3.0286983294270833,5.438327131510417,3.624696942708333,3.826454549076717
1703,22,7.955,3.521,176.905,9.487,514,173,161.565,4.0,36.141591558468285,10.196062298177083,4.512927134114583,12.159653428385417,5.126869791666667,6.78357888217988
1704,1,1.128,1.128,0.0,1.414,635,172,135.0,1.0,1.642799616294013,1.4457772812499998,1.4457772812499998,1.8123484713541664,1.2817174479166666,1.4462638771355416
1705,4,2.734,1.863,0.0,3.162,974,173,161.565,2.0,6.571198465176052,3.5042155026041666,2.38783960546875,4.0527905703125,2.5634348958333333,2.892527754271083
1706,1,1.128,1.128,0.0,1.414,3397,172,135.0,1.0,1.642799616294013,1.4457772812499998,1.4457772812499998,1.8123484713541664,1.2817174479166666,1.4462638771355416
1707,32,9.202,4.428,88.947,10.44,3425,172,106.699,5.954,52.56958772140842,11.794363955729166,5.675444859375,13.381130156249998,7.631345684895833,8.181303959261514
1708,8,4.769,2.136,90.0,5.099,3517,172,101.31,2.0,13.142396930352104,6.112510509114584,2.73774846875,6.535477266927083,2.5634348958333333,4.090651979630757
1709,2,2.257,1.128,90.0,2.236,481,173,116.565,1.0,3.285599232588026,2.892836279947917,1.4457772812499998,2.865920213541667,1.2817174479166666,2.0453259898153786
1710,10,5.098,2.498,101.437,5.385,498,173,111.801,3.0,16.42799616294013,6.534195549479167,3.2017301848958337,6.90204845703125,3.8451523437499997,4.573487949374228
1711,1,1.128,1.128,0.0,1.414,510,173,135.0,1.0,1.642799616294013,1.4457772812499998,1.4457772812499998,1.8123484713541664,1.2817174479166666,1.4462638771355416
1712,1,1.128,1.128,0.0,1.414,624,173,135.0,1.0,1.642799616294013,1.4457772812499998,1.4457772812499998,1.8123484713541664,1.2817174479166666,1.4462638771355416
1713,2,2.257,1.128,0.0,2.236,818,173,153.435,1.0,3.285599232588026,2.892836279947917,1.4457772812499998,2.865920213541667,1.2817174479166666,2.0453259898153786
1714,1,1.128,1.128,0.0,1.414,841,173,135.0,1.0,1.642799616294013,1.4457772812499998,1.4457772812499998,1.8123484713541664,1.2817174479166666,1.4462638771355416
1715,1,1.128,1.128,0.0,1.414,3276,173,135.0,1.0,1.642799616294013,1.4457772812499998,1.4457772812499998,1.8123484713541664,1.2817174479166666,1.4462638771355416
1716,5,3.998,1.592,36.323,5.0,3359,176,36.87,2.496,8.213998081470065,5.124306356770833,2.0404941770833336,6.408587239583333,3.19916675,3.2339443426774745
1717,1,1.128,1.128,0.0,1.414,3370,173,135.0,1.0,1.642799616294013,1.4457772812499998,1.4457772812499998,1.8123484713541664,1.2817174479166666,1.4462638771355416
1718,1,1.128,1.128,0.0,1.414,3389,173,135.0,1.0,1.642799616294013,1.4457772812499998,1.4457772812499998,1.8123484713541664,1.2817174479166666,1.4462638771355416
1719,2,2.596,0.981,45.0,2.828,3391,175,45.0,1.414,3.285599232588026,3.327338494791667,1.2573648164062499,3.624696942708333,1.8123484713541664,2.0453259898153786
1720,21,6.487,4.122,155.544,7.211,3436,174,146.31,4.851,34.49879194217427,8.314501084635417,5.2832393203125,9.242464516927084,6.21761133984375,6.627613691853932
1721,35,10.911,4.084,64.471,13.601,403,185,53.973,5.852,57.49798657029046,13.984819074218748,5.234534057291666,17.432639009114585,7.500610505208334,8.556212484548844
1722,2,2.257,1.128,90.0,2.236,433,174,116.565,1.0,3.285599232588026,2.892836279947917,1.4457772812499998,2.865920213541667,1.2817174479166666,2.0453259898153786
1723,15,4.519,4.226,108.435,5.657,534,174,135.0,4.0,24.641994244410196,5.792081147135416,5.416537934895834,7.250675602864583,5.126869791666667,5.601355910367322
1724,1,1.128,1.128,0.0,1.414,631,174,135.0,1.0,1.642799616294013,1.4457772812499998,1.4457772812499998,1.8123484713541664,1.2817174479166666,1.4462638771355416
1725,2,2.257,1.128,0.0,2.236,710,174,153.435,1.0,3.285599232588026,2.892836279947917,1.4457772812499998,2.865920213541667,1.2817174479166666,2.0453259898153786
1726,3,2.365,1.615,135.0,2.828,782,174,135.0,2.0,4.928398848882039,3.0312617643229167,2.069973678385417,3.624696942708333,2.5634348958333333,2.5050025163503102
1727,3,2.365,1.615,45.0,2.828,3326,176,45.0,2.0,4.928398848882039,3.0312617643229167,2.069973678385417,3.624696942708333,2.5634348958333333,2.5050025163503102
1728,2,2.257,1.128,90.0,2.236,3385,174,116.565,1.0,3.285599232588026,2.892836279947917,1.4457772812499998,2.865920213541667,1.2817174479166666,2.0453259898153786
1729,104,18.736,7.068,164.959,23.324,3405,174,149.036,10.177,170.85116009457735,24.014258104166668,9.059178921874999,29.894777755208334,13.044038467447916,14.749055462636967
1730,1,1.128,1.128,0.0,1.414,458,175,135.0,1.0,1.642799616294013,1.4457772812499998,1.4457772812499998,1.8123484713541664,1.2817174479166666,1.4462638771355416
1731,1,1.128,1.128,0.0,1.414,474,175,135.0,1.0,1.642799616294013,1.4457772812499998,1.4457772812499998,1.8123484713541664,1.2817174479166666,1.4462638771355416
1732,3,2.365,1.615,45.0,2.828,477,177,45.0,2.0,4.928398848882039,3.0312617643229167,2.069973678385417,3.624696942708333,2.5634348958333333,2.5050025163503102
1733,5,3.144,2.025,108.435,3.606,612,175,123.69,2.0,8.213998081470065,4.02971965625,2.59547783203125,4.6218731171875,2.5634348958333333,3.2339443426774745
1734,21,7.495,3.568,104.808,9.22,656,175,102.529,5.22,34.49879194217427,9.606472272135417,4.573167854166667,11.817434869791667,6.690565078124999,6.627613691853932
1735,4,3.216,1.583,31.717,3.606,785,177,33.69,2.0,6.571198465176052,4.1220033125,2.028958720052083,4.6218731171875,2.5634348958333333,2.892527754271083
1736,5,3.144,2.025,71.565,3.606,790,178,56.31,2.0,8.213998081470065,4.02971965625,2.59547783203125,4.6218731171875,2.5634348958333333,3.2339443426774745
1737,6,3.489,2.19,135.0,4.243,3382,175,135.0,2.828,9.856797697764078,4.47191217578125,2.8069612109374997,5.438327131510417,3.624696942708333,3.5426085324013394
1738,2,2.257,1.128,0.0,2.236,3396,175,153.435,1.0,3.285599232588026,2.892836279947917,1.4457772812499998,2.865920213541667,1.2817174479166666,2.0453259898153786
1739,1,1.128,1.128,0.0,1.414,3563,175,135.0,1.0,1.642799616294013,1.4457772812499998,1.4457772812499998,1.8123484713541664,1.2817174479166666,1.4462638771355416
1740,1,1.128,1.128,0.0,1.414,482,176,135.0,1.0,1.642799616294013,1.4457772812499998,1.4457772812499998,1.8123484713541664,1.2817174479166666,1.4462638771355416
1741,2,2.257,1.128,0.0,2.236,504,176,153.435,1.0,3.285599232588026,2.892836279947917,1.4457772812499998,2.865920213541667,1.2817174479166666,2.0453259898153786
1742,57,11.427,6.351,111.882,12.649,558,176,108.435,7.589,93.63957812875874,14.646185277343749,8.14018751171875,16.212443998697914,9.726953712239583,10.919052822086096
1743,9,6.124,1.871,97.628,6.325,602,176,108.435,2.0,14.785196546646118,7.849237651041666,2.398093345052083,8.106862858072917,2.5634348958333333,4.338791631406624
1744,1,1.128,1.128,0.0,1.414,711,176,135.0,1.0,1.642799616294013,1.4457772812499998,1.4457772812499998,1.8123484713541664,1.2817174479166666,1.4462638771355416
1745,5,3.144,2.025,18.435,3.606,856,178,33.69,2.0,8.213998081470065,4.02971965625,2.59547783203125,4.6218731171875,2.5634348958333333,3.2339443426774745
1746,64,11.071,7.36,115.683,14.866,3302,177,132.274,9.391,105.13917544281684,14.189893865885416,9.433440416666667,19.054011580729167,12.036608553385417,11.570111017084333
1747,10,4.525,2.814,58.043,5.657,3448,180,45.0,3.883,16.42799616294013,5.799771451822917,3.6067528984375,7.250675602864583,4.976908850260417,4.573487949374228
1748,4,2.734,1.863,0.0,3.162,451,178,161.565,2.0,6.571198465176052,3.5042155026041666,2.38783960546875,4.0527905703125,2.5634348958333333,2.892527754271083
1749,11,5.067,2.764,61.041,5.831,484,182,59.036,3.536,18.070795779234142,6.49446230859375,3.5426670260416664,7.473694438802084,4.532152895833334,4.796714628303253
1750,1,1.128,1.128,0.0,1.414,617,177,135.0,1.0,1.642799616294013,1.4457772812499998,1.4457772812499998,1.8123484713541664,1.2817174479166666,1.4462638771355416
1751,1,1.128,1.128,0.0,1.414,923,177,135.0,1.0,1.642799616294013,1.4457772812499998,1.4457772812499998,1.8123484713541664,1.2817174479166666,1.4462638771355416
1752,1,1.128,1.128,0.0,1.414,3296,177,135.0,1.0,1.642799616294013,1.4457772812499998,1.4457772812499998,1.8123484713541664,1.2817174479166666,1.4462638771355416
1753,6,4.102,1.862,43.05,5.0,3340,180,36.87,2.828,9.856797697764078,5.257604971354167,2.3865578880208336,6.408587239583333,3.624696942708333,3.5426085324013394
1754,1,1.128,1.128,0.0,1.414,3360,177,135.0,1.0,1.642799616294013,1.4457772812499998,1.4457772812499998,1.8123484713541664,1.2817174479166666,1.4462638771355416
1755,3,3.213,1.189,151.845,3.606,3369,177,146.31,1.789,4.928398848882039,4.11815816015625,1.5239620455729168,4.6218731171875,2.2929925143229166,2.5050025163503102
1756,1,1.128,1.128,0.0,1.414,3395,177,135.0,1.0,1.642799616294013,1.4457772812499998,1.4457772812499998,1.8123484713541664,1.2817174479166666,1.4462638771355416
1757,2,2.596,0.981,45.0,2.828,3525,179,45.0,1.414,3.285599232588026,3.327338494791667,1.2573648164062499,3.624696942708333,1.8123484713541664,2.0453259898153786
1758,82,14.52,7.19,39.638,19.105,491,191,42.879,11.314,134.70956853610906,18.61053734375,9.215548450520833,24.487211842447916,14.501351205729167,13.096476418838181
1759,1,1.128,1.128,0.0,1.414,522,178,135.0,1.0,1.642799616294013,1.4457772812499998,1.4457772812499998,1.8123484713541664,1.2817174479166666,1.4462638771355416
1760,83,12.692,8.326,111.869,14.318,698,178,114.775,9.775,136.35236815240307,16.267557848958333,10.671579471354168,18.351630419270833,12.528788053385417,13.17609099055906
1761,3,2.365,1.615,45.0,2.828,768,180,45.0,2.0,4.928398848882039,3.0312617643229167,2.069973678385417,3.624696942708333,2.5634348958333333,2.5050025163503102
1762,7,4.154,2.146,98.35,4.472,935,178,116.565,2.0,11.499597314058091,5.324254278645833,2.7505656432291663,5.731840427083334,2.5634348958333333,3.826454549076717
1763,6,5.208,1.467,82.534,5.385,3374,183,68.199,2.0,9.856797697764078,6.67518446875,1.8802794960937501,6.90204845703125,2.5634348958333333,3.5426085324013394
1764,4,3.192,1.596,108.435,3.606,528,179,123.69,2.0,6.571198465176052,4.09124209375,2.045621046875,4.6218731171875,2.5634348958333333,2.892527754271083
1765,21,5.742,4.657,170.072,7.211,536,180,146.31,5.0,34.49879194217427,7.3596215859375,5.9689581549479165,9.242464516927084,6.408587239583333,6.627613691853932
1766,2,2.596,0.981,135.0,2.828,806,179,135.0,1.414,3.285599232588026,3.327338494791667,1.2573648164062499,3.624696942708333,1.8123484713541664,2.0453259898153786
1767,1,1.128,1.128,0.0,1.414,3137,179,135.0,1.0,1.642799616294013,1.4457772812499998,1.4457772812499998,1.8123484713541664,1.2817174479166666,1.4462638771355416
1768,10,4.903,2.597,89.221,5.385,3352,179,111.801,3.0,16.42799616294013,6.284260647135416,3.328620212239583,6.90204845703125,3.8451523437499997,4.573487949374228
1769,1,1.128,1.128,0.0,1.414,3454,179,135.0,1.0,1.642799616294013,1.4457772812499998,1.4457772812499998,1.8123484713541664,1.2817174479166666,1.4462638771355416
1770,97,18.871,6.545,122.362,24.166,585,180,114.444,10.171,159.35156278051926,24.187289959635415,8.388840696614583,30.973983846354166,13.036348162760415,14.24404726978226
1771,10,5.015,2.539,54.563,5.657,648,184,45.0,3.13,16.42799616294013,6.427813001302082,3.254280600260417,7.250675602864583,4.011775611979166,4.573487949374228
1772,1,1.128,1.128,0.0,1.414,707,180,135.0,1.0,1.642799616294013,1.4457772812499998,1.4457772812499998,1.8123484713541664,1.2817174479166666,1.4462638771355416
1773,2,2.257,1.128,90.0,2.236,717,180,116.565,1.0,3.285599232588026,2.892836279947917,1.4457772812499998,2.865920213541667,1.2817174479166666,2.0453259898153786
1774,2,2.257,1.128,90.0,2.236,835,180,116.565,1.0,3.285599232588026,2.892836279947917,1.4457772812499998,2.865920213541667,1.2817174479166666,2.0453259898153786
1775,1,1.128,1.128,0.0,1.414,921,180,135.0,1.0,1.642799616294013,1.4457772812499998,1.4457772812499998,1.8123484713541664,1.2817174479166666,1.4462638771355416
1776,5,3.144,2.025,18.435,3.606,927,182,33.69,2.0,8.213998081470065,4.02971965625,2.59547783203125,4.6218731171875,2.5634348958333333,3.2339443426774745
1777,1,1.128,1.128,0.0,1.414,3325,180,135.0,1.0,1.642799616294013,1.4457772812499998,1.4457772812499998,1.8123484713541664,1.2817174479166666,1.4462638771355416
1778,52,9.026,7.335,101.853,11.402,3385,180,127.875,8.0,85.42558004728868,11.568781684895832,9.40139748046875,14.614142341145833,10.253739583333333,10.429157133727092
1779,27,8.832,3.893,150.085,11.18,3400,183,153.435,5.814,44.35558963993835,11.320128500000001,4.989726024739583,14.329601067708333,7.4519052421875,7.515007549050931
1780,53,15.949,4.231,167.572,19.698,3440,182,156.038,7.1,87.06837966358269,20.442111576822917,5.422946522135416,25.2472702890625,9.100193880208332,10.528959954443641
1781,1,1.128,1.128,0.0,1.414,3525,180,135.0,1.0,1.642799616294013,1.4457772812499998,1.4457772812499998,1.8123484713541664,1.2817174479166666,1.4462638771355416
1782,3,2.365,1.615,45.0,2.828,324,183,45.0,2.0,4.928398848882039,3.0312617643229167,2.069973678385417,3.624696942708333,2.5634348958333333,2.5050025163503102
1783,5,3.144,2.025,18.435,3.606,400,183,33.69,2.0,8.213998081470065,4.02971965625,2.59547783203125,4.6218731171875,2.5634348958333333,3.2339443426774745
1784,6,2.93,2.607,116.565,3.606,641,181,123.69,3.0,9.856797697764078,3.7554321223958333,3.3414373867187503,4.6218731171875,3.8451523437499997,3.5426085324013394
1785,2,2.257,1.128,90.0,2.236,3435,181,116.565,1.0,3.285599232588026,2.892836279947917,1.4457772812499998,2.865920213541667,1.2817174479166666,2.0453259898153786
1786,2,2.257,1.128,90.0,2.236,3447,181,116.565,1.0,3.285599232588026,2.892836279947917,1.4457772812499998,2.865920213541667,1.2817174479166666,2.0453259898153786
1787,8,5.23,1.948,28.306,7.211,3465,185,33.69,3.43,13.142396930352104,6.703382252604167,2.4967855885416665,9.242464516927084,4.396290846354167,4.090651979630757
1788,51,12.727,5.102,144.715,16.279,511,182,132.51,8.157,83.78278043099466,16.312417959635418,6.5393224192708335,20.865078334635417,10.45496922265625,10.32838996735036
1789,4,2.734,1.863,90.0,3.162,633,182,108.435,2.0,6.571198465176052,3.5042155026041666,2.38783960546875,4.0527905703125,2.5634348958333333,2.892527754271083
1790,3,2.365,1.615,45.0,2.828,730,184,45.0,2.0,4.928398848882039,3.0312617643229167,2.069973678385417,3.624696942708333,2.5634348958333333,2.5050025163503102
1791,2,2.257,1.128,90.0,2.236,877,182,116.565,1.0,3.285599232588026,2.892836279947917,1.4457772812499998,2.865920213541667,1.2817174479166666,2.0453259898153786
1792,12,4.077,3.748,168.69,5.0,3358,182,143.13,4.0,19.713595395528156,5.2255620351562495,4.803876994791667,6.408587239583333,5.126869791666667,5.0100050327006205
1793,1,1.128,1.128,0.0,1.414,319,183,135.0,1.0,1.642799616294013,1.4457772812499998,1.4457772812499998,1.8123484713541664,1.2817174479166666,1.4462638771355416
1794,10,5.493,2.318,111.735,6.708,414,183,116.565,3.343,16.42799616294013,7.04047394140625,2.971021044270833,8.597760640625,4.284781428385417,4.573487949374228
1795,1,1.128,1.128,0.0,1.414,733,183,135.0,1.0,1.642799616294013,1.4457772812499998,1.4457772812499998,1.8123484713541664,1.2817174479166666,1.4462638771355416
1796,3,2.365,1.615,135.0,2.828,884,183,135.0,2.0,4.928398848882039,3.0312617643229167,2.069973678385417,3.624696942708333,2.5634348958333333,2.5050025163503102
1797,9,4.77,2.402,90.503,5.385,3175,183,111.801,3.0,14.785196546646118,6.1137922265624995,3.0786853098958336,6.90204845703125,3.8451523437499997,4.338791631406624
1798,3,2.365,1.615,135.0,2.828,3326,183,135.0,2.0,4.928398848882039,3.0312617643229167,2.069973678385417,3.624696942708333,2.5634348958333333,2.5050025163503102
1799,19,5.744,4.212,56.107,7.071,595,189,45.0,4.95,31.21319270958625,7.362185020833333,5.3985938906249995,9.063024074218749,6.3445013671875,6.304118086127151
1800,3,3.385,1.128,0.0,3.162,621,184,161.565,1.0,4.928398848882039,4.338613561197916,1.4457772812499998,4.0527905703125,1.2817174479166666,2.5050025163503102
1801,7,4.35,2.049,87.957,4.472,899,184,116.565,2.0,11.499597314058091,5.5754708984375,2.62623905078125,5.731840427083334,2.5634348958333333,3.826454549076717
1802,2,2.257,1.128,0.0,2.236,3368,184,153.435,1.0,3.285599232588026,2.892836279947917,1.4457772812499998,2.865920213541667,1.2817174479166666,2.0453259898153786
1803,10,5.864,2.171,32.349,7.211,3474,188,33.69,3.13,16.42799616294013,7.515991114583333,2.782608579427083,9.242464516927084,4.011775611979166,4.573487949374228
1804,2,2.596,0.981,45.0,2.828,3540,186,45.0,1.414,3.285599232588026,3.327338494791667,1.2573648164062499,3.624696942708333,1.8123484713541664,2.0453259898153786
1805,3,2.365,1.615,135.0,2.828,406,185,135.0,2.0,4.928398848882039,3.0312617643229167,2.069973678385417,3.624696942708333,2.5634348958333333,2.5050025163503102
1806,1,1.128,1.128,0.0,1.414,427,185,135.0,1.0,1.642799616294013,1.4457772812499998,1.4457772812499998,1.8123484713541664,1.2817174479166666,1.4462638771355416
1807,4,3.192,1.596,18.435,3.606,495,187,33.69,2.0,6.571198465176052,4.09124209375,2.045621046875,4.6218731171875,2.5634348958333333,2.892527754271083
1808,1,1.128,1.128,0.0,1.414,519,185,135.0,1.0,1.642799616294013,1.4457772812499998,1.4457772812499998,1.8123484713541664,1.2817174479166666,1.4462638771355416
1809,1,1.128,1.128,0.0,1.414,1117,185,135.0,1.0,1.642799616294013,1.4457772812499998,1.4457772812499998,1.8123484713541664,1.2817174479166666,1.4462638771355416
1810,1,1.128,1.128,0.0,1.414,3211,185,135.0,1.0,1.642799616294013,1.4457772812499998,1.4457772812499998,1.8123484713541664,1.2817174479166666,1.4462638771355416
1811,21,7.653,3.494,71.817,9.487,3291,194,71.565,4.919,34.49879194217427,9.80898362890625,4.478320763020833,12.159653428385417,6.304768126302083,6.627613691853932
1812,8,4.514,2.257,90.0,4.472,612,186,116.565,2.0,13.142396930352104,5.785672559895834,2.892836279947917,5.731840427083334,2.5634348958333333,4.090651979630757
1813,20,6.34,4.017,98.098,8.246,618,194,75.964,5.0,32.85599232588026,8.126088619791666,5.14865898828125,10.569042075520834,6.408587239583333,6.467888685354949
1814,1,1.128,1.128,0.0,1.414,623,186,135.0,1.0,1.642799616294013,1.4457772812499998,1.4457772812499998,1.8123484713541664,1.2817174479166666,1.4462638771355416
1815,4,2.257,2.257,0.0,2.828,668,186,135.0,2.0,6.571198465176052,2.892836279947917,2.892836279947917,3.624696942708333,2.5634348958333333,2.892527754271083
1816,1,1.128,1.128,0.0,1.414,1043,186,135.0,1.0,1.642799616294013,1.4457772812499998,1.4457772812499998,1.8123484713541664,1.2817174479166666,1.4462638771355416
1817,2,2.257,1.128,90.0,2.236,3335,186,116.565,1.0,3.285599232588026,2.892836279947917,1.4457772812499998,2.865920213541667,1.2817174479166666,2.0453259898153786
1818,22,7.395,3.788,15.898,8.544,3348,189,20.556,4.0,36.141591558468285,9.47830052734375,4.855145692708333,10.950993875,5.126869791666667,6.78357888217988
1819,58,11.295,6.538,139.773,15.652,3462,189,153.435,9.911,95.28237774505276,14.476998574218749,8.379868674479166,20.061441494791666,12.703101626302082,11.01441753947132
1820,1,1.128,1.128,0.0,1.414,428,187,135.0,1.0,1.642799616294013,1.4457772812499998,1.4457772812499998,1.8123484713541664,1.2817174479166666,1.4462638771355416
1821,1,1.128,1.128,0.0,1.414,601,187,135.0,1.0,1.642799616294013,1.4457772812499998,1.4457772812499998,1.8123484713541664,1.2817174479166666,1.4462638771355416
1822,2,2.257,1.128,0.0,2.236,607,187,153.435,1.0,3.285599232588026,2.892836279947917,1.4457772812499998,2.865920213541667,1.2817174479166666,2.0453259898153786
1823,1,1.128,1.128,0.0,1.414,849,187,135.0,1.0,1.642799616294013,1.4457772812499998,1.4457772812499998,1.8123484713541664,1.2817174479166666,1.4462638771355416
1824,1,1.128,1.128,0.0,1.414,2161,187,135.0,1.0,1.642799616294013,1.4457772812499998,1.4457772812499998,1.8123484713541664,1.2817174479166666,1.4462638771355416
1825,4,3.676,1.385,140.31,4.243,2163,187,135.0,2.121,6.571198465176052,4.711593338541666,1.7751786653645834,5.438327131510417,2.71852270703125,2.892527754271083
1826,1,1.128,1.128,0.0,1.414,3274,187,135.0,1.0,1.642799616294013,1.4457772812499998,1.4457772812499998,1.8123484713541664,1.2817174479166666,1.4462638771355416
1827,2,2.257,1.128,90.0,2.236,3357,187,116.565,1.0,3.285599232588026,2.892836279947917,1.4457772812499998,2.865920213541667,1.2817174479166666,2.0453259898153786
1828,127,23.228,6.962,53.927,28.844,3414,212,56.31,11.827,208.63555126933966,29.771732880208333,8.923316872395834,36.96985806770834,15.158872256510417,16.298566154512038
1829,1,1.128,1.128,0.0,1.414,3448,187,135.0,1.0,1.642799616294013,1.4457772812499998,1.4457772812499998,1.8123484713541664,1.2817174479166666,1.4462638771355416
1830,2,2.257,1.128,90.0,2.236,3491,187,116.565,1.0,3.285599232588026,2.892836279947917,1.4457772812499998,2.865920213541667,1.2817174479166666,2.0453259898153786
1831,1,1.128,1.128,0.0,1.414,3517,187,135.0,1.0,1.642799616294013,1.4457772812499998,1.4457772812499998,1.8123484713541664,1.2817174479166666,1.4462638771355416
1832,6,4.339,1.761,125.249,5.0,581,188,126.87,2.683,9.856797697764078,5.5613720065104175,2.25710442578125,6.408587239583333,3.4388479127604166,3.5426085324013394
1833,5,3.144,2.025,108.435,3.606,628,188,123.69,2.0,8.213998081470065,4.02971965625,2.59547783203125,4.6218731171875,2.5634348958333333,3.2339443426774745
1834,6,3.385,2.257,0.0,3.606,636,188,146.31,2.0,9.856797697764078,4.338613561197916,2.892836279947917,4.6218731171875,2.5634348958333333,3.5426085324013394
1835,16,5.504,3.701,80.692,7.211,3436,194,56.31,5.0,26.28479386070421,7.054572833333332,4.7436362747395835,9.242464516927084,6.408587239583333,5.785055508542166
1836,52,11.594,5.711,100.84,14.318,525,189,114.775,6.905,85.42558004728868,14.860232091145832,7.3198883450520835,18.351630419270833,8.850258977864584,10.429157133727092
1837,34,7.603,5.694,100.536,9.849,604,189,113.962,6.0,55.855186953996444,9.744897756510417,7.2980991484375,12.62363514453125,7.690304687499999,8.433095094829797
1838,21,5.504,4.858,85.269,8.246,3304,189,104.036,5.0,34.49879194217427,7.054572833333332,6.226583361979166,10.569042075520834,6.408587239583333,6.627613691853932
1839,2,2.596,0.981,45.0,2.828,3447,191,45.0,1.414,3.285599232588026,3.327338494791667,1.2573648164062499,3.624696942708333,1.8123484713541664,2.0453259898153786
1840,1,1.128,1.128,0.0,1.414,3479,189,135.0,1.0,1.642799616294013,1.4457772812499998,1.4457772812499998,1.8123484713541664,1.2817174479166666,1.4462638771355416
1841,13,4.512,3.668,174.116,6.325,538,192,161.565,4.0,21.35639501182217,5.783109124999999,4.7013395989583335,8.106862858072917,5.126869791666667,5.214578566863546
1842,6,3.988,1.916,18.435,4.472,550,192,26.565,2.0,9.856797697764078,5.111489182291667,2.4557706302083333,5.731840427083334,2.5634348958333333,3.5426085324013394
1843,29,6.964,5.302,68.349,8.602,555,197,54.462,6.0,47.64118887252638,8.925880307291667,6.795665908854166,11.025333486979166,7.690304687499999,7.788369332980218
1844,16,4.514,4.514,0.0,5.657,568,190,135.0,4.0,26.28479386070421,5.785672559895834,5.785672559895834,7.250675602864583,5.126869791666667,5.785055508542166
1845,1,1.128,1.128,0.0,1.414,903,190,135.0,1.0,1.642799616294013,1.4457772812499998,1.4457772812499998,1.8123484713541664,1.2817174479166666,1.4462638771355416
1846,4,2.257,2.257,0.0,2.828,3319,190,135.0,2.0,6.571198465176052,2.892836279947917,2.892836279947917,3.624696942708333,2.5634348958333333,2.892527754271083
1847,8,5.849,1.741,67.892,6.708,3357,196,63.435,2.683,13.142396930352104,7.496765352864584,2.2314700768229168,8.597760640625,3.4388479127604166,4.090651979630757
1848,10,4.525,2.814,31.957,5.657,3406,194,45.0,3.883,16.42799616294013,5.799771451822917,3.6067528984375,7.250675602864583,4.976908850260417,4.573487949374228
1849,1,1.128,1.128,0.0,1.414,3493,190,135.0,1.0,1.642799616294013,1.4457772812499998,1.4457772812499998,1.8123484713541664,1.2817174479166666,1.4462638771355416
1850,1,1.128,1.128,0.0,1.414,276,191,135.0,1.0,1.642799616294013,1.4457772812499998,1.4457772812499998,1.8123484713541664,1.2817174479166666,1.4462638771355416
1851,1,1.128,1.128,0.0,1.414,638,191,135.0,1.0,1.642799616294013,1.4457772812499998,1.4457772812499998,1.8123484713541664,1.2817174479166666,1.4462638771355416
1852,3,3.385,1.128,90.0,3.162,669,191,108.435,1.0,4.928398848882039,4.338613561197916,1.4457772812499998,4.0527905703125,1.2817174479166666,2.5050025163503102
1853,3,3.385,1.128,0.0,3.162,3389,191,161.565,1.0,4.928398848882039,4.338613561197916,1.4457772812499998,4.0527905703125,1.2817174479166666,2.5050025163503102
1854,40,7.674,6.637,95.603,12.53,3460,191,118.61,8.0,65.71198465176052,9.8358996953125,8.506758701822916,16.05991962239583,10.253739583333333,9.146975898748456
1855,21,6.692,3.996,65.94,8.544,3481,199,69.444,4.95,34.49879194217427,8.577253161458334,5.121742921875,10.950993875,6.3445013671875,6.627613691853932
1856,2,2.257,1.128,0.0,2.236,3500,191,153.435,1.0,3.285599232588026,2.892836279947917,1.4457772812499998,2.865920213541667,1.2817174479166666,2.0453259898153786
1857,2,2.257,1.128,90.0,2.236,622,192,116.565,1.0,3.285599232588026,2.892836279947917,1.4457772812499998,2.865920213541667,1.2817174479166666,2.0453259898153786
1858,7,3.772,2.363,45.0,4.243,625,195,45.0,2.828,11.499597314058091,4.834638213541666,3.0286983294270833,5.438327131510417,3.624696942708333,3.826454549076717
1859,15,6.874,2.778,102.821,7.211,631,192,123.69,3.334,24.641994244410196,8.810525736979166,3.5606110703125,9.242464516927084,4.273245971354167,5.601355910367322
1860,2,2.257,1.128,90.0,2.236,780,192,116.565,1.0,3.285599232588026,2.892836279947917,1.4457772812499998,2.865920213541667,1.2817174479166666,2.0453259898153786
1861,1,1.128,1.128,0.0,1.414,800,192,135.0,1.0,1.642799616294013,1.4457772812499998,1.4457772812499998,1.8123484713541664,1.2817174479166666,1.4462638771355416
1862,1,1.128,1.128,0.0,1.414,843,192,135.0,1.0,1.642799616294013,1.4457772812499998,1.4457772812499998,1.8123484713541664,1.2817174479166666,1.4462638771355416
1863,2,2.596,0.981,45.0,2.828,3332,194,45.0,1.414,3.285599232588026,3.327338494791667,1.2573648164062499,3.624696942708333,1.8123484713541664,2.0453259898153786
1864,3,2.365,1.615,45.0,2.828,3402,194,45.0,2.0,4.928398848882039,3.0312617643229167,2.069973678385417,3.624696942708333,2.5634348958333333,2.5050025163503102
1865,1,1.128,1.128,0.0,1.414,3411,192,135.0,1.0,1.642799616294013,1.4457772812499998,1.4457772812499998,1.8123484713541664,1.2817174479166666,1.4462638771355416
1866,23,6.632,4.416,149.558,7.28,3569,194,164.055,5.367,37.7843911747623,8.500350114583332,5.6600642500000005,9.330903020833334,6.87897754296875,6.936037892995103
1867,61,9.719,7.991,0.858,12.806,504,202,38.66,10.0,100.2107765939348,12.457011876302083,10.242204126302083,16.413673638020832,12.817174479166667,11.295681977673365
1868,2,2.596,0.981,135.0,2.828,696,193,135.0,1.414,3.285599232588026,3.327338494791667,1.2573648164062499,3.624696942708333,1.8123484713541664,2.0453259898153786
1869,1,1.128,1.128,0.0,1.414,856,193,135.0,1.0,1.642799616294013,1.4457772812499998,1.4457772812499998,1.8123484713541664,1.2817174479166666,1.4462638771355416
1870,5,3.461,1.839,135.0,4.243,858,193,135.0,2.683,8.213998081470065,4.436024087239583,2.35707838671875,5.438327131510417,3.4388479127604166,3.2339443426774745
1871,5,3.256,1.955,73.997,4.472,3345,197,63.435,2.846,8.213998081470065,4.1732720104166665,2.5057576106770836,5.731840427083334,3.6477678567708334,3.2339443426774745
1872,3,2.365,1.615,135.0,2.828,475,194,135.0,2.0,4.928398848882039,3.0312617643229167,2.069973678385417,3.624696942708333,2.5634348958333333,2.5050025163503102
1873,47,9.079,6.591,87.684,10.77,536,194,111.801,8.0,77.21158196581861,11.636712709635416,8.44779969921875,13.8040969140625,10.253739583333333,9.915085602678126
1874,1,1.128,1.128,0.0,1.414,563,194,135.0,1.0,1.642799616294013,1.4457772812499998,1.4457772812499998,1.8123484713541664,1.2817174479166666,1.4462638771355416
1875,8,4.08,2.497,131.073,5.0,644,194,143.13,3.536,13.142396930352104,5.2294071875,3.2004484674479166,6.408587239583333,4.532152895833334,4.090651979630757
1876,26,7.236,4.575,57.577,9.434,719,202,57.995,5.578,42.71279002364434,9.274507453124999,5.86385732421875,12.091722403645832,7.149419924479167,7.374527731318484
1877,1,1.128,1.128,0.0,1.414,827,194,135.0,1.0,1.642799616294013,1.4457772812499998,1.4457772812499998,1.8123484713541664,1.2817174479166666,1.4462638771355416
1878,64,10.57,7.709,134.638,14.213,3330,194,129.289,9.899,105.13917544281684,13.547753424479167,9.880759805989582,18.21705008723958,12.687721016927082,11.570111017084333
1879,1,1.128,1.128,0.0,1.414,3375,194,135.0,1.0,1.642799616294013,1.4457772812499998,1.4457772812499998,1.8123484713541664,1.2817174479166666,1.4462638771355416
1880,15,4.659,4.099,135.0,5.657,3408,194,135.0,4.0,24.641994244410196,5.97152158984375,5.253759819010416,7.250675602864583,5.126869791666667,5.601355910367322
1881,1,1.128,1.128,0.0,1.414,3498,194,135.0,1.0,1.642799616294013,1.4457772812499998,1.4457772812499998,1.8123484713541664,1.2817174479166666,1.4462638771355416
1882,5,3.144,2.025,108.435,3.606,318,195,123.69,2.0,8.213998081470065,4.02971965625,2.59547783203125,4.6218731171875,2.5634348958333333,3.2339443426774745
1883,1,1.128,1.128,0.0,1.414,582,195,135.0,1.0,1.642799616294013,1.4457772812499998,1.4457772812499998,1.8123484713541664,1.2817174479166666,1.4462638771355416
1884,2,2.257,1.128,0.0,2.236,738,195,153.435,1.0,3.285599232588026,2.892836279947917,1.4457772812499998,2.865920213541667,1.2817174479166666,2.0453259898153786
1885,1,1.128,1.128,0.0,1.414,840,195,135.0,1.0,1.642799616294013,1.4457772812499998,1.4457772812499998,1.8123484713541664,1.2817174479166666,1.4462638771355416
1886,2,2.257,1.128,90.0,2.236,3261,195,116.565,1.0,3.285599232588026,2.892836279947917,1.4457772812499998,2.865920213541667,1.2817174479166666,2.0453259898153786
1887,1,1.128,1.128,0.0,1.414,3370,195,135.0,1.0,1.642799616294013,1.4457772812499998,1.4457772812499998,1.8123484713541664,1.2817174479166666,1.4462638771355416
1888,1,1.128,1.128,0.0,1.414,3429,195,135.0,1.0,1.642799616294013,1.4457772812499998,1.4457772812499998,1.8123484713541664,1.2817174479166666,1.4462638771355416
1889,1,1.128,1.128,0.0,1.414,3453,195,135.0,1.0,1.642799616294013,1.4457772812499998,1.4457772812499998,1.8123484713541664,1.2817174479166666,1.4462638771355416
1890,69,12.886,6.818,11.641,17.205,483,206,35.538,11.03,113.3531735242869,16.516211033854166,8.738749559895833,22.05194869140625,14.137343450520833,12.013570033890504
1891,2,2.257,1.128,90.0,2.236,693,196,116.565,1.0,3.285599232588026,2.892836279947917,1.4457772812499998,2.865920213541667,1.2817174479166666,2.0453259898153786
1892,2,2.596,0.981,45.0,2.828,880,198,45.0,1.414,3.285599232588026,3.327338494791667,1.2573648164062499,3.624696942708333,1.8123484713541664,2.0453259898153786
1893,4,2.257,2.257,0.0,2.828,3314,196,135.0,2.0,6.571198465176052,2.892836279947917,2.892836279947917,3.624696942708333,2.5634348958333333,2.892527754271083
1894,119,18.699,8.103,55.627,24.187,3428,217,60.255,12.075,195.49315433898755,23.966834558593753,10.38575648046875,31.000899912760417,15.47673818359375,15.7768762774685
1895,2,2.257,1.128,90.0,2.236,3450,196,116.565,1.0,3.285599232588026,2.892836279947917,1.4457772812499998,2.865920213541667,1.2817174479166666,2.0453259898153786
1896,4,2.257,2.257,0.0,2.828,391,197,135.0,2.0,6.571198465176052,2.892836279947917,2.892836279947917,3.624696942708333,2.5634348958333333,2.892527754271083
1897,1,1.128,1.128,0.0,1.414,559,197,135.0,1.0,1.642799616294013,1.4457772812499998,1.4457772812499998,1.8123484713541664,1.2817174479166666,1.4462638771355416
1898,1,1.128,1.128,0.0,1.414,652,197,135.0,1.0,1.642799616294013,1.4457772812499998,1.4457772812499998,1.8123484713541664,1.2817174479166666,1.4462638771355416
1899,6,3.718,2.055,90.0,4.123,3353,197,104.036,2.0,9.856797697764078,4.765425471354167,2.63392935546875,5.284521037760417,2.5634348958333333,3.5426085324013394
1900,3,3.385,1.128,0.0,3.162,3372,197,161.565,1.0,4.928398848882039,4.338613561197916,1.4457772812499998,4.0527905703125,1.2817174479166666,2.5050025163503102
1901,32,7.357,5.538,10.716,10.198,3391,203,11.31,7.0,52.56958772140842,9.429595264322916,7.0981512265625,13.070954533854167,8.972022135416667,8.181303959261514
1902,1,1.128,1.128,0.0,1.414,3537,197,135.0,1.0,1.642799616294013,1.4457772812499998,1.4457772812499998,1.8123484713541664,1.2817174479166666,1.4462638771355416
1903,6,4.533,1.685,25.413,5.831,3540,200,30.964,2.683,9.856797697764078,5.81002519140625,2.159693899739583,7.473694438802084,3.4388479127604166,3.5426085324013394
1904,2,2.257,1.128,90.0,2.236,405,198,116.565,1.0,3.285599232588026,2.892836279947917,1.4457772812499998,2.865920213541667,1.2817174479166666,2.0453259898153786
1905,3,2.365,1.615,45.0,2.828,411,200,45.0,2.0,4.928398848882039,3.0312617643229167,2.069973678385417,3.624696942708333,2.5634348958333333,2.5050025163503102
1906,13,6.022,2.749,171.3,7.28,564,198,164.055,4.0,21.35639501182217,7.718502471354167,3.523441264322917,9.330903020833334,5.126869791666667,5.214578566863546
1907,1,1.128,1.128,0.0,1.414,852,198,135.0,1.0,1.642799616294013,1.4457772812499998,1.4457772812499998,1.8123484713541664,1.2817174479166666,1.4462638771355416
1908,1,1.128,1.128,0.0,1.414,3037,198,135.0,1.0,1.642799616294013,1.4457772812499998,1.4457772812499998,1.8123484713541664,1.2817174479166666,1.4462638771355416
1909,4,2.257,2.257,0.0,2.828,3360,198,135.0,2.0,6.571198465176052,2.892836279947917,2.892836279947917,3.624696942708333,2.5634348958333333,2.892527754271083
1910,1,1.128,1.128,0.0,1.414,3385,198,135.0,1.0,1.642799616294013,1.4457772812499998,1.4457772812499998,1.8123484713541664,1.2817174479166666,1.4462638771355416
1911,2,2.257,1.128,90.0,2.236,331,199,116.565,1.0,3.285599232588026,2.892836279947917,1.4457772812499998,2.865920213541667,1.2817174479166666,2.0453259898153786
1912,2,2.257,1.128,90.0,2.236,501,199,116.565,1.0,3.285599232588026,2.892836279947917,1.4457772812499998,2.865920213541667,1.2817174479166666,2.0453259898153786
1913,2,2.596,0.981,135.0,2.828,518,199,135.0,1.414,3.285599232588026,3.327338494791667,1.2573648164062499,3.624696942708333,1.8123484713541664,2.0453259898153786
1914,1,1.128,1.128,0.0,1.414,863,199,135.0,1.0,1.642799616294013,1.4457772812499998,1.4457772812499998,1.8123484713541664,1.2817174479166666,1.4462638771355416
1915,3,2.365,1.615,135.0,2.828,2090,199,135.0,2.0,4.928398848882039,3.0312617643229167,2.069973678385417,3.624696942708333,2.5634348958333333,2.5050025163503102
1916,1,1.128,1.128,0.0,1.414,3313,199,135.0,1.0,1.642799616294013,1.4457772812499998,1.4457772812499998,1.8123484713541664,1.2817174479166666,1.4462638771355416
1917,13,6.31,2.623,151.62,7.211,3474,199,146.31,3.479,21.35639501182217,8.087637096354166,3.361944865885417,9.242464516927084,4.459095001302083,5.214578566863546
1918,1,1.128,1.128,0.0,1.414,265,200,135.0,1.0,1.642799616294013,1.4457772812499998,1.4457772812499998,1.8123484713541664,1.2817174479166666,1.4462638771355416
1919,94,11.757,10.18,23.402,15.264,384,201,148.392,11.963,154.42316393163722,15.069152035156248,13.047883619791666,19.564135125,15.333185829427082,14.022048531397617
1920,7,4.154,2.146,81.65,4.472,3346,204,63.435,2.0,11.499597314058091,5.324254278645833,2.7505656432291663,5.731840427083334,2.5634348958333333,3.826454549076717
1921,1,1.128,1.128,0.0,1.414,700,201,135.0,1.0,1.642799616294013,1.4457772812499998,1.4457772812499998,1.8123484713541664,1.2817174479166666,1.4462638771355416
1922,1,1.128,1.128,0.0,1.414,971,201,135.0,1.0,1.642799616294013,1.4457772812499998,1.4457772812499998,1.8123484713541664,1.2817174479166666,1.4462638771355416
1923,8,5.95,1.712,131.987,7.071,2093,201,135.0,2.774,13.142396930352104,7.626218815104167,2.1943002708333332,9.063024074218749,3.555484200520833,4.090651979630757
1924,4,3.192,1.596,71.565,3.606,3382,204,56.31,2.0,6.571198465176052,4.09124209375,2.045621046875,4.6218731171875,2.5634348958333333,2.892527754271083
1925,38,11.371,4.255,24.112,15.232,3440,210,23.199,8.004,62.4263854191725,14.574409100260416,5.453707740885417,19.523120166666665,10.258866453125,8.915369296202536
1926,5,3.144,2.025,161.565,3.606,3537,201,146.31,2.0,8.213998081470065,4.02971965625,2.59547783203125,4.6218731171875,2.5634348958333333,3.2339443426774745
1927,4,2.257,2.257,0.0,2.828,3570,201,135.0,2.0,6.571198465176052,2.892836279947917,2.892836279947917,3.624696942708333,2.5634348958333333,2.892527754271083
1928,1,1.128,1.128,0.0,1.414,517,202,135.0,1.0,1.642799616294013,1.4457772812499998,1.4457772812499998,1.8123484713541664,1.2817174479166666,1.4462638771355416
1929,31,7.463,5.289,24.48,8.944,520,206,26.565,6.499,50.926788105114404,9.565457313802083,6.779003582031249,11.463680854166668,8.329881694010416,8.052456474363645
1930,1,1.128,1.128,0.0,1.414,561,202,135.0,1.0,1.642799616294013,1.4457772812499998,1.4457772812499998,1.8123484713541664,1.2817174479166666,1.4462638771355416
1931,11,6.526,2.146,91.571,6.325,610,202,108.435,2.0,18.070795779234142,8.364488065104167,2.7505656432291663,8.106862858072917,2.5634348958333333,4.796714628303253
1932,9,4.563,2.511,116.565,5.0,629,202,126.87,3.0,14.785196546646118,5.848476714843749,3.21839251171875,6.408587239583333,3.8451523437499997,4.338791631406624
1933,1,1.128,1.128,0.0,1.414,667,202,135.0,1.0,1.642799616294013,1.4457772812499998,1.4457772812499998,1.8123484713541664,1.2817174479166666,1.4462638771355416
1934,1,1.128,1.128,0.0,1.414,671,202,135.0,1.0,1.642799616294013,1.4457772812499998,1.4457772812499998,1.8123484713541664,1.2817174479166666,1.4462638771355416
1935,11,5.87,2.386,18.645,6.708,701,206,26.565,3.343,18.070795779234142,7.523681419270833,3.058177830729167,8.597760640625,4.284781428385417,4.796714628303253
1936,6,4.258,1.794,96.62,5.385,746,202,111.801,2.0,9.856797697764078,5.457552893229167,2.2994011015625,6.90204845703125,2.5634348958333333,3.5426085324013394
1937,6,3.385,2.257,0.0,3.606,3300,202,146.31,2.0,9.856797697764078,4.338613561197916,2.892836279947917,4.6218731171875,2.5634348958333333,3.5426085324013394
1938,1,1.128,1.128,0.0,1.414,411,203,135.0,1.0,1.642799616294013,1.4457772812499998,1.4457772812499998,1.8123484713541664,1.2817174479166666,1.4462638771355416
1939,1,1.128,1.128,0.0,1.414,549,203,135.0,1.0,1.642799616294013,1.4457772812499998,1.4457772812499998,1.8123484713541664,1.2817174479166666,1.4462638771355416
1940,2,2.257,1.128,90.0,2.236,585,203,116.565,1.0,3.285599232588026,2.892836279947917,1.4457772812499998,2.865920213541667,1.2817174479166666,2.0453259898153786
1941,1,1.128,1.128,0.0,1.414,721,203,135.0,1.0,1.642799616294013,1.4457772812499998,1.4457772812499998,1.8123484713541664,1.2817174479166666,1.4462638771355416
1942,4,3.969,1.283,162.391,4.472,858,203,153.435,1.897,6.571198465176052,5.08713655078125,1.644443485677083,5.731840427083334,2.4314179986979165,2.892527754271083
1943,2,2.257,1.128,0.0,2.236,3161,203,153.435,1.0,3.285599232588026,2.892836279947917,1.4457772812499998,2.865920213541667,1.2817174479166666,2.0453259898153786
1944,1,1.128,1.128,0.0,1.414,3263,203,135.0,1.0,1.642799616294013,1.4457772812499998,1.4457772812499998,1.8123484713541664,1.2817174479166666,1.4462638771355416
1945,31,8.229,4.797,164.958,10.296,3357,203,150.945,5.0,50.926788105114404,10.54725287890625,6.148398597656249,13.19656284375,6.408587239583333,8.052456474363645
1946,1,1.128,1.128,0.0,1.414,507,204,135.0,1.0,1.642799616294013,1.4457772812499998,1.4457772812499998,1.8123484713541664,1.2817174479166666,1.4462638771355416
1947,5,4.183,1.522,100.901,4.472,562,204,116.565,2.0,8.213998081470065,5.361424084635416,1.9507739557291666,5.731840427083334,2.5634348958333333,3.2339443426774745
1948,16,5.836,3.491,99.565,6.325,625,204,108.435,4.0,26.28479386070421,7.480103026041667,4.474475610677083,8.106862858072917,5.126869791666667,5.785055508542166
1949,1,1.128,1.128,0.0,1.414,710,204,135.0,1.0,1.642799616294013,1.4457772812499998,1.4457772812499998,1.8123484713541664,1.2817174479166666,1.4462638771355416
1950,3,2.365,1.615,45.0,2.828,784,206,45.0,2.0,4.928398848882039,3.0312617643229167,2.069973678385417,3.624696942708333,2.5634348958333333,2.5050025163503102
1951,2,2.257,1.128,90.0,2.236,3368,204,116.565,1.0,3.285599232588026,2.892836279947917,1.4457772812499998,2.865920213541667,1.2817174479166666,2.0453259898153786
1952,1,1.128,1.128,0.0,1.414,3491,204,135.0,1.0,1.642799616294013,1.4457772812499998,1.4457772812499998,1.8123484713541664,1.2817174479166666,1.4462638771355416
1953,99,16.225,7.769,139.011,21.401,533,205,127.405,12.021,162.6371620131073,20.795865592447917,9.957662852864583,27.430035102864583,15.40752544140625,14.39014388490976
1954,41,9.834,5.308,24.082,13.454,598,214,41.987,8.486,67.35478426805453,12.604409382812499,6.803356213541666,17.244226544270834,10.876654263020834,9.26060728541019
1955,2,2.257,1.128,0.0,2.236,762,205,153.435,1.0,3.285599232588026,2.892836279947917,1.4457772812499998,2.865920213541667,1.2817174479166666,2.0453259898153786
1956,3,2.365,1.615,135.0,2.828,792,205,135.0,2.0,4.928398848882039,3.0312617643229167,2.069973678385417,3.624696942708333,2.5634348958333333,2.5050025163503102
1957,4,4.514,1.128,0.0,4.123,3398,205,165.964,1.0,6.571198465176052,5.785672559895834,1.4457772812499998,5.284521037760417,1.2817174479166666,2.892527754271083
1958,1,1.128,1.128,0.0,1.414,3480,205,135.0,1.0,1.642799616294013,1.4457772812499998,1.4457772812499998,1.8123484713541664,1.2817174479166666,1.4462638771355416
1959,1,1.128,1.128,0.0,1.414,3542,205,135.0,1.0,1.642799616294013,1.4457772812499998,1.4457772812499998,1.8123484713541664,1.2817174479166666,1.4462638771355416
1960,19,6.019,4.019,111.576,7.81,556,206,129.806,5.0,31.21319270958625,7.714657319010417,5.151222423177083,10.010213268229165,6.408587239583333,6.304118086127151
1961,6,3.718,2.055,90.0,4.123,711,206,104.036,2.0,9.856797697764078,4.765425471354167,2.63392935546875,5.284521037760417,2.5634348958333333,3.5426085324013394
1962,4,3.676,1.385,140.31,4.243,799,206,135.0,2.121,6.571198465176052,4.711593338541666,1.7751786653645834,5.438327131510417,2.71852270703125,2.892527754271083
1963,4,3.192,1.596,18.435,3.606,925,208,33.69,2.0,6.571198465176052,4.09124209375,2.045621046875,4.6218731171875,2.5634348958333333,2.892527754271083
1964,5,3.144,2.025,18.435,3.606,3348,208,33.69,2.0,8.213998081470065,4.02971965625,2.59547783203125,4.6218731171875,2.5634348958333333,3.2339443426774745
1965,1,1.128,1.128,0.0,1.414,3353,206,135.0,1.0,1.642799616294013,1.4457772812499998,1.4457772812499998,1.8123484713541664,1.2817174479166666,1.4462638771355416
1966,10,5.592,2.277,78.307,6.083,3392,206,99.462,2.846,16.42799616294013,7.167363968749999,2.9184706289062503,7.7966872356770835,3.6477678567708334,4.573487949374228
1967,1,1.128,1.128,0.0,1.414,3475,206,135.0,1.0,1.642799616294013,1.4457772812499998,1.4457772812499998,1.8123484713541664,1.2817174479166666,1.4462638771355416
1968,16,4.514,4.514,0.0,5.657,3490,206,135.0,4.0,26.28479386070421,5.785672559895834,5.785672559895834,7.250675602864583,5.126869791666667,5.785055508542166
1969,2,2.257,1.128,90.0,2.236,435,207,116.565,1.0,3.285599232588026,2.892836279947917,1.4457772812499998,2.865920213541667,1.2817174479166666,2.0453259898153786
1970,1,1.128,1.128,0.0,1.414,657,207,135.0,1.0,1.642799616294013,1.4457772812499998,1.4457772812499998,1.8123484713541664,1.2817174479166666,1.4462638771355416
1971,1,1.128,1.128,0.0,1.414,784,207,135.0,1.0,1.642799616294013,1.4457772812499998,1.4457772812499998,1.8123484713541664,1.2817174479166666,1.4462638771355416
1972,3,2.365,1.615,135.0,2.828,818,207,135.0,2.0,4.928398848882039,3.0312617643229167,2.069973678385417,3.624696942708333,2.5634348958333333,2.5050025163503102
1973,1,1.128,1.128,0.0,1.414,3213,207,135.0,1.0,1.642799616294013,1.4457772812499998,1.4457772812499998,1.8123484713541664,1.2817174479166666,1.4462638771355416
1974,1,1.128,1.128,0.0,1.414,3381,207,135.0,1.0,1.642799616294013,1.4457772812499998,1.4457772812499998,1.8123484713541664,1.2817174479166666,1.4462638771355416
1975,20,7.724,3.297,121.155,8.602,3497,207,125.538,4.287,32.85599232588026,9.899985567708333,4.22582242578125,11.025333486979166,5.49472269921875,6.467888685354949
1976,4,2.257,2.257,0.0,2.828,3523,207,135.0,2.0,6.571198465176052,2.892836279947917,2.892836279947917,3.624696942708333,2.5634348958333333,2.892527754271083
1977,1,1.128,1.128,0.0,1.414,504,208,135.0,1.0,1.642799616294013,1.4457772812499998,1.4457772812499998,1.8123484713541664,1.2817174479166666,1.4462638771355416
1978,1,1.128,1.128,0.0,1.414,506,208,135.0,1.0,1.642799616294013,1.4457772812499998,1.4457772812499998,1.8123484713541664,1.2817174479166666,1.4462638771355416
1979,146,16.227,11.456,140.678,25.06,508,208,118.61,15.532,239.8487439789259,20.79842902734375,14.683355083333332,32.11983924479166,19.907635401041667,17.47527291737788
1980,4,2.734,1.863,90.0,3.162,3353,208,108.435,2.0,6.571198465176052,3.5042155026041666,2.38783960546875,4.0527905703125,2.5634348958333333,2.892527754271083
1981,9,3.939,2.909,45.0,4.472,3559,211,26.565,3.536,14.785196546646118,5.04868502734375,3.728516055989583,5.731840427083334,4.532152895833334,4.338791631406624
1982,275,25.582,13.687,152.285,32.573,392,214,162.121,21.92,451.76989448085357,32.78889575260417,17.542866709635415,41.749382430989584,28.095246458333335,23.983573141516267
1983,1,1.128,1.128,0.0,1.414,549,209,135.0,1.0,1.642799616294013,1.4457772812499998,1.4457772812499998,1.8123484713541664,1.2817174479166666,1.4462638771355416
1984,3,2.365,1.615,135.0,2.828,3324,209,135.0,2.0,4.928398848882039,3.0312617643229167,2.069973678385417,3.624696942708333,2.5634348958333333,2.5050025163503102
1985,4,3.676,1.385,39.69,4.243,3361,212,45.0,2.121,6.571198465176052,4.711593338541666,1.7751786653645834,5.438327131510417,2.71852270703125,2.892527754271083
1986,11,5.235,2.675,90.0,5.385,3366,209,111.801,3.0,18.070795779234142,6.70979083984375,3.428594173177083,6.90204845703125,3.8451523437499997,4.796714628303253
1987,20,5.52,4.613,60.108,7.28,3395,209,105.945,6.708,32.85599232588026,7.075080312499999,5.9125625872395835,9.330903020833334,8.597760640625,6.467888685354949
1988,29,7.617,4.847,8.438,9.487,3469,210,161.565,5.918,47.64118887252638,9.76284180078125,6.212484470052083,12.159653428385417,7.585203856770834,7.788369332980218
1989,1,1.128,1.128,0.0,1.414,3564,209,135.0,1.0,1.642799616294013,1.4457772812499998,1.4457772812499998,1.8123484713541664,1.2817174479166666,1.4462638771355416
1990,1,1.128,1.128,0.0,1.414,3567,209,135.0,1.0,1.642799616294013,1.4457772812499998,1.4457772812499998,1.8123484713541664,1.2817174479166666,1.4462638771355416
1991,1,1.128,1.128,0.0,1.414,3219,210,135.0,1.0,1.642799616294013,1.4457772812499998,1.4457772812499998,1.8123484713541664,1.2817174479166666,1.4462638771355416
1992,7,4.154,2.146,81.65,4.472,3420,214,63.435,2.0,11.499597314058091,5.324254278645833,2.7505656432291663,5.731840427083334,2.5634348958333333,3.826454549076717
1993,1,1.128,1.128,0.0,1.414,3455,210,135.0,1.0,1.642799616294013,1.4457772812499998,1.4457772812499998,1.8123484713541664,1.2817174479166666,1.4462638771355416
1994,11,4.779,2.931,158.645,5.831,3460,211,149.036,4.0,18.070795779234142,6.12532768359375,3.75671383984375,7.473694438802084,5.126869791666667,4.796714628303253
1995,144,22.419,8.178,148.494,25.554,3484,210,149.421,11.236,236.56314474633788,28.73482346484375,10.4818852890625,32.753007664062494,14.401377244791668,17.355166525626498
1996,1,1.128,1.128,0.0,1.414,3495,210,135.0,1.0,1.642799616294013,1.4457772812499998,1.4457772812499998,1.8123484713541664,1.2817174479166666,1.4462638771355416
1997,1,1.128,1.128,0.0,1.414,3587,210,135.0,1.0,1.642799616294013,1.4457772812499998,1.4457772812499998,1.8123484713541664,1.2817174479166666,1.4462638771355416
1998,4,2.257,2.257,0.0,2.828,414,211,135.0,2.0,6.571198465176052,2.892836279947917,2.892836279947917,3.624696942708333,2.5634348958333333,2.892527754271083
1999,2,2.596,0.981,135.0,2.828,524,211,135.0,1.414,3.285599232588026,3.327338494791667,1.2573648164062499,3.624696942708333,1.8123484713541664,2.0453259898153786
2000,5,3.461,1.839,135.0,4.243,587,211,135.0,2.683,8.213998081470065,4.436024087239583,2.35707838671875,5.438327131510417,3.4388479127604166,3.2339443426774745
2001,1,1.128,1.128,0.0,1.414,631,211,135.0,1.0,1.642799616294013,1.4457772812499998,1.4457772812499998,1.8123484713541664,1.2817174479166666,1.4462638771355416
2002,26,9.914,3.339,113.31,11.402,715,211,105.255,5.646,42.71279002364434,12.706946778645833,4.27965455859375,14.614142341145833,7.236576710937499,7.374527731318484
2003,1,1.128,1.128,0.0,1.414,880,211,135.0,1.0,1.642799616294013,1.4457772812499998,1.4457772812499998,1.8123484713541664,1.2817174479166666,1.4462638771355416
2004,1,1.128,1.128,0.0,1.414,3401,211,135.0,1.0,1.642799616294013,1.4457772812499998,1.4457772812499998,1.8123484713541664,1.2817174479166666,1.4462638771355416
2005,1,1.128,1.128,0.0,1.414,3655,211,135.0,1.0,1.642799616294013,1.4457772812499998,1.4457772812499998,1.8123484713541664,1.2817174479166666,1.4462638771355416
2006,4,3.192,1.596,71.565,3.606,362,215,56.31,2.0,6.571198465176052,4.09124209375,2.045621046875,4.6218731171875,2.5634348958333333,2.892527754271083
2007,1,1.128,1.128,0.0,1.414,427,212,135.0,1.0,1.642799616294013,1.4457772812499998,1.4457772812499998,1.8123484713541664,1.2817174479166666,1.4462638771355416
2008,78,12.413,8.001,34.284,15.811,459,223,34.695,11.554,128.138370070933,15.909958680989583,10.25502130078125,20.265234569010417,14.808963393229167,12.77305671246926
2009,6,4.387,1.742,122.243,5.0,643,212,126.87,2.496,9.856797697764078,5.622894444010416,2.2327517942708335,6.408587239583333,3.19916675,3.5426085324013394
2010,11,3.934,3.56,114.006,5.099,1451,212,101.31,4.0,18.070795779234142,5.042276440104167,4.562914114583333,6.535477266927083,5.126869791666667,4.796714628303253
2011,2,2.257,1.128,90.0,2.236,3279,212,116.565,1.0,3.285599232588026,2.892836279947917,1.4457772812499998,2.865920213541667,1.2817174479166666,2.0453259898153786
2012,7,3.772,2.363,135.0,4.243,3338,212,135.0,2.828,11.499597314058091,4.834638213541666,3.0286983294270833,5.438327131510417,3.624696942708333,3.826454549076717
2013,5,3.144,2.025,18.435,3.606,3377,214,33.69,2.0,8.213998081470065,4.02971965625,2.59547783203125,4.6218731171875,2.5634348958333333,3.2339443426774745
2014,7,4.154,2.146,171.65,4.472,3450,212,153.435,2.0,11.499597314058091,5.324254278645833,2.7505656432291663,5.731840427083334,2.5634348958333333,3.826454549076717
2015,1,1.128,1.128,0.0,1.414,450,213,135.0,1.0,1.642799616294013,1.4457772812499998,1.4457772812499998,1.8123484713541664,1.2817174479166666,1.4462638771355416
2016,7,4.428,2.013,114.699,5.385,527,213,111.801,2.846,11.499597314058091,5.675444859375,2.5800972226562497,6.90204845703125,3.6477678567708334,3.826454549076717
2017,9,5.437,2.108,88.093,5.385,630,213,111.801,2.0,14.785196546646118,6.968697764322917,2.701860380208333,6.90204845703125,2.5634348958333333,4.338791631406624
2018,4,2.257,2.257,0.0,2.828,706,213,135.0,2.0,6.571198465176052,2.892836279947917,2.892836279947917,3.624696942708333,2.5634348958333333,2.892527754271083
2019,2,2.257,1.128,90.0,2.236,778,213,116.565,1.0,3.285599232588026,2.892836279947917,1.4457772812499998,2.865920213541667,1.2817174479166666,2.0453259898153786
2020,1,1.128,1.128,0.0,1.414,781,213,135.0,1.0,1.642799616294013,1.4457772812499998,1.4457772812499998,1.8123484713541664,1.2817174479166666,1.4462638771355416
2021,1,1.128,1.128,0.0,1.414,3354,213,135.0,1.0,1.642799616294013,1.4457772812499998,1.4457772812499998,1.8123484713541664,1.2817174479166666,1.4462638771355416
2022,2,2.596,0.981,135.0,2.828,413,214,135.0,1.414,3.285599232588026,3.327338494791667,1.2573648164062499,3.624696942708333,1.8123484713541664,2.0453259898153786
2023,8,4.514,2.257,90.0,4.472,552,214,116.565,2.0,13.142396930352104,5.785672559895834,2.892836279947917,5.731840427083334,2.5634348958333333,4.090651979630757
2024,6,3.385,2.257,0.0,3.606,613,214,146.31,2.0,9.856797697764078,4.338613561197916,2.892836279947917,4.6218731171875,2.5634348958333333,3.5426085324013394
2025,60,11.669,6.547,143.593,16.279,3455,214,132.51,9.138,98.56797697764078,14.956360899739584,8.391404131510416,20.865078334635417,11.7123340390625,11.202711820734644
2026,16,5.73,3.555,25.866,7.616,3501,219,23.199,4.851,26.28479386070421,7.3442409765625,4.5565055273437505,9.761560083333332,6.21761133984375,5.785055508542166
2027,19,7.691,3.146,82.3,8.544,3511,222,69.444,4.0,31.21319270958625,9.857688891927083,4.032283091145833,10.950993875,5.126869791666667,6.304118086127151
2028,1,1.128,1.128,0.0,1.414,557,215,135.0,1.0,1.642799616294013,1.4457772812499998,1.4457772812499998,1.8123484713541664,1.2817174479166666,1.4462638771355416
2029,2,2.257,1.128,90.0,2.236,594,215,116.565,1.0,3.285599232588026,2.892836279947917,1.4457772812499998,2.865920213541667,1.2817174479166666,2.0453259898153786
2030,1,1.128,1.128,0.0,1.414,641,215,135.0,1.0,1.642799616294013,1.4457772812499998,1.4457772812499998,1.8123484713541664,1.2817174479166666,1.4462638771355416
2031,8,5.11,1.993,98.677,5.385,3335,215,111.801,2.0,13.142396930352104,6.549576158854167,2.5544628736979167,6.90204845703125,2.5634348958333333,4.090651979630757
2032,5,3.144,2.025,108.435,3.606,3351,215,123.69,2.0,8.213998081470065,4.02971965625,2.59547783203125,4.6218731171875,2.5634348958333333,3.2339443426774745
2033,91,13.585,8.529,19.181,18.682,3470,229,15.524,14.546,149.49476508275518,17.412131529947917,10.93176811328125,23.945045361979165,18.64386199739583,13.79647807992854
2034,7,3.507,2.542,59.527,4.243,655,219,45.0,3.0,11.499597314058091,4.49498308984375,3.2581257526041663,5.438327131510417,3.8451523437499997,3.826454549076717
2035,1,1.128,1.128,0.0,1.414,3075,216,135.0,1.0,1.642799616294013,1.4457772812499998,1.4457772812499998,1.8123484713541664,1.2817174479166666,1.4462638771355416
2036,2,2.596,0.981,45.0,2.828,3278,218,45.0,1.414,3.285599232588026,3.327338494791667,1.2573648164062499,3.624696942708333,1.8123484713541664,2.0453259898153786
2037,42,10.572,5.058,141.756,14.142,3380,216,135.0,8.485,68.99758388434854,13.550316859374998,6.4829268515625,18.126048148437498,10.875372545572915,9.372861169189449
2038,2,2.596,0.981,45.0,2.828,3400,218,45.0,1.414,3.285599232588026,3.327338494791667,1.2573648164062499,3.624696942708333,1.8123484713541664,2.0453259898153786
2039,23,6.367,4.599,15.201,8.062,3405,223,29.745,6.364,37.7843911747623,8.160694990885416,5.89461854296875,10.333206065104166,8.156849838541666,6.936037892995103
2040,1,1.128,1.128,0.0,1.414,3441,216,135.0,1.0,1.642799616294013,1.4457772812499998,1.4457772812499998,1.8123484713541664,1.2817174479166666,1.4462638771355416
2041,2,2.257,1.128,90.0,2.236,3474,216,116.565,1.0,3.285599232588026,2.892836279947917,1.4457772812499998,2.865920213541667,1.2817174479166666,2.0453259898153786
2042,4,3.192,1.596,0.0,4.123,3520,216,165.964,2.0,6.571198465176052,4.09124209375,2.045621046875,5.284521037760417,2.5634348958333333,2.892527754271083
2043,1,1.128,1.128,0.0,1.414,613,217,135.0,1.0,1.642799616294013,1.4457772812499998,1.4457772812499998,1.8123484713541664,1.2817174479166666,1.4462638771355416
2044,1,1.128,1.128,0.0,1.414,794,217,135.0,1.0,1.642799616294013,1.4457772812499998,1.4457772812499998,1.8123484713541664,1.2817174479166666,1.4462638771355416
2045,4,3.192,1.596,108.435,3.606,800,217,123.69,2.0,6.571198465176052,4.09124209375,2.045621046875,4.6218731171875,2.5634348958333333,2.892527754271083
2046,1,1.128,1.128,0.0,1.414,823,217,135.0,1.0,1.642799616294013,1.4457772812499998,1.4457772812499998,1.8123484713541664,1.2817174479166666,1.4462638771355416
2047,1,1.128,1.128,0.0,1.414,3341,217,135.0,1.0,1.642799616294013,1.4457772812499998,1.4457772812499998,1.8123484713541664,1.2817174479166666,1.4462638771355416
2048,2,2.257,1.128,0.0,2.236,3397,217,153.435,1.0,3.285599232588026,2.892836279947917,1.4457772812499998,2.865920213541667,1.2817174479166666,2.0453259898153786
2049,21,5.753,4.648,117.897,7.071,3465,218,135.0,5.0,34.49879194217427,7.373720477864583,5.957422697916666,9.063024074218749,6.408587239583333,6.627613691853932
2050,16,6.609,3.082,157.246,7.211,564,218,146.31,4.0,26.28479386070421,8.47087061328125,3.9502531744791662,9.242464516927084,5.126869791666667,5.785055508542166
2051,31,8.985,4.393,168.07,10.77,588,218,158.199,6.0,50.926788105114404,11.516231269531248,5.630584748697916,13.8040969140625,7.690304687499999,8.052456474363645
2052,1,1.128,1.128,0.0,1.414,691,218,135.0,1.0,1.642799616294013,1.4457772812499998,1.4457772812499998,1.8123484713541664,1.2817174479166666,1.4462638771355416
2053,19,6.624,3.652,3.856,8.062,3430,219,150.255,5.0,31.21319270958625,8.490096375,4.680832119791667,10.333206065104166,6.408587239583333,6.304118086127151
2054,1,1.128,1.128,0.0,1.414,417,219,135.0,1.0,1.642799616294013,1.4457772812499998,1.4457772812499998,1.8123484713541664,1.2817174479166666,1.4462638771355416
2055,1,1.128,1.128,0.0,1.414,530,219,135.0,1.0,1.642799616294013,1.4457772812499998,1.4457772812499998,1.8123484713541664,1.2817174479166666,1.4462638771355416
2056,5,3.998,1.592,143.677,5.0,3338,219,143.13,2.496,8.213998081470065,5.124306356770833,2.0404941770833336,6.408587239583333,3.19916675,3.2339443426774745
2057,265,27.688,12.186,41.643,43.186,3500,251,47.816,22.248,435.34189831791343,35.488192697916666,15.6190088203125,55.352249705729164,28.51564978125,23.543470190509066
2058,1,1.128,1.128,0.0,1.414,3323,220,135.0,1.0,1.642799616294013,1.4457772812499998,1.4457772812499998,1.8123484713541664,1.2817174479166666,1.4462638771355416
2059,3,2.365,1.615,135.0,2.828,3369,220,135.0,2.0,4.928398848882039,3.0312617643229167,2.069973678385417,3.624696942708333,2.5634348958333333,2.5050025163503102
2060,2,2.257,1.128,0.0,2.236,3394,220,153.435,1.0,3.285599232588026,2.892836279947917,1.4457772812499998,2.865920213541667,1.2817174479166666,2.0453259898153786
2061,7,4.661,1.912,121.998,5.657,3400,220,135.0,3.051,11.499597314058091,5.9740850247395825,2.4506437604166664,7.250675602864583,3.91051993359375,3.826454549076717
2062,2,2.596,0.981,135.0,2.828,3413,220,135.0,1.414,3.285599232588026,3.327338494791667,1.2573648164062499,3.624696942708333,1.8123484713541664,2.0453259898153786
2063,4,2.257,2.257,0.0,2.828,3423,220,135.0,2.0,6.571198465176052,2.892836279947917,2.892836279947917,3.624696942708333,2.5634348958333333,2.892527754271083
2064,2,2.257,1.128,90.0,2.236,3557,220,116.565,1.0,3.285599232588026,2.892836279947917,1.4457772812499998,2.865920213541667,1.2817174479166666,2.0453259898153786
2065,1,1.128,1.128,0.0,1.414,491,221,135.0,1.0,1.642799616294013,1.4457772812499998,1.4457772812499998,1.8123484713541664,1.2817174479166666,1.4462638771355416
2066,2,2.257,1.128,0.0,2.236,588,221,153.435,1.0,3.285599232588026,2.892836279947917,1.4457772812499998,2.865920213541667,1.2817174479166666,2.0453259898153786
2067,2,2.257,1.128,0.0,2.236,604,221,153.435,1.0,3.285599232588026,2.892836279947917,1.4457772812499998,2.865920213541667,1.2817174479166666,2.0453259898153786
2068,1,1.128,1.128,0.0,1.414,828,221,135.0,1.0,1.642799616294013,1.4457772812499998,1.4457772812499998,1.8123484713541664,1.2817174479166666,1.4462638771355416
2069,29,9.471,3.898,28.725,11.402,3439,228,37.875,5.692,47.64118887252638,12.139145949218749,4.9961346119791665,14.614142341145833,7.295535713541667,7.788369332980218
2070,2,2.257,1.128,0.0,2.236,3554,221,153.435,1.0,3.285599232588026,2.892836279947917,1.4457772812499998,2.865920213541667,1.2817174479166666,2.0453259898153786
2071,1,1.128,1.128,0.0,1.414,3562,221,135.0,1.0,1.642799616294013,1.4457772812499998,1.4457772812499998,1.8123484713541664,1.2817174479166666,1.4462638771355416
2072,103,18.177,7.215,156.259,23.087,424,225,162.35,10.8,169.20836047828334,23.29777805078125,9.24759138671875,29.591010720052083,13.842548437500001,14.677975263558467
2073,4,3.216,1.583,148.283,3.606,446,222,146.31,2.0,6.571198465176052,4.1220033125,2.028958720052083,4.6218731171875,2.5634348958333333,2.892527754271083
2074,9,3.923,2.921,101.981,4.472,523,222,116.565,3.0,14.785196546646118,5.028177548177084,3.743896665364583,5.731840427083334,3.8451523437499997,4.338791631406624
2075,4,3.676,1.385,39.69,4.243,3373,225,45.0,2.121,6.571198465176052,4.711593338541666,1.7751786653645834,5.438327131510417,2.71852270703125,2.892527754271083
2076,4,4.514,1.128,0.0,4.123,3416,222,165.964,1.0,6.571198465176052,5.785672559895834,1.4457772812499998,5.284521037760417,1.2817174479166666,2.892527754271083
2077,1,1.128,1.128,0.0,1.414,488,223,135.0,1.0,1.642799616294013,1.4457772812499998,1.4457772812499998,1.8123484713541664,1.2817174479166666,1.4462638771355416
2078,3,2.365,1.615,135.0,2.828,494,223,135.0,2.0,4.928398848882039,3.0312617643229167,2.069973678385417,3.624696942708333,2.5634348958333333,2.5050025163503102
2079,5,3.316,1.92,45.0,4.243,499,226,45.0,2.828,8.213998081470065,4.250175057291666,2.4608974999999997,5.438327131510417,3.624696942708333,3.2339443426774745
2080,1,1.128,1.128,0.0,1.414,561,223,135.0,1.0,1.642799616294013,1.4457772812499998,1.4457772812499998,1.8123484713541664,1.2817174479166666,1.4462638771355416
2081,64,11.282,7.223,92.141,14.318,659,237,77.905,9.0,105.13917544281684,14.460336247395833,9.257845126302083,18.351630419270833,11.535457031249999,11.570111017084333
2082,5,4.474,1.423,35.28,5.0,3368,226,36.87,2.121,8.213998081470065,5.734403861979167,1.8238839283854167,6.408587239583333,2.71852270703125,3.2339443426774745
2083,2,2.257,1.128,0.0,2.236,3421,223,153.435,1.0,3.285599232588026,2.892836279947917,1.4457772812499998,2.865920213541667,1.2817174479166666,2.0453259898153786
2084,5,3.144,2.025,108.435,3.606,3514,223,123.69,2.0,8.213998081470065,4.02971965625,2.59547783203125,4.6218731171875,2.5634348958333333,3.2339443426774745
2085,1,1.128,1.128,0.0,1.414,3517,223,135.0,1.0,1.642799616294013,1.4457772812499998,1.4457772812499998,1.8123484713541664,1.2817174479166666,1.4462638771355416
2086,1,1.128,1.128,0.0,1.414,3562,223,135.0,1.0,1.642799616294013,1.4457772812499998,1.4457772812499998,1.8123484713541664,1.2817174479166666,1.4462638771355416
2087,26,6.27,5.28,148.593,8.544,3563,226,159.444,7.0,42.71279002364434,8.0363683984375,6.767468125000001,10.950993875,8.972022135416667,7.374527731318484
2088,3,2.365,1.615,45.0,2.828,398,226,45.0,2.0,4.928398848882039,3.0312617643229167,2.069973678385417,3.624696942708333,2.5634348958333333,2.5050025163503102
2089,3,2.365,1.615,45.0,2.828,510,226,45.0,2.0,4.928398848882039,3.0312617643229167,2.069973678385417,3.624696942708333,2.5634348958333333,2.5050025163503102
2090,1,1.128,1.128,0.0,1.414,521,224,135.0,1.0,1.642799616294013,1.4457772812499998,1.4457772812499998,1.8123484713541664,1.2817174479166666,1.4462638771355416
2091,21,6.926,3.861,95.089,7.28,586,224,105.945,4.0,34.49879194217427,8.877175044270833,4.948711066406251,9.330903020833334,5.126869791666667,6.627613691853932
2092,1,1.128,1.128,0.0,1.414,3275,224,135.0,1.0,1.642799616294013,1.4457772812499998,1.4457772812499998,1.8123484713541664,1.2817174479166666,1.4462638771355416
2093,3,2.365,1.615,45.0,2.828,3332,226,45.0,2.0,4.928398848882039,3.0312617643229167,2.069973678385417,3.624696942708333,2.5634348958333333,2.5050025163503102
2094,1,1.128,1.128,0.0,1.414,3337,224,135.0,1.0,1.642799616294013,1.4457772812499998,1.4457772812499998,1.8123484713541664,1.2817174479166666,1.4462638771355416
2095,10,4.698,2.71,157.38,6.708,3403,225,153.435,4.0,16.42799616294013,6.0215085703125,3.4734542838541667,8.597760640625,5.126869791666667,4.573487949374228
2096,26,7.197,4.6,166.103,9.22,3410,228,167.471,6.647,42.71279002364434,9.22452047265625,5.895900260416666,11.817434869791667,8.519575876302083,7.374527731318484
2097,38,8.688,5.569,153.242,10.817,3422,226,146.31,8.963,62.4263854191725,11.1355611875,7.1378844674479165,13.864337634114584,11.488033485677082,8.915369296202536
2098,2,2.257,1.128,0.0,2.236,3508,224,153.435,1.0,3.285599232588026,2.892836279947917,1.4457772812499998,2.865920213541667,1.2817174479166666,2.0453259898153786
2099,2,2.257,1.128,90.0,2.236,3519,224,116.565,1.0,3.285599232588026,2.892836279947917,1.4457772812499998,2.865920213541667,1.2817174479166666,2.0453259898153786
2100,1,1.128,1.128,0.0,1.414,394,225,135.0,1.0,1.642799616294013,1.4457772812499998,1.4457772812499998,1.8123484713541664,1.2817174479166666,1.4462638771355416
2101,1,1.128,1.128,0.0,1.414,442,225,135.0,1.0,1.642799616294013,1.4457772812499998,1.4457772812499998,1.8123484713541664,1.2817174479166666,1.4462638771355416
2102,1,1.128,1.128,0.0,1.414,458,225,135.0,1.0,1.642799616294013,1.4457772812499998,1.4457772812499998,1.8123484713541664,1.2817174479166666,1.4462638771355416
2103,31,7.514,5.253,116.778,8.944,462,225,116.565,6.708,50.926788105114404,9.630824903645834,6.73286175390625,11.463680854166668,8.597760640625,8.052456474363645
2104,2,2.257,1.128,0.0,2.236,539,225,153.435,1.0,3.285599232588026,2.892836279947917,1.4457772812499998,2.865920213541667,1.2817174479166666,2.0453259898153786
2105,14,7.826,2.278,48.07,9.22,618,232,49.399,3.536,22.999194628116182,10.030720747395833,2.9197523463541666,11.817434869791667,4.532152895833334,5.411423919108519
2106,1,1.128,1.128,0.0,1.414,631,225,135.0,1.0,1.642799616294013,1.4457772812499998,1.4457772812499998,1.8123484713541664,1.2817174479166666,1.4462638771355416
2107,2,2.596,0.981,45.0,2.828,701,227,45.0,1.414,3.285599232588026,3.327338494791667,1.2573648164062499,3.624696942708333,1.8123484713541664,2.0453259898153786
2108,2,2.596,0.981,135.0,2.828,738,225,135.0,1.414,3.285599232588026,3.327338494791667,1.2573648164062499,3.624696942708333,1.8123484713541664,2.0453259898153786
2109,3,3.213,1.189,151.845,3.606,837,225,146.31,1.789,4.928398848882039,4.11815816015625,1.5239620455729168,4.6218731171875,2.2929925143229166,2.5050025163503102
2110,2,2.257,1.128,0.0,2.236,930,225,153.435,1.0,3.285599232588026,2.892836279947917,1.4457772812499998,2.865920213541667,1.2817174479166666,2.0453259898153786
2111,25,7.628,4.173,3.177,8.246,3354,226,165.964,5.0,41.069990407350325,9.776940692708333,5.34860691015625,10.569042075520834,6.408587239583333,7.231319385677708
2112,1,1.128,1.128,0.0,1.414,3400,225,135.0,1.0,1.642799616294013,1.4457772812499998,1.4457772812499998,1.8123484713541664,1.2817174479166666,1.4462638771355416
2113,1,1.128,1.128,0.0,1.414,3437,225,135.0,1.0,1.642799616294013,1.4457772812499998,1.4457772812499998,1.8123484713541664,1.2817174479166666,1.4462638771355416
2114,5,3.086,2.063,124.099,3.606,3558,225,123.69,2.683,8.213998081470065,3.955380044270833,2.6441830950520835,4.6218731171875,3.4388479127604166,3.2339443426774745
2115,1,1.128,1.128,0.0,1.414,3600,225,135.0,1.0,1.642799616294013,1.4457772812499998,1.4457772812499998,1.8123484713541664,1.2817174479166666,1.4462638771355416
2116,13,6.042,2.739,4.017,7.28,448,229,15.945,4.0,21.35639501182217,7.7441368203125,3.5106240898437497,9.330903020833334,5.126869791666667,5.214578566863546
2117,13,4.899,3.378,140.735,5.657,532,226,135.0,4.0,21.35639501182217,6.27913377734375,4.3296415390625,7.250675602864583,5.126869791666667,5.214578566863546
2118,4,3.216,1.583,148.283,3.606,615,226,146.31,2.0,6.571198465176052,4.1220033125,2.028958720052083,4.6218731171875,2.5634348958333333,2.892527754271083
2119,1,1.128,1.128,0.0,1.414,886,226,135.0,1.0,1.642799616294013,1.4457772812499998,1.4457772812499998,1.8123484713541664,1.2817174479166666,1.4462638771355416
2120,2,2.596,0.981,45.0,2.828,3372,228,45.0,1.414,3.285599232588026,3.327338494791667,1.2573648164062499,3.624696942708333,1.8123484713541664,2.0453259898153786
2121,1,1.128,1.128,0.0,1.414,3377,226,135.0,1.0,1.642799616294013,1.4457772812499998,1.4457772812499998,1.8123484713541664,1.2817174479166666,1.4462638771355416
2122,15,6.98,2.736,84.787,7.28,3509,226,105.945,3.0,24.641994244410196,8.946387786458335,3.5067789375,9.330903020833334,3.8451523437499997,5.601355910367322
2123,6,3.14,2.433,135.0,3.606,456,227,123.69,2.828,9.856797697764078,4.024592786458333,3.1184185507812496,4.6218731171875,3.624696942708333,3.5426085324013394
2124,3,2.365,1.615,135.0,2.828,582,227,135.0,2.0,4.928398848882039,3.0312617643229167,2.069973678385417,3.624696942708333,2.5634348958333333,2.5050025163503102
2125,1,1.128,1.128,0.0,1.414,682,227,135.0,1.0,1.642799616294013,1.4457772812499998,1.4457772812499998,1.8123484713541664,1.2817174479166666,1.4462638771355416
2126,2,2.257,1.128,0.0,2.236,755,227,153.435,1.0,3.285599232588026,2.892836279947917,1.4457772812499998,2.865920213541667,1.2817174479166666,2.0453259898153786
2127,2,2.257,1.128,0.0,2.236,760,227,153.435,1.0,3.285599232588026,2.892836279947917,1.4457772812499998,2.865920213541667,1.2817174479166666,2.0453259898153786
2128,1,1.128,1.128,0.0,1.414,768,227,135.0,1.0,1.642799616294013,1.4457772812499998,1.4457772812499998,1.8123484713541664,1.2817174479166666,1.4462638771355416
2129,10,7.157,1.779,83.485,7.28,3289,234,74.055,2.0,16.42799616294013,9.173251774739583,2.28017533984375,9.330903020833334,2.5634348958333333,4.573487949374228
2130,13,6.61,2.504,88.709,7.28,3445,234,74.055,3.0,21.35639501182217,8.472152330729166,3.209420489583333,9.330903020833334,3.8451523437499997,5.214578566863546
2131,2,2.257,1.128,0.0,2.236,3520,227,153.435,1.0,3.285599232588026,2.892836279947917,1.4457772812499998,2.865920213541667,1.2817174479166666,2.0453259898153786
2132,7,4.468,1.995,47.043,5.657,392,232,45.0,2.828,11.499597314058091,5.726713557291666,2.55702630859375,7.250675602864583,3.624696942708333,3.826454549076717
2133,2,2.257,1.128,0.0,2.236,420,228,153.435,1.0,3.285599232588026,2.892836279947917,1.4457772812499998,2.865920213541667,1.2817174479166666,2.0453259898153786
2134,1,1.128,1.128,0.0,1.414,483,228,135.0,1.0,1.642799616294013,1.4457772812499998,1.4457772812499998,1.8123484713541664,1.2817174479166666,1.4462638771355416
2135,3,3.385,1.128,90.0,3.162,509,228,108.435,1.0,4.928398848882039,4.338613561197916,1.4457772812499998,4.0527905703125,1.2817174479166666,2.5050025163503102
2136,10,4.456,2.857,18.222,5.0,546,231,36.87,3.0,16.42799616294013,5.7113329479166675,3.661866748697917,6.408587239583333,3.8451523437499997,4.573487949374228
2137,6,3.385,2.257,90.0,3.606,626,228,123.69,2.0,9.856797697764078,4.338613561197916,2.892836279947917,4.6218731171875,2.5634348958333333,3.5426085324013394
2138,3,2.365,1.615,45.0,2.828,652,230,45.0,2.0,4.928398848882039,3.0312617643229167,2.069973678385417,3.624696942708333,2.5634348958333333,2.5050025163503102
2139,2,2.257,1.128,90.0,2.236,3233,228,116.565,1.0,3.285599232588026,2.892836279947917,1.4457772812499998,2.865920213541667,1.2817174479166666,2.0453259898153786
2140,1,1.128,1.128,0.0,1.414,3265,228,135.0,1.0,1.642799616294013,1.4457772812499998,1.4457772812499998,1.8123484713541664,1.2817174479166666,1.4462638771355416
2141,1,1.128,1.128,0.0,1.414,3281,228,135.0,1.0,1.642799616294013,1.4457772812499998,1.4457772812499998,1.8123484713541664,1.2817174479166666,1.4462638771355416
2142,14,6.176,2.886,98.282,7.28,3385,228,105.945,3.881,22.999194628116182,7.915886958333333,3.6990365546875,9.330903020833334,4.974345415364583,5.411423919108519
2143,86,11.742,9.325,47.155,15.811,3479,243,34.695,13.336,141.2807670012851,15.049926273437501,11.952015201822915,20.265234569010417,17.09298388541667,13.412099440371483
2144,5,3.144,2.025,108.435,3.606,3488,228,123.69,2.0,8.213998081470065,4.02971965625,2.59547783203125,4.6218731171875,2.5634348958333333,3.2339443426774745
2145,18,6.345,3.612,69.444,7.211,3514,234,56.31,4.0,29.570393093292235,8.13249720703125,4.629563421875,9.242464516927084,5.126869791666667,6.135977969446135
2146,1,1.128,1.128,0.0,1.414,428,229,135.0,1.0,1.642799616294013,1.4457772812499998,1.4457772812499998,1.8123484713541664,1.2817174479166666,1.4462638771355416
2147,2,2.257,1.128,0.0,2.236,494,229,153.435,1.0,3.285599232588026,2.892836279947917,1.4457772812499998,2.865920213541667,1.2817174479166666,2.0453259898153786
2148,3,3.385,1.128,0.0,3.162,577,229,161.565,1.0,4.928398848882039,4.338613561197916,1.4457772812499998,4.0527905703125,1.2817174479166666,2.5050025163503102
2149,1,1.128,1.128,0.0,1.414,1015,229,135.0,1.0,1.642799616294013,1.4457772812499998,1.4457772812499998,1.8123484713541664,1.2817174479166666,1.4462638771355416
2150,14,5.151,3.46,34.748,6.708,3370,234,26.565,4.715,22.999194628116182,6.60212657421875,4.434742369791667,8.597760640625,6.043297766927083,5.411423919108519
2151,9,4.204,2.726,144.217,5.0,3396,229,143.13,3.0,14.785196546646118,5.388340151041667,3.4939617630208333,6.408587239583333,3.8451523437499997,4.338791631406624
2152,1922,73.781,33.168,80.957,110.218,386,338,78.486,56.209,3157.460862517093,94.56639502473959,42.5120043125,141.26833367447918,72.04405602994792,63.40510568427673
2153,5,3.144,2.025,108.435,3.606,497,230,123.69,2.0,8.213998081470065,4.02971965625,2.59547783203125,4.6218731171875,2.5634348958333333,3.2339443426774745
2154,13,6.089,2.718,63.435,6.708,501,236,63.435,3.578,21.35639501182217,7.804377540364584,3.4837080234375,8.597760640625,4.585985028645833,5.214578566863546
2155,17,5.037,4.298,30.964,6.403,511,234,38.66,4.0,27.927593476998222,6.456010785156249,5.508821591145833,8.206836819010416,5.126869791666667,5.963098727945161
2156,119,19.17,7.904,45.323,31.906,504,248,32.196,15.688,195.49315433898755,24.570523476562503,10.130694708333333,40.89447689322916,20.107583322916668,15.7768762774685
2157,30,7.223,5.288,104.264,8.944,635,230,116.565,6.0,49.28398848882039,9.257845126302083,6.7777218645833335,11.463680854166668,7.690304687499999,7.921513496120161
2158,6,4.134,1.848,167.067,4.472,698,230,153.435,2.0,9.856797697764078,5.298619929687501,2.36861384375,5.731840427083334,2.5634348958333333,3.5426085324013394
2159,42,7.925,6.748,3.858,10.0,3346,230,143.13,9.0,68.99758388434854,10.157610774739583,8.649029338541666,12.817174479166667,11.535457031249999,9.372861169189449
2160,12,4.62,3.307,104.872,5.831,3413,230,120.964,4.0,19.713595395528156,5.921534609375,4.2386396002604165,7.473694438802084,5.126869791666667,5.0100050327006205
2161,2,2.596,0.981,45.0,2.828,3454,232,45.0,1.414,3.285599232588026,3.327338494791667,1.2573648164062499,3.624696942708333,1.8123484713541664,2.0453259898153786
2162,11,4.071,3.441,161.565,5.385,3502,232,158.199,4.0,18.070795779234142,5.217871730468749,4.41038973828125,6.90204845703125,5.126869791666667,4.796714628303253
2163,1,1.128,1.128,0.0,1.414,3557,230,135.0,1.0,1.642799616294013,1.4457772812499998,1.4457772812499998,1.8123484713541664,1.2817174479166666,1.4462638771355416
2164,3,3.385,1.128,0.0,3.162,397,231,161.565,1.0,4.928398848882039,4.338613561197916,1.4457772812499998,4.0527905703125,1.2817174479166666,2.5050025163503102
2165,5,3.144,2.025,71.565,3.606,420,234,56.31,2.0,8.213998081470065,4.02971965625,2.59547783203125,4.6218731171875,2.5634348958333333,3.2339443426774745
2166,1,1.128,1.128,0.0,1.414,629,231,135.0,1.0,1.642799616294013,1.4457772812499998,1.4457772812499998,1.8123484713541664,1.2817174479166666,1.4462638771355416
2167,1,1.128,1.128,0.0,1.414,815,231,135.0,1.0,1.642799616294013,1.4457772812499998,1.4457772812499998,1.8123484713541664,1.2817174479166666,1.4462638771355416
2168,1,1.128,1.128,0.0,1.414,3286,231,135.0,1.0,1.642799616294013,1.4457772812499998,1.4457772812499998,1.8123484713541664,1.2817174479166666,1.4462638771355416
2169,2,2.257,1.128,0.0,2.236,3337,231,153.435,1.0,3.285599232588026,2.892836279947917,1.4457772812499998,2.865920213541667,1.2817174479166666,2.0453259898153786
2170,2,2.257,1.128,90.0,2.236,3433,231,116.565,1.0,3.285599232588026,2.892836279947917,1.4457772812499998,2.865920213541667,1.2817174479166666,2.0453259898153786
2171,57,8.872,8.18,15.599,11.662,3470,242,59.036,9.985,93.63957812875874,11.371397197916666,10.484448723958332,14.947388877604167,12.797948717447916,10.919052822086096
2172,97,18.772,6.579,156.45,20.248,451,235,159.775,10.615,159.35156278051926,24.060399932291663,8.43241908984375,25.952214885416666,13.605430709635417,14.24404726978226
2173,41,8.389,6.223,127.54,11.18,475,232,116.565,8.0,67.35478426805453,10.752327670572916,7.976127678385416,14.329601067708333,10.253739583333333,9.26060728541019
2174,2,2.596,0.981,45.0,2.828,482,234,45.0,1.414,3.285599232588026,3.327338494791667,1.2573648164062499,3.624696942708333,1.8123484713541664,2.0453259898153786
2175,7,3.752,2.375,0.0,4.472,546,233,153.435,3.0,11.499597314058091,4.809003864583333,3.0440789388020835,5.731840427083334,3.8451523437499997,3.826454549076717
2176,1,1.128,1.128,0.0,1.414,460,233,135.0,1.0,1.642799616294013,1.4457772812499998,1.4457772812499998,1.8123484713541664,1.2817174479166666,1.4462638771355416
2177,1,1.128,1.128,0.0,1.414,471,233,135.0,1.0,1.642799616294013,1.4457772812499998,1.4457772812499998,1.8123484713541664,1.2817174479166666,1.4462638771355416
2178,11,5.41,2.589,169.538,5.831,524,233,149.036,3.0,18.070795779234142,6.934091393229167,3.31836647265625,7.473694438802084,3.8451523437499997,4.796714628303253
2179,1,1.128,1.128,0.0,1.414,614,233,135.0,1.0,1.642799616294013,1.4457772812499998,1.4457772812499998,1.8123484713541664,1.2817174479166666,1.4462638771355416
2180,38,9.171,5.276,10.833,9.849,720,239,23.962,6.871,62.4263854191725,11.75463071484375,6.762341255208333,12.62363514453125,8.806680584635417,8.915369296202536
2181,1,1.128,1.128,0.0,1.414,815,233,135.0,1.0,1.642799616294013,1.4457772812499998,1.4457772812499998,1.8123484713541664,1.2817174479166666,1.4462638771355416
2182,1,1.128,1.128,0.0,1.414,3180,233,135.0,1.0,1.642799616294013,1.4457772812499998,1.4457772812499998,1.8123484713541664,1.2817174479166666,1.4462638771355416
2183,1,1.128,1.128,0.0,1.414,3254,233,135.0,1.0,1.642799616294013,1.4457772812499998,1.4457772812499998,1.8123484713541664,1.2817174479166666,1.4462638771355416
2184,4,4.514,1.128,0.0,4.123,3364,233,165.964,1.0,6.571198465176052,5.785672559895834,1.4457772812499998,5.284521037760417,1.2817174479166666,2.892527754271083
2185,3,2.365,1.615,45.0,2.828,438,236,45.0,2.0,4.928398848882039,3.0312617643229167,2.069973678385417,3.624696942708333,2.5634348958333333,2.5050025163503102
2186,5,4.183,1.522,10.901,4.472,3310,236,26.565,2.0,8.213998081470065,5.361424084635416,1.9507739557291666,5.731840427083334,2.5634348958333333,3.2339443426774745
2187,2,2.257,1.128,90.0,2.236,3455,234,116.565,1.0,3.285599232588026,2.892836279947917,1.4457772812499998,2.865920213541667,1.2817174479166666,2.0453259898153786
2188,1,1.128,1.128,0.0,1.414,3510,234,135.0,1.0,1.642799616294013,1.4457772812499998,1.4457772812499998,1.8123484713541664,1.2817174479166666,1.4462638771355416
2189,1,1.128,1.128,0.0,1.414,384,235,135.0,1.0,1.642799616294013,1.4457772812499998,1.4457772812499998,1.8123484713541664,1.2817174479166666,1.4462638771355416
2190,491,31.898,19.599,88.312,52.631,424,235,104.3,33.103,806.6146116003604,40.884223153645834,25.12038026171875,67.45807100130209,42.42869267838542,32.047066766442136
2191,2,2.257,1.128,0.0,2.236,3207,235,153.435,1.0,3.285599232588026,2.892836279947917,1.4457772812499998,2.865920213541667,1.2817174479166666,2.0453259898153786
2192,1,1.128,1.128,0.0,1.414,3217,235,135.0,1.0,1.642799616294013,1.4457772812499998,1.4457772812499998,1.8123484713541664,1.2817174479166666,1.4462638771355416
2193,1,1.128,1.128,0.0,1.414,3642,235,135.0,1.0,1.642799616294013,1.4457772812499998,1.4457772812499998,1.8123484713541664,1.2817174479166666,1.4462638771355416
2194,3,2.365,1.615,45.0,2.828,414,238,45.0,2.0,4.928398848882039,3.0312617643229167,2.069973678385417,3.624696942708333,2.5634348958333333,2.5050025163503102
2195,5,3.144,2.025,161.565,3.606,484,236,146.31,2.0,8.213998081470065,4.02971965625,2.59547783203125,4.6218731171875,2.5634348958333333,3.2339443426774745
2196,21,6.716,3.981,0.549,8.246,488,238,165.964,6.0,34.49879194217427,8.608014380208333,5.10251716015625,10.569042075520834,7.690304687499999,6.627613691853932
2197,12,6.77,2.257,90.0,6.325,548,236,108.435,2.0,19.713595395528156,8.677227122395832,2.892836279947917,8.106862858072917,2.5634348958333333,5.0100050327006205
2198,30,8.324,4.589,160.701,10.296,3407,236,150.945,6.0,49.28398848882039,10.669016036458332,5.881801368489584,13.19656284375,7.690304687499999,7.921513496120161
2199,5,3.144,2.025,71.565,3.606,3432,239,56.31,2.0,8.213998081470065,4.02971965625,2.59547783203125,4.6218731171875,2.5634348958333333,3.2339443426774745
2200,42,9.515,5.62,87.373,10.77,3446,246,68.199,7.0,68.99758388434854,12.195541516927085,7.2032520572916665,13.8040969140625,8.972022135416667,9.372861169189449
2201,2,2.257,1.128,90.0,2.236,3457,236,116.565,1.0,3.285599232588026,2.892836279947917,1.4457772812499998,2.865920213541667,1.2817174479166666,2.0453259898153786
2202,1,1.128,1.128,0.0,1.414,372,237,135.0,1.0,1.642799616294013,1.4457772812499998,1.4457772812499998,1.8123484713541664,1.2817174479166666,1.4462638771355416
2203,4,3.969,1.283,72.391,4.472,383,241,63.435,1.897,6.571198465176052,5.08713655078125,1.644443485677083,5.731840427083334,2.4314179986979165,2.892527754271083
2204,1,1.128,1.128,0.0,1.414,500,237,135.0,1.0,1.642799616294013,1.4457772812499998,1.4457772812499998,1.8123484713541664,1.2817174479166666,1.4462638771355416
2205,1,1.128,1.128,0.0,1.414,600,237,135.0,1.0,1.642799616294013,1.4457772812499998,1.4457772812499998,1.8123484713541664,1.2817174479166666,1.4462638771355416
2206,1,1.128,1.128,0.0,1.414,763,237,135.0,1.0,1.642799616294013,1.4457772812499998,1.4457772812499998,1.8123484713541664,1.2817174479166666,1.4462638771355416
2207,2,2.257,1.128,0.0,2.236,3318,237,153.435,1.0,3.285599232588026,2.892836279947917,1.4457772812499998,2.865920213541667,1.2817174479166666,2.0453259898153786
2208,6,4.102,1.862,46.95,5.0,3344,241,53.13,2.828,9.856797697764078,5.257604971354167,2.3865578880208336,6.408587239583333,3.624696942708333,3.5426085324013394
2209,10,4.223,3.015,49.399,5.657,500,242,45.0,4.0,16.42799616294013,5.412692782552083,3.86437810546875,7.250675602864583,5.126869791666667,4.573487949374228
2210,8,4.514,2.257,0.0,4.472,526,238,153.435,2.0,13.142396930352104,5.785672559895834,2.892836279947917,5.731840427083334,2.5634348958333333,4.090651979630757
2211,1,1.128,1.128,0.0,1.414,539,238,135.0,1.0,1.642799616294013,1.4457772812499998,1.4457772812499998,1.8123484713541664,1.2817174479166666,1.4462638771355416
2212,2,2.257,1.128,90.0,2.236,551,238,116.565,1.0,3.285599232588026,2.892836279947917,1.4457772812499998,2.865920213541667,1.2817174479166666,2.0453259898153786
2213,2,2.596,0.981,135.0,2.828,3295,238,135.0,1.414,3.285599232588026,3.327338494791667,1.2573648164062499,3.624696942708333,1.8123484713541664,2.0453259898153786
2214,22,6.579,4.257,4.928,8.246,3434,240,165.964,5.0,36.141591558468285,8.43241908984375,5.456271175781249,10.569042075520834,6.408587239583333,6.78357888217988
2215,2,2.257,1.128,90.0,2.236,3453,238,116.565,1.0,3.285599232588026,2.892836279947917,1.4457772812499998,2.865920213541667,1.2817174479166666,2.0453259898153786
2216,4,3.192,1.596,108.435,3.606,447,239,123.69,2.0,6.571198465176052,4.09124209375,2.045621046875,4.6218731171875,2.5634348958333333,2.892527754271083
2217,1,1.128,1.128,0.0,1.414,670,239,135.0,1.0,1.642799616294013,1.4457772812499998,1.4457772812499998,1.8123484713541664,1.2817174479166666,1.4462638771355416
2218,1,1.128,1.128,0.0,1.414,3282,239,135.0,1.0,1.642799616294013,1.4457772812499998,1.4457772812499998,1.8123484713541664,1.2817174479166666,1.4462638771355416
2219,17,8.741,2.476,46.783,10.63,3325,247,48.814,4.097,27.927593476998222,11.203492212239583,3.173532401041667,13.624656471354168,5.251196384114584,5.963098727945161
2220,11,4.82,2.906,69.006,5.831,3403,244,59.036,3.0,18.070795779234142,6.177878098958334,3.7246709036458334,7.473694438802084,3.8451523437499997,4.796714628303253
2221,67,13.59,6.277,73.989,17.889,524,256,63.435,8.0,110.06757429169888,17.4185401171875,8.045340420572916,22.92864342578125,10.253739583333333,11.838180035570401
2222,9,5.733,1.999,76.968,6.325,538,246,71.565,2.668,14.785196546646118,7.34808612890625,2.5621531783854166,8.106862858072917,3.4196221510416667,4.338791631406624
2223,4,3.216,1.583,148.283,3.606,692,240,146.31,2.0,6.571198465176052,4.1220033125,2.028958720052083,4.6218731171875,2.5634348958333333,2.892527754271083
2224,3,2.365,1.615,135.0,2.828,3317,240,135.0,2.0,4.928398848882039,3.0312617643229167,2.069973678385417,3.624696942708333,2.5634348958333333,2.5050025163503102
2225,2,2.257,1.128,90.0,2.236,3348,240,116.565,1.0,3.285599232588026,2.892836279947917,1.4457772812499998,2.865920213541667,1.2817174479166666,2.0453259898153786
2226,2,2.257,1.128,90.0,2.236,3363,240,116.565,1.0,3.285599232588026,2.892836279947917,1.4457772812499998,2.865920213541667,1.2817174479166666,2.0453259898153786
2227,4,2.734,1.863,90.0,3.162,3385,240,108.435,2.0,6.571198465176052,3.5042155026041666,2.38783960546875,4.0527905703125,2.5634348958333333,2.892527754271083
2228,20,6.926,3.677,87.892,8.062,3399,240,97.125,5.0,32.85599232588026,8.877175044270833,4.712875055989583,10.333206065104166,6.408587239583333,6.467888685354949
2229,2,2.257,1.128,90.0,2.236,451,241,116.565,1.0,3.285599232588026,2.892836279947917,1.4457772812499998,2.865920213541667,1.2817174479166666,2.0453259898153786
2230,3,2.365,1.615,135.0,2.828,3321,241,135.0,2.0,4.928398848882039,3.0312617643229167,2.069973678385417,3.624696942708333,2.5634348958333333,2.5050025163503102
2231,1,1.128,1.128,0.0,1.414,3382,241,135.0,1.0,1.642799616294013,1.4457772812499998,1.4457772812499998,1.8123484713541664,1.2817174479166666,1.4462638771355416
2232,169,18.279,11.772,45.438,27.731,3449,266,64.359,19.23,277.6331351536882,23.42851323046875,15.088377796875,35.543306548177085,24.6474265234375,18.80143040276204
2233,2,2.257,1.128,0.0,2.236,3543,241,153.435,1.0,3.285599232588026,2.892836279947917,1.4457772812499998,2.865920213541667,1.2817174479166666,2.0453259898153786
2234,2,2.257,1.128,90.0,2.236,3590,241,116.565,1.0,3.285599232588026,2.892836279947917,1.4457772812499998,2.865920213541667,1.2817174479166666,2.0453259898153786
2235,4,3.216,1.583,121.717,3.606,444,242,123.69,2.0,6.571198465176052,4.1220033125,2.028958720052083,4.6218731171875,2.5634348958333333,2.892527754271083
2236,8,3.718,2.74,86.915,4.472,546,242,116.565,3.0,13.142396930352104,4.765425471354167,3.511905807291667,5.731840427083334,3.8451523437499997,4.090651979630757
2237,1,1.128,1.128,0.0,1.414,687,242,135.0,1.0,1.642799616294013,1.4457772812499998,1.4457772812499998,1.8123484713541664,1.2817174479166666,1.4462638771355416
2238,2,2.257,1.128,90.0,2.236,3373,242,116.565,1.0,3.285599232588026,2.892836279947917,1.4457772812499998,2.865920213541667,1.2817174479166666,2.0453259898153786
2239,23,9.548,3.067,131.576,10.63,3474,242,131.186,4.243,37.7843911747623,12.237838192708333,3.931027412760417,13.624656471354168,5.438327131510417,6.936037892995103
2240,29,8.778,4.206,69.538,9.434,3483,250,57.995,5.376,47.64118887252638,11.2509157578125,5.3909035859375,12.091722403645832,6.890513,7.788369332980218
2241,4,2.257,2.257,0.0,2.828,505,243,135.0,2.0,6.571198465176052,2.892836279947917,2.892836279947917,3.624696942708333,2.5634348958333333,2.892527754271083
2242,58,12.685,5.822,134.158,15.0,573,243,126.87,8.8,95.28237774505276,16.258585826822916,7.462158981770833,19.22576171875,11.279113541666668,11.01441753947132
2243,1,1.128,1.128,0.0,1.414,816,243,135.0,1.0,1.642799616294013,1.4457772812499998,1.4457772812499998,1.8123484713541664,1.2817174479166666,1.4462638771355416
2244,2,2.257,1.128,0.0,2.236,3561,243,153.435,1.0,3.285599232588026,2.892836279947917,1.4457772812499998,2.865920213541667,1.2817174479166666,2.0453259898153786
2245,1,1.128,1.128,0.0,1.414,3583,243,135.0,1.0,1.642799616294013,1.4457772812499998,1.4457772812499998,1.8123484713541664,1.2817174479166666,1.4462638771355416
2246,1,1.128,1.128,0.0,1.414,383,244,135.0,1.0,1.642799616294013,1.4457772812499998,1.4457772812499998,1.8123484713541664,1.2817174479166666,1.4462638771355416
2247,4,2.734,1.863,90.0,3.162,479,244,108.435,2.0,6.571198465176052,3.5042155026041666,2.38783960546875,4.0527905703125,2.5634348958333333,2.892527754271083
2248,1,1.128,1.128,0.0,1.414,533,244,135.0,1.0,1.642799616294013,1.4457772812499998,1.4457772812499998,1.8123484713541664,1.2817174479166666,1.4462638771355416
2249,5,3.144,2.025,161.565,3.606,610,244,146.31,2.0,8.213998081470065,4.02971965625,2.59547783203125,4.6218731171875,2.5634348958333333,3.2339443426774745
2250,1,1.128,1.128,0.0,1.414,839,244,135.0,1.0,1.642799616294013,1.4457772812499998,1.4457772812499998,1.8123484713541664,1.2817174479166666,1.4462638771355416
2251,1,1.128,1.128,0.0,1.414,841,244,135.0,1.0,1.642799616294013,1.4457772812499998,1.4457772812499998,1.8123484713541664,1.2817174479166666,1.4462638771355416
2252,7,3.507,2.542,120.473,4.243,3314,244,135.0,3.0,11.499597314058091,4.49498308984375,3.2581257526041663,5.438327131510417,3.8451523437499997,3.826454549076717
2253,2,2.257,1.128,90.0,2.236,3345,244,116.565,1.0,3.285599232588026,2.892836279947917,1.4457772812499998,2.865920213541667,1.2817174479166666,2.0453259898153786
2254,5,3.144,2.025,71.565,3.606,3391,247,56.31,2.0,8.213998081470065,4.02971965625,2.59547783203125,4.6218731171875,2.5634348958333333,3.2339443426774745
2255,5,2.523,2.523,0.0,3.162,3423,244,108.435,2.828,8.213998081470065,3.23377312109375,3.23377312109375,4.0527905703125,3.624696942708333,3.2339443426774745
2256,52,17.898,3.699,64.41,23.77,3424,266,67.751,6.154,85.42558004728868,22.9401788828125,4.74107283984375,30.466423736979166,7.887689174479166,10.429157133727092
2257,3,2.365,1.615,45.0,2.828,3440,246,45.0,2.0,4.928398848882039,3.0312617643229167,2.069973678385417,3.624696942708333,2.5634348958333333,2.5050025163503102
2258,1,1.128,1.128,0.0,1.414,398,245,135.0,1.0,1.642799616294013,1.4457772812499998,1.4457772812499998,1.8123484713541664,1.2817174479166666,1.4462638771355416
2259,1,1.128,1.128,0.0,1.414,470,245,135.0,1.0,1.642799616294013,1.4457772812499998,1.4457772812499998,1.8123484713541664,1.2817174479166666,1.4462638771355416
2260,1,1.128,1.128,0.0,1.414,492,245,135.0,1.0,1.642799616294013,1.4457772812499998,1.4457772812499998,1.8123484713541664,1.2817174479166666,1.4462638771355416
2261,1,1.128,1.128,0.0,1.414,697,245,135.0,1.0,1.642799616294013,1.4457772812499998,1.4457772812499998,1.8123484713541664,1.2817174479166666,1.4462638771355416
2262,1,1.128,1.128,0.0,1.414,3301,245,135.0,1.0,1.642799616294013,1.4457772812499998,1.4457772812499998,1.8123484713541664,1.2817174479166666,1.4462638771355416
2263,1,1.128,1.128,0.0,1.414,3416,245,135.0,1.0,1.642799616294013,1.4457772812499998,1.4457772812499998,1.8123484713541664,1.2817174479166666,1.4462638771355416
2264,150,19.837,9.628,134.787,23.601,3493,245,126.384,15.0,246.41994244410196,25.425429014322916,12.340375588541667,30.249813488281248,19.22576171875,17.713042662006696
2265,36,6.77,6.77,0.0,8.485,484,246,135.0,6.0,59.14078618658447,8.677227122395832,8.677227122395832,10.875372545572915,7.690304687499999,8.677583262813249
2266,95,13.815,8.755,158.507,16.643,600,249,147.265,10.733,156.06596354793123,17.70692654296875,11.221436256510417,21.331623485677085,13.756673368489583,14.096436578766182
2267,1,1.128,1.128,0.0,1.414,794,246,135.0,1.0,1.642799616294013,1.4457772812499998,1.4457772812499998,1.8123484713541664,1.2817174479166666,1.4462638771355416
2268,5,3.461,1.839,45.0,4.243,3321,249,45.0,2.683,8.213998081470065,4.436024087239583,2.35707838671875,5.438327131510417,3.4388479127604166,3.2339443426774745
2269,2,2.596,0.981,45.0,2.828,3374,248,45.0,1.414,3.285599232588026,3.327338494791667,1.2573648164062499,3.624696942708333,1.8123484713541664,2.0453259898153786
2270,1,1.128,1.128,0.0,1.414,3435,246,135.0,1.0,1.642799616294013,1.4457772812499998,1.4457772812499998,1.8123484713541664,1.2817174479166666,1.4462638771355416
2271,2,2.257,1.128,90.0,2.236,245,247,116.565,1.0,3.285599232588026,2.892836279947917,1.4457772812499998,2.865920213541667,1.2817174479166666,2.0453259898153786
2272,1,1.128,1.128,0.0,1.414,249,247,135.0,1.0,1.642799616294013,1.4457772812499998,1.4457772812499998,1.8123484713541664,1.2817174479166666,1.4462638771355416
2273,2,2.257,1.128,90.0,2.236,467,247,116.565,1.0,3.285599232588026,2.892836279947917,1.4457772812499998,2.865920213541667,1.2817174479166666,2.0453259898153786
2274,3,3.385,1.128,0.0,3.162,472,247,161.565,1.0,4.928398848882039,4.338613561197916,1.4457772812499998,4.0527905703125,1.2817174479166666,2.5050025163503102
2275,1,1.128,1.128,0.0,1.414,3255,247,135.0,1.0,1.642799616294013,1.4457772812499998,1.4457772812499998,1.8123484713541664,1.2817174479166666,1.4462638771355416
2276,2,2.257,1.128,90.0,2.236,3265,247,116.565,1.0,3.285599232588026,2.892836279947917,1.4457772812499998,2.865920213541667,1.2817174479166666,2.0453259898153786
2277,1,1.128,1.128,0.0,1.414,3379,247,135.0,1.0,1.642799616294013,1.4457772812499998,1.4457772812499998,1.8123484713541664,1.2817174479166666,1.4462638771355416
2278,31,7.102,5.558,47.41,10.0,3414,254,36.87,7.428,50.926788105114404,9.102757315104167,7.123785575520833,12.817174479166667,9.520597203125,8.052456474363645
2279,1,1.128,1.128,0.0,1.414,3461,247,135.0,1.0,1.642799616294013,1.4457772812499998,1.4457772812499998,1.8123484713541664,1.2817174479166666,1.4462638771355416
2280,1,1.128,1.128,0.0,1.414,453,248,135.0,1.0,1.642799616294013,1.4457772812499998,1.4457772812499998,1.8123484713541664,1.2817174479166666,1.4462638771355416
2281,9,5.15,2.225,130.269,5.657,3360,248,135.0,2.828,14.785196546646118,6.600844856770833,2.8518213216145836,7.250675602864583,3.624696942708333,4.338791631406624
2282,1,1.128,1.128,0.0,1.414,3437,248,135.0,1.0,1.642799616294013,1.4457772812499998,1.4457772812499998,1.8123484713541664,1.2817174479166666,1.4462638771355416
2283,1,1.128,1.128,0.0,1.414,3439,248,135.0,1.0,1.642799616294013,1.4457772812499998,1.4457772812499998,1.8123484713541664,1.2817174479166666,1.4462638771355416
2284,1,1.128,1.128,0.0,1.414,3487,248,135.0,1.0,1.642799616294013,1.4457772812499998,1.4457772812499998,1.8123484713541664,1.2817174479166666,1.4462638771355416
2285,76,13.475,7.181,17.335,15.232,3520,254,23.199,9.758,124.852770838345,17.27114261067708,9.204012993489583,19.523120166666665,12.506998856770831,12.608236172254301
2286,24,6.061,5.042,154.33,7.211,3560,248,123.69,6.0,39.42719079105631,7.768489451822917,6.462419372395833,9.242464516927084,7.690304687499999,7.085217064802679
2287,2,2.257,1.128,0.0,2.236,416,249,153.435,1.0,3.285599232588026,2.892836279947917,1.4457772812499998,2.865920213541667,1.2817174479166666,2.0453259898153786
2288,1,1.128,1.128,0.0,1.414,889,249,135.0,1.0,1.642799616294013,1.4457772812499998,1.4457772812499998,1.8123484713541664,1.2817174479166666,1.4462638771355416
2289,1,1.128,1.128,0.0,1.414,3318,249,135.0,1.0,1.642799616294013,1.4457772812499998,1.4457772812499998,1.8123484713541664,1.2817174479166666,1.4462638771355416
2290,9,4.488,2.553,76.717,5.0,3513,253,53.13,3.0,14.785196546646118,5.752347906250001,3.2722246445312497,6.408587239583333,3.8451523437499997,4.338791631406624
2291,2,2.596,0.981,135.0,2.828,3517,249,135.0,1.414,3.285599232588026,3.327338494791667,1.2573648164062499,3.624696942708333,1.8123484713541664,2.0453259898153786
2292,1,1.128,1.128,0.0,1.414,3556,249,135.0,1.0,1.642799616294013,1.4457772812499998,1.4457772812499998,1.8123484713541664,1.2817174479166666,1.4462638771355416
2293,88,13.004,8.616,46.401,19.235,537,267,62.103,12.203,144.56636623387314,16.66745369270833,11.04327753125,24.653835110677083,15.640798016927082,13.56715776435976
2294,4,2.257,2.257,0.0,2.828,3338,250,135.0,2.0,6.571198465176052,2.892836279947917,2.892836279947917,3.624696942708333,2.5634348958333333,2.892527754271083
2295,2,2.596,0.981,45.0,2.828,3380,252,45.0,1.414,3.285599232588026,3.327338494791667,1.2573648164062499,3.624696942708333,1.8123484713541664,2.0453259898153786
2296,16,6.585,3.094,10.412,7.211,3468,254,33.69,4.0,26.28479386070421,8.44010939453125,3.9656337838541664,9.242464516927084,5.126869791666667,5.785055508542166
2297,1,1.128,1.128,0.0,1.414,413,251,135.0,1.0,1.642799616294013,1.4457772812499998,1.4457772812499998,1.8123484713541664,1.2817174479166666,1.4462638771355416
2298,3,2.365,1.615,45.0,2.828,434,253,45.0,2.0,4.928398848882039,3.0312617643229167,2.069973678385417,3.624696942708333,2.5634348958333333,2.5050025163503102
2299,1,1.128,1.128,0.0,1.414,514,251,135.0,1.0,1.642799616294013,1.4457772812499998,1.4457772812499998,1.8123484713541664,1.2817174479166666,1.4462638771355416
2300,6,3.718,2.055,53.13,4.243,3329,254,45.0,2.683,9.856797697764078,4.765425471354167,2.63392935546875,5.438327131510417,3.4388479127604166,3.5426085324013394
2301,1,1.128,1.128,0.0,1.414,3370,251,135.0,1.0,1.642799616294013,1.4457772812499998,1.4457772812499998,1.8123484713541664,1.2817174479166666,1.4462638771355416
2302,2,2.257,1.128,0.0,2.236,3482,251,153.435,1.0,3.285599232588026,2.892836279947917,1.4457772812499998,2.865920213541667,1.2817174479166666,2.0453259898153786
2303,2,2.257,1.128,0.0,2.236,3616,251,153.435,1.0,3.285599232588026,2.892836279947917,1.4457772812499998,2.865920213541667,1.2817174479166666,2.0453259898153786
2304,1,1.128,1.128,0.0,1.414,469,252,135.0,1.0,1.642799616294013,1.4457772812499998,1.4457772812499998,1.8123484713541664,1.2817174479166666,1.4462638771355416
2305,10,3.885,3.277,147.557,5.0,481,252,126.87,4.0,16.42799616294013,4.97947228515625,4.200188076822917,6.408587239583333,5.126869791666667,4.573487949374228
2306,32,9.94,4.099,1.884,12.649,498,258,18.435,6.0,52.56958772140842,12.740271432291665,5.253759819010416,16.212443998697914,7.690304687499999,8.181303959261514
2307,1,1.128,1.128,0.0,1.414,521,252,135.0,1.0,1.642799616294013,1.4457772812499998,1.4457772812499998,1.8123484713541664,1.2817174479166666,1.4462638771355416
2308,37,8.077,5.832,64.043,9.434,685,260,57.995,6.0,60.783585802878484,10.352431826822917,7.4749761562499994,12.091722403645832,7.690304687499999,8.7972797207639
2309,2,2.257,1.128,90.0,2.236,813,252,116.565,1.0,3.285599232588026,2.892836279947917,1.4457772812499998,2.865920213541667,1.2817174479166666,2.0453259898153786
2310,13,5.136,3.223,177.422,7.071,3374,253,171.87,4.0,21.35639501182217,6.5829008125,4.1309753346354166,9.063024074218749,5.126869791666667,5.214578566863546
2311,4,2.257,2.257,0.0,2.828,3498,252,135.0,2.0,6.571198465176052,2.892836279947917,2.892836279947917,3.624696942708333,2.5634348958333333,2.892527754271083
2312,5,2.523,2.523,0.0,3.162,3597,252,108.435,2.828,8.213998081470065,3.23377312109375,3.23377312109375,4.0527905703125,3.624696942708333,3.2339443426774745
2313,1,1.128,1.128,0.0,1.414,414,253,135.0,1.0,1.642799616294013,1.4457772812499998,1.4457772812499998,1.8123484713541664,1.2817174479166666,1.4462638771355416
2314,3,3.385,1.128,0.0,3.162,424,253,161.565,1.0,4.928398848882039,4.338613561197916,1.4457772812499998,4.0527905703125,1.2817174479166666,2.5050025163503102
2315,2,2.257,1.128,90.0,2.236,476,253,116.565,1.0,3.285599232588026,2.892836279947917,1.4457772812499998,2.865920213541667,1.2817174479166666,2.0453259898153786
2316,1,1.128,1.128,0.0,1.414,562,253,135.0,1.0,1.642799616294013,1.4457772812499998,1.4457772812499998,1.8123484713541664,1.2817174479166666,1.4462638771355416
2317,1,1.128,1.128,0.0,1.414,616,253,135.0,1.0,1.642799616294013,1.4457772812499998,1.4457772812499998,1.8123484713541664,1.2817174479166666,1.4462638771355416
2318,6,3.385,2.257,90.0,3.606,3370,253,123.69,2.0,9.856797697764078,4.338613561197916,2.892836279947917,4.6218731171875,2.5634348958333333,3.5426085324013394
2319,1,1.128,1.128,0.0,1.414,3456,253,135.0,1.0,1.642799616294013,1.4457772812499998,1.4457772812499998,1.8123484713541664,1.2817174479166666,1.4462638771355416
2320,2,2.257,1.128,90.0,2.236,3507,253,116.565,1.0,3.285599232588026,2.892836279947917,1.4457772812499998,2.865920213541667,1.2817174479166666,2.0453259898153786
2321,1,1.128,1.128,0.0,1.414,3570,253,135.0,1.0,1.642799616294013,1.4457772812499998,1.4457772812499998,1.8123484713541664,1.2817174479166666,1.4462638771355416
2322,4,3.216,1.583,58.283,3.606,385,257,56.31,2.0,6.571198465176052,4.1220033125,2.028958720052083,4.6218731171875,2.5634348958333333,2.892527754271083
2323,14,5.654,3.153,119.439,7.211,420,254,123.69,4.0,22.999194628116182,7.246830450520833,4.04125511328125,9.242464516927084,5.126869791666667,5.411423919108519
2324,23,7.076,4.138,48.116,7.81,432,260,39.806,5.657,37.7843911747623,9.069432661458332,5.303746799479167,10.010213268229165,7.250675602864583,6.936037892995103
2325,1,1.128,1.128,0.0,1.414,463,254,135.0,1.0,1.642799616294013,1.4457772812499998,1.4457772812499998,1.8123484713541664,1.2817174479166666,1.4462638771355416
2326,11,4.001,3.501,19.079,5.0,559,254,126.87,4.0,18.070795779234142,5.128151509114583,4.487292785156249,6.408587239583333,5.126869791666667,4.796714628303253
2327,1,1.128,1.128,0.0,1.414,3009,254,135.0,1.0,1.642799616294013,1.4457772812499998,1.4457772812499998,1.8123484713541664,1.2817174479166666,1.4462638771355416
2328,2,2.257,1.128,90.0,2.236,3435,254,116.565,1.0,3.285599232588026,2.892836279947917,1.4457772812499998,2.865920213541667,1.2817174479166666,2.0453259898153786
2329,41,8.171,6.389,145.579,10.296,3472,256,150.945,7.603,67.35478426805453,10.472913266927081,8.188892774739584,13.19656284375,9.744897756510417,9.26060728541019
2330,2,2.257,1.128,90.0,2.236,3483,254,116.565,1.0,3.285599232588026,2.892836279947917,1.4457772812499998,2.865920213541667,1.2817174479166666,2.0453259898153786
2331,32,8.887,4.584,54.645,10.0,3508,262,53.13,5.657,52.56958772140842,11.390622959635417,5.8753927812499995,12.817174479166667,7.250675602864583,8.181303959261514
2332,3,3.213,1.189,151.845,3.606,583,255,146.31,1.789,4.928398848882039,4.11815816015625,1.5239620455729168,4.6218731171875,2.2929925143229166,2.5050025163503102
2333,1,1.128,1.128,0.0,1.414,886,255,135.0,1.0,1.642799616294013,1.4457772812499998,1.4457772812499998,1.8123484713541664,1.2817174479166666,1.4462638771355416
2334,1,1.128,1.128,0.0,1.414,3359,255,135.0,1.0,1.642799616294013,1.4457772812499998,1.4457772812499998,1.8123484713541664,1.2817174479166666,1.4462638771355416
2335,21,7.151,3.739,110.961,8.602,3517,255,125.538,4.603,34.49879194217427,9.165561470052083,4.792341537760416,11.025333486979166,5.899745412760416,6.627613691853932
2336,14,5.875,3.034,107.526,7.28,383,256,105.945,4.0,22.999194628116182,7.530090006510417,3.8887307369791664,9.330903020833334,5.126869791666667,5.411423919108519
2337,8,3.523,2.891,84.608,4.472,408,256,116.565,3.0,13.142396930352104,4.515490569010416,3.705445141927083,5.731840427083334,3.8451523437499997,4.090651979630757
2338,16,6.34,3.213,124.492,7.071,461,257,135.0,4.025,26.28479386070421,8.126088619791666,4.11815816015625,9.063024074218749,5.158912727864584,5.785055508542166
2339,2,2.596,0.981,45.0,2.828,476,258,45.0,1.414,3.285599232588026,3.327338494791667,1.2573648164062499,3.624696942708333,1.8123484713541664,2.0453259898153786
2340,17,6.352,3.408,111.375,7.211,486,256,123.69,4.0,27.927593476998222,8.141469229166667,4.3680930625,9.242464516927084,5.126869791666667,5.963098727945161
2341,37,8.378,5.623,2.893,9.849,510,258,156.038,6.864,60.783585802878484,10.738228778645833,7.207097209635417,12.62363514453125,8.7977085625,8.7972797207639
2342,1,1.128,1.128,0.0,1.414,763,256,135.0,1.0,1.642799616294013,1.4457772812499998,1.4457772812499998,1.8123484713541664,1.2817174479166666,1.4462638771355416
2343,2,2.596,0.981,135.0,2.828,3241,256,135.0,1.414,3.285599232588026,3.327338494791667,1.2573648164062499,3.624696942708333,1.8123484713541664,2.0453259898153786
2344,17,7.079,3.058,123.474,7.81,3382,256,129.806,3.883,27.927593476998222,9.073277813802083,3.9194919557291663,10.010213268229165,4.976908850260417,5.963098727945161
2345,34,8.164,5.302,115.203,10.0,3460,256,126.87,6.0,55.855186953996444,10.463941244791666,6.795665908854166,12.817174479166667,7.690304687499999,8.433095094829797
2346,2,2.257,1.128,0.0,2.236,292,257,153.435,1.0,3.285599232588026,2.892836279947917,1.4457772812499998,2.865920213541667,1.2817174479166666,2.0453259898153786
2347,4,3.192,1.596,161.565,3.606,481,257,146.31,2.0,6.571198465176052,4.09124209375,2.045621046875,4.6218731171875,2.5634348958333333,2.892527754271083
2348,1,1.128,1.128,0.0,1.414,519,257,135.0,1.0,1.642799616294013,1.4457772812499998,1.4457772812499998,1.8123484713541664,1.2817174479166666,1.4462638771355416
2349,3,2.365,1.615,45.0,2.828,521,259,45.0,2.0,4.928398848882039,3.0312617643229167,2.069973678385417,3.624696942708333,2.5634348958333333,2.5050025163503102
2350,3,2.365,1.615,135.0,2.828,3270,257,135.0,2.0,4.928398848882039,3.0312617643229167,2.069973678385417,3.624696942708333,2.5634348958333333,2.5050025163503102
2351,1,1.128,1.128,0.0,1.414,3373,257,135.0,1.0,1.642799616294013,1.4457772812499998,1.4457772812499998,1.8123484713541664,1.2817174479166666,1.4462638771355416
2352,4,2.257,2.257,0.0,2.828,3376,257,135.0,2.0,6.571198465176052,2.892836279947917,2.892836279947917,3.624696942708333,2.5634348958333333,2.892527754271083
2353,1,1.128,1.128,0.0,1.414,3419,257,135.0,1.0,1.642799616294013,1.4457772812499998,1.4457772812499998,1.8123484713541664,1.2817174479166666,1.4462638771355416
2354,1,1.128,1.128,0.0,1.414,411,258,135.0,1.0,1.642799616294013,1.4457772812499998,1.4457772812499998,1.8123484713541664,1.2817174479166666,1.4462638771355416
2355,1,1.128,1.128,0.0,1.414,551,258,135.0,1.0,1.642799616294013,1.4457772812499998,1.4457772812499998,1.8123484713541664,1.2817174479166666,1.4462638771355416
2356,546,45.792,15.182,98.316,59.135,591,317,86.121,25.857,896.9685904965311,58.692405375,19.459034294270833,75.79436128255207,33.141368050781246,33.79433154331792
2357,2,2.257,1.128,0.0,2.236,3177,258,153.435,1.0,3.285599232588026,2.892836279947917,1.4457772812499998,2.865920213541667,1.2817174479166666,2.0453259898153786
2358,2,2.596,0.981,45.0,2.828,3276,260,45.0,1.414,3.285599232588026,3.327338494791667,1.2573648164062499,3.624696942708333,1.8123484713541664,2.0453259898153786
2359,4,3.216,1.583,58.283,3.606,3344,261,56.31,2.0,6.571198465176052,4.1220033125,2.028958720052083,4.6218731171875,2.5634348958333333,2.892527754271083
2360,3,2.365,1.615,45.0,2.828,3412,260,45.0,2.0,4.928398848882039,3.0312617643229167,2.069973678385417,3.624696942708333,2.5634348958333333,2.5050025163503102
2361,5,3.144,2.025,71.565,3.606,3533,261,56.31,2.0,8.213998081470065,4.02971965625,2.59547783203125,4.6218731171875,2.5634348958333333,3.2339443426774745
2362,1,1.128,1.128,0.0,1.414,3565,258,135.0,1.0,1.642799616294013,1.4457772812499998,1.4457772812499998,1.8123484713541664,1.2817174479166666,1.4462638771355416
2363,7,3.855,2.312,149.036,4.472,477,260,153.435,2.828,11.499597314058091,4.94102076171875,2.9633307395833333,5.731840427083334,3.624696942708333,3.826454549076717
2364,1,1.128,1.128,0.0,1.414,574,259,135.0,1.0,1.642799616294013,1.4457772812499998,1.4457772812499998,1.8123484713541664,1.2817174479166666,1.4462638771355416
2365,6,3.718,2.055,36.87,4.243,3340,262,45.0,2.683,9.856797697764078,4.765425471354167,2.63392935546875,5.438327131510417,3.4388479127604166,3.5426085324013394
2366,3,2.365,1.615,45.0,2.828,404,262,45.0,2.0,4.928398848882039,3.0312617643229167,2.069973678385417,3.624696942708333,2.5634348958333333,2.5050025163503102
2367,8,3.739,2.724,91.788,4.472,494,264,63.435,3.0,13.142396930352104,4.792341537760416,3.4913983281250003,5.731840427083334,3.8451523437499997,4.090651979630757
2368,3,2.365,1.615,135.0,2.828,626,260,135.0,2.0,4.928398848882039,3.0312617643229167,2.069973678385417,3.624696942708333,2.5634348958333333,2.5050025163503102
2369,2,2.257,1.128,90.0,2.236,3296,260,116.565,1.0,3.285599232588026,2.892836279947917,1.4457772812499998,2.865920213541667,1.2817174479166666,2.0453259898153786
2370,6,3.718,2.055,36.87,4.243,3399,263,45.0,2.683,9.856797697764078,4.765425471354167,2.63392935546875,5.438327131510417,3.4388479127604166,3.5426085324013394
2371,2,2.257,1.128,0.0,2.236,3438,260,153.435,1.0,3.285599232588026,2.892836279947917,1.4457772812499998,2.865920213541667,1.2817174479166666,2.0453259898153786
2372,14,5.225,3.412,151.384,5.831,3485,261,149.036,4.0,22.999194628116182,6.696973665364583,4.373219932291667,7.473694438802084,5.126869791666667,5.411423919108519
2373,1,1.128,1.128,0.0,1.414,651,261,135.0,1.0,1.642799616294013,1.4457772812499998,1.4457772812499998,1.8123484713541664,1.2817174479166666,1.4462638771355416
2374,76,11.608,8.336,54.696,13.454,654,270,41.987,9.839,124.852770838345,14.878176135416668,10.684396645833333,17.244226544270834,12.610817970052084,12.608236172254301
2375,3,3.385,1.128,90.0,3.162,3362,261,108.435,1.0,4.928398848882039,4.338613561197916,1.4457772812499998,4.0527905703125,1.2817174479166666,2.5050025163503102
2376,6,3.988,1.916,18.435,4.472,3366,263,26.565,2.0,9.856797697764078,5.111489182291667,2.4557706302083333,5.731840427083334,2.5634348958333333,3.5426085324013394
2377,5,3.833,1.661,135.0,4.243,3414,261,135.0,2.121,8.213998081470065,4.912822977864583,2.128932680989583,5.438327131510417,2.71852270703125,3.2339443426774745
2378,2,2.257,1.128,90.0,2.236,3422,261,116.565,1.0,3.285599232588026,2.892836279947917,1.4457772812499998,2.865920213541667,1.2817174479166666,2.0453259898153786
2379,42,11.111,4.813,132.132,12.806,3512,262,128.66,7.203,68.99758388434854,14.241162563802083,6.168906076822916,16.413673638020832,9.23221077734375,9.372861169189449
2380,117,14.814,10.056,115.941,19.235,414,262,117.897,12.728,192.20755510639952,18.9873622734375,12.888950656249998,24.653835110677083,16.31369967708333,15.643735700590637
2381,1,1.128,1.128,0.0,1.414,423,262,135.0,1.0,1.642799616294013,1.4457772812499998,1.4457772812499998,1.8123484713541664,1.2817174479166666,1.4462638771355416
2382,9,4.196,2.731,83.953,4.472,458,262,116.565,3.0,14.785196546646118,5.378086411458333,3.5003703502604164,5.731840427083334,3.8451523437499997,4.338791631406624
2383,55,8.846,7.917,168.024,11.402,677,271,37.875,9.0,90.35397889617072,11.338072544270833,10.147357035156249,14.614142341145833,11.535457031249999,10.72577997755371
2384,3,2.365,1.615,45.0,2.828,3332,264,45.0,2.0,4.928398848882039,3.0312617643229167,2.069973678385417,3.624696942708333,2.5634348958333333,2.5050025163503102
2385,1,1.128,1.128,0.0,1.414,3349,262,135.0,1.0,1.642799616294013,1.4457772812499998,1.4457772812499998,1.8123484713541664,1.2817174479166666,1.4462638771355416
2386,4,2.257,2.257,0.0,2.828,3390,262,135.0,2.0,6.571198465176052,2.892836279947917,2.892836279947917,3.624696942708333,2.5634348958333333,2.892527754271083
2387,2,2.257,1.128,0.0,2.236,3444,262,153.435,1.0,3.285599232588026,2.892836279947917,1.4457772812499998,2.865920213541667,1.2817174479166666,2.0453259898153786
2388,6,4.024,1.899,173.736,4.472,3492,262,153.435,2.0,9.856797697764078,5.157631010416667,2.43398143359375,5.731840427083334,2.5634348958333333,3.5426085324013394
2389,1,1.128,1.128,0.0,1.414,3525,262,135.0,1.0,1.642799616294013,1.4457772812499998,1.4457772812499998,1.8123484713541664,1.2817174479166666,1.4462638771355416
2390,46,11.995,4.883,12.821,14.318,3522,268,12.095,7.159,75.5687823495246,15.374200787760415,6.2586262981770835,18.351630419270833,9.175815209635417,9.809038857407382
2391,1,1.128,1.128,0.0,1.414,241,263,135.0,1.0,1.642799616294013,1.4457772812499998,1.4457772812499998,1.8123484713541664,1.2817174479166666,1.4462638771355416
2392,1,1.128,1.128,0.0,1.414,275,263,135.0,1.0,1.642799616294013,1.4457772812499998,1.4457772812499998,1.8123484713541664,1.2817174479166666,1.4462638771355416
2393,64,15.249,5.344,42.63,19.849,462,278,49.086,8.832,105.13917544281684,19.54490936328125,6.849498041666667,25.440809623697916,11.320128500000001,11.570111017084333
2394,3,3.213,1.189,61.845,3.606,3320,266,56.31,1.789,4.928398848882039,4.11815816015625,1.5239620455729168,4.6218731171875,2.2929925143229166,2.5050025163503102
2395,9,5.374,2.132,129.498,6.403,3406,263,128.66,2.828,14.785196546646118,6.887949565104166,2.7326215989583336,8.206836819010416,3.624696942708333,4.338791631406624
2396,4,3.192,1.596,71.565,3.606,3480,266,56.31,2.0,6.571198465176052,4.09124209375,2.045621046875,4.6218731171875,2.5634348958333333,2.892527754271083
2397,2,2.596,0.981,135.0,2.828,3519,263,135.0,1.414,3.285599232588026,3.327338494791667,1.2573648164062499,3.624696942708333,1.8123484713541664,2.0453259898153786
2398,51,10.079,6.443,89.775,10.77,502,264,111.801,7.967,83.78278043099466,12.918430157552084,8.258105516927083,13.8040969140625,10.211442907552083,10.32838996735036
2399,12,6.021,2.538,97.177,6.325,562,264,108.435,3.0,19.713595395528156,7.71722075390625,3.2529988828125,8.106862858072917,3.8451523437499997,5.0100050327006205
2400,7,4.154,2.146,8.35,4.472,3238,266,26.565,2.0,11.499597314058091,5.324254278645833,2.7505656432291663,5.731840427083334,2.5634348958333333,3.826454549076717
2401,8,4.044,2.519,160.67,4.472,3351,265,153.435,3.0,13.142396930352104,5.1832653593749995,3.2286462513020835,5.731840427083334,3.8451523437499997,4.090651979630757
2402,11,6.276,2.232,65.465,7.211,3356,270,56.31,3.343,18.070795779234142,8.044058703125,2.86079334375,9.242464516927084,4.284781428385417,4.796714628303253
2403,6,3.988,1.916,108.435,4.472,3460,264,116.565,2.0,9.856797697764078,5.111489182291667,2.4557706302083333,5.731840427083334,2.5634348958333333,3.5426085324013394
2404,1,1.128,1.128,0.0,1.414,240,265,135.0,1.0,1.642799616294013,1.4457772812499998,1.4457772812499998,1.8123484713541664,1.2817174479166666,1.4462638771355416
2405,1,1.128,1.128,0.0,1.414,271,265,135.0,1.0,1.642799616294013,1.4457772812499998,1.4457772812499998,1.8123484713541664,1.2817174479166666,1.4462638771355416
2406,1,1.128,1.128,0.0,1.414,372,265,135.0,1.0,1.642799616294013,1.4457772812499998,1.4457772812499998,1.8123484713541664,1.2817174479166666,1.4462638771355416
2407,1,1.128,1.128,0.0,1.414,411,265,135.0,1.0,1.642799616294013,1.4457772812499998,1.4457772812499998,1.8123484713541664,1.2817174479166666,1.4462638771355416
2408,1,1.128,1.128,0.0,1.414,495,265,135.0,1.0,1.642799616294013,1.4457772812499998,1.4457772812499998,1.8123484713541664,1.2817174479166666,1.4462638771355416
2409,2,2.257,1.128,90.0,2.236,516,265,116.565,1.0,3.285599232588026,2.892836279947917,1.4457772812499998,2.865920213541667,1.2817174479166666,2.0453259898153786
2410,1,1.128,1.128,0.0,1.414,3369,265,135.0,1.0,1.642799616294013,1.4457772812499998,1.4457772812499998,1.8123484713541664,1.2817174479166666,1.4462638771355416
2411,4,2.257,2.257,0.0,2.828,3398,265,135.0,2.0,6.571198465176052,2.892836279947917,2.892836279947917,3.624696942708333,2.5634348958333333,2.892527754271083
2412,1,1.128,1.128,0.0,1.414,3442,265,135.0,1.0,1.642799616294013,1.4457772812499998,1.4457772812499998,1.8123484713541664,1.2817174479166666,1.4462638771355416
2413,2,2.257,1.128,90.0,2.236,3503,265,116.565,1.0,3.285599232588026,2.892836279947917,1.4457772812499998,2.865920213541667,1.2817174479166666,2.0453259898153786
2414,1,1.128,1.128,0.0,1.414,3572,265,135.0,1.0,1.642799616294013,1.4457772812499998,1.4457772812499998,1.8123484713541664,1.2817174479166666,1.4462638771355416
2415,7,4.154,2.146,8.35,4.472,3619,267,26.565,2.0,11.499597314058091,5.324254278645833,2.7505656432291663,5.731840427083334,2.5634348958333333,3.826454549076717
2416,1,1.128,1.128,0.0,1.414,223,266,135.0,1.0,1.642799616294013,1.4457772812499998,1.4457772812499998,1.8123484713541664,1.2817174479166666,1.4462638771355416
2417,1,1.128,1.128,0.0,1.414,375,266,135.0,1.0,1.642799616294013,1.4457772812499998,1.4457772812499998,1.8123484713541664,1.2817174479166666,1.4462638771355416
2418,25,6.796,4.684,168.735,8.944,452,272,26.565,6.306,41.069990407350325,8.710551776041667,6.003564526041667,11.463680854166668,8.0825102265625,7.231319385677708
2419,1,1.128,1.128,0.0,1.414,463,266,135.0,1.0,1.642799616294013,1.4457772812499998,1.4457772812499998,1.8123484713541664,1.2817174479166666,1.4462638771355416
2420,3,2.365,1.615,135.0,2.828,492,266,135.0,2.0,4.928398848882039,3.0312617643229167,2.069973678385417,3.624696942708333,2.5634348958333333,2.5050025163503102
2421,12,4.314,3.542,55.278,5.0,726,270,36.87,4.0,19.713595395528156,5.5293290703124995,4.539843200520833,6.408587239583333,5.126869791666667,5.0100050327006205
2422,3,2.365,1.615,45.0,2.828,918,268,45.0,2.0,4.928398848882039,3.0312617643229167,2.069973678385417,3.624696942708333,2.5634348958333333,2.5050025163503102
2423,1,1.128,1.128,0.0,1.414,3331,266,135.0,1.0,1.642799616294013,1.4457772812499998,1.4457772812499998,1.8123484713541664,1.2817174479166666,1.4462638771355416
2424,4,2.257,2.257,0.0,2.828,3542,266,135.0,2.0,6.571198465176052,2.892836279947917,2.892836279947917,3.624696942708333,2.5634348958333333,2.892527754271083
2425,14,4.65,3.834,37.264,6.325,3546,272,71.565,4.95,22.999194628116182,5.9599861328125,4.9141046953125,8.106862858072917,6.3445013671875,5.411423919108519
2426,2,2.596,0.981,45.0,2.828,377,269,45.0,1.414,3.285599232588026,3.327338494791667,1.2573648164062499,3.624696942708333,1.8123484713541664,2.0453259898153786
2427,3,3.385,1.128,0.0,3.162,539,267,161.565,1.0,4.928398848882039,4.338613561197916,1.4457772812499998,4.0527905703125,1.2817174479166666,2.5050025163503102
2428,1,1.128,1.128,0.0,1.414,719,267,135.0,1.0,1.642799616294013,1.4457772812499998,1.4457772812499998,1.8123484713541664,1.2817174479166666,1.4462638771355416
2429,2,2.257,1.128,0.0,2.236,3194,267,153.435,1.0,3.285599232588026,2.892836279947917,1.4457772812499998,2.865920213541667,1.2817174479166666,2.0453259898153786
2430,1,1.128,1.128,0.0,1.414,3315,267,135.0,1.0,1.642799616294013,1.4457772812499998,1.4457772812499998,1.8123484713541664,1.2817174479166666,1.4462638771355416
2431,1,1.128,1.128,0.0,1.414,3328,267,135.0,1.0,1.642799616294013,1.4457772812499998,1.4457772812499998,1.8123484713541664,1.2817174479166666,1.4462638771355416
2432,6,3.909,1.954,153.435,5.0,3444,267,143.13,3.0,9.856797697764078,5.0102335039062496,2.5044758932291664,6.408587239583333,3.8451523437499997,3.5426085324013394
2433,1,1.128,1.128,0.0,1.414,3506,267,135.0,1.0,1.642799616294013,1.4457772812499998,1.4457772812499998,1.8123484713541664,1.2817174479166666,1.4462638771355416
2434,7,3.742,2.382,104.872,4.472,406,268,116.565,3.0,11.499597314058091,4.796186690104166,3.0530509609375,5.731840427083334,3.8451523437499997,3.826454549076717
2435,1,1.128,1.128,0.0,1.414,675,268,135.0,1.0,1.642799616294013,1.4457772812499998,1.4457772812499998,1.8123484713541664,1.2817174479166666,1.4462638771355416
2436,3,2.365,1.615,135.0,2.828,3272,268,135.0,2.0,4.928398848882039,3.0312617643229167,2.069973678385417,3.624696942708333,2.5634348958333333,2.5050025163503102
2437,16,5.305,3.84,92.037,6.708,3419,268,116.565,5.0,26.28479386070421,6.799511061197916,4.9217949999999995,8.597760640625,6.408587239583333,5.785055508542166
2438,55,9.278,7.548,155.107,11.705,3453,272,160.017,9.37,90.35397889617072,11.891774481770833,9.674403296875,15.002502727864583,12.009692486979166,10.72577997755371
2439,12,4.729,3.231,45.0,5.657,3474,272,45.0,4.0,19.713595395528156,6.061241811197917,4.141229074218749,7.250675602864583,5.126869791666667,5.0100050327006205
2440,62,13.842,5.703,104.845,16.125,3480,268,119.745,7.452,101.85357621022881,17.7415329140625,7.309634605468751,20.66769384765625,9.551358421875,11.387893156464104
2441,25,8.687,3.664,87.228,10.05,3495,268,95.711,4.0,41.069990407350325,11.134279470052082,4.696212729166667,12.881260351562501,5.126869791666667,7.231319385677708
2442,2,2.257,1.128,90.0,2.236,487,269,116.565,1.0,3.285599232588026,2.892836279947917,1.4457772812499998,2.865920213541667,1.2817174479166666,2.0453259898153786
2443,14,5.702,3.126,69.641,6.403,3396,274,51.34,3.795,22.999194628116182,7.308352888020833,4.0066487421875,8.206836819010416,4.86411771484375,5.411423919108519
2444,5,3.316,1.92,135.0,4.243,3404,269,135.0,2.828,8.213998081470065,4.250175057291666,2.4608974999999997,5.438327131510417,3.624696942708333,3.2339443426774745
2445,2,2.257,1.128,90.0,2.236,3425,269,116.565,1.0,3.285599232588026,2.892836279947917,1.4457772812499998,2.865920213541667,1.2817174479166666,2.0453259898153786
2446,12,4.368,3.498,2.458,5.657,461,275,45.0,4.715,19.713595395528156,5.598541812500001,4.4834476328125,7.250675602864583,6.043297766927083,5.0100050327006205
2447,96,15.938,7.669,124.154,21.84,524,270,105.945,13.78,157.70876316422525,20.428012684895833,9.829491108072917,27.992709062499998,17.662066432291667,14.170434129605358
2448,146,16.661,11.157,150.463,29.069,3519,279,3.945,19.961,239.8487439789259,21.354694399739586,14.300121566406249,37.258244493489585,25.58436197786458,17.47527291737788
2449,1,1.128,1.128,0.0,1.414,3561,270,135.0,1.0,1.642799616294013,1.4457772812499998,1.4457772812499998,1.8123484713541664,1.2817174479166666,1.4462638771355416
2450,1,1.128,1.128,0.0,1.414,374,271,135.0,1.0,1.642799616294013,1.4457772812499998,1.4457772812499998,1.8123484713541664,1.2817174479166666,1.4462638771355416
2451,2,2.596,0.981,45.0,2.828,377,273,45.0,1.414,3.285599232588026,3.327338494791667,1.2573648164062499,3.624696942708333,1.8123484713541664,2.0453259898153786
2452,1,1.128,1.128,0.0,1.414,493,271,135.0,1.0,1.642799616294013,1.4457772812499998,1.4457772812499998,1.8123484713541664,1.2817174479166666,1.4462638771355416
2453,1,1.128,1.128,0.0,1.414,726,271,135.0,1.0,1.642799616294013,1.4457772812499998,1.4457772812499998,1.8123484713541664,1.2817174479166666,1.4462638771355416
2454,1,1.128,1.128,0.0,1.414,919,271,135.0,1.0,1.642799616294013,1.4457772812499998,1.4457772812499998,1.8123484713541664,1.2817174479166666,1.4462638771355416
2455,1,1.128,1.128,0.0,1.414,3311,271,135.0,1.0,1.642799616294013,1.4457772812499998,1.4457772812499998,1.8123484713541664,1.2817174479166666,1.4462638771355416
2456,1,1.128,1.128,0.0,1.414,3330,271,135.0,1.0,1.642799616294013,1.4457772812499998,1.4457772812499998,1.8123484713541664,1.2817174479166666,1.4462638771355416
2457,1,1.128,1.128,0.0,1.414,3521,271,135.0,1.0,1.642799616294013,1.4457772812499998,1.4457772812499998,1.8123484713541664,1.2817174479166666,1.4462638771355416
2458,45,10.984,5.216,47.498,15.62,466,282,39.806,9.37,73.92598273323058,14.078384447916667,6.685438208333333,20.02042653645833,12.009692486979166,9.701833028032423
2459,1,1.128,1.128,0.0,1.414,485,272,135.0,1.0,1.642799616294013,1.4457772812499998,1.4457772812499998,1.8123484713541664,1.2817174479166666,1.4462638771355416
2460,2,2.257,1.128,90.0,2.236,577,272,116.565,1.0,3.285599232588026,2.892836279947917,1.4457772812499998,2.865920213541667,1.2817174479166666,2.0453259898153786
2461,25,5.824,5.465,86.015,7.211,2315,278,56.31,6.0,41.069990407350325,7.464722416666667,7.004585852864583,9.242464516927084,7.690304687499999,7.231319385677708
2462,8,4.514,2.257,90.0,4.472,3352,272,116.565,2.0,13.142396930352104,5.785672559895834,2.892836279947917,5.731840427083334,2.5634348958333333,4.090651979630757
2463,12,4.955,3.084,83.483,6.325,3424,278,71.565,4.0,19.713595395528156,6.350909954427084,3.952816609375,8.106862858072917,5.126869791666667,5.0100050327006205
2464,8,4.514,2.257,0.0,4.472,3430,272,153.435,2.0,13.142396930352104,5.785672559895834,2.892836279947917,5.731840427083334,2.5634348958333333,4.090651979630757
2465,2,2.257,1.128,90.0,2.236,3446,272,116.565,1.0,3.285599232588026,2.892836279947917,1.4457772812499998,2.865920213541667,1.2817174479166666,2.0453259898153786
2466,36,8.902,5.149,152.053,10.0,3506,272,143.13,6.0,59.14078618658447,11.409848721354166,6.599563139322917,12.817174479166667,7.690304687499999,8.677583262813249
2467,2,2.257,1.128,90.0,2.236,3515,272,116.565,1.0,3.285599232588026,2.892836279947917,1.4457772812499998,2.865920213541667,1.2817174479166666,2.0453259898153786
2468,2,2.257,1.128,0.0,2.236,453,273,153.435,1.0,3.285599232588026,2.892836279947917,1.4457772812499998,2.865920213541667,1.2817174479166666,2.0453259898153786
2469,1,1.128,1.128,0.0,1.414,529,273,135.0,1.0,1.642799616294013,1.4457772812499998,1.4457772812499998,1.8123484713541664,1.2817174479166666,1.4462638771355416
2470,2,2.596,0.981,45.0,2.828,757,275,45.0,1.414,3.285599232588026,3.327338494791667,1.2573648164062499,3.624696942708333,1.8123484713541664,2.0453259898153786
2471,1,1.128,1.128,0.0,1.414,3289,273,135.0,1.0,1.642799616294013,1.4457772812499998,1.4457772812499998,1.8123484713541664,1.2817174479166666,1.4462638771355416
2472,4,3.192,1.596,108.435,3.606,3314,273,123.69,2.0,6.571198465176052,4.09124209375,2.045621046875,4.6218731171875,2.5634348958333333,2.892527754271083
2473,7,4.11,2.168,67.5,4.472,3577,277,63.435,2.683,11.499597314058091,5.2678587109375,2.7787634270833337,5.731840427083334,3.4388479127604166,3.826454549076717
2474,113,13.8,10.426,9.995,18.868,449,290,57.995,14.709,185.63635664122347,17.68770078125,13.363186111979166,24.183444807291664,18.85278194140625,15.373995897641755
2475,3,2.365,1.615,45.0,2.828,484,276,45.0,2.0,4.928398848882039,3.0312617643229167,2.069973678385417,3.624696942708333,2.5634348958333333,2.5050025163503102
2476,11,4.535,3.088,0.0,5.099,532,275,168.69,3.0,18.070795779234142,5.812588626302084,3.9579434791666666,6.535477266927083,3.8451523437499997,4.796714628303253
2477,11,4.709,2.974,101.548,5.831,561,274,120.964,3.881,18.070795779234142,6.035607462239582,3.8118276901041668,7.473694438802084,4.974345415364583,4.796714628303253
2478,3,2.365,1.615,45.0,2.828,3294,276,45.0,2.0,4.928398848882039,3.0312617643229167,2.069973678385417,3.624696942708333,2.5634348958333333,2.5050025163503102
2479,4,3.417,1.49,96.62,4.123,3369,274,104.036,2.0,6.571198465176052,4.379628519531249,1.9097589973958333,5.284521037760417,2.5634348958333333,2.892527754271083
2480,3,3.385,1.128,90.0,3.162,3427,274,108.435,1.0,4.928398848882039,4.338613561197916,1.4457772812499998,4.0527905703125,1.2817174479166666,2.5050025163503102
2481,3,3.213,1.189,28.155,3.606,376,277,33.69,1.789,4.928398848882039,4.11815816015625,1.5239620455729168,4.6218731171875,2.2929925143229166,2.5050025163503102
2482,3,2.365,1.615,135.0,2.828,448,275,135.0,2.0,4.928398848882039,3.0312617643229167,2.069973678385417,3.624696942708333,2.5634348958333333,2.5050025163503102
2483,2,2.257,1.128,0.0,2.236,648,275,153.435,1.0,3.285599232588026,2.892836279947917,1.4457772812499998,2.865920213541667,1.2817174479166666,2.0453259898153786
2484,1,1.128,1.128,0.0,1.414,3222,275,135.0,1.0,1.642799616294013,1.4457772812499998,1.4457772812499998,1.8123484713541664,1.2817174479166666,1.4462638771355416
2485,1,1.128,1.128,0.0,1.414,3343,275,135.0,1.0,1.642799616294013,1.4457772812499998,1.4457772812499998,1.8123484713541664,1.2817174479166666,1.4462638771355416
2486,1,1.128,1.128,0.0,1.414,3385,275,135.0,1.0,1.642799616294013,1.4457772812499998,1.4457772812499998,1.8123484713541664,1.2817174479166666,1.4462638771355416
2487,1,1.128,1.128,0.0,1.414,3392,275,135.0,1.0,1.642799616294013,1.4457772812499998,1.4457772812499998,1.8123484713541664,1.2817174479166666,1.4462638771355416
2488,2,2.257,1.128,0.0,2.236,3450,275,153.435,1.0,3.285599232588026,2.892836279947917,1.4457772812499998,2.865920213541667,1.2817174479166666,2.0453259898153786
2489,2,2.596,0.981,45.0,2.828,3581,277,45.0,1.414,3.285599232588026,3.327338494791667,1.2573648164062499,3.624696942708333,1.8123484713541664,2.0453259898153786
2490,4,2.257,2.257,0.0,2.828,417,276,135.0,2.0,6.571198465176052,2.892836279947917,2.892836279947917,3.624696942708333,2.5634348958333333,2.892527754271083
2491,2,2.257,1.128,90.0,2.236,441,276,116.565,1.0,3.285599232588026,2.892836279947917,1.4457772812499998,2.865920213541667,1.2817174479166666,2.0453259898153786
2492,12,4.077,3.748,78.69,5.0,494,277,143.13,4.0,19.713595395528156,5.2255620351562495,4.803876994791667,6.408587239583333,5.126869791666667,5.0100050327006205
2493,3,3.385,1.128,90.0,3.162,565,276,108.435,1.0,4.928398848882039,4.338613561197916,1.4457772812499998,4.0527905703125,1.2817174479166666,2.5050025163503102
2494,3,2.365,1.615,135.0,2.828,568,276,135.0,2.0,4.928398848882039,3.0312617643229167,2.069973678385417,3.624696942708333,2.5634348958333333,2.5050025163503102
2495,3,2.365,1.615,45.0,2.828,3290,278,45.0,2.0,4.928398848882039,3.0312617643229167,2.069973678385417,3.624696942708333,2.5634348958333333,2.5050025163503102
2496,5,2.791,2.281,0.0,3.606,3311,276,146.31,3.0,8.213998081470065,3.5772733971354165,2.9235974986979167,4.6218731171875,3.8451523437499997,3.2339443426774745
2497,1,1.128,1.128,0.0,1.414,3400,276,135.0,1.0,1.642799616294013,1.4457772812499998,1.4457772812499998,1.8123484713541664,1.2817174479166666,1.4462638771355416
2498,8,4.044,2.519,19.33,4.472,3466,278,26.565,3.0,13.142396930352104,5.1832653593749995,3.2286462513020835,5.731840427083334,3.8451523437499997,4.090651979630757
2499,3,3.385,1.128,90.0,3.162,3591,276,108.435,1.0,4.928398848882039,4.338613561197916,1.4457772812499998,4.0527905703125,1.2817174479166666,2.5050025163503102
2500,1,1.128,1.128,0.0,1.414,484,277,135.0,1.0,1.642799616294013,1.4457772812499998,1.4457772812499998,1.8123484713541664,1.2817174479166666,1.4462638771355416
2501,7,3.772,2.363,45.0,4.243,3348,280,45.0,2.828,11.499597314058091,4.834638213541666,3.0286983294270833,5.438327131510417,3.624696942708333,3.826454549076717
2502,13,6.358,2.603,79.491,7.616,3400,284,66.801,3.0,21.35639501182217,8.149159533854165,3.3363105169270835,9.761560083333332,3.8451523437499997,5.214578566863546
2503,34,8.431,5.135,159.208,9.849,3438,278,156.038,7.34,55.855186953996444,10.806159803385416,6.5816190950520825,12.62363514453125,9.407806067708332,8.433095094829797
2504,9,4.563,2.511,153.435,5.0,3504,277,143.13,3.0,14.785196546646118,5.848476714843749,3.21839251171875,6.408587239583333,3.8451523437499997,4.338791631406624
2505,2,2.257,1.128,0.0,2.236,3420,278,153.435,1.0,3.285599232588026,2.892836279947917,1.4457772812499998,2.865920213541667,1.2817174479166666,2.0453259898153786
2506,3,3.213,1.189,151.845,3.606,395,279,146.31,1.789,4.928398848882039,4.11815816015625,1.5239620455729168,4.6218731171875,2.2929925143229166,2.5050025163503102
2507,14,5.036,3.54,140.517,6.403,443,279,128.66,4.608,22.999194628116182,6.454729067708333,4.537279765625,8.206836819010416,5.906153999999999,5.411423919108519
2508,1,1.128,1.128,0.0,1.414,487,279,135.0,1.0,1.642799616294013,1.4457772812499998,1.4457772812499998,1.8123484713541664,1.2817174479166666,1.4462638771355416
2509,87,12.166,9.105,74.888,16.401,508,279,127.569,12.0,142.92356661757913,15.593374471354167,11.670037363281251,21.02144786328125,15.380609374999999,13.489851392833065
2510,6,3.385,2.257,90.0,3.606,520,279,123.69,2.0,9.856797697764078,4.338613561197916,2.892836279947917,4.6218731171875,2.5634348958333333,3.5426085324013394
2511,41,10.008,5.216,29.033,11.705,610,285,19.983,7.778,67.35478426805453,12.827428218749999,6.685438208333333,15.002502727864583,9.969198309895832,9.26060728541019
2512,1,1.128,1.128,0.0,1.414,689,279,135.0,1.0,1.642799616294013,1.4457772812499998,1.4457772812499998,1.8123484713541664,1.2817174479166666,1.4462638771355416
2513,1,1.128,1.128,0.0,1.414,3257,279,135.0,1.0,1.642799616294013,1.4457772812499998,1.4457772812499998,1.8123484713541664,1.2817174479166666,1.4462638771355416
2514,1,1.128,1.128,0.0,1.414,3295,279,135.0,1.0,1.642799616294013,1.4457772812499998,1.4457772812499998,1.8123484713541664,1.2817174479166666,1.4462638771355416
2515,1,1.128,1.128,0.0,1.414,3339,279,135.0,1.0,1.642799616294013,1.4457772812499998,1.4457772812499998,1.8123484713541664,1.2817174479166666,1.4462638771355416
2516,1,1.128,1.128,0.0,1.414,3406,279,135.0,1.0,1.642799616294013,1.4457772812499998,1.4457772812499998,1.8123484713541664,1.2817174479166666,1.4462638771355416
2517,3,2.365,1.615,135.0,2.828,3476,279,135.0,2.0,4.928398848882039,3.0312617643229167,2.069973678385417,3.624696942708333,2.5634348958333333,2.5050025163503102
2518,1,1.128,1.128,0.0,1.414,3496,279,135.0,1.0,1.642799616294013,1.4457772812499998,1.4457772812499998,1.8123484713541664,1.2817174479166666,1.4462638771355416
2519,1,1.128,1.128,0.0,1.414,3578,279,135.0,1.0,1.642799616294013,1.4457772812499998,1.4457772812499998,1.8123484713541664,1.2817174479166666,1.4462638771355416
2520,2,2.257,1.128,0.0,2.236,3625,279,153.435,1.0,3.285599232588026,2.892836279947917,1.4457772812499998,2.865920213541667,1.2817174479166666,2.0453259898153786
2521,1,1.128,1.128,0.0,1.414,361,280,135.0,1.0,1.642799616294013,1.4457772812499998,1.4457772812499998,1.8123484713541664,1.2817174479166666,1.4462638771355416
2522,1,1.128,1.128,0.0,1.414,463,280,135.0,1.0,1.642799616294013,1.4457772812499998,1.4457772812499998,1.8123484713541664,1.2817174479166666,1.4462638771355416
2523,1,1.128,1.128,0.0,1.414,561,280,135.0,1.0,1.642799616294013,1.4457772812499998,1.4457772812499998,1.8123484713541664,1.2817174479166666,1.4462638771355416
2524,6,3.718,2.055,143.13,4.243,3291,280,135.0,2.683,9.856797697764078,4.765425471354167,2.63392935546875,5.438327131510417,3.4388479127604166,3.5426085324013394
2525,7,4.214,2.115,145.901,5.0,3469,280,126.87,3.051,11.499597314058091,5.401157325520834,2.7108324023437502,6.408587239583333,3.91051993359375,3.826454549076717
2526,14,4.477,3.981,180.0,5.0,3509,280,126.87,4.0,22.999194628116182,5.738249014322917,5.10251716015625,6.408587239583333,5.126869791666667,5.411423919108519
2527,32,8.112,5.023,29.518,9.22,3521,285,12.529,6.002,52.56958772140842,10.3972919375,6.438066740885416,11.817434869791667,7.692868122395833,8.181303959261514
2528,5,3.086,2.063,55.901,3.606,3598,283,33.69,2.683,8.213998081470065,3.955380044270833,2.6441830950520835,4.6218731171875,3.4388479127604166,3.2339443426774745
2529,2,2.257,1.128,0.0,2.236,3321,281,153.435,1.0,3.285599232588026,2.892836279947917,1.4457772812499998,2.865920213541667,1.2817174479166666,2.0453259898153786
2530,7,4.285,2.08,142.267,5.0,3376,281,143.13,2.828,11.499597314058091,5.4921592643229165,2.665972291666667,6.408587239583333,3.624696942708333,3.826454549076717
2531,4,2.257,2.257,0.0,2.828,3416,281,135.0,2.0,6.571198465176052,2.892836279947917,2.892836279947917,3.624696942708333,2.5634348958333333,2.892527754271083
2532,12,5.501,2.778,150.609,6.403,3449,281,141.34,3.479,19.713595395528156,7.050727680989584,3.5606110703125,8.206836819010416,4.459095001302083,5.0100050327006205
2533,1,1.128,1.128,0.0,1.414,3582,281,135.0,1.0,1.642799616294013,1.4457772812499998,1.4457772812499998,1.8123484713541664,1.2817174479166666,1.4462638771355416
2534,1,1.128,1.128,0.0,1.414,3618,281,135.0,1.0,1.642799616294013,1.4457772812499998,1.4457772812499998,1.8123484713541664,1.2817174479166666,1.4462638771355416
2535,2,2.257,1.128,90.0,2.236,329,282,116.565,1.0,3.285599232588026,2.892836279947917,1.4457772812499998,2.865920213541667,1.2817174479166666,2.0453259898153786
2536,1,1.128,1.128,0.0,1.414,427,282,135.0,1.0,1.642799616294013,1.4457772812499998,1.4457772812499998,1.8123484713541664,1.2817174479166666,1.4462638771355416
2537,7,4.788,1.862,130.377,5.657,477,282,135.0,2.828,11.499597314058091,6.1368631406250005,2.3865578880208336,7.250675602864583,3.624696942708333,3.826454549076717
2538,4,2.257,2.257,0.0,2.828,482,282,135.0,2.0,6.571198465176052,2.892836279947917,2.892836279947917,3.624696942708333,2.5634348958333333,2.892527754271083
2539,7,3.507,2.542,120.473,4.243,488,282,135.0,3.0,11.499597314058091,4.49498308984375,3.2581257526041663,5.438327131510417,3.8451523437499997,3.826454549076717
2540,18,6.826,3.357,94.814,8.246,546,282,104.036,4.0,29.570393093292235,8.749003299479167,4.30272547265625,10.569042075520834,5.126869791666667,6.135977969446135
2541,3,2.365,1.615,135.0,2.828,3352,282,135.0,2.0,4.928398848882039,3.0312617643229167,2.069973678385417,3.624696942708333,2.5634348958333333,2.5050025163503102
2542,3,3.385,1.128,90.0,3.162,3367,282,108.435,1.0,4.928398848882039,4.338613561197916,1.4457772812499998,4.0527905703125,1.2817174479166666,2.5050025163503102
2543,3,2.365,1.615,135.0,2.828,3420,282,135.0,2.0,4.928398848882039,3.0312617643229167,2.069973678385417,3.624696942708333,2.5634348958333333,2.5050025163503102
2544,1,1.128,1.128,0.0,1.414,3423,282,135.0,1.0,1.642799616294013,1.4457772812499998,1.4457772812499998,1.8123484713541664,1.2817174479166666,1.4462638771355416
2545,3,2.365,1.615,135.0,2.828,3432,282,135.0,2.0,4.928398848882039,3.0312617643229167,2.069973678385417,3.624696942708333,2.5634348958333333,2.5050025163503102
2546,3,2.365,1.615,135.0,2.828,3457,282,135.0,2.0,4.928398848882039,3.0312617643229167,2.069973678385417,3.624696942708333,2.5634348958333333,2.5050025163503102
2547,5,3.713,1.715,57.388,4.472,3490,286,63.435,2.683,8.213998081470065,4.759016884114583,2.1981454231770834,5.731840427083334,3.4388479127604166,3.2339443426774745
2548,30,9.451,4.042,97.615,12.649,3500,282,108.435,5.706,49.28398848882039,12.113511600260416,5.180701924479166,16.212443998697914,7.313479757812501,7.921513496120161
2549,1,1.128,1.128,0.0,1.414,3549,282,135.0,1.0,1.642799616294013,1.4457772812499998,1.4457772812499998,1.8123484713541664,1.2817174479166666,1.4462638771355416
2550,1,1.128,1.128,0.0,1.414,549,283,135.0,1.0,1.642799616294013,1.4457772812499998,1.4457772812499998,1.8123484713541664,1.2817174479166666,1.4462638771355416
2551,1,1.128,1.128,0.0,1.414,635,283,135.0,1.0,1.642799616294013,1.4457772812499998,1.4457772812499998,1.8123484713541664,1.2817174479166666,1.4462638771355416
2552,4,2.257,2.257,0.0,2.828,430,284,135.0,2.0,6.571198465176052,2.892836279947917,2.892836279947917,3.624696942708333,2.5634348958333333,2.892527754271083
2553,14,5.655,3.152,15.645,6.403,439,288,38.66,3.726,22.999194628116182,7.24811216796875,4.039973395833333,8.206836819010416,4.7756792109375,5.411423919108519
2554,5,3.732,1.706,84.848,4.123,553,284,104.036,2.0,8.213998081470065,4.783369515625,2.1866099661458334,5.284521037760417,2.5634348958333333,3.2339443426774745
2555,3,2.365,1.615,135.0,2.828,568,284,135.0,2.0,4.928398848882039,3.0312617643229167,2.069973678385417,3.624696942708333,2.5634348958333333,2.5050025163503102
2556,1,1.128,1.128,0.0,1.414,578,284,135.0,1.0,1.642799616294013,1.4457772812499998,1.4457772812499998,1.8123484713541664,1.2817174479166666,1.4462638771355416
2557,4,4.514,1.128,0.0,4.123,3392,284,165.964,1.0,6.571198465176052,5.785672559895834,1.4457772812499998,5.284521037760417,1.2817174479166666,2.892527754271083
2558,2,2.257,1.128,90.0,2.236,3445,284,116.565,1.0,3.285599232588026,2.892836279947917,1.4457772812499998,2.865920213541667,1.2817174479166666,2.0453259898153786
2559,10,5.098,2.498,168.563,5.385,3590,284,158.199,3.0,16.42799616294013,6.534195549479167,3.2017301848958337,6.90204845703125,3.8451523437499997,4.573487949374228
2560,1,1.128,1.128,0.0,1.414,3598,284,135.0,1.0,1.642799616294013,1.4457772812499998,1.4457772812499998,1.8123484713541664,1.2817174479166666,1.4462638771355416
2561,1,1.128,1.128,0.0,1.414,445,285,135.0,1.0,1.642799616294013,1.4457772812499998,1.4457772812499998,1.8123484713541664,1.2817174479166666,1.4462638771355416
2562,1,1.128,1.128,0.0,1.414,483,285,135.0,1.0,1.642799616294013,1.4457772812499998,1.4457772812499998,1.8123484713541664,1.2817174479166666,1.4462638771355416
2563,1,1.128,1.128,0.0,1.414,485,285,135.0,1.0,1.642799616294013,1.4457772812499998,1.4457772812499998,1.8123484713541664,1.2817174479166666,1.4462638771355416
2564,3,2.365,1.615,45.0,2.828,517,287,45.0,2.0,4.928398848882039,3.0312617643229167,2.069973678385417,3.624696942708333,2.5634348958333333,2.5050025163503102
2565,3,2.365,1.615,135.0,2.828,826,285,135.0,2.0,4.928398848882039,3.0312617643229167,2.069973678385417,3.624696942708333,2.5634348958333333,2.5050025163503102
2566,1,1.128,1.128,0.0,1.414,3350,285,135.0,1.0,1.642799616294013,1.4457772812499998,1.4457772812499998,1.8123484713541664,1.2817174479166666,1.4462638771355416
2567,2,2.257,1.128,0.0,2.236,3352,285,153.435,1.0,3.285599232588026,2.892836279947917,1.4457772812499998,2.865920213541667,1.2817174479166666,2.0453259898153786
2568,4,3.192,1.596,71.565,3.606,3364,288,56.31,2.0,6.571198465176052,4.09124209375,2.045621046875,4.6218731171875,2.5634348958333333,2.892527754271083
2569,5,2.791,2.281,90.0,3.606,3400,285,123.69,3.0,8.213998081470065,3.5772733971354165,2.9235974986979167,4.6218731171875,3.8451523437499997,3.2339443426774745
2570,4,3.676,1.385,39.69,4.243,3436,288,45.0,2.121,6.571198465176052,4.711593338541666,1.7751786653645834,5.438327131510417,2.71852270703125,2.892527754271083
2571,2,2.257,1.128,0.0,2.236,3456,285,153.435,1.0,3.285599232588026,2.892836279947917,1.4457772812499998,2.865920213541667,1.2817174479166666,2.0453259898153786
2572,13,5.436,3.045,141.485,7.211,3466,286,146.31,4.715,21.35639501182217,6.967416046875,3.90282962890625,9.242464516927084,6.043297766927083,5.214578566863546
2573,24,6.271,4.873,132.287,7.211,3514,286,146.31,5.657,39.42719079105631,8.037650115885416,6.245809123697917,9.242464516927084,7.250675602864583,7.085217064802679
2574,2,2.257,1.128,0.0,2.236,3535,285,153.435,1.0,3.285599232588026,2.892836279947917,1.4457772812499998,2.865920213541667,1.2817174479166666,2.0453259898153786
2575,8,3.538,2.879,45.0,4.243,3547,288,45.0,3.0,13.142396930352104,4.534716330729166,3.6900645325520833,5.438327131510417,3.8451523437499997,4.090651979630757
2576,3,3.213,1.189,61.845,3.606,3551,288,56.31,1.789,4.928398848882039,4.11815816015625,1.5239620455729168,4.6218731171875,2.2929925143229166,2.5050025163503102
2577,2,2.257,1.128,90.0,2.236,365,286,116.565,1.0,3.285599232588026,2.892836279947917,1.4457772812499998,2.865920213541667,1.2817174479166666,2.0453259898153786
2578,3,2.365,1.615,45.0,2.828,490,288,45.0,2.0,4.928398848882039,3.0312617643229167,2.069973678385417,3.624696942708333,2.5634348958333333,2.5050025163503102
2579,18,5.896,3.887,100.706,7.211,520,286,123.69,4.0,29.570393093292235,7.557006072916667,4.9820357200520835,9.242464516927084,5.126869791666667,6.135977969446135
2580,1,1.128,1.128,0.0,1.414,3293,286,135.0,1.0,1.642799616294013,1.4457772812499998,1.4457772812499998,1.8123484713541664,1.2817174479166666,1.4462638771355416
2581,5,3.679,1.73,154.33,4.472,3441,286,153.435,2.53,8.213998081470065,4.7154384908854166,2.2173711848958333,5.731840427083334,3.2427451432291665,3.2339443426774745
2582,6,4.056,1.884,71.565,4.472,3448,290,63.435,2.53,9.856797697764078,5.19864596875,2.4147556718749996,5.731840427083334,3.2427451432291665,3.5426085324013394
2583,7,4.602,1.937,135.0,5.657,3460,286,135.0,2.828,11.499597314058091,5.8984636953125005,2.4826866966145835,7.250675602864583,3.624696942708333,3.826454549076717
2584,16,4.705,4.33,127.982,6.403,433,287,128.66,5.0,26.28479386070421,6.030480592447916,5.549836549479167,8.206836819010416,6.408587239583333,5.785055508542166
2585,1,1.128,1.128,0.0,1.414,476,287,135.0,1.0,1.642799616294013,1.4457772812499998,1.4457772812499998,1.8123484713541664,1.2817174479166666,1.4462638771355416
2586,1,1.128,1.128,0.0,1.414,3251,287,135.0,1.0,1.642799616294013,1.4457772812499998,1.4457772812499998,1.8123484713541664,1.2817174479166666,1.4462638771355416
2587,2,2.596,0.981,135.0,2.828,3580,287,135.0,1.414,3.285599232588026,3.327338494791667,1.2573648164062499,3.624696942708333,1.8123484713541664,2.0453259898153786
2588,9,5.951,1.926,6.086,6.325,464,290,18.435,2.0,14.785196546646118,7.627500532552083,2.4685878046875,8.106862858072917,2.5634348958333333,4.338791631406624
2589,8,4.85,2.1,58.032,5.657,502,292,45.0,3.051,13.142396930352104,6.216329622395833,2.691606640625,7.250675602864583,3.91051993359375,4.090651979630757
2590,10,5.306,2.399,154.33,5.831,555,288,149.036,3.0,16.42799616294013,6.8007927786458335,3.0748401575520834,7.473694438802084,3.8451523437499997,4.573487949374228
2591,3,2.365,1.615,135.0,2.828,673,288,135.0,2.0,4.928398848882039,3.0312617643229167,2.069973678385417,3.624696942708333,2.5634348958333333,2.5050025163503102
2592,2,2.257,1.128,90.0,2.236,3413,288,116.565,1.0,3.285599232588026,2.892836279947917,1.4457772812499998,2.865920213541667,1.2817174479166666,2.0453259898153786
2593,18,7.451,3.076,101.895,7.616,3476,288,113.199,3.726,29.570393093292235,9.550076704427083,3.942562869791667,9.761560083333332,4.7756792109375,6.135977969446135
2594,2,2.257,1.128,90.0,2.236,3487,288,116.565,1.0,3.285599232588026,2.892836279947917,1.4457772812499998,2.865920213541667,1.2817174479166666,2.0453259898153786
2595,1,1.128,1.128,0.0,1.414,3619,288,135.0,1.0,1.642799616294013,1.4457772812499998,1.4457772812499998,1.8123484713541664,1.2817174479166666,1.4462638771355416
2596,9,4.875,2.35,66.891,5.831,377,294,59.036,3.13,14.785196546646118,6.24837255859375,3.012036002604167,7.473694438802084,4.011775611979166,4.338791631406624
2597,33,9.95,4.223,119.458,12.53,456,289,118.61,5.824,54.21238733770243,12.753088606770833,5.412692782552083,16.05991962239583,7.464722416666667,8.308153445630097
2598,1,1.128,1.128,0.0,1.414,473,289,135.0,1.0,1.642799616294013,1.4457772812499998,1.4457772812499998,1.8123484713541664,1.2817174479166666,1.4462638771355416
2599,4,3.216,1.583,31.717,3.606,597,291,33.69,2.0,6.571198465176052,4.1220033125,2.028958720052083,4.6218731171875,2.5634348958333333,2.892527754271083
2600,1,1.128,1.128,0.0,1.414,3362,289,135.0,1.0,1.642799616294013,1.4457772812499998,1.4457772812499998,1.8123484713541664,1.2817174479166666,1.4462638771355416
2601,1,1.128,1.128,0.0,1.414,3401,289,135.0,1.0,1.642799616294013,1.4457772812499998,1.4457772812499998,1.8123484713541664,1.2817174479166666,1.4462638771355416
2602,1,1.128,1.128,0.0,1.414,3403,289,135.0,1.0,1.642799616294013,1.4457772812499998,1.4457772812499998,1.8123484713541664,1.2817174479166666,1.4462638771355416
2603,1,1.128,1.128,0.0,1.414,3436,289,135.0,1.0,1.642799616294013,1.4457772812499998,1.4457772812499998,1.8123484713541664,1.2817174479166666,1.4462638771355416
2604,2,2.257,1.128,0.0,2.236,3438,289,153.435,1.0,3.285599232588026,2.892836279947917,1.4457772812499998,2.865920213541667,1.2817174479166666,2.0453259898153786
2605,4,4.514,1.128,0.0,4.123,3522,289,165.964,1.0,6.571198465176052,5.785672559895834,1.4457772812499998,5.284521037760417,1.2817174479166666,2.892527754271083
2606,1,1.128,1.128,0.0,1.414,368,290,135.0,1.0,1.642799616294013,1.4457772812499998,1.4457772812499998,1.8123484713541664,1.2817174479166666,1.4462638771355416
2607,86,11.431,9.579,3.206,17.72,435,299,16.39,14.035,141.2807670012851,14.651312147135416,12.277571433593751,22.71203317708333,17.988904381510416,13.412099440371483
2608,12,4.709,3.245,106.441,5.385,496,290,111.801,4.0,19.713595395528156,6.035607462239582,4.1591731184895835,6.90204845703125,5.126869791666667,5.0100050327006205
2609,2,2.257,1.128,90.0,2.236,561,290,116.565,1.0,3.285599232588026,2.892836279947917,1.4457772812499998,2.865920213541667,1.2817174479166666,2.0453259898153786
2610,4,3.676,1.385,50.31,4.243,3329,293,45.0,2.121,6.571198465176052,4.711593338541666,1.7751786653645834,5.438327131510417,2.71852270703125,2.892527754271083
2611,1,1.128,1.128,0.0,1.414,3373,290,135.0,1.0,1.642799616294013,1.4457772812499998,1.4457772812499998,1.8123484713541664,1.2817174479166666,1.4462638771355416
2612,3,2.365,1.615,45.0,2.828,3394,292,45.0,2.0,4.928398848882039,3.0312617643229167,2.069973678385417,3.624696942708333,2.5634348958333333,2.5050025163503102
2613,5,3.144,2.025,71.565,3.606,3425,293,56.31,2.0,8.213998081470065,4.02971965625,2.59547783203125,4.6218731171875,2.5634348958333333,3.2339443426774745
2614,2,2.596,0.981,45.0,2.828,428,293,45.0,1.414,3.285599232588026,3.327338494791667,1.2573648164062499,3.624696942708333,1.8123484713541664,2.0453259898153786
2615,2,2.257,1.128,90.0,2.236,749,291,116.565,1.0,3.285599232588026,2.892836279947917,1.4457772812499998,2.865920213541667,1.2817174479166666,2.0453259898153786
2616,2,2.257,1.128,0.0,2.236,783,291,153.435,1.0,3.285599232588026,2.892836279947917,1.4457772812499998,2.865920213541667,1.2817174479166666,2.0453259898153786
2617,2,2.257,1.128,0.0,2.236,3412,291,153.435,1.0,3.285599232588026,2.892836279947917,1.4457772812499998,2.865920213541667,1.2817174479166666,2.0453259898153786
2618,1,1.128,1.128,0.0,1.414,3459,291,135.0,1.0,1.642799616294013,1.4457772812499998,1.4457772812499998,1.8123484713541664,1.2817174479166666,1.4462638771355416
2619,8,4.531,2.248,157.863,5.831,3536,291,149.036,3.0,13.142396930352104,5.807461756510416,2.881300822916667,7.473694438802084,3.8451523437499997,4.090651979630757
2620,2,2.257,1.128,90.0,2.236,3577,291,116.565,1.0,3.285599232588026,2.892836279947917,1.4457772812499998,2.865920213541667,1.2817174479166666,2.0453259898153786
2621,3,2.365,1.615,45.0,2.828,442,294,45.0,2.0,4.928398848882039,3.0312617643229167,2.069973678385417,3.624696942708333,2.5634348958333333,2.5050025163503102
2622,1,1.128,1.128,0.0,1.414,647,292,135.0,1.0,1.642799616294013,1.4457772812499998,1.4457772812499998,1.8123484713541664,1.2817174479166666,1.4462638771355416
2623,12,4.575,3.34,147.388,5.657,3374,292,135.0,4.0,19.713595395528156,5.86385732421875,4.2809362760416665,7.250675602864583,5.126869791666667,5.0100050327006205
2624,2,2.257,1.128,90.0,2.236,3480,292,116.565,1.0,3.285599232588026,2.892836279947917,1.4457772812499998,2.865920213541667,1.2817174479166666,2.0453259898153786
2625,4,2.257,2.257,0.0,2.828,3548,292,135.0,2.0,6.571198465176052,2.892836279947917,2.892836279947917,3.624696942708333,2.5634348958333333,2.892527754271083
2626,1,1.128,1.128,0.0,1.414,492,293,135.0,1.0,1.642799616294013,1.4457772812499998,1.4457772812499998,1.8123484713541664,1.2817174479166666,1.4462638771355416
2627,12,5.231,2.921,177.527,5.831,3331,293,149.036,3.0,19.713595395528156,6.704663970052083,3.743896665364583,7.473694438802084,3.8451523437499997,5.0100050327006205
2628,1,1.128,1.128,0.0,1.414,3555,293,135.0,1.0,1.642799616294013,1.4457772812499998,1.4457772812499998,1.8123484713541664,1.2817174479166666,1.4462638771355416
2629,9,6.237,1.837,12.002,7.28,427,297,15.945,2.668,14.785196546646118,7.99407172265625,2.3545149518229165,9.330903020833334,3.4196221510416667,4.338791631406624
2630,33,9.005,4.666,81.332,9.849,470,303,66.038,5.769,54.21238733770243,11.541865618489584,5.980493611979167,12.62363514453125,7.39422795703125,8.308153445630097
2631,6,4.134,1.848,12.933,4.472,482,296,26.565,2.0,9.856797697764078,5.298619929687501,2.36861384375,5.731840427083334,2.5634348958333333,3.5426085324013394
2632,1,1.128,1.128,0.0,1.414,487,294,135.0,1.0,1.642799616294013,1.4457772812499998,1.4457772812499998,1.8123484713541664,1.2817174479166666,1.4462638771355416
2633,2,2.257,1.128,0.0,2.236,574,294,153.435,1.0,3.285599232588026,2.892836279947917,1.4457772812499998,2.865920213541667,1.2817174479166666,2.0453259898153786
2634,13,4.817,3.436,61.627,5.657,658,298,45.0,4.0,21.35639501182217,6.174032946614584,4.403981151041666,7.250675602864583,5.126869791666667,5.214578566863546
2635,40,11.185,4.553,77.875,11.705,784,305,70.017,5.491,65.71198465176052,14.336009654947917,5.835659540364583,15.002502727864583,7.037910506510416,9.146975898748456
2636,11,4.319,3.243,114.039,6.403,3430,294,141.34,4.919,18.070795779234142,5.535737657552083,4.15660968359375,8.206836819010416,6.304768126302083,4.796714628303253
2637,12,4.784,3.194,60.937,6.708,3488,300,63.435,4.271,19.713595395528156,6.131736270833333,4.0938055286458335,8.597760640625,5.474215220052083,5.0100050327006205
2638,6,3.385,2.257,0.0,3.606,3507,294,146.31,2.0,9.856797697764078,4.338613561197916,2.892836279947917,4.6218731171875,2.5634348958333333,3.5426085324013394
2639,1,1.128,1.128,0.0,1.414,3551,294,135.0,1.0,1.642799616294013,1.4457772812499998,1.4457772812499998,1.8123484713541664,1.2817174479166666,1.4462638771355416
2640,1,1.128,1.128,0.0,1.414,349,295,135.0,1.0,1.642799616294013,1.4457772812499998,1.4457772812499998,1.8123484713541664,1.2817174479166666,1.4462638771355416
2641,28,10.07,3.54,126.808,12.207,374,295,124.992,5.31,45.998389256232365,12.906894700520834,4.537279765625,15.64592488671875,6.8059196484374995,7.652909098153434
2642,3,2.365,1.615,45.0,2.828,379,297,45.0,2.0,4.928398848882039,3.0312617643229167,2.069973678385417,3.624696942708333,2.5634348958333333,2.5050025163503102
2643,2,2.257,1.128,0.0,2.236,475,295,153.435,1.0,3.285599232588026,2.892836279947917,1.4457772812499998,2.865920213541667,1.2817174479166666,2.0453259898153786
2644,2,2.257,1.128,0.0,2.236,703,295,153.435,1.0,3.285599232588026,2.892836279947917,1.4457772812499998,2.865920213541667,1.2817174479166666,2.0453259898153786
2645,1,1.128,1.128,0.0,1.414,848,295,135.0,1.0,1.642799616294013,1.4457772812499998,1.4457772812499998,1.8123484713541664,1.2817174479166666,1.4462638771355416
2646,4,4.514,1.128,0.0,4.123,3326,295,165.964,1.0,6.571198465176052,5.785672559895834,1.4457772812499998,5.284521037760417,1.2817174479166666,2.892527754271083
2647,1,1.128,1.128,0.0,1.414,3365,295,135.0,1.0,1.642799616294013,1.4457772812499998,1.4457772812499998,1.8123484713541664,1.2817174479166666,1.4462638771355416
2648,1,1.128,1.128,0.0,1.414,3466,295,135.0,1.0,1.642799616294013,1.4457772812499998,1.4457772812499998,1.8123484713541664,1.2817174479166666,1.4462638771355416
2649,5,5.642,1.128,0.0,5.099,3498,295,168.69,1.0,8.213998081470065,7.2314498411458334,1.4457772812499998,6.535477266927083,1.2817174479166666,3.2339443426774745
2650,36,10.268,4.464,32.028,12.083,3512,304,24.444,6.326,59.14078618658447,13.160674755208333,5.7215866875,15.486991923177083,8.108144575520832,8.677583262813249
2651,2,2.257,1.128,90.0,2.236,3525,295,116.565,1.0,3.285599232588026,2.892836279947917,1.4457772812499998,2.865920213541667,1.2817174479166666,2.0453259898153786
2652,3,2.365,1.615,135.0,2.828,3530,295,135.0,2.0,4.928398848882039,3.0312617643229167,2.069973678385417,3.624696942708333,2.5634348958333333,2.5050025163503102
2653,1,1.128,1.128,0.0,1.414,3547,295,135.0,1.0,1.642799616294013,1.4457772812499998,1.4457772812499998,1.8123484713541664,1.2817174479166666,1.4462638771355416
2654,1,1.128,1.128,0.0,1.414,3575,295,135.0,1.0,1.642799616294013,1.4457772812499998,1.4457772812499998,1.8123484713541664,1.2817174479166666,1.4462638771355416
2655,4,2.257,2.257,0.0,2.828,3577,295,135.0,2.0,6.571198465176052,2.892836279947917,2.892836279947917,3.624696942708333,2.5634348958333333,2.892527754271083
2656,2,2.596,0.981,135.0,2.828,491,296,135.0,1.414,3.285599232588026,3.327338494791667,1.2573648164062499,3.624696942708333,1.8123484713541664,2.0453259898153786
2657,1,1.128,1.128,0.0,1.414,851,296,135.0,1.0,1.642799616294013,1.4457772812499998,1.4457772812499998,1.8123484713541664,1.2817174479166666,1.4462638771355416
2658,253,31.842,10.117,86.349,40.792,3546,336,78.69,14.0,415.62830292238533,40.8124469765625,12.967135420572918,52.28381813541667,17.944044270833334,23.004235222751998
2659,37,9.518,4.949,99.41,10.817,3480,297,123.69,6.0,60.783585802878484,12.199386669270835,6.343219649739583,13.864337634114584,7.690304687499999,8.7972797207639
2660,2,2.257,1.128,90.0,2.236,421,298,116.565,1.0,3.285599232588026,2.892836279947917,1.4457772812499998,2.865920213541667,1.2817174479166666,2.0453259898153786
2661,1,1.128,1.128,0.0,1.414,423,298,135.0,1.0,1.642799616294013,1.4457772812499998,1.4457772812499998,1.8123484713541664,1.2817174479166666,1.4462638771355416
2662,8,5.136,1.983,5.199,5.385,511,300,21.801,2.0,13.142396930352104,6.5829008125,2.54164569921875,6.90204845703125,2.5634348958333333,4.090651979630757
2663,28,8.093,4.405,2.335,12.649,534,302,18.435,7.649,45.998389256232365,10.372939305989583,5.6459653580729166,16.212443998697914,9.803856759114582,7.652909098153434
2664,4,2.257,2.257,0.0,2.828,612,298,135.0,2.0,6.571198465176052,2.892836279947917,2.892836279947917,3.624696942708333,2.5634348958333333,2.892527754271083
2665,28,9.781,3.645,164.326,10.77,722,299,158.199,4.768,45.998389256232365,12.536478358072918,4.67186009765625,13.8040969140625,6.111228791666666,7.652909098153434
2666,5,3.144,2.025,108.435,3.606,3358,298,123.69,2.0,8.213998081470065,4.02971965625,2.59547783203125,4.6218731171875,2.5634348958333333,3.2339443426774745
2667,1,1.128,1.128,0.0,1.414,3390,298,135.0,1.0,1.642799616294013,1.4457772812499998,1.4457772812499998,1.8123484713541664,1.2817174479166666,1.4462638771355416
2668,2,2.257,1.128,90.0,2.236,3395,298,116.565,1.0,3.285599232588026,2.892836279947917,1.4457772812499998,2.865920213541667,1.2817174479166666,2.0453259898153786
2669,1,1.128,1.128,0.0,1.414,3414,298,135.0,1.0,1.642799616294013,1.4457772812499998,1.4457772812499998,1.8123484713541664,1.2817174479166666,1.4462638771355416
2670,3,2.365,1.615,135.0,2.828,3464,298,135.0,2.0,4.928398848882039,3.0312617643229167,2.069973678385417,3.624696942708333,2.5634348958333333,2.5050025163503102
2671,312,27.745,14.318,47.93,39.623,3511,330,47.045,25.752,512.553480283732,35.56125059244792,18.351630419270833,50.78549043880208,33.00678771875,25.54611342493852
2672,1,1.128,1.128,0.0,1.414,323,299,135.0,1.0,1.642799616294013,1.4457772812499998,1.4457772812499998,1.8123484713541664,1.2817174479166666,1.4462638771355416
2673,1,1.128,1.128,0.0,1.414,708,299,135.0,1.0,1.642799616294013,1.4457772812499998,1.4457772812499998,1.8123484713541664,1.2817174479166666,1.4462638771355416
2674,6,4.258,1.794,51.047,5.0,3416,302,36.87,2.774,9.856797697764078,5.457552893229167,2.2994011015625,6.408587239583333,3.555484200520833,3.5426085324013394
2675,1,1.128,1.128,0.0,1.414,3428,299,135.0,1.0,1.642799616294013,1.4457772812499998,1.4457772812499998,1.8123484713541664,1.2817174479166666,1.4462638771355416
2676,2,2.257,1.128,90.0,2.236,3437,299,116.565,1.0,3.285599232588026,2.892836279947917,1.4457772812499998,2.865920213541667,1.2817174479166666,2.0453259898153786
2677,1,1.128,1.128,0.0,1.414,3453,299,135.0,1.0,1.642799616294013,1.4457772812499998,1.4457772812499998,1.8123484713541664,1.2817174479166666,1.4462638771355416
2678,52,8.434,7.85,156.92,10.77,428,300,111.801,9.285,85.42558004728868,10.810004955729166,10.061481966145832,13.8040969140625,11.90074650390625,10.429157133727092
2679,9,3.668,3.124,38.503,5.0,496,303,36.87,4.0,14.785196546646118,4.7013395989583335,4.004085307291667,6.408587239583333,5.126869791666667,4.338791631406624
2680,13,5.263,3.145,154.039,6.708,506,301,153.435,4.0,21.35639501182217,6.745678928385416,4.031001373697917,8.597760640625,5.126869791666667,5.214578566863546
2681,2,2.257,1.128,90.0,2.236,608,300,116.565,1.0,3.285599232588026,2.892836279947917,1.4457772812499998,2.865920213541667,1.2817174479166666,2.0453259898153786
2682,1,1.128,1.128,0.0,1.414,3263,300,135.0,1.0,1.642799616294013,1.4457772812499998,1.4457772812499998,1.8123484713541664,1.2817174479166666,1.4462638771355416
2683,3,2.365,1.615,45.0,2.828,3354,302,45.0,2.0,4.928398848882039,3.0312617643229167,2.069973678385417,3.624696942708333,2.5634348958333333,2.5050025163503102
2684,2,2.257,1.128,90.0,2.236,3409,300,116.565,1.0,3.285599232588026,2.892836279947917,1.4457772812499998,2.865920213541667,1.2817174479166666,2.0453259898153786
2685,1,1.128,1.128,0.0,1.414,479,301,135.0,1.0,1.642799616294013,1.4457772812499998,1.4457772812499998,1.8123484713541664,1.2817174479166666,1.4462638771355416
2686,1,1.128,1.128,0.0,1.414,801,301,135.0,1.0,1.642799616294013,1.4457772812499998,1.4457772812499998,1.8123484713541664,1.2817174479166666,1.4462638771355416
2687,1,1.128,1.128,0.0,1.414,3429,301,135.0,1.0,1.642799616294013,1.4457772812499998,1.4457772812499998,1.8123484713541664,1.2817174479166666,1.4462638771355416
2688,1,1.128,1.128,0.0,1.414,3507,301,135.0,1.0,1.642799616294013,1.4457772812499998,1.4457772812499998,1.8123484713541664,1.2817174479166666,1.4462638771355416
2689,4,2.257,2.257,0.0,2.828,436,302,135.0,2.0,6.571198465176052,2.892836279947917,2.892836279947917,3.624696942708333,2.5634348958333333,2.892527754271083
2690,2,2.257,1.128,90.0,2.236,489,302,116.565,1.0,3.285599232588026,2.892836279947917,1.4457772812499998,2.865920213541667,1.2817174479166666,2.0453259898153786
2691,1,1.128,1.128,0.0,1.414,549,302,135.0,1.0,1.642799616294013,1.4457772812499998,1.4457772812499998,1.8123484713541664,1.2817174479166666,1.4462638771355416
2692,7,4.085,2.182,43.093,5.0,3459,306,36.87,3.328,11.499597314058091,5.235815774739583,2.7967074713541664,6.408587239583333,4.265555666666667,3.826454549076717
2693,3,2.365,1.615,45.0,2.828,3464,304,45.0,2.0,4.928398848882039,3.0312617643229167,2.069973678385417,3.624696942708333,2.5634348958333333,2.5050025163503102
2694,5,4.183,1.522,79.099,4.472,3474,306,63.435,2.0,8.213998081470065,5.361424084635416,1.9507739557291666,5.731840427083334,2.5634348958333333,3.2339443426774745
2695,6,4.633,1.649,140.31,5.0,374,303,143.13,2.121,9.856797697764078,5.938196936197917,2.1135520716145835,6.408587239583333,2.71852270703125,3.5426085324013394
2696,2,2.596,0.981,135.0,2.828,462,303,135.0,1.414,3.285599232588026,3.327338494791667,1.2573648164062499,3.624696942708333,1.8123484713541664,2.0453259898153786
2697,1,1.128,1.128,0.0,1.414,399,304,135.0,1.0,1.642799616294013,1.4457772812499998,1.4457772812499998,1.8123484713541664,1.2817174479166666,1.4462638771355416
2698,8,4.533,2.247,26.043,6.325,450,308,18.435,3.638,13.142396930352104,5.81002519140625,2.8800191054687496,8.106862858072917,4.662888075520833,4.090651979630757
2699,23,5.912,4.954,141.655,6.708,478,306,153.435,5.657,37.7843911747623,7.577513552083333,6.349628236979166,8.597760640625,7.250675602864583,6.936037892995103
2700,2,2.257,1.128,90.0,2.236,529,304,116.565,1.0,3.285599232588026,2.892836279947917,1.4457772812499998,2.865920213541667,1.2817174479166666,2.0453259898153786
2701,2,2.257,1.128,90.0,2.236,715,304,116.565,1.0,3.285599232588026,2.892836279947917,1.4457772812499998,2.865920213541667,1.2817174479166666,2.0453259898153786
2702,7,4.087,2.181,64.7,5.099,3297,304,101.31,3.479,11.499597314058091,5.238379209635416,2.79542575390625,6.535477266927083,4.459095001302083,3.826454549076717
2703,5,3.256,1.955,106.003,4.472,3329,304,116.565,2.846,8.213998081470065,4.1732720104166665,2.5057576106770836,5.731840427083334,3.6477678567708334,3.2339443426774745
2704,3,2.365,1.615,135.0,2.828,3414,304,135.0,2.0,4.928398848882039,3.0312617643229167,2.069973678385417,3.624696942708333,2.5634348958333333,2.5050025163503102
2705,2,2.596,0.981,45.0,2.828,3434,306,45.0,1.414,3.285599232588026,3.327338494791667,1.2573648164062499,3.624696942708333,1.8123484713541664,2.0453259898153786
2706,3,2.365,1.615,45.0,2.828,3438,306,45.0,2.0,4.928398848882039,3.0312617643229167,2.069973678385417,3.624696942708333,2.5634348958333333,2.5050025163503102
2707,2,2.257,1.128,0.0,2.236,3469,304,153.435,1.0,3.285599232588026,2.892836279947917,1.4457772812499998,2.865920213541667,1.2817174479166666,2.0453259898153786
2708,17,7.901,2.74,11.156,9.22,3491,306,12.529,4.0,27.927593476998222,10.126849555989583,3.511905807291667,11.817434869791667,5.126869791666667,5.963098727945161
2709,2,2.257,1.128,90.0,2.236,3575,304,116.565,1.0,3.285599232588026,2.892836279947917,1.4457772812499998,2.865920213541667,1.2817174479166666,2.0453259898153786
2710,1,1.128,1.128,0.0,1.414,282,305,135.0,1.0,1.642799616294013,1.4457772812499998,1.4457772812499998,1.8123484713541664,1.2817174479166666,1.4462638771355416
2711,3,2.365,1.615,45.0,2.828,411,307,45.0,2.0,4.928398848882039,3.0312617643229167,2.069973678385417,3.624696942708333,2.5634348958333333,2.5050025163503102
2712,1,1.128,1.128,0.0,1.414,449,305,135.0,1.0,1.642799616294013,1.4457772812499998,1.4457772812499998,1.8123484713541664,1.2817174479166666,1.4462638771355416
2713,2,2.257,1.128,0.0,2.236,518,305,153.435,1.0,3.285599232588026,2.892836279947917,1.4457772812499998,2.865920213541667,1.2817174479166666,2.0453259898153786
2714,1,1.128,1.128,0.0,1.414,545,305,135.0,1.0,1.642799616294013,1.4457772812499998,1.4457772812499998,1.8123484713541664,1.2817174479166666,1.4462638771355416
2715,1,1.128,1.128,0.0,1.414,551,305,135.0,1.0,1.642799616294013,1.4457772812499998,1.4457772812499998,1.8123484713541664,1.2817174479166666,1.4462638771355416
2716,2,2.257,1.128,0.0,2.236,744,305,153.435,1.0,3.285599232588026,2.892836279947917,1.4457772812499998,2.865920213541667,1.2817174479166666,2.0453259898153786
2717,1,1.128,1.128,0.0,1.414,3384,305,135.0,1.0,1.642799616294013,1.4457772812499998,1.4457772812499998,1.8123484713541664,1.2817174479166666,1.4462638771355416
2718,1,1.128,1.128,0.0,1.414,3449,305,135.0,1.0,1.642799616294013,1.4457772812499998,1.4457772812499998,1.8123484713541664,1.2817174479166666,1.4462638771355416
2719,3,2.365,1.615,45.0,2.828,3513,307,45.0,2.0,4.928398848882039,3.0312617643229167,2.069973678385417,3.624696942708333,2.5634348958333333,2.5050025163503102
2720,3,2.365,1.615,45.0,2.828,414,308,45.0,2.0,4.928398848882039,3.0312617643229167,2.069973678385417,3.624696942708333,2.5634348958333333,2.5050025163503102
2721,14,4.264,4.181,90.0,5.0,497,306,126.87,4.0,22.999194628116182,5.465243197916667,5.358860649739583,6.408587239583333,5.126869791666667,5.411423919108519
2722,1,1.128,1.128,0.0,1.414,3303,306,135.0,1.0,1.642799616294013,1.4457772812499998,1.4457772812499998,1.8123484713541664,1.2817174479166666,1.4462638771355416
2723,7,3.086,2.888,0.0,3.606,3307,306,123.69,3.0,11.499597314058091,3.955380044270833,3.701599989583333,4.6218731171875,3.8451523437499997,3.826454549076717
2724,2,2.257,1.128,90.0,2.236,3339,306,116.565,1.0,3.285599232588026,2.892836279947917,1.4457772812499998,2.865920213541667,1.2817174479166666,2.0453259898153786
2725,1,1.128,1.128,0.0,1.414,3341,306,135.0,1.0,1.642799616294013,1.4457772812499998,1.4457772812499998,1.8123484713541664,1.2817174479166666,1.4462638771355416
2726,4,2.257,2.257,0.0,2.828,3346,306,135.0,2.0,6.571198465176052,2.892836279947917,2.892836279947917,3.624696942708333,2.5634348958333333,2.892527754271083
2727,8,4.514,2.257,0.0,4.472,3350,306,153.435,2.0,13.142396930352104,5.785672559895834,2.892836279947917,5.731840427083334,2.5634348958333333,4.090651979630757
2728,1,1.128,1.128,0.0,1.414,3379,306,135.0,1.0,1.642799616294013,1.4457772812499998,1.4457772812499998,1.8123484713541664,1.2817174479166666,1.4462638771355416
2729,1,1.128,1.128,0.0,1.414,3461,306,135.0,1.0,1.642799616294013,1.4457772812499998,1.4457772812499998,1.8123484713541664,1.2817174479166666,1.4462638771355416
2730,3,2.365,1.615,45.0,2.828,3564,308,45.0,2.0,4.928398848882039,3.0312617643229167,2.069973678385417,3.624696942708333,2.5634348958333333,2.5050025163503102
2731,5,3.144,2.025,161.565,3.606,342,307,146.31,2.0,8.213998081470065,4.02971965625,2.59547783203125,4.6218731171875,2.5634348958333333,3.2339443426774745
2732,2,2.257,1.128,90.0,2.236,435,307,116.565,1.0,3.285599232588026,2.892836279947917,1.4457772812499998,2.865920213541667,1.2817174479166666,2.0453259898153786
2733,7,4.805,1.855,133.569,5.657,568,307,135.0,2.774,11.499597314058091,6.158652337239583,2.3775858658854165,7.250675602864583,3.555484200520833,3.826454549076717
2734,4,4.514,1.128,0.0,4.123,3364,307,165.964,1.0,6.571198465176052,5.785672559895834,1.4457772812499998,5.284521037760417,1.2817174479166666,2.892527754271083
2735,1,1.128,1.128,0.0,1.414,3437,307,135.0,1.0,1.642799616294013,1.4457772812499998,1.4457772812499998,1.8123484713541664,1.2817174479166666,1.4462638771355416
2736,4,3.676,1.385,39.69,4.243,3445,310,45.0,2.121,6.571198465176052,4.711593338541666,1.7751786653645834,5.438327131510417,2.71852270703125,2.892527754271083
2737,247,27.712,11.349,52.985,38.21,3460,342,47.121,18.2,405.77150522462125,35.51895391666667,14.54621131640625,48.97442368489583,23.32725755208333,22.72982100611135
2738,1,1.128,1.128,0.0,1.414,3487,307,135.0,1.0,1.642799616294013,1.4457772812499998,1.4457772812499998,1.8123484713541664,1.2817174479166666,1.4462638771355416
2739,15,5.542,3.446,128.132,7.071,3496,308,135.0,4.8,24.641994244410196,7.103278096354166,4.416798325520833,9.063024074218749,6.152243749999999,5.601355910367322
2740,1,1.128,1.128,0.0,1.414,3636,307,135.0,1.0,1.642799616294013,1.4457772812499998,1.4457772812499998,1.8123484713541664,1.2817174479166666,1.4462638771355416
2741,37,10.247,4.597,100.454,10.77,470,308,111.801,6.0,60.783585802878484,13.133758688802082,5.892055108072917,13.8040969140625,7.690304687499999,8.7972797207639
2742,2,2.257,1.128,90.0,2.236,3227,308,116.565,1.0,3.285599232588026,2.892836279947917,1.4457772812499998,2.865920213541667,1.2817174479166666,2.0453259898153786
2743,4,2.257,2.257,0.0,2.828,3396,308,135.0,2.0,6.571198465176052,2.892836279947917,2.892836279947917,3.624696942708333,2.5634348958333333,2.892527754271083
2744,2,2.257,1.128,90.0,2.236,459,309,116.565,1.0,3.285599232588026,2.892836279947917,1.4457772812499998,2.865920213541667,1.2817174479166666,2.0453259898153786
2745,16,6.971,2.922,97.105,9.849,550,309,113.962,4.0,26.28479386070421,8.934852329427084,3.7451783828125,12.62363514453125,5.126869791666667,5.785055508542166
2746,3,3.385,1.128,90.0,3.162,3295,309,108.435,1.0,4.928398848882039,4.338613561197916,1.4457772812499998,4.0527905703125,1.2817174479166666,2.5050025163503102
2747,3,3.385,1.128,90.0,3.162,3410,309,108.435,1.0,4.928398848882039,4.338613561197916,1.4457772812499998,4.0527905703125,1.2817174479166666,2.5050025163503102
2748,113,13.486,10.668,43.503,24.839,3420,328,49.899,16.361,185.63635664122347,17.285241502604165,13.673361734374998,31.836579688802082,20.970179165364584,15.373995897641755
2749,1,1.128,1.128,0.0,1.414,3484,309,135.0,1.0,1.642799616294013,1.4457772812499998,1.4457772812499998,1.8123484713541664,1.2817174479166666,1.4462638771355416
2750,2,2.257,1.128,0.0,2.236,3635,309,153.435,1.0,3.285599232588026,2.892836279947917,1.4457772812499998,2.865920213541667,1.2817174479166666,2.0453259898153786
2751,48,10.092,6.056,178.664,12.369,434,313,165.964,6.0,78.85438158211262,12.935092484375,7.762080864583333,15.853563113281249,7.690304687499999,10.020010065401241
2752,33,9.588,4.382,50.324,10.817,451,318,33.69,6.379,54.21238733770243,12.289106890624998,5.616485856770833,13.864337634114584,8.176075600260416,8.308153445630097
2753,6,3.385,2.257,0.0,3.606,527,310,146.31,2.0,9.856797697764078,4.338613561197916,2.892836279947917,4.6218731171875,2.5634348958333333,3.5426085324013394
2754,20,6.744,3.776,97.799,8.062,677,310,97.125,4.0,32.85599232588026,8.64390246875,4.839765083333333,10.333206065104166,5.126869791666667,6.467888685354949
2755,12,6.659,2.295,31.275,7.211,3364,314,33.69,3.13,19.713595395528156,8.534956485677084,2.94154154296875,9.242464516927084,4.011775611979166,5.0100050327006205
2756,5,3.144,2.025,161.565,3.606,3440,310,146.31,2.0,8.213998081470065,4.02971965625,2.59547783203125,4.6218731171875,2.5634348958333333,3.2339443426774745
2757,4,2.257,2.257,0.0,2.828,3492,310,135.0,2.0,6.571198465176052,2.892836279947917,2.892836279947917,3.624696942708333,2.5634348958333333,2.892527754271083
2758,1,1.128,1.128,0.0,1.414,378,311,135.0,1.0,1.642799616294013,1.4457772812499998,1.4457772812499998,1.8123484713541664,1.2817174479166666,1.4462638771355416
2759,1,1.128,1.128,0.0,1.414,414,311,135.0,1.0,1.642799616294013,1.4457772812499998,1.4457772812499998,1.8123484713541664,1.2817174479166666,1.4462638771355416
2760,1,1.128,1.128,0.0,1.414,450,311,135.0,1.0,1.642799616294013,1.4457772812499998,1.4457772812499998,1.8123484713541664,1.2817174479166666,1.4462638771355416
2761,1,1.128,1.128,0.0,1.414,452,311,135.0,1.0,1.642799616294013,1.4457772812499998,1.4457772812499998,1.8123484713541664,1.2817174479166666,1.4462638771355416
2762,2,2.257,1.128,0.0,2.236,481,311,153.435,1.0,3.285599232588026,2.892836279947917,1.4457772812499998,2.865920213541667,1.2817174479166666,2.0453259898153786
2763,10,4.913,2.591,112.352,5.385,485,311,111.801,3.479,16.42799616294013,6.297077821614583,3.3209299075520837,6.90204845703125,4.459095001302083,4.573487949374228
2764,1,1.128,1.128,0.0,1.414,496,311,135.0,1.0,1.642799616294013,1.4457772812499998,1.4457772812499998,1.8123484713541664,1.2817174479166666,1.4462638771355416
2765,5,3.144,2.025,161.565,3.606,3317,311,146.31,2.0,8.213998081470065,4.02971965625,2.59547783203125,4.6218731171875,2.5634348958333333,3.2339443426774745
2766,4,2.257,2.257,0.0,2.828,3331,311,135.0,2.0,6.571198465176052,2.892836279947917,2.892836279947917,3.624696942708333,2.5634348958333333,2.892527754271083
2767,1,1.128,1.128,0.0,1.414,3339,311,135.0,1.0,1.642799616294013,1.4457772812499998,1.4457772812499998,1.8123484713541664,1.2817174479166666,1.4462638771355416
2768,1,1.128,1.128,0.0,1.414,3413,311,135.0,1.0,1.642799616294013,1.4457772812499998,1.4457772812499998,1.8123484713541664,1.2817174479166666,1.4462638771355416
2769,1,1.128,1.128,0.0,1.414,3628,311,135.0,1.0,1.642799616294013,1.4457772812499998,1.4457772812499998,1.8123484713541664,1.2817174479166666,1.4462638771355416
2770,1,1.128,1.128,0.0,1.414,493,312,135.0,1.0,1.642799616294013,1.4457772812499998,1.4457772812499998,1.8123484713541664,1.2817174479166666,1.4462638771355416
2771,40,10.64,4.787,55.434,11.662,504,322,59.036,6.261,65.71198465176052,13.637473645833333,6.135581423177083,14.947388877604167,8.02483294140625,9.146975898748456
2772,2,2.257,1.128,90.0,2.236,3353,312,116.565,1.0,3.285599232588026,2.892836279947917,1.4457772812499998,2.865920213541667,1.2817174479166666,2.0453259898153786
2773,6,3.988,1.916,71.565,4.472,3536,316,63.435,2.0,9.856797697764078,5.111489182291667,2.4557706302083333,5.731840427083334,2.5634348958333333,3.5426085324013394
2774,1,1.128,1.128,0.0,1.414,375,313,135.0,1.0,1.642799616294013,1.4457772812499998,1.4457772812499998,1.8123484713541664,1.2817174479166666,1.4462638771355416
2775,1,1.128,1.128,0.0,1.414,416,313,135.0,1.0,1.642799616294013,1.4457772812499998,1.4457772812499998,1.8123484713541664,1.2817174479166666,1.4462638771355416
2776,1,1.128,1.128,0.0,1.414,428,313,135.0,1.0,1.642799616294013,1.4457772812499998,1.4457772812499998,1.8123484713541664,1.2817174479166666,1.4462638771355416
2777,2,2.257,1.128,90.0,2.236,432,313,116.565,1.0,3.285599232588026,2.892836279947917,1.4457772812499998,2.865920213541667,1.2817174479166666,2.0453259898153786
2778,1,1.128,1.128,0.0,1.414,634,313,135.0,1.0,1.642799616294013,1.4457772812499998,1.4457772812499998,1.8123484713541664,1.2817174479166666,1.4462638771355416
2779,24,6.728,4.542,132.565,8.602,3301,313,125.538,5.814,39.42719079105631,8.623394989583334,5.8215606484375,11.025333486979166,7.4519052421875,7.085217064802679
2780,2,2.257,1.128,0.0,2.236,3380,313,153.435,1.0,3.285599232588026,2.892836279947917,1.4457772812499998,2.865920213541667,1.2817174479166666,2.0453259898153786
2781,1,1.128,1.128,0.0,1.414,3492,313,135.0,1.0,1.642799616294013,1.4457772812499998,1.4457772812499998,1.8123484713541664,1.2817174479166666,1.4462638771355416
2782,1,1.128,1.128,0.0,1.414,477,314,135.0,1.0,1.642799616294013,1.4457772812499998,1.4457772812499998,1.8123484713541664,1.2817174479166666,1.4462638771355416
2783,6,4.134,1.848,77.067,4.472,524,318,63.435,2.0,9.856797697764078,5.298619929687501,2.36861384375,5.731840427083334,2.5634348958333333,3.5426085324013394
2784,1,1.128,1.128,0.0,1.414,3331,314,135.0,1.0,1.642799616294013,1.4457772812499998,1.4457772812499998,1.8123484713541664,1.2817174479166666,1.4462638771355416
2785,1,1.128,1.128,0.0,1.414,3347,314,135.0,1.0,1.642799616294013,1.4457772812499998,1.4457772812499998,1.8123484713541664,1.2817174479166666,1.4462638771355416
2786,2,2.257,1.128,90.0,2.236,3437,314,116.565,1.0,3.285599232588026,2.892836279947917,1.4457772812499998,2.865920213541667,1.2817174479166666,2.0453259898153786
2787,31,12.059,3.273,41.734,17.029,3491,325,40.236,5.657,50.926788105114404,15.456230704427082,4.19506120703125,21.826366420572917,7.250675602864583,8.052456474363645
2788,5,3.144,2.025,108.435,3.606,413,315,123.69,2.0,8.213998081470065,4.02971965625,2.59547783203125,4.6218731171875,2.5634348958333333,3.2339443426774745
2789,12,6.195,2.466,76.425,7.28,501,322,74.055,3.479,19.713595395528156,7.94023958984375,3.1607152265625,9.330903020833334,4.459095001302083,5.0100050327006205
2790,1,1.128,1.128,0.0,1.414,3287,315,135.0,1.0,1.642799616294013,1.4457772812499998,1.4457772812499998,1.8123484713541664,1.2817174479166666,1.4462638771355416
2791,1,1.128,1.128,0.0,1.414,3531,315,135.0,1.0,1.642799616294013,1.4457772812499998,1.4457772812499998,1.8123484713541664,1.2817174479166666,1.4462638771355416
2792,130,14.859,11.14,37.83,20.125,344,334,63.435,15.173,213.5639501182217,19.04503955859375,14.278332369791666,25.794563639322917,19.447498837239582,16.489945309185437
2793,3,3.213,1.189,28.155,3.606,479,318,33.69,1.789,4.928398848882039,4.11815816015625,1.5239620455729168,4.6218731171875,2.2929925143229166,2.5050025163503102
2794,6,3.385,2.257,90.0,3.606,662,316,123.69,2.0,9.856797697764078,4.338613561197916,2.892836279947917,4.6218731171875,2.5634348958333333,3.5426085324013394
2795,1,1.128,1.128,0.0,1.414,748,316,135.0,1.0,1.642799616294013,1.4457772812499998,1.4457772812499998,1.8123484713541664,1.2817174479166666,1.4462638771355416
2796,3,3.385,1.128,90.0,3.162,3257,316,108.435,1.0,4.928398848882039,4.338613561197916,1.4457772812499998,4.0527905703125,1.2817174479166666,2.5050025163503102
2797,8,3.985,2.556,52.018,5.0,3357,320,53.13,3.536,13.142396930352104,5.107644029947917,3.276069796875,6.408587239583333,4.532152895833334,4.090651979630757
2798,4,3.192,1.596,161.565,3.606,3439,316,146.31,2.0,6.571198465176052,4.09124209375,2.045621046875,4.6218731171875,2.5634348958333333,2.892527754271083
2799,3,2.365,1.615,45.0,2.828,3660,318,45.0,2.0,4.928398848882039,3.0312617643229167,2.069973678385417,3.624696942708333,2.5634348958333333,2.5050025163503102
2800,3,3.385,1.128,90.0,3.162,3289,317,108.435,1.0,4.928398848882039,4.338613561197916,1.4457772812499998,4.0527905703125,1.2817174479166666,2.5050025163503102
2801,3,2.365,1.615,135.0,2.828,3346,317,135.0,2.0,4.928398848882039,3.0312617643229167,2.069973678385417,3.624696942708333,2.5634348958333333,2.5050025163503102
2802,1,1.128,1.128,0.0,1.414,3436,317,135.0,1.0,1.642799616294013,1.4457772812499998,1.4457772812499998,1.8123484713541664,1.2817174479166666,1.4462638771355416
2803,1,1.128,1.128,0.0,1.414,3448,317,135.0,1.0,1.642799616294013,1.4457772812499998,1.4457772812499998,1.8123484713541664,1.2817174479166666,1.4462638771355416
2804,35,7.706,5.783,49.228,9.899,3452,324,45.0,6.74,57.49798657029046,9.876914653645834,7.412172001302084,12.687721016927082,8.638775598958333,8.556212484548844
2805,2,2.257,1.128,0.0,2.236,3606,317,153.435,1.0,3.285599232588026,2.892836279947917,1.4457772812499998,2.865920213541667,1.2817174479166666,2.0453259898153786
2806,5,3.732,1.706,31.717,4.243,467,321,45.0,2.236,8.213998081470065,4.783369515625,2.1866099661458334,5.438327131510417,2.865920213541667,3.2339443426774745
2807,4,2.734,1.863,0.0,3.162,526,319,161.565,2.0,6.571198465176052,3.5042155026041666,2.38783960546875,4.0527905703125,2.5634348958333333,2.892527754271083
2808,15,5.278,3.618,67.77,6.708,3411,324,63.435,5.0,24.641994244410196,6.764904690104166,4.637253726562499,8.597760640625,6.408587239583333,5.601355910367322
2809,2,2.257,1.128,0.0,2.236,363,319,153.435,1.0,3.285599232588026,2.892836279947917,1.4457772812499998,2.865920213541667,1.2817174479166666,2.0453259898153786
2810,20,6.643,3.833,71.518,8.602,434,326,54.462,4.768,32.85599232588026,8.514449006510416,4.912822977864583,11.025333486979166,6.111228791666666,6.467888685354949
2811,26,6.17,5.365,16.31,8.062,537,323,29.745,6.0,42.71279002364434,7.908196653645833,6.876414108072916,10.333206065104166,7.690304687499999,7.374527731318484
2812,2,2.257,1.128,0.0,2.236,592,319,153.435,1.0,3.285599232588026,2.892836279947917,1.4457772812499998,2.865920213541667,1.2817174479166666,2.0453259898153786
2813,2,2.257,1.128,90.0,2.236,649,319,116.565,1.0,3.285599232588026,2.892836279947917,1.4457772812499998,2.865920213541667,1.2817174479166666,2.0453259898153786
2814,3,2.365,1.615,135.0,2.828,746,319,135.0,2.0,4.928398848882039,3.0312617643229167,2.069973678385417,3.624696942708333,2.5634348958333333,2.5050025163503102
2815,1,1.128,1.128,0.0,1.414,749,319,135.0,1.0,1.642799616294013,1.4457772812499998,1.4457772812499998,1.8123484713541664,1.2817174479166666,1.4462638771355416
2816,1,1.128,1.128,0.0,1.414,3325,319,135.0,1.0,1.642799616294013,1.4457772812499998,1.4457772812499998,1.8123484713541664,1.2817174479166666,1.4462638771355416
2817,22,5.684,4.929,174.443,7.616,3402,322,23.199,5.883,36.141591558468285,7.285281973958333,6.31758530078125,9.761560083333332,7.5403437460937495,6.78357888217988
2818,3,3.385,1.128,90.0,3.162,3459,319,108.435,1.0,4.928398848882039,4.338613561197916,1.4457772812499998,4.0527905703125,1.2817174479166666,2.5050025163503102
2819,1,1.128,1.128,0.0,1.414,3487,319,135.0,1.0,1.642799616294013,1.4457772812499998,1.4457772812499998,1.8123484713541664,1.2817174479166666,1.4462638771355416
2820,2,2.596,0.981,45.0,2.828,340,322,45.0,1.414,3.285599232588026,3.327338494791667,1.2573648164062499,3.624696942708333,1.8123484713541664,2.0453259898153786
2821,13,5.26,3.147,84.076,6.708,3273,326,63.435,4.0,21.35639501182217,6.741833776041666,4.033564808593749,8.597760640625,5.126869791666667,5.214578566863546
2822,1,1.128,1.128,0.0,1.414,3299,320,135.0,1.0,1.642799616294013,1.4457772812499998,1.4457772812499998,1.8123484713541664,1.2817174479166666,1.4462638771355416
2823,4,3.192,1.596,108.435,3.606,3527,320,123.69,2.0,6.571198465176052,4.09124209375,2.045621046875,4.6218731171875,2.5634348958333333,2.892527754271083
2824,74,15.296,6.16,22.59,20.616,406,334,39.094,10.546,121.56717160575697,19.60515008333333,7.8953794791666665,26.42388690625,13.516992205729165,12.441232293094101
2825,74,11.491,8.199,18.607,15.232,520,327,23.199,9.944,121.56717160575697,14.728215194010415,10.50880135546875,19.523120166666665,12.745398302083334,12.441232293094101
2826,3,2.365,1.615,135.0,2.828,444,322,135.0,2.0,4.928398848882039,3.0312617643229167,2.069973678385417,3.624696942708333,2.5634348958333333,2.5050025163503102
2827,14,5.007,3.56,65.092,6.708,487,328,63.435,4.0,22.999194628116182,6.41755926171875,4.562914114583333,8.597760640625,5.126869791666667,5.411423919108519
2828,2,2.257,1.128,0.0,2.236,3293,322,153.435,1.0,3.285599232588026,2.892836279947917,1.4457772812499998,2.865920213541667,1.2817174479166666,2.0453259898153786
2829,1,1.128,1.128,0.0,1.414,3447,322,135.0,1.0,1.642799616294013,1.4457772812499998,1.4457772812499998,1.8123484713541664,1.2817174479166666,1.4462638771355416
2830,2,2.257,1.128,90.0,2.236,3503,322,116.565,1.0,3.285599232588026,2.892836279947917,1.4457772812499998,2.865920213541667,1.2817174479166666,2.0453259898153786
2831,1,1.128,1.128,0.0,1.414,366,323,135.0,1.0,1.642799616294013,1.4457772812499998,1.4457772812499998,1.8123484713541664,1.2817174479166666,1.4462638771355416
2832,143,16.729,10.884,2.42,18.439,588,330,167.471,12.869,234.92034513004387,21.441851186197916,13.950212703125,23.633588022135417,16.49442183723958,17.29480054611557
2833,1,1.128,1.128,0.0,1.414,2600,323,135.0,1.0,1.642799616294013,1.4457772812499998,1.4457772812499998,1.8123484713541664,1.2817174479166666,1.4462638771355416
2834,2,2.257,1.128,0.0,2.236,3434,323,153.435,1.0,3.285599232588026,2.892836279947917,1.4457772812499998,2.865920213541667,1.2817174479166666,2.0453259898153786
2835,1,1.128,1.128,0.0,1.414,345,324,135.0,1.0,1.642799616294013,1.4457772812499998,1.4457772812499998,1.8123484713541664,1.2817174479166666,1.4462638771355416
2836,114,22.273,6.517,174.61,24.331,440,328,170.538,9.119,187.27915625751749,28.547692717447916,8.352952608072917,31.185467225260414,11.687981407552083,15.441872589262374
2837,31,9.32,4.235,46.9,13.038,3438,335,57.529,6.725,50.926788105114404,11.945606614583333,5.428073391927084,16.7110320859375,8.619549837239584,8.052456474363645
2838,45,8.804,6.508,97.945,11.705,3534,324,109.983,8.427,73.92598273323058,11.284240411458333,8.341417151041666,15.002502727864583,10.80103293359375,9.701833028032423
2839,2,2.257,1.128,0.0,2.236,855,325,153.435,1.0,3.285599232588026,2.892836279947917,1.4457772812499998,2.865920213541667,1.2817174479166666,2.0453259898153786
2840,1,1.128,1.128,0.0,1.414,1018,325,135.0,1.0,1.642799616294013,1.4457772812499998,1.4457772812499998,1.8123484713541664,1.2817174479166666,1.4462638771355416
2841,1,1.128,1.128,0.0,1.414,2605,325,135.0,1.0,1.642799616294013,1.4457772812499998,1.4457772812499998,1.8123484713541664,1.2817174479166666,1.4462638771355416
2842,1,1.128,1.128,0.0,1.414,3161,325,135.0,1.0,1.642799616294013,1.4457772812499998,1.4457772812499998,1.8123484713541664,1.2817174479166666,1.4462638771355416
2843,1,1.128,1.128,0.0,1.414,3363,325,135.0,1.0,1.642799616294013,1.4457772812499998,1.4457772812499998,1.8123484713541664,1.2817174479166666,1.4462638771355416
2844,47,11.484,5.211,70.583,17.0,3470,340,61.928,9.459,77.21158196581861,14.719243171875,6.6790296210937505,21.789196614583332,12.12376533984375,9.915085602678126
2845,186,18.883,12.542,88.354,25.632,361,326,110.556,16.0,305.5607286306864,24.202670569010415,16.075300231770832,32.852981625,20.507479166666666,19.724409538161744
2846,8,4.351,2.341,135.0,5.0,505,326,126.87,3.328,13.142396930352104,5.576752615885416,3.000500545572917,6.408587239583333,4.265555666666667,4.090651979630757
2847,3,2.365,1.615,45.0,2.828,543,328,45.0,2.0,4.928398848882039,3.0312617643229167,2.069973678385417,3.624696942708333,2.5634348958333333,2.5050025163503102
2848,1,1.128,1.128,0.0,1.414,745,326,135.0,1.0,1.642799616294013,1.4457772812499998,1.4457772812499998,1.8123484713541664,1.2817174479166666,1.4462638771355416
2849,1,1.128,1.128,0.0,1.414,3263,326,135.0,1.0,1.642799616294013,1.4457772812499998,1.4457772812499998,1.8123484713541664,1.2817174479166666,1.4462638771355416
2850,4,3.192,1.596,108.435,3.606,3438,326,123.69,2.0,6.571198465176052,4.09124209375,2.045621046875,4.6218731171875,2.5634348958333333,2.892527754271083
2851,2,2.257,1.128,0.0,2.236,3496,326,153.435,1.0,3.285599232588026,2.892836279947917,1.4457772812499998,2.865920213541667,1.2817174479166666,2.0453259898153786
2852,1,1.128,1.128,0.0,1.414,3537,326,135.0,1.0,1.642799616294013,1.4457772812499998,1.4457772812499998,1.8123484713541664,1.2817174479166666,1.4462638771355416
2853,5,3.144,2.025,71.565,3.606,494,330,56.31,2.0,8.213998081470065,4.02971965625,2.59547783203125,4.6218731171875,2.5634348958333333,3.2339443426774745
2854,1,1.128,1.128,0.0,1.414,704,327,135.0,1.0,1.642799616294013,1.4457772812499998,1.4457772812499998,1.8123484713541664,1.2817174479166666,1.4462638771355416
2855,5,3.144,2.025,71.565,3.606,426,331,56.31,2.0,8.213998081470065,4.02971965625,2.59547783203125,4.6218731171875,2.5634348958333333,3.2339443426774745
2856,26,7.52,4.402,177.398,8.944,478,328,153.435,5.0,42.71279002364434,9.638515208333333,5.642120205729166,11.463680854166668,6.408587239583333,7.374527731318484
2857,1,1.128,1.128,0.0,1.414,547,328,135.0,1.0,1.642799616294013,1.4457772812499998,1.4457772812499998,1.8123484713541664,1.2817174479166666,1.4462638771355416
2858,30,7.898,4.836,19.652,9.434,3480,333,32.005,5.0,49.28398848882039,10.123004403645833,6.198385578125,12.091722403645832,6.408587239583333,7.921513496120161
2859,77,10.823,9.059,18.147,19.799,3560,342,45.0,14.0,126.49557045463901,13.872027938802084,11.611078360677082,25.376723751302084,17.944044270833334,12.690914016636032
2860,5,3.144,2.025,108.435,3.606,3575,328,123.69,2.0,8.213998081470065,4.02971965625,2.59547783203125,4.6218731171875,2.5634348958333333,3.2339443426774745
2861,2,2.596,0.981,45.0,2.828,3453,331,45.0,1.414,3.285599232588026,3.327338494791667,1.2573648164062499,3.624696942708333,1.8123484713541664,2.0453259898153786
2862,4,2.257,2.257,0.0,2.828,3504,329,135.0,2.0,6.571198465176052,2.892836279947917,2.892836279947917,3.624696942708333,2.5634348958333333,2.892527754271083
2863,1,1.128,1.128,0.0,1.414,3553,329,135.0,1.0,1.642799616294013,1.4457772812499998,1.4457772812499998,1.8123484713541664,1.2817174479166666,1.4462638771355416
2864,1,1.128,1.128,0.0,1.414,3558,329,135.0,1.0,1.642799616294013,1.4457772812499998,1.4457772812499998,1.8123484713541664,1.2817174479166666,1.4462638771355416
2865,764,49.523,19.642,62.533,72.069,383,393,60.945,34.623,1255.098906848626,63.47449317317709,25.175494111979166,92.37209475390625,44.376903199218745,39.975528896596806
2866,2,2.596,0.981,45.0,2.828,544,332,45.0,1.414,3.285599232588026,3.327338494791667,1.2573648164062499,3.624696942708333,1.8123484713541664,2.0453259898153786
2867,9,6.13,1.869,86.284,6.325,3386,336,71.565,2.0,14.785196546646118,7.856927955729167,2.39552991015625,8.106862858072917,2.5634348958333333,4.338791631406624
2868,2,2.257,1.128,90.0,2.236,3413,330,116.565,1.0,3.285599232588026,2.892836279947917,1.4457772812499998,2.865920213541667,1.2817174479166666,2.0453259898153786
2869,15,6.605,2.892,48.83,7.81,3423,336,50.194,4.2,24.641994244410196,8.465743743489584,3.706726859375,10.010213268229165,5.38321328125,5.601355910367322
2870,1,1.128,1.128,0.0,1.414,3456,330,135.0,1.0,1.642799616294013,1.4457772812499998,1.4457772812499998,1.8123484713541664,1.2817174479166666,1.4462638771355416
2871,5,4.409,1.444,130.735,5.0,3507,330,126.87,2.121,8.213998081470065,5.6510922278645825,1.8507999947916665,6.408587239583333,2.71852270703125,3.2339443426774745
2872,1,1.128,1.128,0.0,1.414,3529,330,135.0,1.0,1.642799616294013,1.4457772812499998,1.4457772812499998,1.8123484713541664,1.2817174479166666,1.4462638771355416
2873,1,1.128,1.128,0.0,1.414,468,331,135.0,1.0,1.642799616294013,1.4457772812499998,1.4457772812499998,1.8123484713541664,1.2817174479166666,1.4462638771355416
2874,4,3.192,1.596,18.435,3.606,570,333,33.69,2.0,6.571198465176052,4.09124209375,2.045621046875,4.6218731171875,2.5634348958333333,2.892527754271083
2875,8,4.619,2.205,133.977,5.0,3363,331,126.87,2.828,13.142396930352104,5.920252891927083,2.82618697265625,6.408587239583333,3.624696942708333,4.090651979630757
2876,3,3.213,1.189,118.155,3.606,3416,331,123.69,1.789,4.928398848882039,4.11815816015625,1.5239620455729168,4.6218731171875,2.2929925143229166,2.5050025163503102
2877,3,2.365,1.615,45.0,2.828,3429,333,45.0,2.0,4.928398848882039,3.0312617643229167,2.069973678385417,3.624696942708333,2.5634348958333333,2.5050025163503102
2878,7,4.265,2.09,131.579,5.0,551,332,126.87,2.828,11.499597314058091,5.466524915364583,2.678789466145833,6.408587239583333,3.624696942708333,3.826454549076717
2879,1,1.128,1.128,0.0,1.414,561,332,135.0,1.0,1.642799616294013,1.4457772812499998,1.4457772812499998,1.8123484713541664,1.2817174479166666,1.4462638771355416
2880,5,3.144,2.025,71.565,3.606,3376,335,56.31,2.0,8.213998081470065,4.02971965625,2.59547783203125,4.6218731171875,2.5634348958333333,3.2339443426774745
2881,2,2.257,1.128,90.0,2.236,3403,332,116.565,1.0,3.285599232588026,2.892836279947917,1.4457772812499998,2.865920213541667,1.2817174479166666,2.0453259898153786
2882,4,2.78,1.832,55.278,3.606,3408,335,33.69,2.683,6.571198465176052,3.563174505208333,2.3481063645833333,4.6218731171875,3.4388479127604166,2.892527754271083
2883,3,2.365,1.615,135.0,2.828,3511,332,135.0,2.0,4.928398848882039,3.0312617643229167,2.069973678385417,3.624696942708333,2.5634348958333333,2.5050025163503102
2884,1,1.128,1.128,0.0,1.414,272,333,135.0,1.0,1.642799616294013,1.4457772812499998,1.4457772812499998,1.8123484713541664,1.2817174479166666,1.4462638771355416
2885,2,2.257,1.128,0.0,2.236,374,333,153.435,1.0,3.285599232588026,2.892836279947917,1.4457772812499998,2.865920213541667,1.2817174479166666,2.0453259898153786
2886,3,2.365,1.615,45.0,2.828,411,335,45.0,2.0,4.928398848882039,3.0312617643229167,2.069973678385417,3.624696942708333,2.5634348958333333,2.5050025163503102
2887,4,3.216,1.583,121.717,3.606,492,333,123.69,2.0,6.571198465176052,4.1220033125,2.028958720052083,4.6218731171875,2.5634348958333333,2.892527754271083
2888,1,1.128,1.128,0.0,1.414,3491,333,135.0,1.0,1.642799616294013,1.4457772812499998,1.4457772812499998,1.8123484713541664,1.2817174479166666,1.4462638771355416
2889,1,1.128,1.128,0.0,1.414,3506,333,135.0,1.0,1.642799616294013,1.4457772812499998,1.4457772812499998,1.8123484713541664,1.2817174479166666,1.4462638771355416
2890,22,7.479,3.745,101.451,9.849,428,334,113.962,6.434,36.141591558468285,9.58596479296875,4.8000318424479165,12.62363514453125,8.246570059895834,6.78357888217988
2891,2,2.257,1.128,0.0,2.236,438,334,153.435,1.0,3.285599232588026,2.892836279947917,1.4457772812499998,2.865920213541667,1.2817174479166666,2.0453259898153786
2892,42,11.987,4.461,86.139,12.649,440,346,71.565,5.0,68.99758388434854,15.363947048177083,5.71774153515625,16.212443998697914,6.408587239583333,9.372861169189449
2893,8,4.037,2.523,56.31,5.0,451,338,53.13,3.0,13.142396930352104,5.174293337239583,3.23377312109375,6.408587239583333,3.8451523437499997,4.090651979630757
2894,5,3.144,2.025,161.565,3.606,508,334,146.31,2.0,8.213998081470065,4.02971965625,2.59547783203125,4.6218731171875,2.5634348958333333,3.2339443426774745
2895,4,2.257,2.257,0.0,2.828,568,334,135.0,2.0,6.571198465176052,2.892836279947917,2.892836279947917,3.624696942708333,2.5634348958333333,2.892527754271083
2896,7,4.35,2.049,2.043,4.472,682,334,153.435,2.0,11.499597314058091,5.5754708984375,2.62623905078125,5.731840427083334,2.5634348958333333,3.826454549076717
2897,1,1.128,1.128,0.0,1.414,703,334,135.0,1.0,1.642799616294013,1.4457772812499998,1.4457772812499998,1.8123484713541664,1.2817174479166666,1.4462638771355416
2898,11,4.913,2.851,150.715,5.831,3353,335,149.036,4.0,18.070795779234142,6.297077821614583,3.6541764440104165,7.473694438802084,5.126869791666667,4.796714628303253
2899,3,2.365,1.615,45.0,2.828,3482,336,45.0,2.0,4.928398848882039,3.0312617643229167,2.069973678385417,3.624696942708333,2.5634348958333333,2.5050025163503102
2900,47,9.328,6.415,121.191,12.649,461,335,108.435,9.0,77.21158196581861,11.955860354166665,8.222217428385417,16.212443998697914,11.535457031249999,9.915085602678126
2901,2,2.257,1.128,0.0,2.236,481,335,153.435,1.0,3.285599232588026,2.892836279947917,1.4457772812499998,2.865920213541667,1.2817174479166666,2.0453259898153786
2902,7,3.507,2.542,149.527,4.243,3333,335,135.0,3.0,11.499597314058091,4.49498308984375,3.2581257526041663,5.438327131510417,3.8451523437499997,3.826454549076717
2903,1,1.128,1.128,0.0,1.414,3393,335,135.0,1.0,1.642799616294013,1.4457772812499998,1.4457772812499998,1.8123484713541664,1.2817174479166666,1.4462638771355416
2904,1,1.128,1.128,0.0,1.414,3413,335,135.0,1.0,1.642799616294013,1.4457772812499998,1.4457772812499998,1.8123484713541664,1.2817174479166666,1.4462638771355416
2905,1,1.128,1.128,0.0,1.414,3455,335,135.0,1.0,1.642799616294013,1.4457772812499998,1.4457772812499998,1.8123484713541664,1.2817174479166666,1.4462638771355416
2906,2,2.596,0.981,45.0,2.828,3488,337,45.0,1.414,3.285599232588026,3.327338494791667,1.2573648164062499,3.624696942708333,1.8123484713541664,2.0453259898153786
2907,1,1.128,1.128,0.0,1.414,3549,335,135.0,1.0,1.642799616294013,1.4457772812499998,1.4457772812499998,1.8123484713541664,1.2817174479166666,1.4462638771355416
2908,97,18.221,6.778,77.208,22.472,3569,356,69.146,10.85,159.35156278051926,23.354173618489583,8.687480861979166,28.802754489583336,13.906634309895832,14.24404726978226
2909,1,1.128,1.128,0.0,1.414,379,336,135.0,1.0,1.642799616294013,1.4457772812499998,1.4457772812499998,1.8123484713541664,1.2817174479166666,1.4462638771355416
2910,4,3.192,1.596,18.435,3.606,436,338,33.69,2.0,6.571198465176052,4.09124209375,2.045621046875,4.6218731171875,2.5634348958333333,2.892527754271083
2911,1,1.128,1.128,0.0,1.414,475,336,135.0,1.0,1.642799616294013,1.4457772812499998,1.4457772812499998,1.8123484713541664,1.2817174479166666,1.4462638771355416
2912,2,2.257,1.128,0.0,2.236,656,336,153.435,1.0,3.285599232588026,2.892836279947917,1.4457772812499998,2.865920213541667,1.2817174479166666,2.0453259898153786
2913,4,3.216,1.583,58.283,3.606,3389,339,56.31,2.0,6.571198465176052,4.1220033125,2.028958720052083,4.6218731171875,2.5634348958333333,2.892527754271083
2914,1,1.128,1.128,0.0,1.414,3485,336,135.0,1.0,1.642799616294013,1.4457772812499998,1.4457772812499998,1.8123484713541664,1.2817174479166666,1.4462638771355416
2915,26,7.205,4.595,77.615,8.544,3590,344,69.444,5.0,42.71279002364434,9.234774212239584,5.8894916731770826,10.950993875,6.408587239583333,7.374527731318484
2916,11,4.311,3.249,103.283,5.657,3603,336,135.0,4.0,18.070795779234142,5.525483917968749,4.16429998828125,7.250675602864583,5.126869791666667,4.796714628303253
2917,3,2.365,1.615,45.0,2.828,357,339,45.0,2.0,4.928398848882039,3.0312617643229167,2.069973678385417,3.624696942708333,2.5634348958333333,2.5050025163503102
2918,6,3.479,2.196,114.183,4.472,3377,337,116.565,2.846,9.856797697764078,4.459095001302083,2.814651515625,5.731840427083334,3.6477678567708334,3.5426085324013394
2919,4,2.734,1.863,0.0,3.162,3434,337,161.565,2.0,6.571198465176052,3.5042155026041666,2.38783960546875,4.0527905703125,2.5634348958333333,2.892527754271083
2920,2,2.257,1.128,0.0,2.236,3480,337,153.435,1.0,3.285599232588026,2.892836279947917,1.4457772812499998,2.865920213541667,1.2817174479166666,2.0453259898153786
2921,82,15.758,6.626,5.714,18.385,3531,345,22.38,9.882,134.70956853610906,20.19730354427083,8.492659809895834,23.564375279947917,12.6659318203125,13.096476418838181
2922,5,3.732,1.706,174.848,4.123,3581,337,165.964,2.0,8.213998081470065,4.783369515625,2.1866099661458334,5.284521037760417,2.5634348958333333,3.2339443426774745
2923,8,3.824,2.664,162.704,4.472,471,338,153.435,3.0,13.142396930352104,4.901287520833333,3.4144952812500002,5.731840427083334,3.8451523437499997,4.090651979630757
2924,17,6.953,3.113,59.551,7.81,512,344,50.194,4.427,27.927593476998222,8.911781415364583,3.989986415364583,10.010213268229165,5.674163141927083,5.963098727945161
2925,1,1.128,1.128,0.0,1.414,560,338,135.0,1.0,1.642799616294013,1.4457772812499998,1.4457772812499998,1.8123484713541664,1.2817174479166666,1.4462638771355416
2926,2,2.257,1.128,90.0,2.236,802,338,116.565,1.0,3.285599232588026,2.892836279947917,1.4457772812499998,2.865920213541667,1.2817174479166666,2.0453259898153786
2927,4,3.216,1.583,148.283,3.606,3341,338,146.31,2.0,6.571198465176052,4.1220033125,2.028958720052083,4.6218731171875,2.5634348958333333,2.892527754271083
2928,1,1.128,1.128,0.0,1.414,3411,338,135.0,1.0,1.642799616294013,1.4457772812499998,1.4457772812499998,1.8123484713541664,1.2817174479166666,1.4462638771355416
2929,7,5.708,1.562,34.769,6.403,3415,342,38.66,2.496,11.499597314058091,7.316043192708333,2.0020426536458333,8.206836819010416,3.19916675,3.826454549076717
2930,26,8.333,3.972,135.721,9.899,3518,338,135.0,5.547,42.71279002364434,10.680551493489583,5.090981703125,12.687721016927082,7.10968668359375,7.374527731318484
2931,3,3.385,1.128,90.0,3.162,3525,338,108.435,1.0,4.928398848882039,4.338613561197916,1.4457772812499998,4.0527905703125,1.2817174479166666,2.5050025163503102
2932,21,6.595,4.054,95.086,7.211,3552,338,123.69,4.0,34.49879194217427,8.452926569010415,5.196082533854167,9.242464516927084,5.126869791666667,6.627613691853932
2933,1,1.128,1.128,0.0,1.414,3595,338,135.0,1.0,1.642799616294013,1.4457772812499998,1.4457772812499998,1.8123484713541664,1.2817174479166666,1.4462638771355416
2934,1,1.128,1.128,0.0,1.414,3679,338,135.0,1.0,1.642799616294013,1.4457772812499998,1.4457772812499998,1.8123484713541664,1.2817174479166666,1.4462638771355416
2935,1,1.128,1.128,0.0,1.414,3681,338,135.0,1.0,1.642799616294013,1.4457772812499998,1.4457772812499998,1.8123484713541664,1.2817174479166666,1.4462638771355416
2936,11,5.516,2.539,107.08,5.831,419,339,120.964,3.0,18.070795779234142,7.069953442708333,3.254280600260417,7.473694438802084,3.8451523437499997,4.796714628303253
2937,2,2.257,1.128,0.0,2.236,493,339,153.435,1.0,3.285599232588026,2.892836279947917,1.4457772812499998,2.865920213541667,1.2817174479166666,2.0453259898153786
2938,9,4.2,2.729,119.518,5.0,563,339,126.87,3.0,14.785196546646118,5.38321328125,3.4978069153645834,6.408587239583333,3.8451523437499997,4.338791631406624
2939,2,2.257,1.128,0.0,2.236,656,339,153.435,1.0,3.285599232588026,2.892836279947917,1.4457772812499998,2.865920213541667,1.2817174479166666,2.0453259898153786
2940,2,2.257,1.128,0.0,2.236,703,339,153.435,1.0,3.285599232588026,2.892836279947917,1.4457772812499998,2.865920213541667,1.2817174479166666,2.0453259898153786
2941,2,2.257,1.128,0.0,2.236,726,339,153.435,1.0,3.285599232588026,2.892836279947917,1.4457772812499998,2.865920213541667,1.2817174479166666,2.0453259898153786
2942,3,3.385,1.128,90.0,3.162,3431,339,108.435,1.0,4.928398848882039,4.338613561197916,1.4457772812499998,4.0527905703125,1.2817174479166666,2.5050025163503102
2943,23,7.841,3.735,142.007,9.899,3437,339,135.0,5.657,37.7843911747623,10.049946509114584,4.78721466796875,12.687721016927082,7.250675602864583,6.936037892995103
2944,30,8.453,4.519,61.041,9.899,3483,346,45.0,5.367,49.28398848882039,10.834357587239582,5.792081147135416,12.687721016927082,6.87897754296875,7.921513496120161
2945,16,6.096,3.342,5.701,6.708,3492,342,26.565,4.0,26.28479386070421,7.8133495625,4.2834997109375,8.597760640625,5.126869791666667,5.785055508542166
2946,1,1.128,1.128,0.0,1.414,3557,339,135.0,1.0,1.642799616294013,1.4457772812499998,1.4457772812499998,1.8123484713541664,1.2817174479166666,1.4462638771355416
2947,19,7.951,3.043,106.052,9.487,377,340,108.435,4.427,31.21319270958625,10.190935428385416,3.900266194010417,12.159653428385417,5.674163141927083,6.304118086127151
2948,17,7.234,2.992,127.66,7.81,452,340,129.806,4.0,27.927593476998222,9.271944018229167,3.8348986041666664,10.010213268229165,5.126869791666667,5.963098727945161
2949,1,1.128,1.128,0.0,1.414,559,340,135.0,1.0,1.642799616294013,1.4457772812499998,1.4457772812499998,1.8123484713541664,1.2817174479166666,1.4462638771355416
2950,1,1.128,1.128,0.0,1.414,3303,340,135.0,1.0,1.642799616294013,1.4457772812499998,1.4457772812499998,1.8123484713541664,1.2817174479166666,1.4462638771355416
2951,4,2.257,2.257,0.0,2.828,3502,340,135.0,2.0,6.571198465176052,2.892836279947917,2.892836279947917,3.624696942708333,2.5634348958333333,2.892527754271083
2952,4,2.257,2.257,0.0,2.828,3582,340,135.0,2.0,6.571198465176052,2.892836279947917,2.892836279947917,3.624696942708333,2.5634348958333333,2.892527754271083
2953,3,2.365,1.615,135.0,2.828,380,341,135.0,2.0,4.928398848882039,3.0312617643229167,2.069973678385417,3.624696942708333,2.5634348958333333,2.5050025163503102
2954,1,1.128,1.128,0.0,1.414,488,341,135.0,1.0,1.642799616294013,1.4457772812499998,1.4457772812499998,1.8123484713541664,1.2817174479166666,1.4462638771355416
2955,3,3.213,1.189,61.845,3.606,526,344,56.31,1.789,4.928398848882039,4.11815816015625,1.5239620455729168,4.6218731171875,2.2929925143229166,2.5050025163503102
2956,1,1.128,1.128,0.0,1.414,582,341,135.0,1.0,1.642799616294013,1.4457772812499998,1.4457772812499998,1.8123484713541664,1.2817174479166666,1.4462638771355416
2957,19,5.278,4.583,119.46,6.708,733,341,116.565,5.0,31.21319270958625,6.764904690104166,5.874111063802084,8.597760640625,6.408587239583333,6.304118086127151
2958,1,1.128,1.128,0.0,1.414,738,341,135.0,1.0,1.642799616294013,1.4457772812499998,1.4457772812499998,1.8123484713541664,1.2817174479166666,1.4462638771355416
2959,2,2.257,1.128,0.0,2.236,3298,341,153.435,1.0,3.285599232588026,2.892836279947917,1.4457772812499998,2.865920213541667,1.2817174479166666,2.0453259898153786
2960,1,1.128,1.128,0.0,1.414,3364,341,135.0,1.0,1.642799616294013,1.4457772812499998,1.4457772812499998,1.8123484713541664,1.2817174479166666,1.4462638771355416
2961,3,2.365,1.615,135.0,2.828,3422,341,135.0,2.0,4.928398848882039,3.0312617643229167,2.069973678385417,3.624696942708333,2.5634348958333333,2.5050025163503102
2962,1,1.128,1.128,0.0,1.414,3458,341,135.0,1.0,1.642799616294013,1.4457772812499998,1.4457772812499998,1.8123484713541664,1.2817174479166666,1.4462638771355416
2963,5,3.144,2.025,161.565,3.606,517,342,146.31,2.0,8.213998081470065,4.02971965625,2.59547783203125,4.6218731171875,2.5634348958333333,3.2339443426774745
2964,1,1.128,1.128,0.0,1.414,645,342,135.0,1.0,1.642799616294013,1.4457772812499998,1.4457772812499998,1.8123484713541664,1.2817174479166666,1.4462638771355416
2965,2,2.257,1.128,90.0,2.236,679,342,116.565,1.0,3.285599232588026,2.892836279947917,1.4457772812499998,2.865920213541667,1.2817174479166666,2.0453259898153786
2966,1,1.128,1.128,0.0,1.414,3391,342,135.0,1.0,1.642799616294013,1.4457772812499998,1.4457772812499998,1.8123484713541664,1.2817174479166666,1.4462638771355416
2967,1,1.128,1.128,0.0,1.414,3455,342,135.0,1.0,1.642799616294013,1.4457772812499998,1.4457772812499998,1.8123484713541664,1.2817174479166666,1.4462638771355416
2968,4,2.734,1.863,90.0,3.162,3587,342,108.435,2.0,6.571198465176052,3.5042155026041666,2.38783960546875,4.0527905703125,2.5634348958333333,2.892527754271083
2969,78,11.191,8.874,111.348,15.811,383,343,124.695,11.0,128.138370070933,14.343699959635417,11.373960632812501,20.265234569010417,14.098891927083333,12.77305671246926
2970,1,1.128,1.128,0.0,1.414,502,343,135.0,1.0,1.642799616294013,1.4457772812499998,1.4457772812499998,1.8123484713541664,1.2817174479166666,1.4462638771355416
2971,1,1.128,1.128,0.0,1.414,552,343,135.0,1.0,1.642799616294013,1.4457772812499998,1.4457772812499998,1.8123484713541664,1.2817174479166666,1.4462638771355416
2972,1,1.128,1.128,0.0,1.414,567,343,135.0,1.0,1.642799616294013,1.4457772812499998,1.4457772812499998,1.8123484713541664,1.2817174479166666,1.4462638771355416
2973,1,1.128,1.128,0.0,1.414,699,343,135.0,1.0,1.642799616294013,1.4457772812499998,1.4457772812499998,1.8123484713541664,1.2817174479166666,1.4462638771355416
2974,5,2.523,2.523,0.0,3.162,3397,343,108.435,2.828,8.213998081470065,3.23377312109375,3.23377312109375,4.0527905703125,3.624696942708333,3.2339443426774745
2975,1,1.128,1.128,0.0,1.414,3415,343,135.0,1.0,1.642799616294013,1.4457772812499998,1.4457772812499998,1.8123484713541664,1.2817174479166666,1.4462638771355416
2976,5,3.144,2.025,108.435,3.606,3432,343,123.69,2.0,8.213998081470065,4.02971965625,2.59547783203125,4.6218731171875,2.5634348958333333,3.2339443426774745
2977,1,1.128,1.128,0.0,1.414,3438,343,135.0,1.0,1.642799616294013,1.4457772812499998,1.4457772812499998,1.8123484713541664,1.2817174479166666,1.4462638771355416
2978,6,3.385,2.257,90.0,3.606,3448,343,123.69,2.0,9.856797697764078,4.338613561197916,2.892836279947917,4.6218731171875,2.5634348958333333,3.5426085324013394
2979,17,5.297,4.087,134.813,7.211,3470,343,123.69,5.657,27.927593476998222,6.789257321614583,5.238379209635416,9.242464516927084,7.250675602864583,5.963098727945161
2980,1,1.128,1.128,0.0,1.414,3503,343,135.0,1.0,1.642799616294013,1.4457772812499998,1.4457772812499998,1.8123484713541664,1.2817174479166666,1.4462638771355416
2981,7,4.439,2.008,150.128,5.0,3506,343,143.13,2.683,11.499597314058091,5.689543751302083,2.5736886354166666,6.408587239583333,3.4388479127604166,3.826454549076717
2982,3,3.385,1.128,0.0,3.162,3526,343,161.565,1.0,4.928398848882039,4.338613561197916,1.4457772812499998,4.0527905703125,1.2817174479166666,2.5050025163503102
2983,257,24.923,13.129,14.749,40.311,3578,363,29.745,23.362,422.1995013875613,31.94424395442708,16.827668373697914,51.667312042968746,29.943483018229163,23.18537372985245
2984,2,2.257,1.128,90.0,2.236,340,344,116.565,1.0,3.285599232588026,2.892836279947917,1.4457772812499998,2.865920213541667,1.2817174479166666,2.0453259898153786
2985,13,4.951,3.343,60.144,6.708,432,350,63.435,5.0,21.35639501182217,6.345783084635416,4.284781428385417,8.597760640625,6.408587239583333,5.214578566863546
2986,1,1.128,1.128,0.0,1.414,554,344,135.0,1.0,1.642799616294013,1.4457772812499998,1.4457772812499998,1.8123484713541664,1.2817174479166666,1.4462638771355416
2987,1,1.128,1.128,0.0,1.414,669,344,135.0,1.0,1.642799616294013,1.4457772812499998,1.4457772812499998,1.8123484713541664,1.2817174479166666,1.4462638771355416
2988,2,2.257,1.128,90.0,2.236,3318,344,116.565,1.0,3.285599232588026,2.892836279947917,1.4457772812499998,2.865920213541667,1.2817174479166666,2.0453259898153786
2989,3,2.365,1.615,45.0,2.828,3377,346,45.0,2.0,4.928398848882039,3.0312617643229167,2.069973678385417,3.624696942708333,2.5634348958333333,2.5050025163503102
2990,5,4.521,1.408,58.879,5.0,3388,348,53.13,2.219,8.213998081470065,5.79464458203125,1.8046581666666666,6.408587239583333,2.8441310169270833,3.2339443426774745
2991,1,1.128,1.128,0.0,1.414,3493,344,135.0,1.0,1.642799616294013,1.4457772812499998,1.4457772812499998,1.8123484713541664,1.2817174479166666,1.4462638771355416
2992,40,11.72,4.345,18.085,12.649,3556,350,18.435,5.692,65.71198465176052,15.021728489583333,5.569062311197916,16.212443998697914,7.295535713541667,9.146975898748456
2993,1,1.128,1.128,0.0,1.414,3599,344,135.0,1.0,1.642799616294013,1.4457772812499998,1.4457772812499998,1.8123484713541664,1.2817174479166666,1.4462638771355416
2994,1,1.128,1.128,0.0,1.414,303,345,135.0,1.0,1.642799616294013,1.4457772812499998,1.4457772812499998,1.8123484713541664,1.2817174479166666,1.4462638771355416
2995,1,1.128,1.128,0.0,1.414,563,345,135.0,1.0,1.642799616294013,1.4457772812499998,1.4457772812499998,1.8123484713541664,1.2817174479166666,1.4462638771355416
2996,12,5.59,2.733,81.65,6.325,3423,351,71.565,3.0,19.713595395528156,7.164800533854167,3.50293378515625,8.106862858072917,3.8451523437499997,5.0100050327006205
2997,1,1.128,1.128,0.0,1.414,3529,345,135.0,1.0,1.642799616294013,1.4457772812499998,1.4457772812499998,1.8123484713541664,1.2817174479166666,1.4462638771355416
2998,1,1.128,1.128,0.0,1.414,3708,345,135.0,1.0,1.642799616294013,1.4457772812499998,1.4457772812499998,1.8123484713541664,1.2817174479166666,1.4462638771355416
2999,4,4.514,1.128,90.0,4.123,503,346,104.036,1.0,6.571198465176052,5.785672559895834,1.4457772812499998,5.284521037760417,1.2817174479166666,2.892527754271083
3000,2,2.596,0.981,135.0,2.828,549,346,135.0,1.414,3.285599232588026,3.327338494791667,1.2573648164062499,3.624696942708333,1.8123484713541664,2.0453259898153786
3001,2,2.257,1.128,90.0,2.236,2639,346,116.565,1.0,3.285599232588026,2.892836279947917,1.4457772812499998,2.865920213541667,1.2817174479166666,2.0453259898153786
3002,1,1.128,1.128,0.0,1.414,3309,346,135.0,1.0,1.642799616294013,1.4457772812499998,1.4457772812499998,1.8123484713541664,1.2817174479166666,1.4462638771355416
3003,1,1.128,1.128,0.0,1.414,3405,346,135.0,1.0,1.642799616294013,1.4457772812499998,1.4457772812499998,1.8123484713541664,1.2817174479166666,1.4462638771355416
3004,1,1.128,1.128,0.0,1.414,3413,346,135.0,1.0,1.642799616294013,1.4457772812499998,1.4457772812499998,1.8123484713541664,1.2817174479166666,1.4462638771355416
3005,13,5.921,2.796,48.443,7.81,3462,351,39.806,4.8,21.35639501182217,7.589049009114584,3.5836819843749996,10.010213268229165,6.152243749999999,5.214578566863546
3006,10,6.126,2.078,44.63,7.071,3475,351,45.0,3.4,16.42799616294013,7.851801085937501,2.663408856770833,9.063024074218749,4.357839322916666,4.573487949374228
3007,4,2.734,1.863,0.0,3.162,3492,347,161.565,2.0,6.571198465176052,3.5042155026041666,2.38783960546875,4.0527905703125,2.5634348958333333,2.892527754271083
3008,27,7.422,4.632,39.105,10.63,3542,354,48.814,6.559,44.35558963993835,9.5129068984375,5.936915218749999,13.624656471354168,8.406784740885417,7.515007549050931
3009,2,2.596,0.981,45.0,2.828,3582,348,45.0,1.414,3.285599232588026,3.327338494791667,1.2573648164062499,3.624696942708333,1.8123484713541664,2.0453259898153786
3010,1,1.128,1.128,0.0,1.414,3615,346,135.0,1.0,1.642799616294013,1.4457772812499998,1.4457772812499998,1.8123484713541664,1.2817174479166666,1.4462638771355416
3011,1,1.128,1.128,0.0,1.414,374,347,135.0,1.0,1.642799616294013,1.4457772812499998,1.4457772812499998,1.8123484713541664,1.2817174479166666,1.4462638771355416
3012,1,1.128,1.128,0.0,1.414,391,347,135.0,1.0,1.642799616294013,1.4457772812499998,1.4457772812499998,1.8123484713541664,1.2817174479166666,1.4462638771355416
3013,22,8.248,3.396,174.886,11.402,453,347,164.745,5.0,36.141591558468285,10.571605510416665,4.352712453125,14.614142341145833,6.408587239583333,6.78357888217988
3014,3,2.365,1.615,45.0,2.828,481,349,45.0,2.0,4.928398848882039,3.0312617643229167,2.069973678385417,3.624696942708333,2.5634348958333333,2.5050025163503102
3015,4,3.192,1.596,71.565,3.606,676,350,56.31,2.0,6.571198465176052,4.09124209375,2.045621046875,4.6218731171875,2.5634348958333333,2.892527754271083
3016,3,3.213,1.189,151.845,3.606,3393,347,146.31,1.789,4.928398848882039,4.11815816015625,1.5239620455729168,4.6218731171875,2.2929925143229166,2.5050025163503102
3017,1,1.128,1.128,0.0,1.414,3397,347,135.0,1.0,1.642799616294013,1.4457772812499998,1.4457772812499998,1.8123484713541664,1.2817174479166666,1.4462638771355416
3018,2,2.257,1.128,0.0,2.236,3401,347,153.435,1.0,3.285599232588026,2.892836279947917,1.4457772812499998,2.865920213541667,1.2817174479166666,2.0453259898153786
3019,1,1.128,1.128,0.0,1.414,3416,347,135.0,1.0,1.642799616294013,1.4457772812499998,1.4457772812499998,1.8123484713541664,1.2817174479166666,1.4462638771355416
3020,1,1.128,1.128,0.0,1.414,3420,347,135.0,1.0,1.642799616294013,1.4457772812499998,1.4457772812499998,1.8123484713541664,1.2817174479166666,1.4462638771355416
3021,4,3.192,1.596,108.435,3.606,3550,347,123.69,2.0,6.571198465176052,4.09124209375,2.045621046875,4.6218731171875,2.5634348958333333,2.892527754271083
3022,2,2.257,1.128,90.0,2.236,3647,347,116.565,1.0,3.285599232588026,2.892836279947917,1.4457772812499998,2.865920213541667,1.2817174479166666,2.0453259898153786
3023,14,6.173,2.888,90.0,6.325,428,348,108.435,3.0,22.999194628116182,7.912041805989583,3.701599989583333,8.106862858072917,3.8451523437499997,5.411423919108519
3024,3,2.365,1.615,135.0,2.828,477,348,135.0,2.0,4.928398848882039,3.0312617643229167,2.069973678385417,3.624696942708333,2.5634348958333333,2.5050025163503102
3025,12,6.004,2.545,50.145,6.403,481,352,38.66,3.536,19.713595395528156,7.695431557291666,3.2619709049479164,8.206836819010416,4.532152895833334,5.0100050327006205
3026,20,6.189,4.114,101.625,7.211,490,348,123.69,4.0,32.85599232588026,7.93254928515625,5.272985580729166,9.242464516927084,5.126869791666667,6.467888685354949
3027,3,2.365,1.615,135.0,2.828,500,348,135.0,2.0,4.928398848882039,3.0312617643229167,2.069973678385417,3.624696942708333,2.5634348958333333,2.5050025163503102
3028,25,7.056,4.511,168.125,7.81,534,348,140.194,5.0,41.069990407350325,9.0437983125,5.7818274075520835,10.010213268229165,6.408587239583333,7.231319385677708
3029,2,2.257,1.128,0.0,2.236,552,348,153.435,1.0,3.285599232588026,2.892836279947917,1.4457772812499998,2.865920213541667,1.2817174479166666,2.0453259898153786
3030,279,22.683,15.66,82.589,27.203,606,374,72.897,19.957,458.3410929460296,29.07319687109375,20.071695234375,34.86655973567708,25.57923510807292,24.157369423090937
3031,1,1.128,1.128,0.0,1.414,665,348,135.0,1.0,1.642799616294013,1.4457772812499998,1.4457772812499998,1.8123484713541664,1.2817174479166666,1.4462638771355416
3032,1,1.128,1.128,0.0,1.414,3283,348,135.0,1.0,1.642799616294013,1.4457772812499998,1.4457772812499998,1.8123484713541664,1.2817174479166666,1.4462638771355416
3033,151,20.874,9.211,160.38,27.313,3519,350,156.251,14.248,248.06274206039598,26.754570007812497,11.805899412760416,35.00754865494792,18.261910197916666,17.77198805841306
3034,6,3.718,2.055,90.0,4.123,3579,348,104.036,2.0,9.856797697764078,4.765425471354167,2.63392935546875,5.284521037760417,2.5634348958333333,3.5426085324013394
3035,3,2.365,1.615,45.0,2.828,3596,350,45.0,2.0,4.928398848882039,3.0312617643229167,2.069973678385417,3.624696942708333,2.5634348958333333,2.5050025163503102
3036,1,1.128,1.128,0.0,1.414,406,349,135.0,1.0,1.642799616294013,1.4457772812499998,1.4457772812499998,1.8123484713541664,1.2817174479166666,1.4462638771355416
3037,25,7.976,3.991,153.73,9.434,436,351,147.995,6.008,41.069990407350325,10.222978364583334,5.115334334635417,12.091722403645832,7.700558427083333,7.231319385677708
3038,24,7.094,4.308,138.094,8.485,466,350,135.0,5.814,39.42719079105631,9.092503575520833,5.521638765625,10.875372545572915,7.4519052421875,7.085217064802679
3039,2,2.257,1.128,0.0,2.236,694,349,153.435,1.0,3.285599232588026,2.892836279947917,1.4457772812499998,2.865920213541667,1.2817174479166666,2.0453259898153786
3040,1,1.128,1.128,0.0,1.414,3361,349,135.0,1.0,1.642799616294013,1.4457772812499998,1.4457772812499998,1.8123484713541664,1.2817174479166666,1.4462638771355416
3041,3,3.213,1.189,28.155,3.606,3467,351,33.69,1.789,4.928398848882039,4.11815816015625,1.5239620455729168,4.6218731171875,2.2929925143229166,2.5050025163503102
3042,1,1.128,1.128,0.0,1.414,3612,349,135.0,1.0,1.642799616294013,1.4457772812499998,1.4457772812499998,1.8123484713541664,1.2817174479166666,1.4462638771355416
3043,1,1.128,1.128,0.0,1.414,3651,349,135.0,1.0,1.642799616294013,1.4457772812499998,1.4457772812499998,1.8123484713541664,1.2817174479166666,1.4462638771355416
3044,13,5.293,3.127,88.02,6.325,358,350,108.435,4.0,21.35639501182217,6.784130451822917,4.007930459635416,8.106862858072917,5.126869791666667,5.214578566863546
3045,39,12.131,4.093,125.815,14.142,448,350,135.0,6.8,64.0691850354665,15.548514360677084,5.246069514322916,18.126048148437498,8.715678645833332,9.031915017867364
3046,5,3.144,2.025,161.565,3.606,566,350,146.31,2.0,8.213998081470065,4.02971965625,2.59547783203125,4.6218731171875,2.5634348958333333,3.2339443426774745
3047,45,15.789,3.629,31.947,18.439,3418,362,40.601,5.406,73.92598273323058,20.23703678515625,4.651352618489583,23.633588022135417,6.928964523437499,9.701833028032423
3048,5,3.144,2.025,71.565,3.606,3498,353,56.31,2.0,8.213998081470065,4.02971965625,2.59547783203125,4.6218731171875,2.5634348958333333,3.2339443426774745
3049,2,2.257,1.128,0.0,2.236,379,351,153.435,1.0,3.285599232588026,2.892836279947917,1.4457772812499998,2.865920213541667,1.2817174479166666,2.0453259898153786
3050,32,7.585,5.371,40.434,11.18,2980,361,63.435,7.778,52.56958772140842,9.721826842447916,6.884104412760417,14.329601067708333,9.969198309895832,8.181303959261514
3051,1,1.128,1.128,0.0,1.414,3310,351,135.0,1.0,1.642799616294013,1.4457772812499998,1.4457772812499998,1.8123484713541664,1.2817174479166666,1.4462638771355416
3052,1,1.128,1.128,0.0,1.414,3374,351,135.0,1.0,1.642799616294013,1.4457772812499998,1.4457772812499998,1.8123484713541664,1.2817174479166666,1.4462638771355416
3053,2,2.257,1.128,90.0,2.236,3385,351,116.565,1.0,3.285599232588026,2.892836279947917,1.4457772812499998,2.865920213541667,1.2817174479166666,2.0453259898153786
3054,1,1.128,1.128,0.0,1.414,3558,351,135.0,1.0,1.642799616294013,1.4457772812499998,1.4457772812499998,1.8123484713541664,1.2817174479166666,1.4462638771355416
3055,5,3.144,2.025,71.565,3.606,3614,354,56.31,2.0,8.213998081470065,4.02971965625,2.59547783203125,4.6218731171875,2.5634348958333333,3.2339443426774745
3056,4,3.192,1.596,161.565,3.606,3645,351,146.31,2.0,6.571198465176052,4.09124209375,2.045621046875,4.6218731171875,2.5634348958333333,2.892527754271083
3057,1,1.128,1.128,0.0,1.414,463,352,135.0,1.0,1.642799616294013,1.4457772812499998,1.4457772812499998,1.8123484713541664,1.2817174479166666,1.4462638771355416
3058,4,2.257,2.257,0.0,2.828,638,352,135.0,2.0,6.571198465176052,2.892836279947917,2.892836279947917,3.624696942708333,2.5634348958333333,2.892527754271083
3059,14,4.264,4.181,2.771e-13,5.0,3474,352,126.87,4.0,22.999194628116182,5.465243197916667,5.358860649739583,6.408587239583333,5.126869791666667,5.411423919108519
3060,1,1.128,1.128,0.0,1.414,380,353,135.0,1.0,1.642799616294013,1.4457772812499998,1.4457772812499998,1.8123484713541664,1.2817174479166666,1.4462638771355416
3061,1,1.128,1.128,0.0,1.414,476,353,135.0,1.0,1.642799616294013,1.4457772812499998,1.4457772812499998,1.8123484713541664,1.2817174479166666,1.4462638771355416
3062,2,2.257,1.128,0.0,2.236,3349,353,153.435,1.0,3.285599232588026,2.892836279947917,1.4457772812499998,2.865920213541667,1.2817174479166666,2.0453259898153786
3063,24,8.671,3.524,64.905,10.0,3462,362,53.13,4.743,39.42719079105631,11.113771990885416,4.516772286458333,12.817174479166667,6.07918585546875,7.085217064802679
3064,1,1.128,1.128,0.0,1.414,3547,353,135.0,1.0,1.642799616294013,1.4457772812499998,1.4457772812499998,1.8123484713541664,1.2817174479166666,1.4462638771355416
3065,1,1.128,1.128,0.0,1.414,3568,353,135.0,1.0,1.642799616294013,1.4457772812499998,1.4457772812499998,1.8123484713541664,1.2817174479166666,1.4462638771355416
3066,2,2.257,1.128,0.0,2.236,3650,353,153.435,1.0,3.285599232588026,2.892836279947917,1.4457772812499998,2.865920213541667,1.2817174479166666,2.0453259898153786
3067,1,1.128,1.128,0.0,1.414,305,354,135.0,1.0,1.642799616294013,1.4457772812499998,1.4457772812499998,1.8123484713541664,1.2817174479166666,1.4462638771355416
3068,12,5.589,2.734,0.0,6.325,337,354,161.565,3.0,19.713595395528156,7.16351881640625,3.5042155026041666,8.106862858072917,3.8451523437499997,5.0100050327006205
3069,1,1.128,1.128,0.0,1.414,509,354,135.0,1.0,1.642799616294013,1.4457772812499998,1.4457772812499998,1.8123484713541664,1.2817174479166666,1.4462638771355416
3070,2,2.257,1.128,90.0,2.236,3207,354,116.565,1.0,3.285599232588026,2.892836279947917,1.4457772812499998,2.865920213541667,1.2817174479166666,2.0453259898153786
3071,1,1.128,1.128,0.0,1.414,3437,354,135.0,1.0,1.642799616294013,1.4457772812499998,1.4457772812499998,1.8123484713541664,1.2817174479166666,1.4462638771355416
3072,17,5.924,3.654,72.608,8.544,3469,354,110.556,5.082,27.927593476998222,7.592894161458334,4.6833955546874995,10.950993875,6.5136880703125,5.963098727945161
3073,4,4.514,1.128,0.0,4.123,3490,354,165.964,1.0,6.571198465176052,5.785672559895834,1.4457772812499998,5.284521037760417,1.2817174479166666,2.892527754271083
3074,86,18.8,5.824,33.019,21.26,3496,368,41.186,8.913,141.2807670012851,24.096288020833335,7.464722416666667,27.249312942708336,11.42394761328125,13.412099440371483
3075,1,1.128,1.128,0.0,1.414,3579,354,135.0,1.0,1.642799616294013,1.4457772812499998,1.4457772812499998,1.8123484713541664,1.2817174479166666,1.4462638771355416
3076,1,1.128,1.128,0.0,1.414,381,355,135.0,1.0,1.642799616294013,1.4457772812499998,1.4457772812499998,1.8123484713541664,1.2817174479166666,1.4462638771355416
3077,7,3.507,2.542,59.527,4.243,479,358,45.0,3.0,11.499597314058091,4.49498308984375,3.2581257526041663,5.438327131510417,3.8451523437499997,3.826454549076717
3078,3,2.365,1.615,45.0,2.828,3420,357,45.0,2.0,4.928398848882039,3.0312617643229167,2.069973678385417,3.624696942708333,2.5634348958333333,2.5050025163503102
3079,5,4.076,1.562,110.994,4.472,3446,355,116.565,2.0,8.213998081470065,5.224280317708333,2.0020426536458333,5.731840427083334,2.5634348958333333,3.2339443426774745
3080,1,1.128,1.128,0.0,1.414,3486,355,135.0,1.0,1.642799616294013,1.4457772812499998,1.4457772812499998,1.8123484713541664,1.2817174479166666,1.4462638771355416
3081,5,4.183,1.522,10.901,4.472,3611,357,26.565,2.0,8.213998081470065,5.361424084635416,1.9507739557291666,5.731840427083334,2.5634348958333333,3.2339443426774745
3082,2,2.257,1.128,0.0,2.236,3616,355,153.435,1.0,3.285599232588026,2.892836279947917,1.4457772812499998,2.865920213541667,1.2817174479166666,2.0453259898153786
3083,1,1.128,1.128,0.0,1.414,3671,355,135.0,1.0,1.642799616294013,1.4457772812499998,1.4457772812499998,1.8123484713541664,1.2817174479166666,1.4462638771355416
3084,3,2.365,1.615,135.0,2.828,3270,356,135.0,2.0,4.928398848882039,3.0312617643229167,2.069973678385417,3.624696942708333,2.5634348958333333,2.5050025163503102
3085,6,4.289,1.781,45.0,5.657,3476,360,45.0,2.828,9.856797697764078,5.4972861341145824,2.2827387747395833,7.250675602864583,3.624696942708333,3.5426085324013394
3086,4,2.257,2.257,0.0,2.828,3516,356,135.0,2.0,6.571198465176052,2.892836279947917,2.892836279947917,3.624696942708333,2.5634348958333333,2.892527754271083
3087,8,4.514,2.257,90.0,4.472,3554,356,116.565,2.0,13.142396930352104,5.785672559895834,2.892836279947917,5.731840427083334,2.5634348958333333,4.090651979630757
3088,3,2.365,1.615,135.0,2.828,3562,356,135.0,2.0,4.928398848882039,3.0312617643229167,2.069973678385417,3.624696942708333,2.5634348958333333,2.5050025163503102
3089,40,10.76,4.733,88.534,13.153,386,357,98.746,6.0,65.71198465176052,13.791279739583333,6.066368680989583,16.858429592447916,7.690304687499999,9.146975898748456
3090,1,1.128,1.128,0.0,1.414,459,357,135.0,1.0,1.642799616294013,1.4457772812499998,1.4457772812499998,1.8123484713541664,1.2817174479166666,1.4462638771355416
3091,5,3.144,2.025,71.565,3.606,3274,360,56.31,2.0,8.213998081470065,4.02971965625,2.59547783203125,4.6218731171875,2.5634348958333333,3.2339443426774745
3092,1,1.128,1.128,0.0,1.414,3375,357,135.0,1.0,1.642799616294013,1.4457772812499998,1.4457772812499998,1.8123484713541664,1.2817174479166666,1.4462638771355416
3093,16,6.224,3.273,97.864,7.616,3487,357,113.199,4.123,26.28479386070421,7.977409395833334,4.19506120703125,9.761560083333332,5.284521037760417,5.785055508542166
3094,3,3.385,1.128,0.0,3.162,3499,357,161.565,1.0,4.928398848882039,4.338613561197916,1.4457772812499998,4.0527905703125,1.2817174479166666,2.5050025163503102
3095,2,2.257,1.128,90.0,2.236,3609,357,116.565,1.0,3.285599232588026,2.892836279947917,1.4457772812499998,2.865920213541667,1.2817174479166666,2.0453259898153786
3096,2,2.257,1.128,90.0,2.236,3629,357,116.565,1.0,3.285599232588026,2.892836279947917,1.4457772812499998,2.865920213541667,1.2817174479166666,2.0453259898153786
3097,3,3.385,1.128,90.0,3.162,421,358,108.435,1.0,4.928398848882039,4.338613561197916,1.4457772812499998,4.0527905703125,1.2817174479166666,2.5050025163503102
3098,135,21.202,8.107,174.933,27.857,416,362,158.962,13.399,221.77794819969176,27.17497333072917,10.390883350260415,35.704802946614585,17.173732084635414,16.804067731101966
3099,2,2.257,1.128,90.0,2.236,435,358,116.565,1.0,3.285599232588026,2.892836279947917,1.4457772812499998,2.865920213541667,1.2817174479166666,2.0453259898153786
3100,4,2.257,2.257,0.0,2.828,628,358,135.0,2.0,6.571198465176052,2.892836279947917,2.892836279947917,3.624696942708333,2.5634348958333333,2.892527754271083
3101,7,4.743,1.879,40.269,5.657,3404,362,45.0,2.683,11.499597314058091,6.07918585546875,2.4083470846354165,7.250675602864583,3.4388479127604166,3.826454549076717
3102,22,6.554,4.274,61.482,7.211,3548,364,56.31,5.0,36.141591558468285,8.400376153645833,5.478060372395833,9.242464516927084,6.408587239583333,6.78357888217988
3103,6,4.134,1.848,167.067,4.472,3560,358,153.435,2.0,9.856797697764078,5.298619929687501,2.36861384375,5.731840427083334,2.5634348958333333,3.5426085324013394
3104,1,1.128,1.128,0.0,1.414,3623,358,135.0,1.0,1.642799616294013,1.4457772812499998,1.4457772812499998,1.8123484713541664,1.2817174479166666,1.4462638771355416
3105,1,1.128,1.128,0.0,1.414,319,359,135.0,1.0,1.642799616294013,1.4457772812499998,1.4457772812499998,1.8123484713541664,1.2817174479166666,1.4462638771355416
3106,1,1.128,1.128,0.0,1.414,551,359,135.0,1.0,1.642799616294013,1.4457772812499998,1.4457772812499998,1.8123484713541664,1.2817174479166666,1.4462638771355416
3107,1,1.128,1.128,0.0,1.414,564,359,135.0,1.0,1.642799616294013,1.4457772812499998,1.4457772812499998,1.8123484713541664,1.2817174479166666,1.4462638771355416
3108,26,7.421,4.461,98.179,9.22,655,368,77.471,5.0,42.71279002364434,9.511625180989583,5.71774153515625,11.817434869791667,6.408587239583333,7.374527731318484
3109,2,2.257,1.128,0.0,2.236,779,359,153.435,1.0,3.285599232588026,2.892836279947917,1.4457772812499998,2.865920213541667,1.2817174479166666,2.0453259898153786
3110,1,1.128,1.128,0.0,1.414,3259,359,135.0,1.0,1.642799616294013,1.4457772812499998,1.4457772812499998,1.8123484713541664,1.2817174479166666,1.4462638771355416
3111,4,2.257,2.257,0.0,2.828,3494,359,135.0,2.0,6.571198465176052,2.892836279947917,2.892836279947917,3.624696942708333,2.5634348958333333,2.892527754271083
3112,2,2.257,1.128,0.0,2.236,3571,359,153.435,1.0,3.285599232588026,2.892836279947917,1.4457772812499998,2.865920213541667,1.2817174479166666,2.0453259898153786
3113,1,1.128,1.128,0.0,1.414,3576,359,135.0,1.0,1.642799616294013,1.4457772812499998,1.4457772812499998,1.8123484713541664,1.2817174479166666,1.4462638771355416
3114,5,3.144,2.025,71.565,3.606,383,363,56.31,2.0,8.213998081470065,4.02971965625,2.59547783203125,4.6218731171875,2.5634348958333333,3.2339443426774745
3115,8,4.271,2.385,146.981,5.0,392,360,143.13,3.0,13.142396930352104,5.474215220052083,3.0568961132812498,6.408587239583333,3.8451523437499997,4.090651979630757
3116,21,6.331,4.224,134.032,8.062,478,360,119.745,5.547,34.49879194217427,8.114553162760417,5.4139745,10.333206065104166,7.10968668359375,6.627613691853932
3117,28,7.747,4.602,76.7,8.944,3094,368,63.435,5.821,45.998389256232365,9.929465069010416,5.8984636953125005,11.463680854166668,7.460877264322916,7.652909098153434
3118,1,1.128,1.128,0.0,1.414,3453,360,135.0,1.0,1.642799616294013,1.4457772812499998,1.4457772812499998,1.8123484713541664,1.2817174479166666,1.4462638771355416
3119,100,17.737,7.179,141.282,21.095,3523,360,121.43,11.557,164.2799616294013,22.733822373697915,9.201449558593751,27.03782956380208,14.812808545572917,14.462638771355415
3120,1,1.128,1.128,0.0,1.414,398,361,135.0,1.0,1.642799616294013,1.4457772812499998,1.4457772812499998,1.8123484713541664,1.2817174479166666,1.4462638771355416
3121,17,6.522,3.319,22.057,7.81,444,366,39.806,4.366,27.927593476998222,8.3593611953125,4.254020209635416,10.010213268229165,5.595978377604166,5.963098727945161
3122,3,2.365,1.615,135.0,2.828,452,361,135.0,2.0,4.928398848882039,3.0312617643229167,2.069973678385417,3.624696942708333,2.5634348958333333,2.5050025163503102
3123,1,1.128,1.128,0.0,1.414,460,361,135.0,1.0,1.642799616294013,1.4457772812499998,1.4457772812499998,1.8123484713541664,1.2817174479166666,1.4462638771355416
3124,7,4.154,2.146,81.65,4.472,502,365,63.435,2.0,11.499597314058091,5.324254278645833,2.7505656432291663,5.731840427083334,2.5634348958333333,3.826454549076717
3125,1,1.128,1.128,0.0,1.414,567,361,135.0,1.0,1.642799616294013,1.4457772812499998,1.4457772812499998,1.8123484713541664,1.2817174479166666,1.4462638771355416
3126,1,1.128,1.128,0.0,1.414,743,361,135.0,1.0,1.642799616294013,1.4457772812499998,1.4457772812499998,1.8123484713541664,1.2817174479166666,1.4462638771355416
3127,3,2.365,1.615,45.0,2.828,3386,363,45.0,2.0,4.928398848882039,3.0312617643229167,2.069973678385417,3.624696942708333,2.5634348958333333,2.5050025163503102
3128,344,26.66,16.429,158.065,37.202,3594,371,143.746,25.491,565.1230680051405,34.170587161458336,21.057335951822914,47.68245249739583,32.67225946484375,26.824198880742966
3129,3,2.365,1.615,135.0,2.828,462,362,135.0,2.0,4.928398848882039,3.0312617643229167,2.069973678385417,3.624696942708333,2.5634348958333333,2.5050025163503102
3130,43,8.178,6.694,55.762,10.63,487,370,48.814,8.0,70.64038350064256,10.4818852890625,8.579816596354167,13.624656471354168,10.253739583333333,9.483786464234974
3131,5,3.144,2.025,18.435,3.606,530,364,33.69,2.0,8.213998081470065,4.02971965625,2.59547783203125,4.6218731171875,2.5634348958333333,3.2339443426774745
3132,1,1.128,1.128,0.0,1.414,3291,362,135.0,1.0,1.642799616294013,1.4457772812499998,1.4457772812499998,1.8123484713541664,1.2817174479166666,1.4462638771355416
3133,6,3.489,2.19,45.0,4.243,3379,365,45.0,2.828,9.856797697764078,4.47191217578125,2.8069612109374997,5.438327131510417,3.624696942708333,3.5426085324013394
3134,3,2.365,1.615,135.0,2.828,3393,362,135.0,2.0,4.928398848882039,3.0312617643229167,2.069973678385417,3.624696942708333,2.5634348958333333,2.5050025163503102
3135,2,2.596,0.981,45.0,2.828,3410,364,45.0,1.414,3.285599232588026,3.327338494791667,1.2573648164062499,3.624696942708333,1.8123484713541664,2.0453259898153786
3136,2,2.257,1.128,90.0,2.236,3433,362,116.565,1.0,3.285599232588026,2.892836279947917,1.4457772812499998,2.865920213541667,1.2817174479166666,2.0453259898153786
3137,1,1.128,1.128,0.0,1.414,3483,362,135.0,1.0,1.642799616294013,1.4457772812499998,1.4457772812499998,1.8123484713541664,1.2817174479166666,1.4462638771355416
3138,1,1.128,1.128,0.0,1.414,3526,362,135.0,1.0,1.642799616294013,1.4457772812499998,1.4457772812499998,1.8123484713541664,1.2817174479166666,1.4462638771355416
3139,73,10.687,8.697,104.921,14.422,3564,362,123.69,10.851,119.92437198946295,13.697714365885416,11.14709664453125,18.48492903385417,13.90791602734375,12.35688398296352
3140,2,2.257,1.128,90.0,2.236,3583,362,116.565,1.0,3.285599232588026,2.892836279947917,1.4457772812499998,2.865920213541667,1.2817174479166666,2.0453259898153786
3141,2,2.257,1.128,90.0,2.236,681,363,116.565,1.0,3.285599232588026,2.892836279947917,1.4457772812499998,2.865920213541667,1.2817174479166666,2.0453259898153786
3142,1,1.128,1.128,0.0,1.414,3262,363,135.0,1.0,1.642799616294013,1.4457772812499998,1.4457772812499998,1.8123484713541664,1.2817174479166666,1.4462638771355416
3143,1,1.128,1.128,0.0,1.414,3388,363,135.0,1.0,1.642799616294013,1.4457772812499998,1.4457772812499998,1.8123484713541664,1.2817174479166666,1.4462638771355416
3144,2,2.257,1.128,0.0,2.236,3452,363,153.435,1.0,3.285599232588026,2.892836279947917,1.4457772812499998,2.865920213541667,1.2817174479166666,2.0453259898153786
3145,1,1.128,1.128,0.0,1.414,3455,363,135.0,1.0,1.642799616294013,1.4457772812499998,1.4457772812499998,1.8123484713541664,1.2817174479166666,1.4462638771355416
3146,1,1.128,1.128,0.0,1.414,3463,363,135.0,1.0,1.642799616294013,1.4457772812499998,1.4457772812499998,1.8123484713541664,1.2817174479166666,1.4462638771355416
3147,10,5.046,2.523,138.366,5.657,3480,363,135.0,3.536,16.42799616294013,6.4675462421875,3.23377312109375,7.250675602864583,4.532152895833334,4.573487949374228
3148,1,1.128,1.128,0.0,1.414,3574,363,135.0,1.0,1.642799616294013,1.4457772812499998,1.4457772812499998,1.8123484713541664,1.2817174479166666,1.4462638771355416
3149,2,2.257,1.128,90.0,2.236,539,364,116.565,1.0,3.285599232588026,2.892836279947917,1.4457772812499998,2.865920213541667,1.2817174479166666,2.0453259898153786
3150,2,2.596,0.981,45.0,2.828,574,366,45.0,1.414,3.285599232588026,3.327338494791667,1.2573648164062499,3.624696942708333,1.8123484713541664,2.0453259898153786
3151,4,2.257,2.257,0.0,2.828,3536,364,135.0,2.0,6.571198465176052,2.892836279947917,2.892836279947917,3.624696942708333,2.5634348958333333,2.892527754271083
3152,3,2.365,1.615,135.0,2.828,410,365,135.0,2.0,4.928398848882039,3.0312617643229167,2.069973678385417,3.624696942708333,2.5634348958333333,2.5050025163503102
3153,3,2.365,1.615,135.0,2.828,3346,365,135.0,2.0,4.928398848882039,3.0312617643229167,2.069973678385417,3.624696942708333,2.5634348958333333,2.5050025163503102
3154,1,1.128,1.128,0.0,1.414,3593,365,135.0,1.0,1.642799616294013,1.4457772812499998,1.4457772812499998,1.8123484713541664,1.2817174479166666,1.4462638771355416
3155,1,1.128,1.128,0.0,1.414,3823,365,135.0,1.0,1.642799616294013,1.4457772812499998,1.4457772812499998,1.8123484713541664,1.2817174479166666,1.4462638771355416
3156,10,5.294,2.405,121.859,5.831,473,366,120.964,3.328,16.42799616294013,6.785412169270833,3.082530462239583,7.473694438802084,4.265555666666667,4.573487949374228
3157,4,2.257,2.257,0.0,2.828,502,366,135.0,2.0,6.571198465176052,2.892836279947917,2.892836279947917,3.624696942708333,2.5634348958333333,2.892527754271083
3158,2,2.257,1.128,90.0,2.236,681,366,116.565,1.0,3.285599232588026,2.892836279947917,1.4457772812499998,2.865920213541667,1.2817174479166666,2.0453259898153786
3159,1,1.128,1.128,0.0,1.414,691,366,135.0,1.0,1.642799616294013,1.4457772812499998,1.4457772812499998,1.8123484713541664,1.2817174479166666,1.4462638771355416
3160,12,4.729,3.231,135.0,5.657,714,366,135.0,4.0,19.713595395528156,6.061241811197917,4.141229074218749,7.250675602864583,5.126869791666667,5.0100050327006205
3161,3,3.385,1.128,90.0,3.162,3407,366,108.435,1.0,4.928398848882039,4.338613561197916,1.4457772812499998,4.0527905703125,1.2817174479166666,2.5050025163503102
3162,52,15.571,4.252,8.407,20.396,3442,374,11.31,7.192,85.42558004728868,19.957622381510415,5.4498625885416665,26.141909067708333,9.218111885416667,10.429157133727092
3163,1,1.128,1.128,0.0,1.414,3485,366,135.0,1.0,1.642799616294013,1.4457772812499998,1.4457772812499998,1.8123484713541664,1.2817174479166666,1.4462638771355416
3164,31,8.245,4.787,92.035,10.44,3577,376,73.301,6.0,50.926788105114404,10.567760358072915,6.135581423177083,13.381130156249998,7.690304687499999,8.052456474363645
3165,18,6.723,3.409,101.86,9.849,3589,366,113.962,5.267,29.570393093292235,8.61698640234375,4.369374779947917,12.62363514453125,6.750805798177083,6.135977969446135
3166,1,1.128,1.128,0.0,1.414,424,367,135.0,1.0,1.642799616294013,1.4457772812499998,1.4457772812499998,1.8123484713541664,1.2817174479166666,1.4462638771355416
3167,4,3.216,1.583,58.283,3.606,526,370,56.31,2.0,6.571198465176052,4.1220033125,2.028958720052083,4.6218731171875,2.5634348958333333,2.892527754271083
3168,1,1.128,1.128,0.0,1.414,541,367,135.0,1.0,1.642799616294013,1.4457772812499998,1.4457772812499998,1.8123484713541664,1.2817174479166666,1.4462638771355416
3169,2,2.257,1.128,0.0,2.236,3404,367,153.435,1.0,3.285599232588026,2.892836279947917,1.4457772812499998,2.865920213541667,1.2817174479166666,2.0453259898153786
3170,9,6.063,1.89,58.892,6.403,3538,372,51.34,2.683,14.785196546646118,7.771052886718749,2.4224459765625,8.206836819010416,3.4388479127604166,4.338791631406624
3171,1,1.128,1.128,0.0,1.414,3610,367,135.0,1.0,1.642799616294013,1.4457772812499998,1.4457772812499998,1.8123484713541664,1.2817174479166666,1.4462638771355416
3172,2,2.257,1.128,90.0,2.236,534,368,116.565,1.0,3.285599232588026,2.892836279947917,1.4457772812499998,2.865920213541667,1.2817174479166666,2.0453259898153786
3173,2,2.257,1.128,0.0,2.236,821,368,153.435,1.0,3.285599232588026,2.892836279947917,1.4457772812499998,2.865920213541667,1.2817174479166666,2.0453259898153786
3174,24,6.477,4.718,121.475,7.81,3380,369,140.194,6.0,39.42719079105631,8.30168391015625,6.047142919270833,10.010213268229165,7.690304687499999,7.085217064802679
3175,3,2.365,1.615,135.0,2.828,3482,368,135.0,2.0,4.928398848882039,3.0312617643229167,2.069973678385417,3.624696942708333,2.5634348958333333,2.5050025163503102
3176,2,2.257,1.128,0.0,2.236,3504,368,153.435,1.0,3.285599232588026,2.892836279947917,1.4457772812499998,2.865920213541667,1.2817174479166666,2.0453259898153786
3177,1,1.128,1.128,0.0,1.414,384,369,135.0,1.0,1.642799616294013,1.4457772812499998,1.4457772812499998,1.8123484713541664,1.2817174479166666,1.4462638771355416
3178,6,3.385,2.257,90.0,3.606,3396,369,123.69,2.0,9.856797697764078,4.338613561197916,2.892836279947917,4.6218731171875,2.5634348958333333,3.5426085324013394
3179,1,1.128,1.128,0.0,1.414,3467,369,135.0,1.0,1.642799616294013,1.4457772812499998,1.4457772812499998,1.8123484713541664,1.2817174479166666,1.4462638771355416
3180,2,2.596,0.981,135.0,2.828,3544,369,135.0,1.414,3.285599232588026,3.327338494791667,1.2573648164062499,3.624696942708333,1.8123484713541664,2.0453259898153786
3181,2,2.596,0.981,45.0,2.828,3591,371,45.0,1.414,3.285599232588026,3.327338494791667,1.2573648164062499,3.624696942708333,1.8123484713541664,2.0453259898153786
3182,3,2.365,1.615,45.0,2.828,352,372,45.0,2.0,4.928398848882039,3.0312617643229167,2.069973678385417,3.624696942708333,2.5634348958333333,2.5050025163503102
3183,1,1.128,1.128,0.0,1.414,421,370,135.0,1.0,1.642799616294013,1.4457772812499998,1.4457772812499998,1.8123484713541664,1.2817174479166666,1.4462638771355416
3184,1,1.128,1.128,0.0,1.414,431,370,135.0,1.0,1.642799616294013,1.4457772812499998,1.4457772812499998,1.8123484713541664,1.2817174479166666,1.4462638771355416
3185,18,8.035,2.852,75.306,10.77,458,380,68.199,4.0,29.570393093292235,10.298599694010417,3.6554581614583332,13.8040969140625,5.126869791666667,6.135977969446135
3186,2,2.257,1.128,0.0,2.236,3440,370,153.435,1.0,3.285599232588026,2.892836279947917,1.4457772812499998,2.865920213541667,1.2817174479166666,2.0453259898153786
3187,44,9.646,5.808,7.405,11.662,3516,370,149.036,8.0,72.28318311693657,12.363446502604168,7.4442149375,14.947388877604167,10.253739583333333,9.593429256606505
3188,25,6.741,4.722,3.894,8.944,3554,370,153.435,6.0,41.069990407350325,8.64005731640625,6.052269789062501,11.463680854166668,7.690304687499999,7.231319385677708
3189,4,3.192,1.596,18.435,3.606,402,373,33.69,2.0,6.571198465176052,4.09124209375,2.045621046875,4.6218731171875,2.5634348958333333,2.892527754271083
3190,2,2.257,1.128,0.0,2.236,416,371,153.435,1.0,3.285599232588026,2.892836279947917,1.4457772812499998,2.865920213541667,1.2817174479166666,2.0453259898153786
3191,57,15.711,4.619,147.792,18.868,484,372,147.995,7.211,93.63957812875874,20.13706282421875,5.920252891927083,24.183444807291664,9.242464516927084,10.919052822086096
3192,9,3.385,3.385,0.0,4.243,3432,371,135.0,3.0,14.785196546646118,4.338613561197916,4.338613561197916,5.438327131510417,3.8451523437499997,4.338791631406624
3193,9,3.923,2.921,11.981,4.472,3488,372,153.435,3.0,14.785196546646118,5.028177548177084,3.743896665364583,5.731840427083334,3.8451523437499997,4.338791631406624
3194,12,4.816,3.172,21.113,6.403,353,376,38.66,4.0,19.713595395528156,6.172751229166666,4.0656077447916665,8.206836819010416,5.126869791666667,5.0100050327006205
3195,18,5.06,4.53,135.658,7.616,421,372,113.199,6.0,29.570393093292235,6.485490286458333,5.8061800390625,9.761560083333332,7.690304687499999,6.135977969446135
3196,7,4.566,1.952,33.401,5.0,428,375,36.87,2.683,11.499597314058091,5.8523218671874995,2.5019124583333334,6.408587239583333,3.4388479127604166,3.826454549076717
3197,2,2.257,1.128,0.0,2.236,3379,372,153.435,1.0,3.285599232588026,2.892836279947917,1.4457772812499998,2.865920213541667,1.2817174479166666,2.0453259898153786
3198,1,1.128,1.128,0.0,1.414,3437,372,135.0,1.0,1.642799616294013,1.4457772812499998,1.4457772812499998,1.8123484713541664,1.2817174479166666,1.4462638771355416
3199,183,25.641,9.087,23.439,38.21,3516,398,42.879,16.218,300.6323297818044,32.86451708203125,11.64696644921875,48.97442368489583,20.7868935703125,19.564695091470362
3200,3,3.213,1.189,118.155,3.606,303,373,123.69,1.789,4.928398848882039,4.11815816015625,1.5239620455729168,4.6218731171875,2.2929925143229166,2.5050025163503102
3201,4,3.192,1.596,71.565,3.606,554,376,56.31,2.0,6.571198465176052,4.09124209375,2.045621046875,4.6218731171875,2.5634348958333333,2.892527754271083
3202,3,3.385,1.128,90.0,3.162,3351,373,108.435,1.0,4.928398848882039,4.338613561197916,1.4457772812499998,4.0527905703125,1.2817174479166666,2.5050025163503102
3203,1,1.128,1.128,0.0,1.414,3413,373,135.0,1.0,1.642799616294013,1.4457772812499998,1.4457772812499998,1.8123484713541664,1.2817174479166666,1.4462638771355416
3204,1,1.128,1.128,0.0,1.414,3498,373,135.0,1.0,1.642799616294013,1.4457772812499998,1.4457772812499998,1.8123484713541664,1.2817174479166666,1.4462638771355416
3205,1,1.128,1.128,0.0,1.414,452,374,135.0,1.0,1.642799616294013,1.4457772812499998,1.4457772812499998,1.8123484713541664,1.2817174479166666,1.4462638771355416
3206,18,5.65,4.056,63.999,7.211,464,380,56.31,4.0,29.570393093292235,7.241703580729167,5.19864596875,9.242464516927084,5.126869791666667,6.135977969446135
3207,251,23.924,13.358,33.045,31.623,622,401,55.305,22.954,412.3427036897973,30.66380822395833,17.121181669270833,40.53175085546875,29.420542299479166,22.913128982727116
3208,6,3.489,2.19,135.0,4.243,3399,374,135.0,2.828,9.856797697764078,4.47191217578125,2.8069612109374997,5.438327131510417,3.624696942708333,3.5426085324013394
3209,16,4.643,4.388,27.746,6.325,3436,376,161.565,5.547,26.28479386070421,5.951014110677083,5.624176161458333,8.106862858072917,7.10968668359375,5.785055508542166
3210,13,6.344,2.609,88.685,6.325,3508,374,108.435,3.0,21.35639501182217,8.131215489583333,3.3440008216145833,8.106862858072917,3.8451523437499997,5.214578566863546
3211,3,3.213,1.189,28.155,3.606,3582,376,33.69,1.789,4.928398848882039,4.11815816015625,1.5239620455729168,4.6218731171875,2.2929925143229166,2.5050025163503102
3212,1,1.128,1.128,0.0,1.414,409,375,135.0,1.0,1.642799616294013,1.4457772812499998,1.4457772812499998,1.8123484713541664,1.2817174479166666,1.4462638771355416
3213,13,5.244,3.157,124.924,6.403,412,375,128.66,4.0,21.35639501182217,6.721326296875,4.046381983072917,8.206836819010416,5.126869791666667,5.214578566863546
3214,7,4.934,1.806,104.679,5.385,438,375,111.801,2.0,11.499597314058091,6.3239938880208335,2.3147817109375,6.90204845703125,2.5634348958333333,3.826454549076717
3215,1,1.128,1.128,0.0,1.414,445,375,135.0,1.0,1.642799616294013,1.4457772812499998,1.4457772812499998,1.8123484713541664,1.2817174479166666,1.4462638771355416
3216,14,5.999,2.971,41.288,6.403,452,380,38.66,3.536,22.999194628116182,7.689022970052083,3.8079825377604166,8.206836819010416,4.532152895833334,5.411423919108519
3217,1,1.128,1.128,0.0,1.414,3340,375,135.0,1.0,1.642799616294013,1.4457772812499998,1.4457772812499998,1.8123484713541664,1.2817174479166666,1.4462638771355416
3218,1,1.128,1.128,0.0,1.414,3378,375,135.0,1.0,1.642799616294013,1.4457772812499998,1.4457772812499998,1.8123484713541664,1.2817174479166666,1.4462638771355416
3219,1,1.128,1.128,0.0,1.414,3413,375,135.0,1.0,1.642799616294013,1.4457772812499998,1.4457772812499998,1.8123484713541664,1.2817174479166666,1.4462638771355416
3220,20,6.971,3.653,45.847,8.602,3465,382,54.462,4.685,32.85599232588026,8.934852329427084,4.682113837239584,11.025333486979166,6.004846243489583,6.467888685354949
3221,21,7.554,3.54,99.926,10.44,433,376,106.699,6.0,34.49879194217427,9.6820936015625,4.537279765625,13.381130156249998,7.690304687499999,6.627613691853932
3222,78,17.283,5.746,18.899,18.028,548,386,19.44,8.01,128.138370070933,22.15192265234375,7.364748455729167,23.106802151041663,10.2665567578125,12.77305671246926
3223,1,1.128,1.128,0.0,1.414,3473,376,135.0,1.0,1.642799616294013,1.4457772812499998,1.4457772812499998,1.8123484713541664,1.2817174479166666,1.4462638771355416
3224,27,9.186,3.742,88.817,10.77,3546,376,111.801,5.0,44.35558963993835,11.7738564765625,4.796186690104166,13.8040969140625,6.408587239583333,7.515007549050931
3225,1,1.128,1.128,0.0,1.414,3575,376,135.0,1.0,1.642799616294013,1.4457772812499998,1.4457772812499998,1.8123484713541664,1.2817174479166666,1.4462638771355416
3226,1,1.128,1.128,0.0,1.414,441,377,135.0,1.0,1.642799616294013,1.4457772812499998,1.4457772812499998,1.8123484713541664,1.2817174479166666,1.4462638771355416
3227,3,2.365,1.615,45.0,2.828,449,379,45.0,2.0,4.928398848882039,3.0312617643229167,2.069973678385417,3.624696942708333,2.5634348958333333,2.5050025163503102
3228,3,2.365,1.615,135.0,2.828,508,377,135.0,2.0,4.928398848882039,3.0312617643229167,2.069973678385417,3.624696942708333,2.5634348958333333,2.5050025163503102
3229,1,1.128,1.128,0.0,1.414,3327,377,135.0,1.0,1.642799616294013,1.4457772812499998,1.4457772812499998,1.8123484713541664,1.2817174479166666,1.4462638771355416
3230,1,1.128,1.128,0.0,1.414,3330,377,135.0,1.0,1.642799616294013,1.4457772812499998,1.4457772812499998,1.8123484713541664,1.2817174479166666,1.4462638771355416
3231,2,2.257,1.128,0.0,2.236,3351,377,153.435,1.0,3.285599232588026,2.892836279947917,1.4457772812499998,2.865920213541667,1.2817174479166666,2.0453259898153786
3232,4,3.969,1.283,162.391,4.472,3392,377,153.435,1.897,6.571198465176052,5.08713655078125,1.644443485677083,5.731840427083334,2.4314179986979165,2.892527754271083
3233,4,2.257,2.257,0.0,2.828,3480,377,135.0,2.0,6.571198465176052,2.892836279947917,2.892836279947917,3.624696942708333,2.5634348958333333,2.892527754271083
3234,2,2.257,1.128,90.0,2.236,3589,377,116.565,1.0,3.285599232588026,2.892836279947917,1.4457772812499998,2.865920213541667,1.2817174479166666,2.0453259898153786
3235,1,1.128,1.128,0.0,1.414,3692,377,135.0,1.0,1.642799616294013,1.4457772812499998,1.4457772812499998,1.8123484713541664,1.2817174479166666,1.4462638771355416
3236,9,4.494,2.55,90.0,5.385,354,383,68.199,3.0,14.785196546646118,5.760038210937499,3.2683794921874996,6.90204845703125,3.8451523437499997,4.338791631406624
3237,17,5.552,3.899,99.886,6.708,663,378,116.565,4.0,27.927593476998222,7.116095270833332,4.997416329427083,8.597760640625,5.126869791666667,5.963098727945161
3238,3,2.365,1.615,45.0,2.828,728,380,45.0,2.0,4.928398848882039,3.0312617643229167,2.069973678385417,3.624696942708333,2.5634348958333333,2.5050025163503102
3239,14,6.524,2.732,1.773,7.616,3485,381,23.199,3.0,22.999194628116182,8.361924630208334,3.5016520677083336,9.761560083333332,3.8451523437499997,5.411423919108519
3240,4,2.257,2.257,0.0,2.828,3582,378,135.0,2.0,6.571198465176052,2.892836279947917,2.892836279947917,3.624696942708333,2.5634348958333333,2.892527754271083
3241,1,1.128,1.128,0.0,1.414,316,379,135.0,1.0,1.642799616294013,1.4457772812499998,1.4457772812499998,1.8123484713541664,1.2817174479166666,1.4462638771355416
3242,1,1.128,1.128,0.0,1.414,410,379,135.0,1.0,1.642799616294013,1.4457772812499998,1.4457772812499998,1.8123484713541664,1.2817174479166666,1.4462638771355416
3243,1,1.128,1.128,0.0,1.414,709,379,135.0,1.0,1.642799616294013,1.4457772812499998,1.4457772812499998,1.8123484713541664,1.2817174479166666,1.4462638771355416
3244,1,1.128,1.128,0.0,1.414,3409,379,135.0,1.0,1.642799616294013,1.4457772812499998,1.4457772812499998,1.8123484713541664,1.2817174479166666,1.4462638771355416
3245,1,1.128,1.128,0.0,1.414,359,380,135.0,1.0,1.642799616294013,1.4457772812499998,1.4457772812499998,1.8123484713541664,1.2817174479166666,1.4462638771355416
3246,1,1.128,1.128,0.0,1.414,367,380,135.0,1.0,1.642799616294013,1.4457772812499998,1.4457772812499998,1.8123484713541664,1.2817174479166666,1.4462638771355416
3247,43,8.276,6.616,77.097,11.662,456,390,59.036,8.0,70.64038350064256,10.607493598958333,8.479842635416666,14.947388877604167,10.253739583333333,9.483786464234974
3248,7,4.154,2.146,81.65,4.472,484,384,63.435,2.0,11.499597314058091,5.324254278645833,2.7505656432291663,5.731840427083334,2.5634348958333333,3.826454549076717
3249,43,7.806,7.014,123.141,9.22,536,380,130.601,7.0,70.64038350064256,10.0050863984375,8.9899661796875,11.817434869791667,8.972022135416667,9.483786464234974
3250,7,4.633,1.924,22.5,5.0,3394,383,36.87,2.53,11.499597314058091,5.938196936197917,2.4660243697916666,6.408587239583333,3.2427451432291665,3.826454549076717
3251,117,14.867,10.02,63.72,21.471,3474,399,62.241,15.331,192.20755510639952,19.055293298177084,12.842808828125,27.51975532421875,19.650010194010417,15.643735700590637
3252,1,1.128,1.128,0.0,1.414,3588,380,135.0,1.0,1.642799616294013,1.4457772812499998,1.4457772812499998,1.8123484713541664,1.2817174479166666,1.4462638771355416
3253,125,14.759,10.784,106.032,18.868,3580,382,122.005,15.004,205.34995203675163,18.916867813802085,13.822040958333334,24.183444807291664,19.230888588541667,16.169721713387375
3254,1,1.128,1.128,0.0,1.414,3715,380,135.0,1.0,1.642799616294013,1.4457772812499998,1.4457772812499998,1.8123484713541664,1.2817174479166666,1.4462638771355416
3255,1,1.128,1.128,0.0,1.414,346,381,135.0,1.0,1.642799616294013,1.4457772812499998,1.4457772812499998,1.8123484713541664,1.2817174479166666,1.4462638771355416
3256,2,2.257,1.128,0.0,2.236,3341,381,153.435,1.0,3.285599232588026,2.892836279947917,1.4457772812499998,2.865920213541667,1.2817174479166666,2.0453259898153786
3257,4,3.192,1.596,161.565,3.606,3403,381,146.31,2.0,6.571198465176052,4.09124209375,2.045621046875,4.6218731171875,2.5634348958333333,2.892527754271083
3258,2,2.257,1.128,0.0,2.236,3422,381,153.435,1.0,3.285599232588026,2.892836279947917,1.4457772812499998,2.865920213541667,1.2817174479166666,2.0453259898153786
3259,1,1.128,1.128,0.0,1.414,3446,381,135.0,1.0,1.642799616294013,1.4457772812499998,1.4457772812499998,1.8123484713541664,1.2817174479166666,1.4462638771355416
3260,2,2.257,1.128,0.0,2.236,358,382,153.435,1.0,3.285599232588026,2.892836279947917,1.4457772812499998,2.865920213541667,1.2817174479166666,2.0453259898153786
3261,15,5.684,3.36,2.54,6.325,446,384,161.565,4.0,24.641994244410196,7.285281973958333,4.306570625,8.106862858072917,5.126869791666667,5.601355910367322
3262,1,1.128,1.128,0.0,1.414,3427,382,135.0,1.0,1.642799616294013,1.4457772812499998,1.4457772812499998,1.8123484713541664,1.2817174479166666,1.4462638771355416
3263,13,5.847,2.831,51.928,6.403,3448,387,51.34,3.536,21.35639501182217,7.49420191796875,3.628542095052083,8.206836819010416,4.532152895833334,5.214578566863546
3264,3,2.365,1.615,135.0,2.828,3498,382,135.0,2.0,4.928398848882039,3.0312617643229167,2.069973678385417,3.624696942708333,2.5634348958333333,2.5050025163503102
3265,3,2.365,1.615,45.0,2.828,3512,384,45.0,2.0,4.928398848882039,3.0312617643229167,2.069973678385417,3.624696942708333,2.5634348958333333,2.5050025163503102
3266,10,6.628,1.921,66.052,7.616,3561,389,66.801,2.785,16.42799616294013,8.495223244791667,2.4621792174479165,9.761560083333332,3.5695830924479166,4.573487949374228
3267,3,2.365,1.615,45.0,2.828,3664,384,45.0,2.0,4.928398848882039,3.0312617643229167,2.069973678385417,3.624696942708333,2.5634348958333333,2.5050025163503102
3268,3,2.365,1.615,135.0,2.828,414,383,135.0,2.0,4.928398848882039,3.0312617643229167,2.069973678385417,3.624696942708333,2.5634348958333333,2.5050025163503102
3269,1,1.128,1.128,0.0,1.414,465,383,135.0,1.0,1.642799616294013,1.4457772812499998,1.4457772812499998,1.8123484713541664,1.2817174479166666,1.4462638771355416
3270,91,18.43,6.287,95.337,24.042,469,383,106.928,8.98,149.49476508275518,23.622052565104166,8.058157595052084,30.8150508828125,11.509822682291666,13.79647807992854
3271,1,1.128,1.128,0.0,1.414,3438,383,135.0,1.0,1.642799616294013,1.4457772812499998,1.4457772812499998,1.8123484713541664,1.2817174479166666,1.4462638771355416
3272,1,1.128,1.128,0.0,1.414,3478,383,135.0,1.0,1.642799616294013,1.4457772812499998,1.4457772812499998,1.8123484713541664,1.2817174479166666,1.4462638771355416
3273,1,1.128,1.128,0.0,1.414,3488,383,135.0,1.0,1.642799616294013,1.4457772812499998,1.4457772812499998,1.8123484713541664,1.2817174479166666,1.4462638771355416
3274,3,3.385,1.128,90.0,3.162,371,384,108.435,1.0,4.928398848882039,4.338613561197916,1.4457772812499998,4.0527905703125,1.2817174479166666,2.5050025163503102
3275,1,1.128,1.128,0.0,1.414,931,384,135.0,1.0,1.642799616294013,1.4457772812499998,1.4457772812499998,1.8123484713541664,1.2817174479166666,1.4462638771355416
3276,1,1.128,1.128,0.0,1.414,3363,384,135.0,1.0,1.642799616294013,1.4457772812499998,1.4457772812499998,1.8123484713541664,1.2817174479166666,1.4462638771355416
3277,30,10.378,3.681,80.593,12.369,3494,396,75.964,6.992,49.28398848882039,13.301663674479167,4.71800192578125,15.853563113281249,8.961768395833333,7.921513496120161
3278,3,3.385,1.128,90.0,3.162,3501,384,108.435,1.0,4.928398848882039,4.338613561197916,1.4457772812499998,4.0527905703125,1.2817174479166666,2.5050025163503102
3279,3,2.365,1.615,45.0,2.828,3542,386,45.0,2.0,4.928398848882039,3.0312617643229167,2.069973678385417,3.624696942708333,2.5634348958333333,2.5050025163503102
3280,115,16.284,8.992,20.294,24.352,3555,392,160.821,16.444,188.9219558738115,20.871486921874997,11.525203291666667,31.212383291666665,21.076561713541665,15.509452223251465
3281,721,36.582,25.095,52.078,66.483,3592,434,46.219,39.431,1184.4585233479834,46.8877876796875,32.16469935546875,85.21242108984376,50.539400688802075,38.83427229733344
3282,1,1.128,1.128,0.0,1.414,496,385,135.0,1.0,1.642799616294013,1.4457772812499998,1.4457772812499998,1.8123484713541664,1.2817174479166666,1.4462638771355416
3283,9,6.248,1.834,161.565,6.708,3428,385,153.435,2.53,14.785196546646118,8.008170614583333,2.3506697994791668,8.597760640625,3.2427451432291665,4.338791631406624
3284,2,2.596,0.981,135.0,2.828,3664,385,135.0,1.414,3.285599232588026,3.327338494791667,1.2573648164062499,3.624696942708333,1.8123484713541664,2.0453259898153786
3285,1,1.128,1.128,0.0,1.414,3696,385,135.0,1.0,1.642799616294013,1.4457772812499998,1.4457772812499998,1.8123484713541664,1.2817174479166666,1.4462638771355416
3286,1,1.128,1.128,0.0,1.414,349,386,135.0,1.0,1.642799616294013,1.4457772812499998,1.4457772812499998,1.8123484713541664,1.2817174479166666,1.4462638771355416
3287,79,16.168,6.221,86.93,18.974,410,404,71.565,8.0,129.78116968722702,20.722807697916664,7.973564243489584,24.319306856770833,10.253739583333333,12.854674518721318
3288,34,8.05,5.377,97.178,8.944,420,386,116.565,7.0,55.855186953996444,10.317825455729167,6.891794717447916,11.463680854166668,8.972022135416667,8.433095094829797
3289,2,2.257,1.128,90.0,2.236,699,386,116.565,1.0,3.285599232588026,2.892836279947917,1.4457772812499998,2.865920213541667,1.2817174479166666,2.0453259898153786
3290,91,11.84,9.786,78.236,18.111,3506,386,96.34,13.718,149.49476508275518,15.175534583333333,12.5428869453125,23.21318469921875,17.582599950520834,13.79647807992854
3291,6,4.79,1.595,85.269,5.099,3567,386,101.31,2.0,9.856797697764078,6.139426575520833,2.0443393294270833,6.535477266927083,2.5634348958333333,3.5426085324013394
3292,1,1.128,1.128,0.0,1.414,3639,386,135.0,1.0,1.642799616294013,1.4457772812499998,1.4457772812499998,1.8123484713541664,1.2817174479166666,1.4462638771355416
3293,15,5.822,3.28,90.809,6.325,365,387,108.435,3.0,24.641994244410196,7.462158981770833,4.204033229166666,8.106862858072917,3.8451523437499997,5.601355910367322
3294,3,2.365,1.615,45.0,2.828,397,389,45.0,2.0,4.928398848882039,3.0312617643229167,2.069973678385417,3.624696942708333,2.5634348958333333,2.5050025163503102
3295,3,2.365,1.615,45.0,2.828,401,389,45.0,2.0,4.928398848882039,3.0312617643229167,2.069973678385417,3.624696942708333,2.5634348958333333,2.5050025163503102
3296,10,6.592,1.932,25.782,8.062,521,392,29.745,3.13,16.42799616294013,8.449081416666665,2.476278109375,10.333206065104166,4.011775611979166,4.573487949374228
3297,2,2.257,1.128,0.0,2.236,594,387,153.435,1.0,3.285599232588026,2.892836279947917,1.4457772812499998,2.865920213541667,1.2817174479166666,2.0453259898153786
3298,3,3.385,1.128,90.0,3.162,826,387,108.435,1.0,4.928398848882039,4.338613561197916,1.4457772812499998,4.0527905703125,1.2817174479166666,2.5050025163503102
3299,2,2.596,0.981,45.0,2.828,3383,389,45.0,1.414,3.285599232588026,3.327338494791667,1.2573648164062499,3.624696942708333,1.8123484713541664,2.0453259898153786
3300,18,8.338,2.749,93.407,11.402,3427,387,105.255,4.465,29.570393093292235,10.686960080729165,3.523441264322917,14.614142341145833,5.722868404947916,6.135977969446135
3301,1,1.128,1.128,0.0,1.414,3441,387,135.0,1.0,1.642799616294013,1.4457772812499998,1.4457772812499998,1.8123484713541664,1.2817174479166666,1.4462638771355416
3302,6,3.489,2.19,45.0,4.243,3474,390,45.0,2.828,9.856797697764078,4.47191217578125,2.8069612109374997,5.438327131510417,3.624696942708333,3.5426085324013394
3303,4,4.514,1.128,0.0,4.123,3526,387,165.964,1.0,6.571198465176052,5.785672559895834,1.4457772812499998,5.284521037760417,1.2817174479166666,2.892527754271083
3304,28,6.643,5.367,108.053,7.616,378,388,113.199,6.0,45.998389256232365,8.514449006510416,6.87897754296875,9.761560083333332,7.690304687499999,7.652909098153434
3305,2,2.257,1.128,90.0,2.236,803,388,116.565,1.0,3.285599232588026,2.892836279947917,1.4457772812499998,2.865920213541667,1.2817174479166666,2.0453259898153786
3306,5,3.144,2.025,18.435,3.606,3416,390,33.69,2.0,8.213998081470065,4.02971965625,2.59547783203125,4.6218731171875,2.5634348958333333,3.2339443426774745
3307,25,10.584,3.007,57.632,12.207,3547,398,55.008,4.713,41.069990407350325,13.565697468749999,3.8541243658854167,15.64592488671875,6.04073433203125,7.231319385677708
3308,13,4.603,3.596,105.381,5.385,313,394,68.199,4.0,21.35639501182217,5.899745412760416,4.609055942708333,6.90204845703125,5.126869791666667,5.214578566863546
3309,1,1.128,1.128,0.0,1.414,407,389,135.0,1.0,1.642799616294013,1.4457772812499998,1.4457772812499998,1.8123484713541664,1.2817174479166666,1.4462638771355416
3310,3,2.365,1.615,45.0,2.828,437,391,45.0,2.0,4.928398848882039,3.0312617643229167,2.069973678385417,3.624696942708333,2.5634348958333333,2.5050025163503102
3311,1,1.128,1.128,0.0,1.414,3539,389,135.0,1.0,1.642799616294013,1.4457772812499998,1.4457772812499998,1.8123484713541664,1.2817174479166666,1.4462638771355416
3312,3,2.365,1.615,135.0,2.828,3639,389,135.0,2.0,4.928398848882039,3.0312617643229167,2.069973678385417,3.624696942708333,2.5634348958333333,2.5050025163503102
3313,1,1.128,1.128,0.0,1.414,3725,389,135.0,1.0,1.642799616294013,1.4457772812499998,1.4457772812499998,1.8123484713541664,1.2817174479166666,1.4462638771355416
3314,44,9.917,5.649,126.642,14.422,354,390,123.69,9.519,72.28318311693657,12.710791930989583,7.24042186328125,18.48492903385417,12.20066838671875,9.593429256606505
3315,6,3.14,2.433,135.0,3.606,450,390,123.69,2.828,9.856797697764078,4.024592786458333,3.1184185507812496,4.6218731171875,3.624696942708333,3.5426085324013394
3316,1,1.128,1.128,0.0,1.414,499,390,135.0,1.0,1.642799616294013,1.4457772812499998,1.4457772812499998,1.8123484713541664,1.2817174479166666,1.4462638771355416
3317,1,1.128,1.128,0.0,1.414,3385,390,135.0,1.0,1.642799616294013,1.4457772812499998,1.4457772812499998,1.8123484713541664,1.2817174479166666,1.4462638771355416
3318,4,2.257,2.257,0.0,2.828,3527,390,135.0,2.0,6.571198465176052,2.892836279947917,2.892836279947917,3.624696942708333,2.5634348958333333,2.892527754271083
3319,4,2.734,1.863,0.0,3.162,394,391,161.565,2.0,6.571198465176052,3.5042155026041666,2.38783960546875,4.0527905703125,2.5634348958333333,2.892527754271083
3320,5,3.144,2.025,161.565,3.606,3352,391,146.31,2.0,8.213998081470065,4.02971965625,2.59547783203125,4.6218731171875,2.5634348958333333,3.2339443426774745
3321,12,5.543,2.756,168.76,6.325,3458,391,161.565,3.0,19.713595395528156,7.104559813802084,3.532413286458333,8.106862858072917,3.8451523437499997,5.0100050327006205
3322,1,1.128,1.128,0.0,1.414,3670,391,135.0,1.0,1.642799616294013,1.4457772812499998,1.4457772812499998,1.8123484713541664,1.2817174479166666,1.4462638771355416
3323,29,7.744,4.768,5.18,8.544,438,395,20.556,5.0,47.64118887252638,9.925619916666665,6.111228791666666,10.950993875,6.408587239583333,7.788369332980218
3324,53,9.822,6.87,32.453,11.18,676,400,26.565,7.778,87.06837966358269,12.589028773437498,8.8053988671875,14.329601067708333,9.969198309895832,10.528959954443641
3325,3,3.213,1.189,118.155,3.606,3454,392,123.69,1.789,4.928398848882039,4.11815816015625,1.5239620455729168,4.6218731171875,2.2929925143229166,2.5050025163503102
3326,2,2.257,1.128,0.0,2.236,3532,392,153.435,1.0,3.285599232588026,2.892836279947917,1.4457772812499998,2.865920213541667,1.2817174479166666,2.0453259898153786
3327,20,6.138,4.149,147.071,7.211,3578,392,123.69,4.919,32.85599232588026,7.8671816953125,5.31784569140625,9.242464516927084,6.304768126302083,6.467888685354949
3328,2,2.257,1.128,0.0,2.236,305,393,153.435,1.0,3.285599232588026,2.892836279947917,1.4457772812499998,2.865920213541667,1.2817174479166666,2.0453259898153786
3329,1,1.128,1.128,0.0,1.414,327,393,135.0,1.0,1.642799616294013,1.4457772812499998,1.4457772812499998,1.8123484713541664,1.2817174479166666,1.4462638771355416
3330,2,2.257,1.128,90.0,2.236,334,393,116.565,1.0,3.285599232588026,2.892836279947917,1.4457772812499998,2.865920213541667,1.2817174479166666,2.0453259898153786
3331,2,2.257,1.128,0.0,2.236,490,393,153.435,1.0,3.285599232588026,2.892836279947917,1.4457772812499998,2.865920213541667,1.2817174479166666,2.0453259898153786
3332,2,2.257,1.128,90.0,2.236,839,393,116.565,1.0,3.285599232588026,2.892836279947917,1.4457772812499998,2.865920213541667,1.2817174479166666,2.0453259898153786
3333,1,1.128,1.128,0.0,1.414,3299,393,135.0,1.0,1.642799616294013,1.4457772812499998,1.4457772812499998,1.8123484713541664,1.2817174479166666,1.4462638771355416
3334,1,1.128,1.128,0.0,1.414,3403,393,135.0,1.0,1.642799616294013,1.4457772812499998,1.4457772812499998,1.8123484713541664,1.2817174479166666,1.4462638771355416
3335,10,4.703,2.707,87.635,5.831,3512,398,59.036,3.881,16.42799616294013,6.027917157552084,3.4696091315104165,7.473694438802084,4.974345415364583,4.573487949374228
3336,211,19.911,13.493,22.124,28.16,3513,406,6.116,21.6,346.6307190380368,25.520276105468753,17.294213524739583,36.09316333333333,27.685096875000003,21.008196297797777
3337,1,1.128,1.128,0.0,1.414,3547,393,135.0,1.0,1.642799616294013,1.4457772812499998,1.4457772812499998,1.8123484713541664,1.2817174479166666,1.4462638771355416
3338,1,1.128,1.128,0.0,1.414,3621,393,135.0,1.0,1.642799616294013,1.4457772812499998,1.4457772812499998,1.8123484713541664,1.2817174479166666,1.4462638771355416
3339,36,13.434,3.412,73.169,14.866,396,408,70.346,4.743,59.14078618658447,17.2185921953125,4.373219932291667,19.054011580729167,6.07918585546875,8.677583262813249
3340,3,2.365,1.615,45.0,2.828,452,396,45.0,2.0,4.928398848882039,3.0312617643229167,2.069973678385417,3.624696942708333,2.5634348958333333,2.5050025163503102
3341,13,4.629,3.576,126.87,5.657,484,394,135.0,4.0,21.35639501182217,5.933070066406249,4.58342159375,7.250675602864583,5.126869791666667,5.214578566863546
3342,1,1.128,1.128,0.0,1.414,3377,394,135.0,1.0,1.642799616294013,1.4457772812499998,1.4457772812499998,1.8123484713541664,1.2817174479166666,1.4462638771355416
3343,1,1.128,1.128,0.0,1.414,3392,394,135.0,1.0,1.642799616294013,1.4457772812499998,1.4457772812499998,1.8123484713541664,1.2817174479166666,1.4462638771355416
3344,3,2.365,1.615,135.0,2.828,3753,394,135.0,2.0,4.928398848882039,3.0312617643229167,2.069973678385417,3.624696942708333,2.5634348958333333,2.5050025163503102
3345,2,2.257,1.128,90.0,2.236,393,395,116.565,1.0,3.285599232588026,2.892836279947917,1.4457772812499998,2.865920213541667,1.2817174479166666,2.0453259898153786
3346,14,4.847,3.678,59.237,5.657,426,400,45.0,4.0,22.999194628116182,6.212484470052083,4.7141567734375,7.250675602864583,5.126869791666667,5.411423919108519
3347,2,2.257,1.128,0.0,2.236,505,395,153.435,1.0,3.285599232588026,2.892836279947917,1.4457772812499998,2.865920213541667,1.2817174479166666,2.0453259898153786
3348,4,2.257,2.257,0.0,2.828,3368,395,135.0,2.0,6.571198465176052,2.892836279947917,2.892836279947917,3.624696942708333,2.5634348958333333,2.892527754271083
3349,16,8.496,2.398,54.576,9.434,3391,403,57.995,3.328,26.28479386070421,10.889471437500001,3.0735584401041667,12.091722403645832,4.265555666666667,5.785055508542166
3350,9,3.385,3.385,0.0,4.243,3410,395,135.0,3.0,14.785196546646118,4.338613561197916,4.338613561197916,5.438327131510417,3.8451523437499997,4.338791631406624
3351,3,2.365,1.615,135.0,2.828,3432,395,135.0,2.0,4.928398848882039,3.0312617643229167,2.069973678385417,3.624696942708333,2.5634348958333333,2.5050025163503102
3352,7,4.154,2.146,98.35,4.472,3466,395,116.565,2.0,11.499597314058091,5.324254278645833,2.7505656432291663,5.731840427083334,2.5634348958333333,3.826454549076717
3353,1,1.128,1.128,0.0,1.414,3670,395,135.0,1.0,1.642799616294013,1.4457772812499998,1.4457772812499998,1.8123484713541664,1.2817174479166666,1.4462638771355416
3354,7,4.154,2.146,98.35,4.472,368,396,116.565,2.0,11.499597314058091,5.324254278645833,2.7505656432291663,5.731840427083334,2.5634348958333333,3.826454549076717
3355,2,2.257,1.128,90.0,2.236,511,396,116.565,1.0,3.285599232588026,2.892836279947917,1.4457772812499998,2.865920213541667,1.2817174479166666,2.0453259898153786
3356,2,2.257,1.128,90.0,2.236,713,396,116.565,1.0,3.285599232588026,2.892836279947917,1.4457772812499998,2.865920213541667,1.2817174479166666,2.0453259898153786
3357,1,1.128,1.128,0.0,1.414,3373,396,135.0,1.0,1.642799616294013,1.4457772812499998,1.4457772812499998,1.8123484713541664,1.2817174479166666,1.4462638771355416
3358,45,12.345,4.641,161.942,14.866,3436,397,160.346,6.942,73.92598273323058,15.822801894531251,5.94845067578125,19.054011580729167,8.8976825234375,9.701833028032423
3359,2,2.257,1.128,90.0,2.236,3510,396,116.565,1.0,3.285599232588026,2.892836279947917,1.4457772812499998,2.865920213541667,1.2817174479166666,2.0453259898153786
3360,2,2.257,1.128,90.0,2.236,3595,396,116.565,1.0,3.285599232588026,2.892836279947917,1.4457772812499998,2.865920213541667,1.2817174479166666,2.0453259898153786
3361,1,1.128,1.128,0.0,1.414,3625,396,135.0,1.0,1.642799616294013,1.4457772812499998,1.4457772812499998,1.8123484713541664,1.2817174479166666,1.4462638771355416
3362,2,2.257,1.128,90.0,2.236,331,397,116.565,1.0,3.285599232588026,2.892836279947917,1.4457772812499998,2.865920213541667,1.2817174479166666,2.0453259898153786
3363,1,1.128,1.128,0.0,1.414,374,397,135.0,1.0,1.642799616294013,1.4457772812499998,1.4457772812499998,1.8123484713541664,1.2817174479166666,1.4462638771355416
3364,1,1.128,1.128,0.0,1.414,378,397,135.0,1.0,1.642799616294013,1.4457772812499998,1.4457772812499998,1.8123484713541664,1.2817174479166666,1.4462638771355416
3365,1,1.128,1.128,0.0,1.414,388,397,135.0,1.0,1.642799616294013,1.4457772812499998,1.4457772812499998,1.8123484713541664,1.2817174479166666,1.4462638771355416
3366,1,1.128,1.128,0.0,1.414,455,397,135.0,1.0,1.642799616294013,1.4457772812499998,1.4457772812499998,1.8123484713541664,1.2817174479166666,1.4462638771355416
3367,12,5.671,2.694,17.958,6.403,629,401,38.66,3.395,19.713595395528156,7.2686196471354165,3.4529468046875,8.206836819010416,4.351430735677083,5.0100050327006205
3368,33,9.157,4.588,2.991,10.44,636,400,16.699,5.0,54.21238733770243,11.736686670572917,5.880519651041666,13.381130156249998,6.408587239583333,8.308153445630097
3369,6,3.489,2.19,45.0,4.243,765,400,45.0,2.828,9.856797697764078,4.47191217578125,2.8069612109374997,5.438327131510417,3.624696942708333,3.5426085324013394
3370,21,5.636,4.744,80.131,8.062,2395,404,60.255,6.0,34.49879194217427,7.223759536458333,6.080467572916667,10.333206065104166,7.690304687499999,6.627613691853932
3371,1,1.128,1.128,0.0,1.414,3456,397,135.0,1.0,1.642799616294013,1.4457772812499998,1.4457772812499998,1.8123484713541664,1.2817174479166666,1.4462638771355416
3372,1,1.128,1.128,0.0,1.414,305,398,135.0,1.0,1.642799616294013,1.4457772812499998,1.4457772812499998,1.8123484713541664,1.2817174479166666,1.4462638771355416
3373,8,4.249,2.397,77.443,5.0,3642,402,53.13,3.0,13.142396930352104,5.446017436197916,3.0722767226562495,6.408587239583333,3.8451523437499997,4.090651979630757
3374,47,12.542,4.771,140.581,17.205,438,400,144.462,8.71,77.21158196581861,16.075300231770832,6.115073944010416,22.05194869140625,11.163758971354168,9.915085602678126
3375,1,1.128,1.128,0.0,1.414,446,399,135.0,1.0,1.642799616294013,1.4457772812499998,1.4457772812499998,1.8123484713541664,1.2817174479166666,1.4462638771355416
3376,1,1.128,1.128,0.0,1.414,448,399,135.0,1.0,1.642799616294013,1.4457772812499998,1.4457772812499998,1.8123484713541664,1.2817174479166666,1.4462638771355416
3377,1,1.128,1.128,0.0,1.414,3363,399,135.0,1.0,1.642799616294013,1.4457772812499998,1.4457772812499998,1.8123484713541664,1.2817174479166666,1.4462638771355416
3378,1,1.128,1.128,0.0,1.414,3489,399,135.0,1.0,1.642799616294013,1.4457772812499998,1.4457772812499998,1.8123484713541664,1.2817174479166666,1.4462638771355416
3379,1,1.128,1.128,0.0,1.414,3646,399,135.0,1.0,1.642799616294013,1.4457772812499998,1.4457772812499998,1.8123484713541664,1.2817174479166666,1.4462638771355416
3380,4,2.734,1.863,90.0,3.162,319,400,108.435,2.0,6.571198465176052,3.5042155026041666,2.38783960546875,4.0527905703125,2.5634348958333333,2.892527754271083
3381,5,4.809,1.324,135.0,5.657,324,400,135.0,2.121,8.213998081470065,6.16377920703125,1.6969939010416668,7.250675602864583,2.71852270703125,3.2339443426774745
3382,21,6.753,3.959,98.729,8.544,381,400,110.556,5.657,34.49879194217427,8.65543792578125,5.074319376302084,10.950993875,7.250675602864583,6.627613691853932
3383,201,26.229,9.757,154.218,36.715,420,400,150.642,19.888,330.20272287509664,33.61816694140625,12.505717139322917,47.05825610026042,25.49079660416667,20.504329290755475
3384,10,3.884,3.278,117.231,5.0,461,400,126.87,4.0,16.42799616294013,4.978190567708333,4.2014697942708334,6.408587239583333,5.126869791666667,4.573487949374228
3385,3,2.365,1.615,45.0,2.828,496,402,45.0,2.0,4.928398848882039,3.0312617643229167,2.069973678385417,3.624696942708333,2.5634348958333333,2.5050025163503102
3386,7,4.154,2.146,98.35,4.472,3480,400,116.565,2.0,11.499597314058091,5.324254278645833,2.7505656432291663,5.731840427083334,2.5634348958333333,3.826454549076717
3387,1,1.128,1.128,0.0,1.414,3493,400,135.0,1.0,1.642799616294013,1.4457772812499998,1.4457772812499998,1.8123484713541664,1.2817174479166666,1.4462638771355416
3388,2,2.257,1.128,90.0,2.236,3547,400,116.565,1.0,3.285599232588026,2.892836279947917,1.4457772812499998,2.865920213541667,1.2817174479166666,2.0453259898153786
3389,77,11.097,8.835,65.96,16.492,3552,400,104.036,13.431,126.49557045463901,14.22321851953125,11.323973652343751,21.138084151041667,17.21474704296875,12.690914016636032
3390,2,2.257,1.128,90.0,2.236,3669,400,116.565,1.0,3.285599232588026,2.892836279947917,1.4457772812499998,2.865920213541667,1.2817174479166666,2.0453259898153786
3391,48,11.453,5.336,26.178,15.232,333,411,23.199,8.356,78.85438158211262,14.679509930989582,6.839244302083333,19.523120166666665,10.710030994791666,10.020010065401241
3392,2,2.257,1.128,0.0,2.236,391,401,153.435,1.0,3.285599232588026,2.892836279947917,1.4457772812499998,2.865920213541667,1.2817174479166666,2.0453259898153786
3393,1,1.128,1.128,0.0,1.414,406,401,135.0,1.0,1.642799616294013,1.4457772812499998,1.4457772812499998,1.8123484713541664,1.2817174479166666,1.4462638771355416
3394,3,2.365,1.615,45.0,2.828,330,404,45.0,2.0,4.928398848882039,3.0312617643229167,2.069973678385417,3.624696942708333,2.5634348958333333,2.5050025163503102
3395,11,5.085,2.754,157.763,5.831,467,402,149.036,3.0,18.070795779234142,6.51753322265625,3.5298498515625,7.473694438802084,3.8451523437499997,4.796714628303253
3396,14,4.699,3.794,35.515,5.657,478,406,45.0,4.0,22.999194628116182,6.022790287760416,4.862835997395833,7.250675602864583,5.126869791666667,5.411423919108519
3397,16,6.589,3.092,66.396,7.211,503,408,56.31,4.0,26.28479386070421,8.445236264322917,3.9630703489583334,9.242464516927084,5.126869791666667,5.785055508542166
3398,3,2.365,1.615,45.0,2.828,3300,404,45.0,2.0,4.928398848882039,3.0312617643229167,2.069973678385417,3.624696942708333,2.5634348958333333,2.5050025163503102
3399,2,2.596,0.981,45.0,2.828,3330,404,45.0,1.414,3.285599232588026,3.327338494791667,1.2573648164062499,3.624696942708333,1.8123484713541664,2.0453259898153786
3400,2,2.596,0.981,45.0,2.828,3354,404,45.0,1.414,3.285599232588026,3.327338494791667,1.2573648164062499,3.624696942708333,1.8123484713541664,2.0453259898153786
3401,4,2.734,1.863,0.0,3.162,3468,403,161.565,2.0,6.571198465176052,3.5042155026041666,2.38783960546875,4.0527905703125,2.5634348958333333,2.892527754271083
3402,1,1.128,1.128,0.0,1.414,3491,402,135.0,1.0,1.642799616294013,1.4457772812499998,1.4457772812499998,1.8123484713541664,1.2817174479166666,1.4462638771355416
3403,3,3.213,1.189,28.155,3.606,3511,404,33.69,1.789,4.928398848882039,4.11815816015625,1.5239620455729168,4.6218731171875,2.2929925143229166,2.5050025163503102
3404,12,4.693,3.256,139.499,5.657,3542,402,135.0,4.0,19.713595395528156,6.015099983072916,4.1732720104166665,7.250675602864583,5.126869791666667,5.0100050327006205
3405,12,5.073,3.012,129.289,6.403,3574,402,128.66,4.0,19.713595395528156,6.50215261328125,3.860532953125,8.206836819010416,5.126869791666667,5.0100050327006205
3406,1,1.128,1.128,0.0,1.414,408,403,135.0,1.0,1.642799616294013,1.4457772812499998,1.4457772812499998,1.8123484713541664,1.2817174479166666,1.4462638771355416
3407,1,1.128,1.128,0.0,1.414,508,403,135.0,1.0,1.642799616294013,1.4457772812499998,1.4457772812499998,1.8123484713541664,1.2817174479166666,1.4462638771355416
3408,1,1.128,1.128,0.0,1.414,3369,403,135.0,1.0,1.642799616294013,1.4457772812499998,1.4457772812499998,1.8123484713541664,1.2817174479166666,1.4462638771355416
3409,1,1.128,1.128,0.0,1.414,3465,403,135.0,1.0,1.642799616294013,1.4457772812499998,1.4457772812499998,1.8123484713541664,1.2817174479166666,1.4462638771355416
3410,28,8.232,4.331,6.482,9.487,3631,407,18.435,5.0,45.998389256232365,10.55109803125,5.551118266927084,12.159653428385417,6.408587239583333,7.652909098153434
3411,2,2.596,0.981,45.0,2.828,322,406,45.0,1.414,3.285599232588026,3.327338494791667,1.2573648164062499,3.624696942708333,1.8123484713541664,2.0453259898153786
3412,1,1.128,1.128,0.0,1.414,373,404,135.0,1.0,1.642799616294013,1.4457772812499998,1.4457772812499998,1.8123484713541664,1.2817174479166666,1.4462638771355416
3413,1,1.128,1.128,0.0,1.414,375,404,135.0,1.0,1.642799616294013,1.4457772812499998,1.4457772812499998,1.8123484713541664,1.2817174479166666,1.4462638771355416
3414,129,14.746,11.139,2.977,16.279,607,409,169.38,12.7,211.92115050192768,18.900205486979168,14.27705065234375,20.865078334635417,16.277811588541667,16.426400004188977
3415,1,1.128,1.128,0.0,1.414,3347,404,135.0,1.0,1.642799616294013,1.4457772812499998,1.4457772812499998,1.8123484713541664,1.2817174479166666,1.4462638771355416
3416,4,2.257,2.257,0.0,2.828,3366,404,135.0,2.0,6.571198465176052,2.892836279947917,2.892836279947917,3.624696942708333,2.5634348958333333,2.892527754271083
3417,1,1.128,1.128,0.0,1.414,3509,404,135.0,1.0,1.642799616294013,1.4457772812499998,1.4457772812499998,1.8123484713541664,1.2817174479166666,1.4462638771355416
3418,46,8.805,6.652,158.351,10.0,3648,404,143.13,7.0,75.5687823495246,11.28552212890625,8.525984463541667,12.817174479166667,8.972022135416667,9.809038857407382
3419,805,42.072,24.362,106.575,65.215,324,409,125.64,41.119,1322.4536911166806,53.92441646875,31.225200466145832,83.58720336588541,52.70293974088541,41.0341535535612
3420,3,2.365,1.615,45.0,2.828,409,407,45.0,2.0,4.928398848882039,3.0312617643229167,2.069973678385417,3.624696942708333,2.5634348958333333,2.5050025163503102
3421,1,1.128,1.128,0.0,1.414,743,405,135.0,1.0,1.642799616294013,1.4457772812499998,1.4457772812499998,1.8123484713541664,1.2817174479166666,1.4462638771355416
3422,1,1.128,1.128,0.0,1.414,3329,405,135.0,1.0,1.642799616294013,1.4457772812499998,1.4457772812499998,1.8123484713541664,1.2817174479166666,1.4462638771355416
3423,3,2.365,1.615,45.0,2.828,3447,407,45.0,2.0,4.928398848882039,3.0312617643229167,2.069973678385417,3.624696942708333,2.5634348958333333,2.5050025163503102
3424,1,1.128,1.128,0.0,1.414,3479,405,135.0,1.0,1.642799616294013,1.4457772812499998,1.4457772812499998,1.8123484713541664,1.2817174479166666,1.4462638771355416
3425,4,2.734,1.863,0.0,3.162,3490,405,161.565,2.0,6.571198465176052,3.5042155026041666,2.38783960546875,4.0527905703125,2.5634348958333333,2.892527754271083
3426,4,2.734,1.863,90.0,3.162,3594,405,108.435,2.0,6.571198465176052,3.5042155026041666,2.38783960546875,4.0527905703125,2.5634348958333333,2.892527754271083
3427,1,1.128,1.128,0.0,1.414,293,406,135.0,1.0,1.642799616294013,1.4457772812499998,1.4457772812499998,1.8123484713541664,1.2817174479166666,1.4462638771355416
3428,2,2.257,1.128,0.0,2.236,334,406,153.435,1.0,3.285599232588026,2.892836279947917,1.4457772812499998,2.865920213541667,1.2817174479166666,2.0453259898153786
3429,2,2.257,1.128,0.0,2.236,364,406,153.435,1.0,3.285599232588026,2.892836279947917,1.4457772812499998,2.865920213541667,1.2817174479166666,2.0453259898153786
3430,339,29.861,14.455,64.983,42.544,355,444,60.422,25.065,556.9090699236705,38.273364712239584,18.527225709635417,54.52938710416666,32.126247832031254,26.628542010071012
3431,3,2.365,1.615,135.0,2.828,489,406,135.0,2.0,4.928398848882039,3.0312617643229167,2.069973678385417,3.624696942708333,2.5634348958333333,2.5050025163503102
3432,240,30.538,10.007,162.126,34.205,529,414,164.745,14.067,394.27190791056313,39.14108742447917,12.826146501302082,43.84114530598958,18.02991933984375,22.405423641469287
3433,2,2.257,1.128,90.0,2.236,792,406,116.565,1.0,3.285599232588026,2.892836279947917,1.4457772812499998,2.865920213541667,1.2817174479166666,2.0453259898153786
3434,2,2.257,1.128,90.0,2.236,3275,406,116.565,1.0,3.285599232588026,2.892836279947917,1.4457772812499998,2.865920213541667,1.2817174479166666,2.0453259898153786
3435,13,5.327,3.107,173.297,7.211,3506,406,146.31,4.0,21.35639501182217,6.827708845052083,3.9822961106770833,9.242464516927084,5.126869791666667,5.214578566863546
3436,1,1.128,1.128,0.0,1.414,442,407,135.0,1.0,1.642799616294013,1.4457772812499998,1.4457772812499998,1.8123484713541664,1.2817174479166666,1.4462638771355416
3437,126,16.623,9.651,144.679,21.932,460,407,136.848,13.319,206.99275165304564,21.30598913671875,12.36985508984375,28.110627067708332,17.071194688802084,16.234271757325555
3438,1,1.128,1.128,0.0,1.414,745,407,135.0,1.0,1.642799616294013,1.4457772812499998,1.4457772812499998,1.8123484713541664,1.2817174479166666,1.4462638771355416
3439,3,3.385,1.128,0.0,3.162,3586,407,161.565,1.0,4.928398848882039,4.338613561197916,1.4457772812499998,4.0527905703125,1.2817174479166666,2.5050025163503102
3440,17,6.801,3.183,109.756,7.616,3639,407,113.199,4.511,27.927593476998222,8.71696036328125,4.07970663671875,9.761560083333332,5.7818274075520835,5.963098727945161
3441,4,3.192,1.596,108.435,3.606,3488,408,123.69,2.0,6.571198465176052,4.09124209375,2.045621046875,4.6218731171875,2.5634348958333333,2.892527754271083
3442,75,11.813,8.084,52.858,14.422,3536,418,33.69,11.094,123.20997122205098,15.140928212239583,10.361403848958332,18.48492903385417,14.2193733671875,12.52501258175155
3443,2,2.596,0.981,45.0,2.828,3576,410,45.0,1.414,3.285599232588026,3.327338494791667,1.2573648164062499,3.624696942708333,1.8123484713541664,2.0453259898153786
3444,2,2.257,1.128,0.0,2.236,387,409,153.435,1.0,3.285599232588026,2.892836279947917,1.4457772812499998,2.865920213541667,1.2817174479166666,2.0453259898153786
3445,17,7.558,2.864,115.086,8.944,418,409,116.565,4.0,27.927593476998222,9.687220471354166,3.670838770833333,11.463680854166668,5.126869791666667,5.963098727945161
3446,54,9.37,7.337,149.43,11.18,686,409,100.305,9.192,88.7111792798767,12.009692486979166,9.403960915364582,14.329601067708333,11.78154678125,10.62782559720402
3447,1,1.128,1.128,0.0,1.414,690,409,135.0,1.0,1.642799616294013,1.4457772812499998,1.4457772812499998,1.8123484713541664,1.2817174479166666,1.4462638771355416
3448,6,3.385,2.257,90.0,3.606,3402,409,123.69,2.0,9.856797697764078,4.338613561197916,2.892836279947917,4.6218731171875,2.5634348958333333,3.5426085324013394
3449,1,1.128,1.128,0.0,1.414,3421,409,135.0,1.0,1.642799616294013,1.4457772812499998,1.4457772812499998,1.8123484713541664,1.2817174479166666,1.4462638771355416
3450,4,3.589,1.419,45.0,4.243,3459,412,45.0,2.121,6.571198465176052,4.600083920572916,1.81875705859375,5.438327131510417,2.71852270703125,2.892527754271083
3451,52,9.767,6.779,55.812,12.042,3630,418,48.366,9.3,85.42558004728868,12.518534313802082,8.688762579427083,15.4344415078125,11.919972265625,10.429157133727092
3452,2,2.257,1.128,0.0,2.236,474,410,153.435,1.0,3.285599232588026,2.892836279947917,1.4457772812499998,2.865920213541667,1.2817174479166666,2.0453259898153786
3453,5,4.183,1.522,100.901,4.472,506,410,116.565,2.0,8.213998081470065,5.361424084635416,1.9507739557291666,5.731840427083334,2.5634348958333333,3.2339443426774745
3454,15,6.564,2.91,172.344,7.28,514,410,164.055,3.881,24.641994244410196,8.413193328125,3.7297977734375003,9.330903020833334,4.974345415364583,5.601355910367322
3455,25,7.327,4.344,107.887,8.602,659,410,125.538,5.814,41.069990407350325,9.391143740885417,5.56778059375,11.025333486979166,7.4519052421875,7.231319385677708
3456,1,1.128,1.128,0.0,1.414,975,410,135.0,1.0,1.642799616294013,1.4457772812499998,1.4457772812499998,1.8123484713541664,1.2817174479166666,1.4462638771355416
3457,4,3.192,1.596,18.435,3.606,3335,412,33.69,2.0,6.571198465176052,4.09124209375,2.045621046875,4.6218731171875,2.5634348958333333,2.892527754271083
3458,3,3.385,1.128,90.0,3.162,3385,410,108.435,1.0,4.928398848882039,4.338613561197916,1.4457772812499998,4.0527905703125,1.2817174479166666,2.5050025163503102
3459,29,8.779,4.206,26.251,11.18,3492,415,10.305,5.571,47.64118887252638,11.252197475260417,5.3909035859375,14.329601067708333,7.14044790234375,7.788369332980218
3460,232,21.433,13.782,37.502,39.395,3546,442,23.962,24.711,381.129510980211,27.471050061197914,17.6646298671875,50.49325886067709,31.672519855468746,22.02883507894264
3461,29,6.655,5.549,142.934,8.485,3578,410,135.0,6.0,47.64118887252638,8.529829615885417,7.112250118489584,10.875372545572915,7.690304687499999,7.788369332980218
3462,29,6.973,5.295,52.47,9.22,3593,417,40.601,7.0,47.64118887252638,8.937415764322916,6.78669388671875,11.817434869791667,8.972022135416667,7.788369332980218
3463,2,2.257,1.128,0.0,2.236,386,411,153.435,1.0,3.285599232588026,2.892836279947917,1.4457772812499998,2.865920213541667,1.2817174479166666,2.0453259898153786
3464,1,1.128,1.128,0.0,1.414,389,411,135.0,1.0,1.642799616294013,1.4457772812499998,1.4457772812499998,1.8123484713541664,1.2817174479166666,1.4462638771355416
3465,2,2.257,1.128,90.0,2.236,504,411,116.565,1.0,3.285599232588026,2.892836279947917,1.4457772812499998,2.865920213541667,1.2817174479166666,2.0453259898153786
3466,1,1.128,1.128,0.0,1.414,3393,411,135.0,1.0,1.642799616294013,1.4457772812499998,1.4457772812499998,1.8123484713541664,1.2817174479166666,1.4462638771355416
3467,6,3.145,2.429,125.783,4.243,3444,411,135.0,3.0,9.856797697764078,4.031001373697917,3.113291680989583,5.438327131510417,3.8451523437499997,3.5426085324013394
3468,1,1.128,1.128,0.0,1.414,3647,411,135.0,1.0,1.642799616294013,1.4457772812499998,1.4457772812499998,1.8123484713541664,1.2817174479166666,1.4462638771355416
3469,7,4.566,1.952,146.599,5.0,3649,411,143.13,2.683,11.499597314058091,5.8523218671874995,2.5019124583333334,6.408587239583333,3.4388479127604166,3.826454549076717
3470,1,1.128,1.128,0.0,1.414,409,412,135.0,1.0,1.642799616294013,1.4457772812499998,1.4457772812499998,1.8123484713541664,1.2817174479166666,1.4462638771355416
3471,1,1.128,1.128,0.0,1.414,413,412,135.0,1.0,1.642799616294013,1.4457772812499998,1.4457772812499998,1.8123484713541664,1.2817174479166666,1.4462638771355416
3472,5,3.144,2.025,71.565,3.606,642,415,56.31,2.0,8.213998081470065,4.02971965625,2.59547783203125,4.6218731171875,2.5634348958333333,3.2339443426774745
3473,2,2.257,1.128,90.0,2.236,3361,412,116.565,1.0,3.285599232588026,2.892836279947917,1.4457772812499998,2.865920213541667,1.2817174479166666,2.0453259898153786
3474,1,1.128,1.128,0.0,1.414,3397,412,135.0,1.0,1.642799616294013,1.4457772812499998,1.4457772812499998,1.8123484713541664,1.2817174479166666,1.4462638771355416
3475,2,2.257,1.128,0.0,2.236,320,413,153.435,1.0,3.285599232588026,2.892836279947917,1.4457772812499998,2.865920213541667,1.2817174479166666,2.0453259898153786
3476,1,1.128,1.128,0.0,1.414,355,413,135.0,1.0,1.642799616294013,1.4457772812499998,1.4457772812499998,1.8123484713541664,1.2817174479166666,1.4462638771355416
3477,1,1.128,1.128,0.0,1.414,478,413,135.0,1.0,1.642799616294013,1.4457772812499998,1.4457772812499998,1.8123484713541664,1.2817174479166666,1.4462638771355416
3478,1,1.128,1.128,0.0,1.414,512,413,135.0,1.0,1.642799616294013,1.4457772812499998,1.4457772812499998,1.8123484713541664,1.2817174479166666,1.4462638771355416
3479,4,3.192,1.596,71.565,3.606,3364,416,56.31,2.0,6.571198465176052,4.09124209375,2.045621046875,4.6218731171875,2.5634348958333333,2.892527754271083
3480,1,1.128,1.128,0.0,1.414,3457,413,135.0,1.0,1.642799616294013,1.4457772812499998,1.4457772812499998,1.8123484713541664,1.2817174479166666,1.4462638771355416
3481,1,1.128,1.128,0.0,1.414,3469,413,135.0,1.0,1.642799616294013,1.4457772812499998,1.4457772812499998,1.8123484713541664,1.2817174479166666,1.4462638771355416
3482,1,1.128,1.128,0.0,1.414,3684,413,135.0,1.0,1.642799616294013,1.4457772812499998,1.4457772812499998,1.8123484713541664,1.2817174479166666,1.4462638771355416
3483,1,1.128,1.128,0.0,1.414,335,414,135.0,1.0,1.642799616294013,1.4457772812499998,1.4457772812499998,1.8123484713541664,1.2817174479166666,1.4462638771355416
3484,26,6.618,5.003,115.341,8.062,390,414,119.745,5.657,42.71279002364434,8.4824060703125,6.412432391927084,10.333206065104166,7.250675602864583,7.374527731318484
3485,13,5.461,3.031,25.066,5.831,405,418,30.964,3.578,21.35639501182217,6.999458983072917,3.8848855846354167,7.473694438802084,4.585985028645833,5.214578566863546
3486,25,7.509,4.239,143.115,8.602,411,415,144.462,5.659,41.069990407350325,9.62441631640625,5.43320026171875,11.025333486979166,7.253239037760416,7.231319385677708
3487,4,2.257,2.257,0.0,2.828,490,414,135.0,2.0,6.571198465176052,2.892836279947917,2.892836279947917,3.624696942708333,2.5634348958333333,2.892527754271083
3488,104,20.116,6.583,80.979,25.298,632,438,71.565,11.813,170.85116009457735,25.783028182291666,8.437545959635417,32.42488799739583,15.140928212239583,14.749055462636967
3489,8,4.619,2.205,46.023,5.0,3480,417,36.87,2.828,13.142396930352104,5.920252891927083,2.82618697265625,6.408587239583333,3.624696942708333,4.090651979630757
3490,4,2.257,2.257,0.0,2.828,3562,414,135.0,2.0,6.571198465176052,2.892836279947917,2.892836279947917,3.624696942708333,2.5634348958333333,2.892527754271083
3491,1,1.128,1.128,0.0,1.414,3587,414,135.0,1.0,1.642799616294013,1.4457772812499998,1.4457772812499998,1.8123484713541664,1.2817174479166666,1.4462638771355416
3492,3,2.365,1.615,135.0,2.828,3687,414,135.0,2.0,4.928398848882039,3.0312617643229167,2.069973678385417,3.624696942708333,2.5634348958333333,2.5050025163503102
3493,2,2.257,1.128,0.0,2.236,3470,415,153.435,1.0,3.285599232588026,2.892836279947917,1.4457772812499998,2.865920213541667,1.2817174479166666,2.0453259898153786
3494,6,3.385,2.257,90.0,3.606,3508,415,123.69,2.0,9.856797697764078,4.338613561197916,2.892836279947917,4.6218731171875,2.5634348958333333,3.5426085324013394
3495,1,1.128,1.128,0.0,1.414,3552,415,135.0,1.0,1.642799616294013,1.4457772812499998,1.4457772812499998,1.8123484713541664,1.2817174479166666,1.4462638771355416
3496,1,1.128,1.128,0.0,1.414,3641,415,135.0,1.0,1.642799616294013,1.4457772812499998,1.4457772812499998,1.8123484713541664,1.2817174479166666,1.4462638771355416
3497,1,1.128,1.128,0.0,1.414,320,416,135.0,1.0,1.642799616294013,1.4457772812499998,1.4457772812499998,1.8123484713541664,1.2817174479166666,1.4462638771355416
3498,1,1.128,1.128,0.0,1.414,323,416,135.0,1.0,1.642799616294013,1.4457772812499998,1.4457772812499998,1.8123484713541664,1.2817174479166666,1.4462638771355416
3499,2,2.257,1.128,90.0,2.236,455,416,116.565,1.0,3.285599232588026,2.892836279947917,1.4457772812499998,2.865920213541667,1.2817174479166666,2.0453259898153786
3500,2,2.257,1.128,90.0,2.236,3445,416,116.565,1.0,3.285599232588026,2.892836279947917,1.4457772812499998,2.865920213541667,1.2817174479166666,2.0453259898153786
3501,6,4.134,1.848,77.067,4.472,3474,420,63.435,2.0,9.856797697764078,5.298619929687501,2.36861384375,5.731840427083334,2.5634348958333333,3.5426085324013394
3502,5,3.927,1.621,166.717,4.472,3512,416,153.435,2.0,8.213998081470065,5.03330441796875,2.0776639830729167,5.731840427083334,2.5634348958333333,3.2339443426774745
3503,3,2.365,1.615,135.0,2.828,3361,417,135.0,2.0,4.928398848882039,3.0312617643229167,2.069973678385417,3.624696942708333,2.5634348958333333,2.5050025163503102
3504,1,1.128,1.128,0.0,1.414,3675,417,135.0,1.0,1.642799616294013,1.4457772812499998,1.4457772812499998,1.8123484713541664,1.2817174479166666,1.4462638771355416
3505,4,3.192,1.596,18.435,3.606,3677,419,33.69,2.0,6.571198465176052,4.09124209375,2.045621046875,4.6218731171875,2.5634348958333333,2.892527754271083
3506,1,1.128,1.128,0.0,1.414,3689,417,135.0,1.0,1.642799616294013,1.4457772812499998,1.4457772812499998,1.8123484713541664,1.2817174479166666,1.4462638771355416
3507,3,3.385,1.128,90.0,3.162,403,418,108.435,1.0,4.928398848882039,4.338613561197916,1.4457772812499998,4.0527905703125,1.2817174479166666,2.5050025163503102
3508,38,9.865,4.904,137.304,12.083,455,421,155.556,7.653,62.4263854191725,12.644142623697917,6.285542364583333,15.486991923177083,9.80898362890625,8.915369296202536
3509,32,8.158,4.994,112.839,8.944,701,418,116.565,5.821,52.56958772140842,10.456250940104166,6.400896934895833,11.463680854166668,7.460877264322916,8.181303959261514
3510,1,1.128,1.128,0.0,1.414,3332,418,135.0,1.0,1.642799616294013,1.4457772812499998,1.4457772812499998,1.8123484713541664,1.2817174479166666,1.4462638771355416
3511,4,2.257,2.257,0.0,2.828,3498,418,135.0,2.0,6.571198465176052,2.892836279947917,2.892836279947917,3.624696942708333,2.5634348958333333,2.892527754271083
3512,1,1.128,1.128,0.0,1.414,3526,418,135.0,1.0,1.642799616294013,1.4457772812499998,1.4457772812499998,1.8123484713541664,1.2817174479166666,1.4462638771355416
3513,1,1.128,1.128,0.0,1.414,3585,418,135.0,1.0,1.642799616294013,1.4457772812499998,1.4457772812499998,1.8123484713541664,1.2817174479166666,1.4462638771355416
3514,12,6.77,2.257,90.0,6.325,3618,418,108.435,2.0,19.713595395528156,8.677227122395832,2.892836279947917,8.106862858072917,2.5634348958333333,5.0100050327006205
3515,169,20.23,10.637,2.517,26.683,376,427,12.995,14.368,277.6331351536882,25.929143971354165,13.633628493489583,34.20006666276041,18.415716291666666,18.80143040276204
3516,2,2.257,1.128,0.0,2.236,3428,419,153.435,1.0,3.285599232588026,2.892836279947917,1.4457772812499998,2.865920213541667,1.2817174479166666,2.0453259898153786
3517,1,1.128,1.128,0.0,1.414,3440,419,135.0,1.0,1.642799616294013,1.4457772812499998,1.4457772812499998,1.8123484713541664,1.2817174479166666,1.4462638771355416
3518,36,11.629,3.942,132.254,14.866,3528,419,132.274,6.274,59.14078618658447,14.905092201822915,5.0525301796875,19.054011580729167,8.041495268229166,8.677583262813249
3519,2,2.257,1.128,0.0,2.236,3576,419,153.435,1.0,3.285599232588026,2.892836279947917,1.4457772812499998,2.865920213541667,1.2817174479166666,2.0453259898153786
3520,6,3.385,2.257,90.0,3.606,3580,419,123.69,2.0,9.856797697764078,4.338613561197916,2.892836279947917,4.6218731171875,2.5634348958333333,3.5426085324013394
3521,1,1.128,1.128,0.0,1.414,3589,419,135.0,1.0,1.642799616294013,1.4457772812499998,1.4457772812499998,1.8123484713541664,1.2817174479166666,1.4462638771355416
3522,1,1.128,1.128,0.0,1.414,3692,419,135.0,1.0,1.642799616294013,1.4457772812499998,1.4457772812499998,1.8123484713541664,1.2817174479166666,1.4462638771355416
3523,2,2.257,1.128,0.0,2.236,358,420,153.435,1.0,3.285599232588026,2.892836279947917,1.4457772812499998,2.865920213541667,1.2817174479166666,2.0453259898153786
3524,3,2.365,1.615,135.0,2.828,498,420,135.0,2.0,4.928398848882039,3.0312617643229167,2.069973678385417,3.624696942708333,2.5634348958333333,2.5050025163503102
3525,66,9.994,8.408,116.626,14.866,574,420,132.274,12.0,108.42477467540486,12.809484174479167,10.776680302083333,19.054011580729167,15.380609374999999,11.749503281086843
3526,2,2.596,0.981,135.0,2.828,3489,420,135.0,1.414,3.285599232588026,3.327338494791667,1.2573648164062499,3.624696942708333,1.8123484713541664,2.0453259898153786
3527,2,2.257,1.128,90.0,2.236,3508,420,116.565,1.0,3.285599232588026,2.892836279947917,1.4457772812499998,2.865920213541667,1.2817174479166666,2.0453259898153786
3528,19,7.632,3.17,97.336,8.246,3513,420,104.036,4.0,31.21319270958625,9.7820675625,4.063044309895833,10.569042075520834,5.126869791666667,6.304118086127151
3529,3,2.365,1.615,45.0,2.828,3624,422,45.0,2.0,4.928398848882039,3.0312617643229167,2.069973678385417,3.624696942708333,2.5634348958333333,2.5050025163503102
3530,11,4.761,2.942,177.536,5.385,433,422,158.199,3.0,18.070795779234142,6.10225676953125,3.7708127317708335,6.90204845703125,3.8451523437499997,4.796714628303253
3531,1,1.128,1.128,0.0,1.414,633,421,135.0,1.0,1.642799616294013,1.4457772812499998,1.4457772812499998,1.8123484713541664,1.2817174479166666,1.4462638771355416
3532,1,1.128,1.128,0.0,1.414,858,421,135.0,1.0,1.642799616294013,1.4457772812499998,1.4457772812499998,1.8123484713541664,1.2817174479166666,1.4462638771355416
3533,1,1.128,1.128,0.0,1.414,3303,421,135.0,1.0,1.642799616294013,1.4457772812499998,1.4457772812499998,1.8123484713541664,1.2817174479166666,1.4462638771355416
3534,1,1.128,1.128,0.0,1.414,3505,421,135.0,1.0,1.642799616294013,1.4457772812499998,1.4457772812499998,1.8123484713541664,1.2817174479166666,1.4462638771355416
3535,1,1.128,1.128,0.0,1.414,3583,421,135.0,1.0,1.642799616294013,1.4457772812499998,1.4457772812499998,1.8123484713541664,1.2817174479166666,1.4462638771355416
3536,4,2.734,1.863,0.0,3.162,427,423,161.565,2.0,6.571198465176052,3.5042155026041666,2.38783960546875,4.0527905703125,2.5634348958333333,2.892527754271083
3537,2,2.596,0.981,45.0,2.828,3326,424,45.0,1.414,3.285599232588026,3.327338494791667,1.2573648164062499,3.624696942708333,1.8123484713541664,2.0453259898153786
3538,6,3.718,2.055,78.76,4.472,3408,426,63.435,2.846,9.856797697764078,4.765425471354167,2.63392935546875,5.731840427083334,3.6477678567708334,3.5426085324013394
3539,7,5.123,1.74,52.498,5.831,3441,427,59.036,2.774,11.499597314058091,6.566238485677084,2.230188359375,7.473694438802084,3.555484200520833,3.826454549076717
3540,1,1.128,1.128,0.0,1.414,3503,422,135.0,1.0,1.642799616294013,1.4457772812499998,1.4457772812499998,1.8123484713541664,1.2817174479166666,1.4462638771355416
3541,57,13.531,5.364,30.323,18.028,3511,432,33.69,8.676,93.63957812875874,17.342918787760418,6.875132390625,23.106802151041663,11.120180578125,10.919052822086096
3542,14,5.75,3.1,117.996,7.211,3549,422,123.69,4.243,22.999194628116182,7.369875325520833,3.9733240885416667,9.242464516927084,5.438327131510417,5.411423919108519
3543,12,6.77,2.257,90.0,6.325,3586,422,108.435,2.0,19.713595395528156,8.677227122395832,2.892836279947917,8.106862858072917,2.5634348958333333,5.0100050327006205
3544,3,2.365,1.615,45.0,2.828,3626,424,45.0,2.0,4.928398848882039,3.0312617643229167,2.069973678385417,3.624696942708333,2.5634348958333333,2.5050025163503102
3545,5,5.642,1.128,90.0,5.099,3689,422,101.31,1.0,8.213998081470065,7.2314498411458334,1.4457772812499998,6.535477266927083,1.2817174479166666,3.2339443426774745
3546,1,1.128,1.128,0.0,1.414,3743,422,135.0,1.0,1.642799616294013,1.4457772812499998,1.4457772812499998,1.8123484713541664,1.2817174479166666,1.4462638771355416
3547,1,1.128,1.128,0.0,1.414,339,423,135.0,1.0,1.642799616294013,1.4457772812499998,1.4457772812499998,1.8123484713541664,1.2817174479166666,1.4462638771355416
3548,4,3.216,1.583,148.283,3.606,372,423,146.31,2.0,6.571198465176052,4.1220033125,2.028958720052083,4.6218731171875,2.5634348958333333,2.892527754271083
3549,15,5.615,3.401,52.762,6.403,410,428,51.34,4.0,24.641994244410196,7.196843470052084,4.359121040364583,8.206836819010416,5.126869791666667,5.601355910367322
3550,1,1.128,1.128,0.0,1.414,415,423,135.0,1.0,1.642799616294013,1.4457772812499998,1.4457772812499998,1.8123484713541664,1.2817174479166666,1.4462638771355416
3551,12,5.164,2.959,127.69,5.831,594,423,120.964,3.883,19.713595395528156,6.6187889010416665,3.792601928385417,7.473694438802084,4.976908850260417,5.0100050327006205
3552,1,1.128,1.128,0.0,1.414,753,423,135.0,1.0,1.642799616294013,1.4457772812499998,1.4457772812499998,1.8123484713541664,1.2817174479166666,1.4462638771355416
3553,1,1.128,1.128,0.0,1.414,3481,423,135.0,1.0,1.642799616294013,1.4457772812499998,1.4457772812499998,1.8123484713541664,1.2817174479166666,1.4462638771355416
3554,18,6.437,3.56,168.942,8.944,3486,423,153.435,4.932,29.570393093292235,8.250415212239584,4.562914114583333,11.463680854166668,6.321430453125,6.135977969446135
3555,147,18.483,10.126,30.618,27.203,3608,442,36.027,14.88,241.49154359521992,23.68998358984375,12.978670877604166,34.86655973567708,19.071955625,17.535017614452173
3556,6,3.931,1.943,30.964,4.472,438,426,26.565,2.683,9.856797697764078,5.0384312877604165,2.4903770013020834,5.731840427083334,3.4388479127604166,3.5426085324013394
3557,139,19.41,9.118,97.491,27.659,670,424,102.529,14.563,228.34914666486782,24.8781356640625,11.686699690104167,35.45102289192708,18.66565119401042,17.05119963875536
3558,4,2.257,2.257,0.0,2.828,760,424,135.0,2.0,6.571198465176052,2.892836279947917,2.892836279947917,3.624696942708333,2.5634348958333333,2.892527754271083
3559,16,5.106,3.99,170.436,5.831,3347,424,120.964,4.427,26.28479386070421,6.5444492890624995,5.1140526171875,7.473694438802084,5.674163141927083,5.785055508542166
3560,2,2.257,1.128,90.0,2.236,3416,424,116.565,1.0,3.285599232588026,2.892836279947917,1.4457772812499998,2.865920213541667,1.2817174479166666,2.0453259898153786
3561,1,1.128,1.128,0.0,1.414,3423,424,135.0,1.0,1.642799616294013,1.4457772812499998,1.4457772812499998,1.8123484713541664,1.2817174479166666,1.4462638771355416
3562,1,1.128,1.128,0.0,1.414,3469,424,135.0,1.0,1.642799616294013,1.4457772812499998,1.4457772812499998,1.8123484713541664,1.2817174479166666,1.4462638771355416
3563,1,1.128,1.128,0.0,1.414,3589,424,135.0,1.0,1.642799616294013,1.4457772812499998,1.4457772812499998,1.8123484713541664,1.2817174479166666,1.4462638771355416
3564,1,1.128,1.128,0.0,1.414,303,425,135.0,1.0,1.642799616294013,1.4457772812499998,1.4457772812499998,1.8123484713541664,1.2817174479166666,1.4462638771355416
3565,1,1.128,1.128,0.0,1.414,473,425,135.0,1.0,1.642799616294013,1.4457772812499998,1.4457772812499998,1.8123484713541664,1.2817174479166666,1.4462638771355416
3566,3,2.365,1.615,135.0,2.828,482,425,135.0,2.0,4.928398848882039,3.0312617643229167,2.069973678385417,3.624696942708333,2.5634348958333333,2.5050025163503102
3567,1,1.128,1.128,0.0,1.414,488,425,135.0,1.0,1.642799616294013,1.4457772812499998,1.4457772812499998,1.8123484713541664,1.2817174479166666,1.4462638771355416
3568,9,5.196,2.206,101.398,5.831,3323,425,120.964,2.91,14.785196546646118,6.659803859375,2.8274686901041663,7.473694438802084,3.7297977734375003,4.338791631406624
3569,3,3.385,1.128,90.0,3.162,3375,425,108.435,1.0,4.928398848882039,4.338613561197916,1.4457772812499998,4.0527905703125,1.2817174479166666,2.5050025163503102
3570,1,1.128,1.128,0.0,1.414,3429,425,135.0,1.0,1.642799616294013,1.4457772812499998,1.4457772812499998,1.8123484713541664,1.2817174479166666,1.4462638771355416
3571,2,2.257,1.128,0.0,2.236,3480,425,153.435,1.0,3.285599232588026,2.892836279947917,1.4457772812499998,2.865920213541667,1.2817174479166666,2.0453259898153786
3572,1,1.128,1.128,0.0,1.414,3483,425,135.0,1.0,1.642799616294013,1.4457772812499998,1.4457772812499998,1.8123484713541664,1.2817174479166666,1.4462638771355416
3573,1,1.128,1.128,0.0,1.414,3649,425,135.0,1.0,1.642799616294013,1.4457772812499998,1.4457772812499998,1.8123484713541664,1.2817174479166666,1.4462638771355416
3574,4,2.734,1.863,0.0,3.162,3767,425,161.565,2.0,6.571198465176052,3.5042155026041666,2.38783960546875,4.0527905703125,2.5634348958333333,2.892527754271083
3575,44,8.925,6.277,20.771,10.63,420,433,41.186,7.0,72.28318311693657,11.43932822265625,8.045340420572916,13.624656471354168,8.972022135416667,9.593429256606505
3576,5,4.183,1.522,10.901,4.472,450,428,26.565,2.0,8.213998081470065,5.361424084635416,1.9507739557291666,5.731840427083334,2.5634348958333333,3.2339443426774745
3577,1,1.128,1.128,0.0,1.414,3363,426,135.0,1.0,1.642799616294013,1.4457772812499998,1.4457772812499998,1.8123484713541664,1.2817174479166666,1.4462638771355416
3578,1,1.128,1.128,0.0,1.414,3423,426,135.0,1.0,1.642799616294013,1.4457772812499998,1.4457772812499998,1.8123484713541664,1.2817174479166666,1.4462638771355416
3579,11,5.618,2.493,129.893,6.403,3462,426,128.66,3.536,18.070795779234142,7.200688622395834,3.1953215976562497,8.206836819010416,4.532152895833334,4.796714628303253
3580,1,1.128,1.128,0.0,1.414,600,427,135.0,1.0,1.642799616294013,1.4457772812499998,1.4457772812499998,1.8123484713541664,1.2817174479166666,1.4462638771355416
3581,4,3.216,1.583,121.717,3.606,3430,427,123.69,2.0,6.571198465176052,4.1220033125,2.028958720052083,4.6218731171875,2.5634348958333333,2.892527754271083
3582,1,1.128,1.128,0.0,1.414,275,428,135.0,1.0,1.642799616294013,1.4457772812499998,1.4457772812499998,1.8123484713541664,1.2817174479166666,1.4462638771355416
3583,11,4.384,3.195,74.929,5.0,415,432,53.13,3.0,18.070795779234142,5.619049291666667,4.095087246093749,6.408587239583333,3.8451523437499997,4.796714628303253
3584,1,1.128,1.128,0.0,1.414,637,428,135.0,1.0,1.642799616294013,1.4457772812499998,1.4457772812499998,1.8123484713541664,1.2817174479166666,1.4462638771355416
3585,1,1.128,1.128,0.0,1.414,3433,428,135.0,1.0,1.642799616294013,1.4457772812499998,1.4457772812499998,1.8123484713541664,1.2817174479166666,1.4462638771355416
3586,2,2.257,1.128,90.0,2.236,3453,428,116.565,1.0,3.285599232588026,2.892836279947917,1.4457772812499998,2.865920213541667,1.2817174479166666,2.0453259898153786
3587,26,6.572,5.038,168.109,9.487,3495,432,161.565,6.548,42.71279002364434,8.423447067708333,6.457292502604167,12.159653428385417,8.392685848958333,7.374527731318484
3588,13,8.39,1.973,102.603,10.198,3541,428,101.31,3.162,21.35639501182217,10.753609388020834,2.528828524739583,13.070954533854167,4.0527905703125,5.214578566863546
3589,4,3.216,1.583,148.283,3.606,3647,428,146.31,2.0,6.571198465176052,4.1220033125,2.028958720052083,4.6218731171875,2.5634348958333333,2.892527754271083
3590,6,4.068,1.878,35.072,5.0,3684,431,36.87,2.683,9.856797697764078,5.214026578124999,2.4070653671874997,6.408587239583333,3.4388479127604166,3.5426085324013394
3591,1,1.128,1.128,0.0,1.414,322,429,135.0,1.0,1.642799616294013,1.4457772812499998,1.4457772812499998,1.8123484713541664,1.2817174479166666,1.4462638771355416
3592,1,1.128,1.128,0.0,1.414,376,429,135.0,1.0,1.642799616294013,1.4457772812499998,1.4457772812499998,1.8123484713541664,1.2817174479166666,1.4462638771355416
3593,2,2.596,0.981,135.0,2.828,403,429,135.0,1.414,3.285599232588026,3.327338494791667,1.2573648164062499,3.624696942708333,1.8123484713541664,2.0453259898153786
3594,1,1.128,1.128,0.0,1.414,718,429,135.0,1.0,1.642799616294013,1.4457772812499998,1.4457772812499998,1.8123484713541664,1.2817174479166666,1.4462638771355416
3595,2,2.257,1.128,0.0,2.236,3360,429,153.435,1.0,3.285599232588026,2.892836279947917,1.4457772812499998,2.865920213541667,1.2817174479166666,2.0453259898153786
3596,1,1.128,1.128,0.0,1.414,3420,429,135.0,1.0,1.642799616294013,1.4457772812499998,1.4457772812499998,1.8123484713541664,1.2817174479166666,1.4462638771355416
3597,1,1.128,1.128,0.0,1.414,3422,429,135.0,1.0,1.642799616294013,1.4457772812499998,1.4457772812499998,1.8123484713541664,1.2817174479166666,1.4462638771355416
3598,1,1.128,1.128,0.0,1.414,3474,429,135.0,1.0,1.642799616294013,1.4457772812499998,1.4457772812499998,1.8123484713541664,1.2817174479166666,1.4462638771355416
3599,1,1.128,1.128,0.0,1.414,3505,429,135.0,1.0,1.642799616294013,1.4457772812499998,1.4457772812499998,1.8123484713541664,1.2817174479166666,1.4462638771355416
3600,1,1.128,1.128,0.0,1.414,371,430,135.0,1.0,1.642799616294013,1.4457772812499998,1.4457772812499998,1.8123484713541664,1.2817174479166666,1.4462638771355416
3601,1,1.128,1.128,0.0,1.414,407,430,135.0,1.0,1.642799616294013,1.4457772812499998,1.4457772812499998,1.8123484713541664,1.2817174479166666,1.4462638771355416
3602,60,16.42,4.653,103.678,17.088,436,430,110.556,6.44,98.56797697764078,21.045800494791667,5.96383128515625,21.90198775,8.254260364583333,11.202711820734644
3603,1,1.128,1.128,0.0,1.414,477,430,135.0,1.0,1.642799616294013,1.4457772812499998,1.4457772812499998,1.8123484713541664,1.2817174479166666,1.4462638771355416
3604,4,3.192,1.596,18.435,3.606,3367,432,33.69,2.0,6.571198465176052,4.09124209375,2.045621046875,4.6218731171875,2.5634348958333333,2.892527754271083
3605,6,3.718,2.055,53.13,4.243,3545,433,45.0,2.683,9.856797697764078,4.765425471354167,2.63392935546875,5.438327131510417,3.4388479127604166,3.5426085324013394
3606,1,1.128,1.128,0.0,1.414,196,431,135.0,1.0,1.642799616294013,1.4457772812499998,1.4457772812499998,1.8123484713541664,1.2817174479166666,1.4462638771355416
3607,2,2.257,1.128,0.0,2.236,490,431,153.435,1.0,3.285599232588026,2.892836279947917,1.4457772812499998,2.865920213541667,1.2817174479166666,2.0453259898153786
3608,1,1.128,1.128,0.0,1.414,3282,431,135.0,1.0,1.642799616294013,1.4457772812499998,1.4457772812499998,1.8123484713541664,1.2817174479166666,1.4462638771355416
3609,6,3.385,2.257,90.0,3.606,3656,431,123.69,2.0,9.856797697764078,4.338613561197916,2.892836279947917,4.6218731171875,2.5634348958333333,3.5426085324013394
3610,67,10.319,8.267,63.836,15.811,403,447,71.565,10.429,110.06757429169888,13.226042345052084,10.595958141927083,20.265234569010417,13.367031264322916,11.838180035570401
3611,18,7.941,2.886,110.214,8.944,450,432,116.565,4.0,29.570393093292235,10.17811825390625,3.6990365546875,11.463680854166668,5.126869791666667,6.135977969446135
3612,4,2.257,2.257,0.0,2.828,458,432,135.0,2.0,6.571198465176052,2.892836279947917,2.892836279947917,3.624696942708333,2.5634348958333333,2.892527754271083
3613,25,8.318,3.827,179.273,11.045,467,433,174.806,5.0,41.069990407350325,10.661325731770832,4.905132673177083,14.156569212239583,6.408587239583333,7.231319385677708
3614,8,4.135,2.463,136.788,5.0,525,432,126.87,3.536,13.142396930352104,5.299901647135417,3.15687007421875,6.408587239583333,4.532152895833334,4.090651979630757
3615,1,1.128,1.128,0.0,1.414,3287,432,135.0,1.0,1.642799616294013,1.4457772812499998,1.4457772812499998,1.8123484713541664,1.2817174479166666,1.4462638771355416
3616,6,5.208,1.467,82.534,5.385,3409,437,68.199,2.0,9.856797697764078,6.67518446875,1.8802794960937501,6.90204845703125,2.5634348958333333,3.5426085324013394
3617,3,3.385,1.128,90.0,3.162,3465,432,108.435,1.0,4.928398848882039,4.338613561197916,1.4457772812499998,4.0527905703125,1.2817174479166666,2.5050025163503102
3618,6,3.909,1.954,116.565,5.0,3651,432,126.87,3.0,9.856797697764078,5.0102335039062496,2.5044758932291664,6.408587239583333,3.8451523437499997,3.5426085324013394
3619,1,1.128,1.128,0.0,1.414,3683,432,135.0,1.0,1.642799616294013,1.4457772812499998,1.4457772812499998,1.8123484713541664,1.2817174479166666,1.4462638771355416
3620,4,2.257,2.257,0.0,2.828,3685,432,135.0,2.0,6.571198465176052,2.892836279947917,2.892836279947917,3.624696942708333,2.5634348958333333,2.892527754271083
3621,1,1.128,1.128,0.0,1.414,341,433,135.0,1.0,1.642799616294013,1.4457772812499998,1.4457772812499998,1.8123484713541664,1.2817174479166666,1.4462638771355416
3622,2,2.257,1.128,0.0,2.236,3396,433,153.435,1.0,3.285599232588026,2.892836279947917,1.4457772812499998,2.865920213541667,1.2817174479166666,2.0453259898153786
3623,4,3.216,1.583,121.717,3.606,3474,433,123.69,2.0,6.571198465176052,4.1220033125,2.028958720052083,4.6218731171875,2.5634348958333333,2.892527754271083
3624,18,6.582,3.482,155.734,8.485,3478,433,135.0,5.014,29.570393093292235,8.4362642421875,4.4629401536458335,10.875372545572915,6.426531283854167,6.135977969446135
3625,4,3.192,1.596,108.435,3.606,3490,433,123.69,2.0,6.571198465176052,4.09124209375,2.045621046875,4.6218731171875,2.5634348958333333,2.892527754271083
3626,1,1.128,1.128,0.0,1.414,3741,433,135.0,1.0,1.642799616294013,1.4457772812499998,1.4457772812499998,1.8123484713541664,1.2817174479166666,1.4462638771355416
3627,21,6.415,4.168,74.872,7.211,422,440,56.31,4.0,34.49879194217427,8.222217428385417,5.3421983229166665,9.242464516927084,5.126869791666667,6.627613691853932
3628,2,2.257,1.128,90.0,2.236,781,434,116.565,1.0,3.285599232588026,2.892836279947917,1.4457772812499998,2.865920213541667,1.2817174479166666,2.0453259898153786
3629,2,2.257,1.128,90.0,2.236,3495,434,116.565,1.0,3.285599232588026,2.892836279947917,1.4457772812499998,2.865920213541667,1.2817174479166666,2.0453259898153786
3630,34,9.28,4.665,1.164,12.53,3511,436,151.39,8.0,55.855186953996444,11.894337916666666,5.97921189453125,16.05991962239583,10.253739583333333,8.433095094829797
3631,12,4.24,3.604,100.278,5.0,3528,434,126.87,4.0,19.713595395528156,5.434481979166667,4.619309682291667,6.408587239583333,5.126869791666667,5.0100050327006205
3632,8,4.287,2.376,15.274,5.0,3566,437,36.87,3.0,13.142396930352104,5.49472269921875,3.0453606562499997,6.408587239583333,3.8451523437499997,4.090651979630757
3633,5,4.076,1.562,69.006,4.472,3586,438,63.435,2.0,8.213998081470065,5.224280317708333,2.0020426536458333,5.731840427083334,2.5634348958333333,3.2339443426774745
3634,1,1.128,1.128,0.0,1.414,3610,434,135.0,1.0,1.642799616294013,1.4457772812499998,1.4457772812499998,1.8123484713541664,1.2817174479166666,1.4462638771355416
3635,1,1.128,1.128,0.0,1.414,326,435,135.0,1.0,1.642799616294013,1.4457772812499998,1.4457772812499998,1.8123484713541664,1.2817174479166666,1.4462638771355416
3636,3,2.365,1.615,135.0,2.828,390,435,135.0,2.0,4.928398848882039,3.0312617643229167,2.069973678385417,3.624696942708333,2.5634348958333333,2.5050025163503102
3637,12,4.709,3.245,16.441,5.385,518,438,21.801,4.0,19.713595395528156,6.035607462239582,4.1591731184895835,6.90204845703125,5.126869791666667,5.0100050327006205
3638,1,1.128,1.128,0.0,1.414,3407,435,135.0,1.0,1.642799616294013,1.4457772812499998,1.4457772812499998,1.8123484713541664,1.2817174479166666,1.4462638771355416
3639,4,3.192,1.596,108.435,3.606,3414,435,123.69,2.0,6.571198465176052,4.09124209375,2.045621046875,4.6218731171875,2.5634348958333333,2.892527754271083
3640,2,2.257,1.128,0.0,2.236,3453,435,153.435,1.0,3.285599232588026,2.892836279947917,1.4457772812499998,2.865920213541667,1.2817174479166666,2.0453259898153786
3641,3,3.213,1.189,28.155,3.606,3459,437,33.69,1.789,4.928398848882039,4.11815816015625,1.5239620455729168,4.6218731171875,2.2929925143229166,2.5050025163503102
3642,1,1.128,1.128,0.0,1.414,3463,435,135.0,1.0,1.642799616294013,1.4457772812499998,1.4457772812499998,1.8123484713541664,1.2817174479166666,1.4462638771355416
3643,1,1.128,1.128,0.0,1.414,3470,435,135.0,1.0,1.642799616294013,1.4457772812499998,1.4457772812499998,1.8123484713541664,1.2817174479166666,1.4462638771355416
3644,1,1.128,1.128,0.0,1.414,3549,435,135.0,1.0,1.642799616294013,1.4457772812499998,1.4457772812499998,1.8123484713541664,1.2817174479166666,1.4462638771355416
3645,1,1.128,1.128,0.0,1.414,3597,435,135.0,1.0,1.642799616294013,1.4457772812499998,1.4457772812499998,1.8123484713541664,1.2817174479166666,1.4462638771355416
3646,6,3.14,2.433,45.0,3.606,3316,439,33.69,2.828,9.856797697764078,4.024592786458333,3.1184185507812496,4.6218731171875,3.624696942708333,3.5426085324013394
3647,1,1.128,1.128,0.0,1.414,3450,436,135.0,1.0,1.642799616294013,1.4457772812499998,1.4457772812499998,1.8123484713541664,1.2817174479166666,1.4462638771355416
3648,6,3.489,2.19,45.0,4.243,3497,439,45.0,2.828,9.856797697764078,4.47191217578125,2.8069612109374997,5.438327131510417,3.624696942708333,3.5426085324013394
3649,3,2.365,1.615,135.0,2.828,3639,436,135.0,2.0,4.928398848882039,3.0312617643229167,2.069973678385417,3.624696942708333,2.5634348958333333,2.5050025163503102
3650,2,2.596,0.981,135.0,2.828,3649,436,135.0,1.414,3.285599232588026,3.327338494791667,1.2573648164062499,3.624696942708333,1.8123484713541664,2.0453259898153786
3651,1,1.128,1.128,0.0,1.414,347,437,135.0,1.0,1.642799616294013,1.4457772812499998,1.4457772812499998,1.8123484713541664,1.2817174479166666,1.4462638771355416
3652,71,11.537,7.836,0.347,13.416,488,443,26.565,9.0,116.63877275687493,14.787174196614584,10.043537921875,17.19552128125,11.535457031249999,12.186436040278805
3653,1,1.128,1.128,0.0,1.414,780,437,135.0,1.0,1.642799616294013,1.4457772812499998,1.4457772812499998,1.8123484713541664,1.2817174479166666,1.4462638771355416
3654,1,1.128,1.128,0.0,1.414,3455,437,135.0,1.0,1.642799616294013,1.4457772812499998,1.4457772812499998,1.8123484713541664,1.2817174479166666,1.4462638771355416
3655,43,10.072,5.436,29.795,12.53,3599,448,61.39,7.766,70.64038350064256,12.909458135416665,6.967416046875,16.05991962239583,9.953817700520833,9.483786464234974
3656,1,1.128,1.128,0.0,1.414,3692,437,135.0,1.0,1.642799616294013,1.4457772812499998,1.4457772812499998,1.8123484713541664,1.2817174479166666,1.4462638771355416
3657,2,2.257,1.128,0.0,2.236,342,438,153.435,1.0,3.285599232588026,2.892836279947917,1.4457772812499998,2.865920213541667,1.2817174479166666,2.0453259898153786
3658,7,3.086,2.888,90.0,3.606,446,438,123.69,3.0,11.499597314058091,3.955380044270833,3.701599989583333,4.6218731171875,3.8451523437499997,3.826454549076717
3659,2,2.596,0.981,135.0,2.828,467,438,135.0,1.414,3.285599232588026,3.327338494791667,1.2573648164062499,3.624696942708333,1.8123484713541664,2.0453259898153786
3660,3,2.365,1.615,45.0,2.828,470,440,45.0,2.0,4.928398848882039,3.0312617643229167,2.069973678385417,3.624696942708333,2.5634348958333333,2.5050025163503102
3661,3,2.365,1.615,135.0,2.828,3405,438,135.0,2.0,4.928398848882039,3.0312617643229167,2.069973678385417,3.624696942708333,2.5634348958333333,2.5050025163503102
3662,1,1.128,1.128,0.0,1.414,3475,438,135.0,1.0,1.642799616294013,1.4457772812499998,1.4457772812499998,1.8123484713541664,1.2817174479166666,1.4462638771355416
3663,8,4.514,2.257,90.0,4.472,3492,438,116.565,2.0,13.142396930352104,5.785672559895834,2.892836279947917,5.731840427083334,2.5634348958333333,4.090651979630757
3664,2,2.257,1.128,90.0,2.236,3501,438,116.565,1.0,3.285599232588026,2.892836279947917,1.4457772812499998,2.865920213541667,1.2817174479166666,2.0453259898153786
3665,16,6.484,3.142,51.321,7.211,3530,444,33.69,4.4,26.28479386070421,8.310655932291667,4.027156221354167,9.242464516927084,5.639556770833334,5.785055508542166
3666,16,5.07,4.018,63.999,5.831,3593,443,59.036,4.0,26.28479386070421,6.4983074609375,5.149940705729167,7.473694438802084,5.126869791666667,5.785055508542166
3667,21,6.189,4.32,50.961,7.211,3622,444,33.69,5.547,34.49879194217427,7.93254928515625,5.537019375,9.242464516927084,7.10968668359375,6.627613691853932
3668,38,9.968,4.854,5.906,11.402,3652,442,15.255,6.0,62.4263854191725,12.776159520833334,6.2214564921875,14.614142341145833,7.690304687499999,8.915369296202536
3669,81,12.892,8.0,159.781,18.358,380,441,150.642,11.0,133.06676891981505,16.523901338541666,10.253739583333333,23.529768908854166,14.098891927083333,13.016374894219874
3670,1,1.128,1.128,0.0,1.414,3379,439,135.0,1.0,1.642799616294013,1.4457772812499998,1.4457772812499998,1.8123484713541664,1.2817174479166666,1.4462638771355416
3671,1,1.128,1.128,0.0,1.414,3397,439,135.0,1.0,1.642799616294013,1.4457772812499998,1.4457772812499998,1.8123484713541664,1.2817174479166666,1.4462638771355416
3672,7,3.131,2.846,135.0,4.243,3505,439,135.0,3.536,11.499597314058091,4.013057329427083,3.6477678567708334,5.438327131510417,4.532152895833334,3.826454549076717
3673,2,2.257,1.128,0.0,2.236,3568,439,153.435,1.0,3.285599232588026,2.892836279947917,1.4457772812499998,2.865920213541667,1.2817174479166666,2.0453259898153786
3674,71,11.39,7.937,97.608,13.928,3581,439,111.038,10.733,116.63877275687493,14.598761731770834,10.172991384114583,17.851760614583334,13.756673368489583,12.186436040278805
3675,4,2.257,2.257,0.0,2.828,3643,439,135.0,2.0,6.571198465176052,2.892836279947917,2.892836279947917,3.624696942708333,2.5634348958333333,2.892527754271083
3676,1,1.128,1.128,0.0,1.414,3676,439,135.0,1.0,1.642799616294013,1.4457772812499998,1.4457772812499998,1.8123484713541664,1.2817174479166666,1.4462638771355416
3677,3,2.365,1.615,45.0,2.828,552,442,45.0,2.0,4.928398848882039,3.0312617643229167,2.069973678385417,3.624696942708333,2.5634348958333333,2.5050025163503102
3678,4,2.257,2.257,0.0,2.828,629,440,135.0,2.0,6.571198465176052,2.892836279947917,2.892836279947917,3.624696942708333,2.5634348958333333,2.892527754271083
3679,86,10.632,10.299,36.946,13.454,734,450,41.987,10.0,141.2807670012851,13.62721990625,13.20040799609375,17.244226544270834,12.817174479166667,13.412099440371483
3680,8,3.382,3.012,135.0,5.0,3472,441,143.13,4.0,13.142396930352104,4.334768408854167,3.860532953125,6.408587239583333,5.126869791666667,4.090651979630757
3681,106,14.519,9.296,89.942,20.1,3664,440,95.711,12.885,174.13675932716538,18.609255626302083,11.914845395833332,25.762520703125002,16.51492931640625,14.890197965257402
3682,59,11.49,6.538,135.585,13.601,509,441,126.027,8.321,96.92517736134677,14.7269334765625,8.379868674479166,17.432639009114585,10.665170884114582,11.108963630155632
3683,5,3.998,1.592,36.323,5.0,3460,444,36.87,2.496,8.213998081470065,5.124306356770833,2.0404941770833336,6.408587239583333,3.19916675,3.2339443426774745
3684,1,1.128,1.128,0.0,1.414,3478,441,135.0,1.0,1.642799616294013,1.4457772812499998,1.4457772812499998,1.8123484713541664,1.2817174479166666,1.4462638771355416
3685,1,1.128,1.128,0.0,1.414,3512,441,135.0,1.0,1.642799616294013,1.4457772812499998,1.4457772812499998,1.8123484713541664,1.2817174479166666,1.4462638771355416
3686,3,2.365,1.615,135.0,2.828,3556,441,135.0,2.0,4.928398848882039,3.0312617643229167,2.069973678385417,3.624696942708333,2.5634348958333333,2.5050025163503102
3687,143,16.54,11.008,139.4,23.345,363,442,136.736,15.556,234.92034513004387,21.199606588541666,14.109145666666665,29.921693821614582,19.938396619791664,17.29480054611557
3688,3,2.365,1.615,135.0,2.828,482,442,135.0,2.0,4.928398848882039,3.0312617643229167,2.069973678385417,3.624696942708333,2.5634348958333333,2.5050025163503102
3689,5,3.144,2.025,108.435,3.606,3572,442,123.69,2.0,8.213998081470065,4.02971965625,2.59547783203125,4.6218731171875,2.5634348958333333,3.2339443426774745
3690,12,5.179,2.95,85.163,5.385,3612,442,111.801,3.0,19.713595395528156,6.638014662760417,3.781066471354167,6.90204845703125,3.8451523437499997,5.0100050327006205
3691,1,1.128,1.128,0.0,1.414,269,443,135.0,1.0,1.642799616294013,1.4457772812499998,1.4457772812499998,1.8123484713541664,1.2817174479166666,1.4462638771355416
3692,1,1.128,1.128,0.0,1.414,485,443,135.0,1.0,1.642799616294013,1.4457772812499998,1.4457772812499998,1.8123484713541664,1.2817174479166666,1.4462638771355416
3693,1,1.128,1.128,0.0,1.414,3443,443,135.0,1.0,1.642799616294013,1.4457772812499998,1.4457772812499998,1.8123484713541664,1.2817174479166666,1.4462638771355416
3694,1,1.128,1.128,0.0,1.414,3607,443,135.0,1.0,1.642799616294013,1.4457772812499998,1.4457772812499998,1.8123484713541664,1.2817174479166666,1.4462638771355416
3695,22,7.023,3.989,151.193,8.602,3637,443,125.538,5.4,36.141591558468285,9.00150163671875,5.112770899739583,11.025333486979166,6.921274218750001,6.78357888217988
3696,1,1.128,1.128,0.0,1.414,3654,443,135.0,1.0,1.642799616294013,1.4457772812499998,1.4457772812499998,1.8123484713541664,1.2817174479166666,1.4462638771355416
3697,5,3.732,1.706,174.848,4.123,408,445,165.964,2.0,8.213998081470065,4.783369515625,2.1866099661458334,5.284521037760417,2.5634348958333333,3.2339443426774745
3698,1,1.128,1.128,0.0,1.414,413,444,135.0,1.0,1.642799616294013,1.4457772812499998,1.4457772812499998,1.8123484713541664,1.2817174479166666,1.4462638771355416
3699,3,2.365,1.615,135.0,2.828,3257,444,135.0,2.0,4.928398848882039,3.0312617643229167,2.069973678385417,3.624696942708333,2.5634348958333333,2.5050025163503102
3700,3,2.365,1.615,45.0,2.828,3502,446,45.0,2.0,4.928398848882039,3.0312617643229167,2.069973678385417,3.624696942708333,2.5634348958333333,2.5050025163503102
3701,1,1.128,1.128,0.0,1.414,3554,444,135.0,1.0,1.642799616294013,1.4457772812499998,1.4457772812499998,1.8123484713541664,1.2817174479166666,1.4462638771355416
3702,25,6.048,5.263,56.567,8.544,3555,452,69.444,6.345,41.069990407350325,7.751827125,6.745678928385416,10.950993875,8.13249720703125,7.231319385677708
3703,1,1.128,1.128,0.0,1.414,3303,445,135.0,1.0,1.642799616294013,1.4457772812499998,1.4457772812499998,1.8123484713541664,1.2817174479166666,1.4462638771355416
3704,6,3.718,2.055,126.87,4.243,3447,445,135.0,2.683,9.856797697764078,4.765425471354167,2.63392935546875,5.438327131510417,3.4388479127604166,3.5426085324013394
3705,17,6.546,3.307,8.994,8.246,3471,447,14.036,4.768,27.927593476998222,8.3901224140625,4.2386396002604165,10.569042075520834,6.111228791666666,5.963098727945161
3706,3,2.365,1.615,135.0,2.828,3498,445,135.0,2.0,4.928398848882039,3.0312617643229167,2.069973678385417,3.624696942708333,2.5634348958333333,2.5050025163503102
3707,6,3.973,1.923,137.72,5.0,3544,445,143.13,2.828,9.856797697764078,5.092263420572916,2.46474265234375,6.408587239583333,3.624696942708333,3.5426085324013394
3708,348,34.783,12.739,133.389,48.374,3622,446,119.745,22.627,571.6942664703165,44.58197799088542,16.32779856901042,62.001799825520834,29.001420694010413,26.97970278566613
3709,3,3.213,1.189,118.155,3.606,3632,445,123.69,1.789,4.928398848882039,4.11815816015625,1.5239620455729168,4.6218731171875,2.2929925143229166,2.5050025163503102
3710,5,3.144,2.025,161.565,3.606,3654,445,146.31,2.0,8.213998081470065,4.02971965625,2.59547783203125,4.6218731171875,2.5634348958333333,3.2339443426774745
3711,1,1.128,1.128,0.0,1.414,397,446,135.0,1.0,1.642799616294013,1.4457772812499998,1.4457772812499998,1.8123484713541664,1.2817174479166666,1.4462638771355416
3712,159,18.113,11.177,127.166,22.023,446,448,129.472,14.418,261.2051389907481,23.215748134114584,14.325755915364583,28.22726335546875,18.479802164062498,18.236693591954477
3713,2,2.257,1.128,90.0,2.236,3463,446,116.565,1.0,3.285599232588026,2.892836279947917,1.4457772812499998,2.865920213541667,1.2817174479166666,2.0453259898153786
3714,3,2.365,1.615,45.0,2.828,3524,448,45.0,2.0,4.928398848882039,3.0312617643229167,2.069973678385417,3.624696942708333,2.5634348958333333,2.5050025163503102
3715,16,5.453,3.736,146.981,7.211,3564,446,123.69,5.27,26.28479386070421,6.989205243489583,4.788496385416667,9.242464516927084,6.7546509505208325,5.785055508542166
3716,10,6.67,1.909,3.179,7.28,3567,448,15.945,2.0,16.42799616294013,8.549055377604166,2.4467986080729167,9.330903020833334,2.5634348958333333,4.573487949374228
3717,3,2.365,1.615,135.0,2.828,3588,446,135.0,2.0,4.928398848882039,3.0312617643229167,2.069973678385417,3.624696942708333,2.5634348958333333,2.5050025163503102
3718,30,7.418,5.149,77.465,8.944,3592,454,63.435,6.0,49.28398848882039,9.507780028645833,6.599563139322917,11.463680854166668,7.690304687499999,7.921513496120161
3719,25,9.002,3.536,162.144,9.487,3601,447,161.565,4.743,41.069990407350325,11.538020466145834,4.532152895833334,12.159653428385417,6.07918585546875,7.231319385677708
3720,4,2.734,1.863,0.0,3.162,3646,447,161.565,2.0,6.571198465176052,3.5042155026041666,2.38783960546875,4.0527905703125,2.5634348958333333,2.892527754271083
3721,1,1.128,1.128,0.0,1.414,175,447,135.0,1.0,1.642799616294013,1.4457772812499998,1.4457772812499998,1.8123484713541664,1.2817174479166666,1.4462638771355416
3722,11,4.525,3.095,18.521,6.708,588,451,26.565,4.0,18.070795779234142,5.799771451822917,3.9669155013020836,8.597760640625,5.126869791666667,4.796714628303253
3723,1,1.128,1.128,0.0,1.414,773,447,135.0,1.0,1.642799616294013,1.4457772812499998,1.4457772812499998,1.8123484713541664,1.2817174479166666,1.4462638771355416
3724,1,1.128,1.128,0.0,1.414,3310,447,135.0,1.0,1.642799616294013,1.4457772812499998,1.4457772812499998,1.8123484713541664,1.2817174479166666,1.4462638771355416
3725,2,2.596,0.981,45.0,2.828,3364,449,45.0,1.414,3.285599232588026,3.327338494791667,1.2573648164062499,3.624696942708333,1.8123484713541664,2.0453259898153786
3726,4,3.216,1.583,31.717,3.606,3399,449,33.69,2.0,6.571198465176052,4.1220033125,2.028958720052083,4.6218731171875,2.5634348958333333,2.892527754271083
3727,1,1.128,1.128,0.0,1.414,3726,447,135.0,1.0,1.642799616294013,1.4457772812499998,1.4457772812499998,1.8123484713541664,1.2817174479166666,1.4462638771355416
3728,13,5.089,3.252,52.387,5.831,433,453,59.036,4.0,21.35639501182217,6.522660092447917,4.168145140625,7.473694438802084,5.126869791666667,5.214578566863546
3729,4,2.257,2.257,0.0,2.828,3424,448,135.0,2.0,6.571198465176052,2.892836279947917,2.892836279947917,3.624696942708333,2.5634348958333333,2.892527754271083
3730,2,2.257,1.128,0.0,2.236,3467,448,153.435,1.0,3.285599232588026,2.892836279947917,1.4457772812499998,2.865920213541667,1.2817174479166666,2.0453259898153786
3731,2,2.596,0.981,135.0,2.828,3493,448,135.0,1.414,3.285599232588026,3.327338494791667,1.2573648164062499,3.624696942708333,1.8123484713541664,2.0453259898153786
3732,3,3.385,1.128,90.0,3.162,3529,448,108.435,1.0,4.928398848882039,4.338613561197916,1.4457772812499998,4.0527905703125,1.2817174479166666,2.5050025163503102
3733,9,5.162,2.22,68.085,5.831,3618,453,59.036,3.0,14.785196546646118,6.616225466145833,2.845412734375,7.473694438802084,3.8451523437499997,4.338791631406624
3734,1,1.128,1.128,0.0,1.414,3651,448,135.0,1.0,1.642799616294013,1.4457772812499998,1.4457772812499998,1.8123484713541664,1.2817174479166666,1.4462638771355416
3735,1,1.128,1.128,0.0,1.414,426,449,135.0,1.0,1.642799616294013,1.4457772812499998,1.4457772812499998,1.8123484713541664,1.2817174479166666,1.4462638771355416
3736,1,1.128,1.128,0.0,1.414,863,449,135.0,1.0,1.642799616294013,1.4457772812499998,1.4457772812499998,1.8123484713541664,1.2817174479166666,1.4462638771355416
3737,8,3.978,2.56,155.593,4.472,3455,450,153.435,3.0,13.142396930352104,5.0986720078125005,3.2811966666666668,5.731840427083334,3.8451523437499997,4.090651979630757
3738,4,2.257,2.257,0.0,2.828,3612,449,135.0,2.0,6.571198465176052,2.892836279947917,2.892836279947917,3.624696942708333,2.5634348958333333,2.892527754271083
3739,14,5.115,3.485,126.027,5.831,3635,449,120.964,4.0,22.999194628116182,6.55598474609375,4.466785305989583,7.473694438802084,5.126869791666667,5.411423919108519
3740,17,5.208,4.156,148.506,6.403,3676,449,128.66,5.0,27.927593476998222,6.67518446875,5.326817713541666,8.206836819010416,6.408587239583333,5.963098727945161
3741,3,2.365,1.615,45.0,2.828,330,452,45.0,2.0,4.928398848882039,3.0312617643229167,2.069973678385417,3.624696942708333,2.5634348958333333,2.5050025163503102
3742,86,16.495,6.638,86.246,20.1,333,450,95.711,9.371,141.2807670012851,21.141929303385417,8.508040419270833,25.762520703125002,12.010974204427084,13.412099440371483
3743,240,25.477,11.994,5.679,41.773,629,468,11.041,20.329,394.27190791056313,32.654315420572914,15.3729190703125,53.54118295182292,26.056033998697917,22.405423641469287
3744,8,4.124,2.47,172.875,5.0,3362,450,143.13,3.0,13.142396930352104,5.285802755208333,3.165842096354167,6.408587239583333,3.8451523437499997,4.090651979630757
3745,8,4.514,2.257,90.0,4.472,3416,450,116.565,2.0,13.142396930352104,5.785672559895834,2.892836279947917,5.731840427083334,2.5634348958333333,4.090651979630757
3746,2,2.257,1.128,90.0,2.236,3471,450,116.565,1.0,3.285599232588026,2.892836279947917,1.4457772812499998,2.865920213541667,1.2817174479166666,2.0453259898153786
3747,7,3.507,2.542,59.527,4.243,3537,453,45.0,3.0,11.499597314058091,4.49498308984375,3.2581257526041663,5.438327131510417,3.8451523437499997,3.826454549076717
3748,2,2.257,1.128,90.0,2.236,440,451,116.565,1.0,3.285599232588026,2.892836279947917,1.4457772812499998,2.865920213541667,1.2817174479166666,2.0453259898153786
3749,1,1.128,1.128,0.0,1.414,3323,451,135.0,1.0,1.642799616294013,1.4457772812499998,1.4457772812499998,1.8123484713541664,1.2817174479166666,1.4462638771355416
3750,8,4.544,2.242,153.967,5.831,3430,451,149.036,3.0,13.142396930352104,5.8241240833333325,2.8736105182291665,7.473694438802084,3.8451523437499997,4.090651979630757
3751,1,1.128,1.128,0.0,1.414,3468,451,135.0,1.0,1.642799616294013,1.4457772812499998,1.4457772812499998,1.8123484713541664,1.2817174479166666,1.4462638771355416
3752,16,6.604,3.085,136.447,8.602,3492,451,144.462,5.466,26.28479386070421,8.464462026041666,3.9540983268229164,11.025333486979166,7.0058675703125,5.785055508542166
3753,3,3.385,1.128,0.0,3.162,3670,451,161.565,1.0,4.928398848882039,4.338613561197916,1.4457772812499998,4.0527905703125,1.2817174479166666,2.5050025163503102
3754,1,1.128,1.128,0.0,1.414,303,452,135.0,1.0,1.642799616294013,1.4457772812499998,1.4457772812499998,1.8123484713541664,1.2817174479166666,1.4462638771355416
3755,10,3.885,3.277,122.443,5.0,388,453,143.13,4.0,16.42799616294013,4.97947228515625,4.200188076822917,6.408587239583333,5.126869791666667,4.573487949374228
3756,4,2.257,2.257,0.0,2.828,540,452,135.0,2.0,6.571198465176052,2.892836279947917,2.892836279947917,3.624696942708333,2.5634348958333333,2.892527754271083
3757,129,19.437,8.45,57.357,21.19,680,472,70.71,12.203,211.92115050192768,24.912742035156253,10.830512434895832,27.15959272135417,15.640798016927082,16.426400004188977
3758,3,2.365,1.615,45.0,2.828,3352,454,45.0,2.0,4.928398848882039,3.0312617643229167,2.069973678385417,3.624696942708333,2.5634348958333333,2.5050025163503102
3759,3,2.365,1.615,135.0,2.828,3466,452,135.0,2.0,4.928398848882039,3.0312617643229167,2.069973678385417,3.624696942708333,2.5634348958333333,2.5050025163503102
3760,12,4.24,3.604,100.278,5.0,3541,452,126.87,4.0,19.713595395528156,5.434481979166667,4.619309682291667,6.408587239583333,5.126869791666667,5.0100050327006205
3761,6,2.93,2.607,63.435,3.606,3643,452,123.69,3.0,9.856797697764078,3.7554321223958333,3.3414373867187503,4.6218731171875,3.8451523437499997,3.5426085324013394
3762,2,2.257,1.128,0.0,2.236,484,453,153.435,1.0,3.285599232588026,2.892836279947917,1.4457772812499998,2.865920213541667,1.2817174479166666,2.0453259898153786
3763,592,54.205,13.906,107.935,62.642,528,454,106.699,20.248,972.5373728460557,69.47549426432292,17.823562830729166,80.28934437239583,25.952214885416666,35.1891188830556
3764,2,2.596,0.981,135.0,2.828,676,453,135.0,1.414,3.285599232588026,3.327338494791667,1.2573648164062499,3.624696942708333,1.8123484713541664,2.0453259898153786
3765,3,3.213,1.189,61.845,3.606,3271,456,56.31,1.789,4.928398848882039,4.11815816015625,1.5239620455729168,4.6218731171875,2.2929925143229166,2.5050025163503102
3766,1,1.128,1.128,0.0,1.414,3401,453,135.0,1.0,1.642799616294013,1.4457772812499998,1.4457772812499998,1.8123484713541664,1.2817174479166666,1.4462638771355416
3767,5,3.732,1.706,121.717,4.243,3404,453,135.0,2.236,8.213998081470065,4.783369515625,2.1866099661458334,5.438327131510417,2.865920213541667,3.2339443426774745
3768,1,1.128,1.128,0.0,1.414,3447,453,135.0,1.0,1.642799616294013,1.4457772812499998,1.4457772812499998,1.8123484713541664,1.2817174479166666,1.4462638771355416
3769,1,1.128,1.128,0.0,1.414,3490,453,135.0,1.0,1.642799616294013,1.4457772812499998,1.4457772812499998,1.8123484713541664,1.2817174479166666,1.4462638771355416
3770,1,1.128,1.128,0.0,1.414,3690,453,135.0,1.0,1.642799616294013,1.4457772812499998,1.4457772812499998,1.8123484713541664,1.2817174479166666,1.4462638771355416
3771,8,3.978,2.56,24.407,4.472,302,456,26.565,3.0,13.142396930352104,5.0986720078125005,3.2811966666666668,5.731840427083334,3.8451523437499997,4.090651979630757
3772,1,1.128,1.128,0.0,1.414,537,454,135.0,1.0,1.642799616294013,1.4457772812499998,1.4457772812499998,1.8123484713541664,1.2817174479166666,1.4462638771355416
3773,3,2.365,1.615,45.0,2.828,3362,456,45.0,2.0,4.928398848882039,3.0312617643229167,2.069973678385417,3.624696942708333,2.5634348958333333,2.5050025163503102
3774,1,1.128,1.128,0.0,1.414,3457,454,135.0,1.0,1.642799616294013,1.4457772812499998,1.4457772812499998,1.8123484713541664,1.2817174479166666,1.4462638771355416
3775,102,21.434,6.059,170.909,25.962,3545,457,164.358,9.167,167.56556086198933,27.472331778645835,7.765926016927083,33.2759483828125,11.749503845052082,14.606549169305087
3776,54,10.015,6.865,90.0,11.662,3574,454,120.964,8.0,88.7111792798767,12.836400240885418,8.798990279947917,14.947388877604167,10.253739583333333,10.62782559720402
3777,3,3.213,1.189,118.155,3.606,3581,454,123.69,1.789,4.928398848882039,4.11815816015625,1.5239620455729168,4.6218731171875,2.2929925143229166,2.5050025163503102
3778,44,11.213,4.996,125.073,13.454,398,456,131.987,6.946,72.28318311693657,14.371897743489582,6.403460369791667,17.244226544270834,8.902809393229166,9.593429256606505
3779,2,2.257,1.128,0.0,2.236,410,455,153.435,1.0,3.285599232588026,2.892836279947917,1.4457772812499998,2.865920213541667,1.2817174479166666,2.0453259898153786
3780,3,2.365,1.615,135.0,2.828,416,455,135.0,2.0,4.928398848882039,3.0312617643229167,2.069973678385417,3.624696942708333,2.5634348958333333,2.5050025163503102
3781,11,5.072,2.762,164.46,5.831,423,455,149.036,3.638,18.070795779234142,6.500870895833334,3.5401035911458334,7.473694438802084,4.662888075520833,4.796714628303253
3782,1,1.128,1.128,0.0,1.414,679,455,135.0,1.0,1.642799616294013,1.4457772812499998,1.4457772812499998,1.8123484713541664,1.2817174479166666,1.4462638771355416
3783,3,3.385,1.128,0.0,3.162,3298,455,161.565,1.0,4.928398848882039,4.338613561197916,1.4457772812499998,4.0527905703125,1.2817174479166666,2.5050025163503102
3784,1,1.128,1.128,0.0,1.414,3413,455,135.0,1.0,1.642799616294013,1.4457772812499998,1.4457772812499998,1.8123484713541664,1.2817174479166666,1.4462638771355416
3785,1,1.128,1.128,0.0,1.414,3482,455,135.0,1.0,1.642799616294013,1.4457772812499998,1.4457772812499998,1.8123484713541664,1.2817174479166666,1.4462638771355416
3786,1,1.128,1.128,0.0,1.414,3507,455,135.0,1.0,1.642799616294013,1.4457772812499998,1.4457772812499998,1.8123484713541664,1.2817174479166666,1.4462638771355416
3787,32,9.249,4.405,34.954,11.402,3531,462,37.875,6.364,52.56958772140842,11.85460467578125,5.6459653580729166,14.614142341145833,8.156849838541666,8.181303959261514
3788,86,13.281,8.245,40.86,19.723,3598,472,59.534,11.6,141.2807670012851,17.02248942578125,10.567760358072915,25.279313225260413,14.867922395833332,13.412099440371483
3789,31,8.783,4.494,92.422,11.402,3611,455,105.255,6.0,50.926788105114404,11.257324345052082,5.760038210937499,14.614142341145833,7.690304687499999,8.052456474363645
3790,2,2.257,1.128,0.0,2.236,3654,455,153.435,1.0,3.285599232588026,2.892836279947917,1.4457772812499998,2.865920213541667,1.2817174479166666,2.0453259898153786
3791,4,2.734,1.863,90.0,3.162,3385,456,108.435,2.0,6.571198465176052,3.5042155026041666,2.38783960546875,4.0527905703125,2.5634348958333333,2.892527754271083
3792,3,2.365,1.615,45.0,2.828,3420,458,45.0,2.0,4.928398848882039,3.0312617643229167,2.069973678385417,3.624696942708333,2.5634348958333333,2.5050025163503102
3793,4,3.216,1.583,31.717,3.606,3457,458,33.69,2.0,6.571198465176052,4.1220033125,2.028958720052083,4.6218731171875,2.5634348958333333,2.892527754271083
3794,1,1.128,1.128,0.0,1.414,3471,456,135.0,1.0,1.642799616294013,1.4457772812499998,1.4457772812499998,1.8123484713541664,1.2817174479166666,1.4462638771355416
3795,1,1.128,1.128,0.0,1.414,3528,456,135.0,1.0,1.642799616294013,1.4457772812499998,1.4457772812499998,1.8123484713541664,1.2817174479166666,1.4462638771355416
3796,2,2.257,1.128,0.0,2.236,775,457,153.435,1.0,3.285599232588026,2.892836279947917,1.4457772812499998,2.865920213541667,1.2817174479166666,2.0453259898153786
3797,1,1.128,1.128,0.0,1.414,3449,457,135.0,1.0,1.642799616294013,1.4457772812499998,1.4457772812499998,1.8123484713541664,1.2817174479166666,1.4462638771355416
3798,6,3.718,2.055,53.13,4.243,3592,460,45.0,2.683,9.856797697764078,4.765425471354167,2.63392935546875,5.438327131510417,3.4388479127604166,3.5426085324013394
3799,5,3.732,1.706,84.848,4.123,3636,457,104.036,2.0,8.213998081470065,4.783369515625,2.1866099661458334,5.284521037760417,2.5634348958333333,3.2339443426774745
3800,1,1.128,1.128,0.0,1.414,3638,457,135.0,1.0,1.642799616294013,1.4457772812499998,1.4457772812499998,1.8123484713541664,1.2817174479166666,1.4462638771355416
3801,5,3.732,1.706,58.283,4.243,3730,460,45.0,2.236,8.213998081470065,4.783369515625,2.1866099661458334,5.438327131510417,2.865920213541667,3.2339443426774745
3802,3,2.365,1.615,45.0,2.828,296,460,45.0,2.0,4.928398848882039,3.0312617643229167,2.069973678385417,3.624696942708333,2.5634348958333333,2.5050025163503102
3803,1,1.128,1.128,0.0,1.414,313,458,135.0,1.0,1.642799616294013,1.4457772812499998,1.4457772812499998,1.8123484713541664,1.2817174479166666,1.4462638771355416
3804,7,4.439,2.008,50.988,5.0,476,462,36.87,2.828,11.499597314058091,5.689543751302083,2.5736886354166666,6.408587239583333,3.624696942708333,3.826454549076717
3805,1,1.128,1.128,0.0,1.414,3469,458,135.0,1.0,1.642799616294013,1.4457772812499998,1.4457772812499998,1.8123484713541664,1.2817174479166666,1.4462638771355416
3806,3,3.385,1.128,90.0,3.162,3701,458,108.435,1.0,4.928398848882039,4.338613561197916,1.4457772812499998,4.0527905703125,1.2817174479166666,2.5050025163503102
3807,1,1.128,1.128,0.0,1.414,3709,458,135.0,1.0,1.642799616294013,1.4457772812499998,1.4457772812499998,1.8123484713541664,1.2817174479166666,1.4462638771355416
3808,4,2.257,2.257,0.0,2.828,338,459,135.0,2.0,6.571198465176052,2.892836279947917,2.892836279947917,3.624696942708333,2.5634348958333333,2.892527754271083
3809,2,2.257,1.128,0.0,2.236,618,459,153.435,1.0,3.285599232588026,2.892836279947917,1.4457772812499998,2.865920213541667,1.2817174479166666,2.0453259898153786
3810,1,1.128,1.128,0.0,1.414,707,459,135.0,1.0,1.642799616294013,1.4457772812499998,1.4457772812499998,1.8123484713541664,1.2817174479166666,1.4462638771355416
3811,7,5.013,1.778,7.141,6.325,773,461,18.435,2.746,11.499597314058091,6.42524956640625,2.278893622395833,8.106862858072917,3.5195961119791668,3.826454549076717
3812,4,2.734,1.863,90.0,3.162,3377,459,108.435,2.0,6.571198465176052,3.5042155026041666,2.38783960546875,4.0527905703125,2.5634348958333333,2.892527754271083
3813,11,3.924,3.569,54.992,5.0,3422,463,36.87,4.0,18.070795779234142,5.0294592656249995,4.574449571614583,6.408587239583333,5.126869791666667,4.796714628303253
3814,8,4.501,2.263,158.645,5.0,3506,459,143.13,2.846,13.142396930352104,5.769010233072917,2.9005265846354167,6.408587239583333,3.6477678567708334,4.090651979630757
3815,23,11.062,2.647,123.413,12.53,3526,459,118.61,4.341,37.7843911747623,14.178358408854166,3.3927060846354165,16.05991962239583,5.56393544140625,6.936037892995103
3816,1,1.128,1.128,0.0,1.414,3583,459,135.0,1.0,1.642799616294013,1.4457772812499998,1.4457772812499998,1.8123484713541664,1.2817174479166666,1.4462638771355416
3817,12,4.735,3.227,11.886,6.325,368,461,161.565,4.0,19.713595395528156,6.068932115885417,4.136102204427083,8.106862858072917,5.126869791666667,5.0100050327006205
3818,3,2.365,1.615,135.0,2.828,482,460,135.0,2.0,4.928398848882039,3.0312617643229167,2.069973678385417,3.624696942708333,2.5634348958333333,2.5050025163503102
3819,3,2.365,1.615,45.0,2.828,3416,462,45.0,2.0,4.928398848882039,3.0312617643229167,2.069973678385417,3.624696942708333,2.5634348958333333,2.5050025163503102
3820,2,2.596,0.981,135.0,2.828,3457,460,135.0,1.414,3.285599232588026,3.327338494791667,1.2573648164062499,3.624696942708333,1.8123484713541664,2.0453259898153786
3821,2,2.257,1.128,90.0,2.236,3479,460,116.565,1.0,3.285599232588026,2.892836279947917,1.4457772812499998,2.865920213541667,1.2817174479166666,2.0453259898153786
3822,2,2.257,1.128,90.0,2.236,3590,460,116.565,1.0,3.285599232588026,2.892836279947917,1.4457772812499998,2.865920213541667,1.2817174479166666,2.0453259898153786
3823,1,1.128,1.128,0.0,1.414,420,461,135.0,1.0,1.642799616294013,1.4457772812499998,1.4457772812499998,1.8123484713541664,1.2817174479166666,1.4462638771355416
3824,1,1.128,1.128,0.0,1.414,429,461,135.0,1.0,1.642799616294013,1.4457772812499998,1.4457772812499998,1.8123484713541664,1.2817174479166666,1.4462638771355416
3825,133,21.101,8.025,107.049,24.739,608,461,104.036,15.101,218.49234896710374,27.04551986848958,10.285782519531251,31.708407944010418,19.355215180989585,16.679128691476905
3826,2,2.257,1.128,90.0,2.236,671,461,116.565,1.0,3.285599232588026,2.892836279947917,1.4457772812499998,2.865920213541667,1.2817174479166666,2.0453259898153786
3827,15,6.085,3.139,157.34,7.28,387,464,164.055,4.0,24.641994244410196,7.799250670572916,4.023311069010417,9.330903020833334,5.126869791666667,5.601355910367322
3828,6,4.134,1.848,77.067,4.472,409,466,63.435,2.0,9.856797697764078,5.298619929687501,2.36861384375,5.731840427083334,2.5634348958333333,3.5426085324013394
3829,12,4.453,3.431,176.677,5.831,412,466,30.964,4.0,19.713595395528156,5.707487795572917,4.3975725638020835,7.473694438802084,5.126869791666667,5.0100050327006205
3830,1,1.128,1.128,0.0,1.414,488,462,135.0,1.0,1.642799616294013,1.4457772812499998,1.4457772812499998,1.8123484713541664,1.2817174479166666,1.4462638771355416
3831,66,14.633,5.743,97.22,17.088,724,462,110.556,8.42,108.42477467540486,18.755371415364582,7.360903303385417,21.90198775,10.792060911458334,11.749503281086843
3832,1,1.128,1.128,0.0,1.414,3483,462,135.0,1.0,1.642799616294013,1.4457772812499998,1.4457772812499998,1.8123484713541664,1.2817174479166666,1.4462638771355416
3833,6,3.988,1.916,108.435,4.472,3546,462,116.565,2.0,9.856797697764078,5.111489182291667,2.4557706302083333,5.731840427083334,2.5634348958333333,3.5426085324013394
3834,1,1.128,1.128,0.0,1.414,361,463,135.0,1.0,1.642799616294013,1.4457772812499998,1.4457772812499998,1.8123484713541664,1.2817174479166666,1.4462638771355416
3835,7,3.69,2.416,33.401,4.472,363,465,26.565,3.0,11.499597314058091,4.7295373828125,3.0966293541666663,5.731840427083334,3.8451523437499997,3.826454549076717
3836,10,4.611,2.762,18.435,5.657,540,467,45.0,3.638,16.42799616294013,5.909999152343749,3.5401035911458334,7.250675602864583,4.662888075520833,4.573487949374228
3837,3,2.365,1.615,45.0,2.828,3400,465,45.0,2.0,4.928398848882039,3.0312617643229167,2.069973678385417,3.624696942708333,2.5634348958333333,2.5050025163503102
3838,9,5.647,2.029,151.759,6.708,3430,463,153.435,3.0,14.785196546646118,7.237858428385417,2.6006047018229164,8.597760640625,3.8451523437499997,4.338791631406624
3839,1,1.128,1.128,0.0,1.414,3495,463,135.0,1.0,1.642799616294013,1.4457772812499998,1.4457772812499998,1.8123484713541664,1.2817174479166666,1.4462638771355416
3840,3,3.213,1.189,118.155,3.606,3523,463,123.69,1.789,4.928398848882039,4.11815816015625,1.5239620455729168,4.6218731171875,2.2929925143229166,2.5050025163503102
3841,5,4.183,1.522,79.099,4.472,346,468,63.435,2.0,8.213998081470065,5.361424084635416,1.9507739557291666,5.731840427083334,2.5634348958333333,3.2339443426774745
3842,4,3.192,1.596,161.565,3.606,382,464,146.31,2.0,6.571198465176052,4.09124209375,2.045621046875,4.6218731171875,2.5634348958333333,2.892527754271083
3843,2,2.257,1.128,0.0,2.236,734,464,153.435,1.0,3.285599232588026,2.892836279947917,1.4457772812499998,2.865920213541667,1.2817174479166666,2.0453259898153786
3844,2,2.596,0.981,45.0,2.828,3478,466,45.0,1.414,3.285599232588026,3.327338494791667,1.2573648164062499,3.624696942708333,1.8123484713541664,2.0453259898153786
3845,28,7.544,4.725,94.378,9.487,3516,464,108.435,6.0,45.998389256232365,9.669276427083332,6.05611494140625,12.159653428385417,7.690304687499999,7.652909098153434
3846,26,7.117,4.651,49.314,8.944,3554,472,63.435,6.8,42.71279002364434,9.121983076822916,5.961267850260416,11.463680854166668,8.715678645833332,7.374527731318484
3847,10,5.814,2.19,4.051,7.071,3579,465,171.87,3.0,16.42799616294013,7.4519052421875,2.8069612109374997,9.063024074218749,3.8451523437499997,4.573487949374228
3848,2,2.257,1.128,90.0,2.236,265,465,116.565,1.0,3.285599232588026,2.892836279947917,1.4457772812499998,2.865920213541667,1.2817174479166666,2.0453259898153786
3849,1,1.128,1.128,0.0,1.414,292,465,135.0,1.0,1.642799616294013,1.4457772812499998,1.4457772812499998,1.8123484713541664,1.2817174479166666,1.4462638771355416
3850,3,2.365,1.615,135.0,2.828,356,465,135.0,2.0,4.928398848882039,3.0312617643229167,2.069973678385417,3.624696942708333,2.5634348958333333,2.5050025163503102
3851,1,1.128,1.128,0.0,1.414,3402,465,135.0,1.0,1.642799616294013,1.4457772812499998,1.4457772812499998,1.8123484713541664,1.2817174479166666,1.4462638771355416
3852,1,1.128,1.128,0.0,1.414,3475,465,135.0,1.0,1.642799616294013,1.4457772812499998,1.4457772812499998,1.8123484713541664,1.2817174479166666,1.4462638771355416
3853,2,2.596,0.981,45.0,2.828,3587,467,45.0,1.414,3.285599232588026,3.327338494791667,1.2573648164062499,3.624696942708333,1.8123484713541664,2.0453259898153786
3854,8,4.249,2.397,179.488,6.325,339,467,161.565,3.638,13.142396930352104,5.446017436197916,3.0722767226562495,8.106862858072917,4.662888075520833,4.090651979630757
3855,7,4.304,2.071,71.565,5.0,369,470,53.13,2.846,11.499597314058091,5.516511895833333,2.654436834635417,6.408587239583333,3.6477678567708334,3.826454549076717
3856,21,6.419,4.165,1.325,7.211,422,466,146.31,4.0,34.49879194217427,8.227344298177083,5.338353170572916,9.242464516927084,5.126869791666667,6.627613691853932
3857,378,36.092,13.335,77.555,41.785,445,505,68.962,19.857,620.978254959137,46.25974613020833,17.09170216796875,53.55656356119791,25.45106336328125,28.118583507568346
3858,81,11.42,9.031,74.605,14.56,592,472,164.055,11.8,133.06676891981505,14.637213255208334,11.575190272135417,18.66180604166667,15.124265885416667,13.016374894219874
3859,1,1.128,1.128,0.0,1.414,3365,466,135.0,1.0,1.642799616294013,1.4457772812499998,1.4457772812499998,1.8123484713541664,1.2817174479166666,1.4462638771355416
3860,1,1.128,1.128,0.0,1.414,3405,466,135.0,1.0,1.642799616294013,1.4457772812499998,1.4457772812499998,1.8123484713541664,1.2817174479166666,1.4462638771355416
3861,1,1.128,1.128,0.0,1.414,3449,466,135.0,1.0,1.642799616294013,1.4457772812499998,1.4457772812499998,1.8123484713541664,1.2817174479166666,1.4462638771355416
3862,135,21.279,8.078,151.176,26.077,358,468,147.529,12.522,221.77794819969176,27.27366557421875,10.353713544270832,33.42334588932292,16.0496658828125,16.804067731101966
3863,2,2.257,1.128,0.0,2.236,380,467,153.435,1.0,3.285599232588026,2.892836279947917,1.4457772812499998,2.865920213541667,1.2817174479166666,2.0453259898153786
3864,1,1.128,1.128,0.0,1.414,3453,467,135.0,1.0,1.642799616294013,1.4457772812499998,1.4457772812499998,1.8123484713541664,1.2817174479166666,1.4462638771355416
3865,1,1.128,1.128,0.0,1.414,3475,467,135.0,1.0,1.642799616294013,1.4457772812499998,1.4457772812499998,1.8123484713541664,1.2817174479166666,1.4462638771355416
3866,1,1.128,1.128,0.0,1.414,3576,467,135.0,1.0,1.642799616294013,1.4457772812499998,1.4457772812499998,1.8123484713541664,1.2817174479166666,1.4462638771355416
3867,1,1.128,1.128,0.0,1.414,3590,467,135.0,1.0,1.642799616294013,1.4457772812499998,1.4457772812499998,1.8123484713541664,1.2817174479166666,1.4462638771355416
3868,3,2.365,1.615,45.0,2.828,327,470,45.0,2.0,4.928398848882039,3.0312617643229167,2.069973678385417,3.624696942708333,2.5634348958333333,2.5050025163503102
3869,1,1.128,1.128,0.0,1.414,3319,468,135.0,1.0,1.642799616294013,1.4457772812499998,1.4457772812499998,1.8123484713541664,1.2817174479166666,1.4462638771355416
3870,2,2.257,1.128,90.0,2.236,3403,468,116.565,1.0,3.285599232588026,2.892836279947917,1.4457772812499998,2.865920213541667,1.2817174479166666,2.0453259898153786
3871,2,2.257,1.128,90.0,2.236,3437,468,116.565,1.0,3.285599232588026,2.892836279947917,1.4457772812499998,2.865920213541667,1.2817174479166666,2.0453259898153786
3872,3,3.385,1.128,90.0,3.162,3447,468,108.435,1.0,4.928398848882039,4.338613561197916,1.4457772812499998,4.0527905703125,1.2817174479166666,2.5050025163503102
3873,98,16.747,7.451,82.719,21.541,3534,488,68.199,9.7,160.99436239681327,21.464922100260416,9.550076704427083,27.609475545572916,12.432659244791665,14.317281928707649
3874,1,1.128,1.128,0.0,1.414,373,469,135.0,1.0,1.642799616294013,1.4457772812499998,1.4457772812499998,1.8123484713541664,1.2817174479166666,1.4462638771355416
3875,4,2.838,1.795,135.0,3.606,383,469,123.69,2.683,6.571198465176052,3.6375141171875,2.3006828190104165,4.6218731171875,3.4388479127604166,2.892527754271083
3876,3,3.213,1.189,118.155,3.606,409,469,123.69,1.789,4.928398848882039,4.11815816015625,1.5239620455729168,4.6218731171875,2.2929925143229166,2.5050025163503102
3877,6,4.339,1.761,144.751,5.0,488,469,143.13,2.683,9.856797697764078,5.5613720065104175,2.25710442578125,6.408587239583333,3.4388479127604166,3.5426085324013394
3878,1,1.128,1.128,0.0,1.414,632,469,135.0,1.0,1.642799616294013,1.4457772812499998,1.4457772812499998,1.8123484713541664,1.2817174479166666,1.4462638771355416
3879,157,15.747,12.695,93.061,19.849,637,471,130.914,16.0,257.91953975816006,20.18320465234375,16.271403001302083,25.440809623697916,20.507479166666666,18.12163443959234
3880,2,2.257,1.128,0.0,2.236,3348,469,153.435,1.0,3.285599232588026,2.892836279947917,1.4457772812499998,2.865920213541667,1.2817174479166666,2.0453259898153786
3881,10,4.612,2.761,175.97,5.385,3522,472,21.801,3.0,16.42799616294013,5.911280869791667,3.5388218736979167,6.90204845703125,3.8451523437499997,4.573487949374228
3882,1,1.128,1.128,0.0,1.414,3561,469,135.0,1.0,1.642799616294013,1.4457772812499998,1.4457772812499998,1.8123484713541664,1.2817174479166666,1.4462638771355416
3883,70,16.437,5.422,39.137,20.0,3598,482,36.87,9.192,114.99597314058092,21.06758969140625,6.949472002604166,25.634348958333334,11.78154678125,12.100311738194971
3884,26,6.428,5.15,178.271,7.81,3618,470,140.194,5.883,42.71279002364434,8.238879755208334,6.600844856770833,10.010213268229165,7.5403437460937495,7.374527731318484
3885,5,3.144,2.025,18.435,3.606,3644,471,33.69,2.0,8.213998081470065,4.02971965625,2.59547783203125,4.6218731171875,2.5634348958333333,3.2339443426774745
3886,3,2.365,1.615,135.0,2.828,391,470,135.0,2.0,4.928398848882039,3.0312617643229167,2.069973678385417,3.624696942708333,2.5634348958333333,2.5050025163503102
3887,2,2.257,1.128,90.0,2.236,405,470,116.565,1.0,3.285599232588026,2.892836279947917,1.4457772812499998,2.865920213541667,1.2817174479166666,2.0453259898153786
3888,11,4.675,2.996,125.008,5.657,414,470,135.0,3.883,18.070795779234142,5.9920290690104165,3.8400254739583333,7.250675602864583,4.976908850260417,4.796714628303253
3889,4,2.734,1.863,90.0,3.162,615,470,108.435,2.0,6.571198465176052,3.5042155026041666,2.38783960546875,4.0527905703125,2.5634348958333333,2.892527754271083
3890,2,2.257,1.128,90.0,2.236,3317,470,116.565,1.0,3.285599232588026,2.892836279947917,1.4457772812499998,2.865920213541667,1.2817174479166666,2.0453259898153786
3891,40,11.821,4.309,142.946,15.0,3462,471,143.13,6.379,65.71198465176052,15.151181951822917,5.522920483072917,19.22576171875,8.176075600260416,9.146975898748456
3892,2,2.257,1.128,0.0,2.236,3580,470,153.435,1.0,3.285599232588026,2.892836279947917,1.4457772812499998,2.865920213541667,1.2817174479166666,2.0453259898153786
3893,1,1.128,1.128,0.0,1.414,3641,470,135.0,1.0,1.642799616294013,1.4457772812499998,1.4457772812499998,1.8123484713541664,1.2817174479166666,1.4462638771355416
3894,1,1.128,1.128,0.0,1.414,338,471,135.0,1.0,1.642799616294013,1.4457772812499998,1.4457772812499998,1.8123484713541664,1.2817174479166666,1.4462638771355416
3895,13,5.979,2.768,58.163,8.062,478,478,60.255,4.0,21.35639501182217,7.66338862109375,3.547793895833333,10.333206065104166,5.126869791666667,5.214578566863546
3896,2,2.257,1.128,90.0,2.236,3364,471,116.565,1.0,3.285599232588026,2.892836279947917,1.4457772812499998,2.865920213541667,1.2817174479166666,2.0453259898153786
3897,2,2.257,1.128,0.0,2.236,3487,471,153.435,1.0,3.285599232588026,2.892836279947917,1.4457772812499998,2.865920213541667,1.2817174479166666,2.0453259898153786
3898,6,4.391,1.74,86.005,5.099,3493,471,101.31,2.0,9.856797697764078,5.628021313802083,2.230188359375,6.535477266927083,2.5634348958333333,3.5426085324013394
3899,2,2.257,1.128,90.0,2.236,3529,471,116.565,1.0,3.285599232588026,2.892836279947917,1.4457772812499998,2.865920213541667,1.2817174479166666,2.0453259898153786
3900,7,3.728,2.391,127.628,5.0,3549,471,126.87,3.0,11.499597314058091,4.778242645833333,3.06458641796875,6.408587239583333,3.8451523437499997,3.826454549076717
3901,1,1.128,1.128,0.0,1.414,3588,471,135.0,1.0,1.642799616294013,1.4457772812499998,1.4457772812499998,1.8123484713541664,1.2817174479166666,1.4462638771355416
3902,2,2.257,1.128,90.0,2.236,3655,471,116.565,1.0,3.285599232588026,2.892836279947917,1.4457772812499998,2.865920213541667,1.2817174479166666,2.0453259898153786
3903,37,7.04,6.691,77.478,9.434,347,472,122.005,7.0,60.783585802878484,9.023290833333332,8.575971444010417,12.091722403645832,8.972022135416667,8.7972797207639
3904,1,1.128,1.128,0.0,1.414,373,472,135.0,1.0,1.642799616294013,1.4457772812499998,1.4457772812499998,1.8123484713541664,1.2817174479166666,1.4462638771355416
3905,1,1.128,1.128,0.0,1.414,475,472,135.0,1.0,1.642799616294013,1.4457772812499998,1.4457772812499998,1.8123484713541664,1.2817174479166666,1.4462638771355416
3906,5,3.144,2.025,108.435,3.606,558,472,123.69,2.0,8.213998081470065,4.02971965625,2.59547783203125,4.6218731171875,2.5634348958333333,3.2339443426774745
3907,3,2.365,1.615,135.0,2.828,184,473,135.0,2.0,4.928398848882039,3.0312617643229167,2.069973678385417,3.624696942708333,2.5634348958333333,2.5050025163503102
3908,1,1.128,1.128,0.0,1.414,383,473,135.0,1.0,1.642799616294013,1.4457772812499998,1.4457772812499998,1.8123484713541664,1.2817174479166666,1.4462638771355416
3909,19,5.864,4.125,45.0,7.071,388,478,45.0,5.0,31.21319270958625,7.515991114583333,5.28708447265625,9.063024074218749,6.408587239583333,6.304118086127151
3910,45,9.127,6.277,161.926,12.53,397,476,151.39,8.489,73.92598273323058,11.698235147135417,8.045340420572916,16.05991962239583,10.880499415364584,9.701833028032423
3911,20,5.844,4.357,103.367,7.81,3373,474,129.806,6.0,32.85599232588026,7.490356765625,5.584442920572917,10.010213268229165,7.690304687499999,6.467888685354949
3912,1,1.128,1.128,0.0,1.414,3515,473,135.0,1.0,1.642799616294013,1.4457772812499998,1.4457772812499998,1.8123484713541664,1.2817174479166666,1.4462638771355416
3913,6,5.208,1.467,82.534,5.385,3723,478,68.199,2.0,9.856797697764078,6.67518446875,1.8802794960937501,6.90204845703125,2.5634348958333333,3.5426085324013394
3914,8,3.538,2.879,135.0,4.243,181,474,135.0,3.0,13.142396930352104,4.534716330729166,3.6900645325520833,5.438327131510417,3.8451523437499997,4.090651979630757
3915,28,10.33,3.451,155.269,12.53,429,475,151.39,5.06,45.998389256232365,13.240141236979166,4.423206912760417,16.05991962239583,6.485490286458333,7.652909098153434
3916,7,3.334,2.674,146.599,4.243,493,474,135.0,3.0,11.499597314058091,4.273245971354167,3.4273124557291665,5.438327131510417,3.8451523437499997,3.826454549076717
3917,2,2.257,1.128,90.0,2.236,3301,474,116.565,1.0,3.285599232588026,2.892836279947917,1.4457772812499998,2.865920213541667,1.2817174479166666,2.0453259898153786
3918,9,4.209,2.723,158.601,5.0,3499,474,126.87,3.479,14.785196546646118,5.394748738281249,3.490116610677083,6.408587239583333,4.459095001302083,4.338791631406624
3919,21,5.858,4.564,10.21,7.211,3546,474,146.31,6.0,34.49879194217427,7.508300809895832,5.849758432291667,9.242464516927084,7.690304687499999,6.627613691853932
3920,1,1.128,1.128,0.0,1.414,3597,474,135.0,1.0,1.642799616294013,1.4457772812499998,1.4457772812499998,1.8123484713541664,1.2817174479166666,1.4462638771355416
3921,7,4.566,1.952,56.599,5.0,3663,478,53.13,2.683,11.499597314058091,5.8523218671874995,2.5019124583333334,6.408587239583333,3.4388479127604166,3.826454549076717
3922,1,1.128,1.128,0.0,1.414,447,475,135.0,1.0,1.642799616294013,1.4457772812499998,1.4457772812499998,1.8123484713541664,1.2817174479166666,1.4462638771355416
3923,2,2.257,1.128,0.0,2.236,3366,475,153.435,1.0,3.285599232588026,2.892836279947917,1.4457772812499998,2.865920213541667,1.2817174479166666,2.0453259898153786
3924,1,1.128,1.128,0.0,1.414,3489,475,135.0,1.0,1.642799616294013,1.4457772812499998,1.4457772812499998,1.8123484713541664,1.2817174479166666,1.4462638771355416
3925,1,1.128,1.128,0.0,1.414,3525,475,135.0,1.0,1.642799616294013,1.4457772812499998,1.4457772812499998,1.8123484713541664,1.2817174479166666,1.4462638771355416
3926,1,1.128,1.128,0.0,1.414,3608,475,135.0,1.0,1.642799616294013,1.4457772812499998,1.4457772812499998,1.8123484713541664,1.2817174479166666,1.4462638771355416
3927,112,13.744,10.375,34.069,20.125,334,490,26.565,13.864,183.99355702492946,17.615924604166665,13.297818522135417,25.794563639322917,17.769730697916668,15.305818196306868
3928,5,4.521,1.408,121.121,5.0,383,476,126.87,2.219,8.213998081470065,5.79464458203125,1.8046581666666666,6.408587239583333,2.8441310169270833,3.2339443426774745
3929,4,2.257,2.257,0.0,2.828,408,476,135.0,2.0,6.571198465176052,2.892836279947917,2.892836279947917,3.624696942708333,2.5634348958333333,2.892527754271083
3930,2,2.596,0.981,45.0,2.828,3726,478,45.0,1.414,3.285599232588026,3.327338494791667,1.2573648164062499,3.624696942708333,1.8123484713541664,2.0453259898153786
3931,1,1.128,1.128,0.0,1.414,366,477,135.0,1.0,1.642799616294013,1.4457772812499998,1.4457772812499998,1.8123484713541664,1.2817174479166666,1.4462638771355416
3932,24,5.655,5.404,107.8,9.899,424,486,45.0,8.489,39.42719079105631,7.24811216796875,6.926401088541667,12.687721016927082,10.880499415364584,7.085217064802679
3933,2,2.257,1.128,0.0,2.236,592,477,153.435,1.0,3.285599232588026,2.892836279947917,1.4457772812499998,2.865920213541667,1.2817174479166666,2.0453259898153786
3934,1,1.128,1.128,0.0,1.414,3433,477,135.0,1.0,1.642799616294013,1.4457772812499998,1.4457772812499998,1.8123484713541664,1.2817174479166666,1.4462638771355416
3935,2,2.257,1.128,0.0,2.236,3456,477,153.435,1.0,3.285599232588026,2.892836279947917,1.4457772812499998,2.865920213541667,1.2817174479166666,2.0453259898153786
3936,4,4.441,1.147,58.283,5.0,3483,481,53.13,1.789,6.571198465176052,5.692107186197917,1.4701299127604166,6.408587239583333,2.2929925143229166,2.892527754271083
3937,11,4.458,3.142,176.028,5.0,3516,477,143.13,3.0,18.070795779234142,5.7138963828125,4.027156221354167,6.408587239583333,3.8451523437499997,4.796714628303253
3938,59,13.919,5.397,80.87,17.117,3619,494,83.29,6.766,96.92517736134677,17.840225157552084,6.9174290664062505,21.939157555989585,8.672100252604167,11.108963630155632
3939,7,3.644,2.446,22.5,4.472,484,480,26.565,3.0,11.499597314058091,4.670578380208333,3.135080877604167,5.731840427083334,3.8451523437499997,3.826454549076717
3940,2,2.257,1.128,90.0,2.236,3571,478,116.565,1.0,3.285599232588026,2.892836279947917,1.4457772812499998,2.865920213541667,1.2817174479166666,2.0453259898153786
3941,5,3.144,2.025,161.565,3.606,3579,478,146.31,2.0,8.213998081470065,4.02971965625,2.59547783203125,4.6218731171875,2.5634348958333333,3.2339443426774745
3942,24,9.493,3.219,153.806,10.0,3588,478,143.13,4.457,39.42719079105631,12.167343733072917,4.12584846484375,12.817174479166667,5.712614665364583,7.085217064802679
3943,6,3.853,1.983,84.69,4.472,3654,482,63.435,2.0,9.856797697764078,4.938457326822917,2.54164569921875,5.731840427083334,2.5634348958333333,3.5426085324013394
3944,1,1.128,1.128,0.0,1.414,280,479,135.0,1.0,1.642799616294013,1.4457772812499998,1.4457772812499998,1.8123484713541664,1.2817174479166666,1.4462638771355416
3945,8,3.538,2.879,135.0,4.243,331,479,135.0,3.0,13.142396930352104,4.534716330729166,3.6900645325520833,5.438327131510417,3.8451523437499997,4.090651979630757
3946,1,1.128,1.128,0.0,1.414,729,479,135.0,1.0,1.642799616294013,1.4457772812499998,1.4457772812499998,1.8123484713541664,1.2817174479166666,1.4462638771355416
3947,2,2.596,0.981,45.0,2.828,3395,481,45.0,1.414,3.285599232588026,3.327338494791667,1.2573648164062499,3.624696942708333,1.8123484713541664,2.0453259898153786
3948,1,1.128,1.128,0.0,1.414,3664,479,135.0,1.0,1.642799616294013,1.4457772812499998,1.4457772812499998,1.8123484713541664,1.2817174479166666,1.4462638771355416
3949,33,8.257,5.088,157.773,10.77,259,483,158.199,7.562,54.21238733770243,10.583140967447916,6.521378375,13.8040969140625,9.692347341145833,8.308153445630097
3950,26,8.871,3.732,53.618,9.434,411,488,57.995,4.95,42.71279002364434,11.370115480468751,4.783369515625,12.091722403645832,6.3445013671875,7.374527731318484
3951,2,2.596,0.981,45.0,2.828,451,482,45.0,1.414,3.285599232588026,3.327338494791667,1.2573648164062499,3.624696942708333,1.8123484713541664,2.0453259898153786
3952,5,3.144,2.025,108.435,3.606,3480,480,123.69,2.0,8.213998081470065,4.02971965625,2.59547783203125,4.6218731171875,2.5634348958333333,3.2339443426774745
3953,2,2.257,1.128,90.0,2.236,3659,480,116.565,1.0,3.285599232588026,2.892836279947917,1.4457772812499998,2.865920213541667,1.2817174479166666,2.0453259898153786
3954,1,1.128,1.128,0.0,1.414,3756,480,135.0,1.0,1.642799616294013,1.4457772812499998,1.4457772812499998,1.8123484713541664,1.2817174479166666,1.4462638771355416
3955,23,9.547,3.067,163.983,9.849,282,481,156.038,4.315,37.7843911747623,12.236556475260418,3.931027412760417,12.62363514453125,5.530610787760417,6.936037892995103
3956,2,2.596,0.981,135.0,2.828,684,481,135.0,1.414,3.285599232588026,3.327338494791667,1.2573648164062499,3.624696942708333,1.8123484713541664,2.0453259898153786
3957,1,1.128,1.128,0.0,1.414,819,481,135.0,1.0,1.642799616294013,1.4457772812499998,1.4457772812499998,1.8123484713541664,1.2817174479166666,1.4462638771355416
3958,5,3.144,2.025,71.565,3.606,3430,484,56.31,2.0,8.213998081470065,4.02971965625,2.59547783203125,4.6218731171875,2.5634348958333333,3.2339443426774745
3959,2,2.257,1.128,90.0,2.236,3507,481,116.565,1.0,3.285599232588026,2.892836279947917,1.4457772812499998,2.865920213541667,1.2817174479166666,2.0453259898153786
3960,4,2.734,1.863,90.0,3.162,3556,481,108.435,2.0,6.571198465176052,3.5042155026041666,2.38783960546875,4.0527905703125,2.5634348958333333,2.892527754271083
3961,1,1.128,1.128,0.0,1.414,3625,481,135.0,1.0,1.642799616294013,1.4457772812499998,1.4457772812499998,1.8123484713541664,1.2817174479166666,1.4462638771355416
3962,1,1.128,1.128,0.0,1.414,355,482,135.0,1.0,1.642799616294013,1.4457772812499998,1.4457772812499998,1.8123484713541664,1.2817174479166666,1.4462638771355416
3963,118,22.269,6.747,39.496,25.06,575,497,28.61,10.462,193.85035472269354,28.54256584765625,8.64774762109375,32.11983924479166,13.409327940104166,15.710447029675546
3964,2,2.257,1.128,90.0,2.236,3545,482,116.565,1.0,3.285599232588026,2.892836279947917,1.4457772812499998,2.865920213541667,1.2817174479166666,2.0453259898153786
3965,135,20.694,8.306,114.424,24.739,3582,482,104.036,11.923,221.77794819969176,26.523860867187498,10.645945122395831,31.708407944010418,15.281917131510417,16.804067731101966
3966,23,9.279,3.156,118.853,10.63,3605,482,131.186,4.828,37.7843911747623,11.89305619921875,4.045100265625,13.624656471354168,6.188131838541667,6.936037892995103
3967,1,1.128,1.128,0.0,1.414,387,483,135.0,1.0,1.642799616294013,1.4457772812499998,1.4457772812499998,1.8123484713541664,1.2817174479166666,1.4462638771355416
3968,22,7.725,3.626,172.993,8.246,392,485,165.964,4.603,36.141591558468285,9.90126728515625,4.647507466145833,10.569042075520834,5.899745412760416,6.78357888217988
3969,1,1.128,1.128,0.0,1.414,483,483,135.0,1.0,1.642799616294013,1.4457772812499998,1.4457772812499998,1.8123484713541664,1.2817174479166666,1.4462638771355416
3970,2,2.257,1.128,90.0,2.236,789,483,116.565,1.0,3.285599232588026,2.892836279947917,1.4457772812499998,2.865920213541667,1.2817174479166666,2.0453259898153786
3971,1,1.128,1.128,0.0,1.414,3393,483,135.0,1.0,1.642799616294013,1.4457772812499998,1.4457772812499998,1.8123484713541664,1.2817174479166666,1.4462638771355416
3972,2,2.257,1.128,0.0,2.236,3438,483,153.435,1.0,3.285599232588026,2.892836279947917,1.4457772812499998,2.865920213541667,1.2817174479166666,2.0453259898153786
3973,30,8.963,4.262,99.238,9.849,360,484,113.962,5.0,49.28398848882039,11.488033485677082,5.462679763020833,12.62363514453125,6.408587239583333,7.921513496120161
3974,16,5.468,3.726,0.0,6.325,416,486,161.565,4.0,26.28479386070421,7.008431005208333,4.7756792109375,8.106862858072917,5.126869791666667,5.785055508542166
3975,427,48.129,11.296,166.411,59.228,597,490,168.311,18.582,701.4754361575435,61.687779050781245,14.478280291666666,75.91356100520834,23.8168736171875,29.885565401797972
3976,3,2.365,1.615,45.0,2.828,684,486,45.0,2.0,4.928398848882039,3.0312617643229167,2.069973678385417,3.624696942708333,2.5634348958333333,2.5050025163503102
3977,2,2.257,1.128,0.0,2.236,687,484,153.435,1.0,3.285599232588026,2.892836279947917,1.4457772812499998,2.865920213541667,1.2817174479166666,2.0453259898153786
3978,1,1.128,1.128,0.0,1.414,3455,484,135.0,1.0,1.642799616294013,1.4457772812499998,1.4457772812499998,1.8123484713541664,1.2817174479166666,1.4462638771355416
3979,3,2.365,1.615,45.0,2.828,3462,486,45.0,2.0,4.928398848882039,3.0312617643229167,2.069973678385417,3.624696942708333,2.5634348958333333,2.5050025163503102
3980,6,3.489,2.19,135.0,4.243,3486,484,135.0,2.828,9.856797697764078,4.47191217578125,2.8069612109374997,5.438327131510417,3.624696942708333,3.5426085324013394
3981,7,3.507,2.542,30.473,4.243,3521,487,45.0,3.0,11.499597314058091,4.49498308984375,3.2581257526041663,5.438327131510417,3.8451523437499997,3.826454549076717
3982,2,2.257,1.128,90.0,2.236,3651,484,116.565,1.0,3.285599232588026,2.892836279947917,1.4457772812499998,2.865920213541667,1.2817174479166666,2.0453259898153786
3983,26,6.427,5.15,108.443,7.28,274,485,105.945,6.0,42.71279002364434,8.237598037760415,6.600844856770833,9.330903020833334,7.690304687499999,7.374527731318484
3984,1,1.128,1.128,0.0,1.414,284,485,135.0,1.0,1.642799616294013,1.4457772812499998,1.4457772812499998,1.8123484713541664,1.2817174479166666,1.4462638771355416
3985,1,1.128,1.128,0.0,1.414,384,485,135.0,1.0,1.642799616294013,1.4457772812499998,1.4457772812499998,1.8123484713541664,1.2817174479166666,1.4462638771355416
3986,1,1.128,1.128,0.0,1.414,507,485,135.0,1.0,1.642799616294013,1.4457772812499998,1.4457772812499998,1.8123484713541664,1.2817174479166666,1.4462638771355416
3987,15,5.494,3.476,54.56,7.071,666,490,45.0,4.366,24.641994244410196,7.041755658854166,4.455249848958333,9.063024074218749,5.595978377604166,5.601355910367322
3988,1,1.128,1.128,0.0,1.414,674,485,135.0,1.0,1.642799616294013,1.4457772812499998,1.4457772812499998,1.8123484713541664,1.2817174479166666,1.4462638771355416
3989,5,3.144,2.025,71.565,3.606,3334,488,56.31,2.0,8.213998081470065,4.02971965625,2.59547783203125,4.6218731171875,2.5634348958333333,3.2339443426774745
3990,1,1.128,1.128,0.0,1.414,3390,485,135.0,1.0,1.642799616294013,1.4457772812499998,1.4457772812499998,1.8123484713541664,1.2817174479166666,1.4462638771355416
3991,2,2.257,1.128,90.0,2.236,3439,485,116.565,1.0,3.285599232588026,2.892836279947917,1.4457772812499998,2.865920213541667,1.2817174479166666,2.0453259898153786
3992,2,2.257,1.128,90.0,2.236,3451,485,116.565,1.0,3.285599232588026,2.892836279947917,1.4457772812499998,2.865920213541667,1.2817174479166666,2.0453259898153786
3993,2,2.257,1.128,90.0,2.236,355,486,116.565,1.0,3.285599232588026,2.892836279947917,1.4457772812499998,2.865920213541667,1.2817174479166666,2.0453259898153786
3994,2,2.596,0.981,135.0,2.828,407,486,135.0,1.414,3.285599232588026,3.327338494791667,1.2573648164062499,3.624696942708333,1.8123484713541664,2.0453259898153786
3995,1,1.128,1.128,0.0,1.414,481,486,135.0,1.0,1.642799616294013,1.4457772812499998,1.4457772812499998,1.8123484713541664,1.2817174479166666,1.4462638771355416
3996,1,1.128,1.128,0.0,1.414,688,486,135.0,1.0,1.642799616294013,1.4457772812499998,1.4457772812499998,1.8123484713541664,1.2817174479166666,1.4462638771355416
3997,2,2.257,1.128,90.0,2.236,3319,486,116.565,1.0,3.285599232588026,2.892836279947917,1.4457772812499998,2.865920213541667,1.2817174479166666,2.0453259898153786
3998,3,2.365,1.615,45.0,2.828,3360,488,45.0,2.0,4.928398848882039,3.0312617643229167,2.069973678385417,3.624696942708333,2.5634348958333333,2.5050025163503102
3999,2,2.257,1.128,0.0,2.236,3550,486,153.435,1.0,3.285599232588026,2.892836279947917,1.4457772812499998,2.865920213541667,1.2817174479166666,2.0453259898153786
4000,11,6.327,2.214,93.058,6.325,3564,486,108.435,2.0,18.070795779234142,8.10942629296875,2.8377224296875,8.106862858072917,2.5634348958333333,4.796714628303253
4001,13,4.936,3.354,26.775,6.403,3629,490,38.66,4.0,21.35639501182217,6.326557322916666,4.2988803203125,8.206836819010416,5.126869791666667,5.214578566863546
4002,3,2.365,1.615,135.0,2.828,262,487,135.0,2.0,4.928398848882039,3.0312617643229167,2.069973678385417,3.624696942708333,2.5634348958333333,2.5050025163503102
4003,3,2.365,1.615,45.0,2.828,423,489,45.0,2.0,4.928398848882039,3.0312617643229167,2.069973678385417,3.624696942708333,2.5634348958333333,2.5050025163503102
4004,3,3.385,1.128,0.0,3.162,597,487,161.565,1.0,4.928398848882039,4.338613561197916,1.4457772812499998,4.0527905703125,1.2817174479166666,2.5050025163503102
4005,2,2.257,1.128,0.0,2.236,650,487,153.435,1.0,3.285599232588026,2.892836279947917,1.4457772812499998,2.865920213541667,1.2817174479166666,2.0453259898153786
4006,3,3.213,1.189,151.845,3.606,3395,487,146.31,1.789,4.928398848882039,4.11815816015625,1.5239620455729168,4.6218731171875,2.2929925143229166,2.5050025163503102
4007,2,2.257,1.128,0.0,2.236,3412,487,153.435,1.0,3.285599232588026,2.892836279947917,1.4457772812499998,2.865920213541667,1.2817174479166666,2.0453259898153786
4008,2,2.596,0.981,135.0,2.828,3604,487,135.0,1.414,3.285599232588026,3.327338494791667,1.2573648164062499,3.624696942708333,1.8123484713541664,2.0453259898153786
4009,2,2.257,1.128,0.0,2.236,100,488,153.435,1.0,3.285599232588026,2.892836279947917,1.4457772812499998,2.865920213541667,1.2817174479166666,2.0453259898153786
4010,9,3.919,2.924,159.699,4.472,283,488,153.435,3.0,14.785196546646118,5.023050678385417,3.747741817708333,5.731840427083334,3.8451523437499997,4.338791631406624
4011,3,2.365,1.615,135.0,2.828,331,488,135.0,2.0,4.928398848882039,3.0312617643229167,2.069973678385417,3.624696942708333,2.5634348958333333,2.5050025163503102
4012,107,25.282,5.389,68.262,27.785,334,512,59.744,7.858,175.7795589434594,32.40438051822917,6.907175326822917,35.61251929036458,10.071735705729166,14.960269872126732
4013,33,8.986,4.676,41.206,10.63,382,495,41.186,6.656,54.21238733770243,11.517512986979167,5.993310786458333,13.624656471354168,8.531111333333333,8.308153445630097
4014,4,2.257,2.257,0.0,2.828,392,488,135.0,2.0,6.571198465176052,2.892836279947917,2.892836279947917,3.624696942708333,2.5634348958333333,2.892527754271083
4015,3,2.365,1.615,45.0,2.828,412,490,45.0,2.0,4.928398848882039,3.0312617643229167,2.069973678385417,3.624696942708333,2.5634348958333333,2.5050025163503102
4016,2,2.257,1.128,0.0,2.236,434,488,153.435,1.0,3.285599232588026,2.892836279947917,1.4457772812499998,2.865920213541667,1.2817174479166666,2.0453259898153786
4017,19,7.461,3.242,65.738,8.602,3513,495,54.462,4.271,31.21319270958625,9.56289387890625,4.155327966145833,11.025333486979166,5.474215220052083,6.304118086127151
4018,2,2.257,1.128,90.0,2.236,3559,488,116.565,1.0,3.285599232588026,2.892836279947917,1.4457772812499998,2.865920213541667,1.2817174479166666,2.0453259898153786
4019,3,3.385,1.128,0.0,3.162,3654,488,161.565,1.0,4.928398848882039,4.338613561197916,1.4457772812499998,4.0527905703125,1.2817174479166666,2.5050025163503102
4020,1,1.128,1.128,0.0,1.414,3731,488,135.0,1.0,1.642799616294013,1.4457772812499998,1.4457772812499998,1.8123484713541664,1.2817174479166666,1.4462638771355416
4021,3,2.365,1.615,135.0,2.828,288,489,135.0,2.0,4.928398848882039,3.0312617643229167,2.069973678385417,3.624696942708333,2.5634348958333333,2.5050025163503102
4022,1,1.128,1.128,0.0,1.414,358,489,135.0,1.0,1.642799616294013,1.4457772812499998,1.4457772812499998,1.8123484713541664,1.2817174479166666,1.4462638771355416
4023,2,2.257,1.128,90.0,2.236,371,489,116.565,1.0,3.285599232588026,2.892836279947917,1.4457772812499998,2.865920213541667,1.2817174479166666,2.0453259898153786
4024,2,2.257,1.128,0.0,2.236,481,489,153.435,1.0,3.285599232588026,2.892836279947917,1.4457772812499998,2.865920213541667,1.2817174479166666,2.0453259898153786
4025,1,1.128,1.128,0.0,1.414,3266,489,135.0,1.0,1.642799616294013,1.4457772812499998,1.4457772812499998,1.8123484713541664,1.2817174479166666,1.4462638771355416
4026,1,1.128,1.128,0.0,1.414,3381,489,135.0,1.0,1.642799616294013,1.4457772812499998,1.4457772812499998,1.8123484713541664,1.2817174479166666,1.4462638771355416
4027,1,1.128,1.128,0.0,1.414,3391,489,135.0,1.0,1.642799616294013,1.4457772812499998,1.4457772812499998,1.8123484713541664,1.2817174479166666,1.4462638771355416
4028,34,7.32,5.914,175.394,10.44,3420,492,16.699,8.682,55.855186953996444,9.38217171875,7.580076986979166,13.381130156249998,11.1278708828125,8.433095094829797
4029,3,3.385,1.128,0.0,3.162,3450,489,161.565,1.0,4.928398848882039,4.338613561197916,1.4457772812499998,4.0527905703125,1.2817174479166666,2.5050025163503102
4030,1,1.128,1.128,0.0,1.414,3569,489,135.0,1.0,1.642799616294013,1.4457772812499998,1.4457772812499998,1.8123484713541664,1.2817174479166666,1.4462638771355416
4031,1,1.128,1.128,0.0,1.414,3623,489,135.0,1.0,1.642799616294013,1.4457772812499998,1.4457772812499998,1.8123484713541664,1.2817174479166666,1.4462638771355416
4032,2,2.257,1.128,0.0,2.236,3641,489,153.435,1.0,3.285599232588026,2.892836279947917,1.4457772812499998,2.865920213541667,1.2817174479166666,2.0453259898153786
4033,8,4.037,2.523,146.31,5.0,3644,489,143.13,3.0,13.142396930352104,5.174293337239583,3.23377312109375,6.408587239583333,3.8451523437499997,4.090651979630757
4034,4,3.192,1.596,71.565,3.606,375,493,56.31,2.0,6.571198465176052,4.09124209375,2.045621046875,4.6218731171875,2.5634348958333333,2.892527754271083
4035,1,1.128,1.128,0.0,1.414,381,490,135.0,1.0,1.642799616294013,1.4457772812499998,1.4457772812499998,1.8123484713541664,1.2817174479166666,1.4462638771355416
4036,5,3.144,2.025,161.565,3.606,404,490,146.31,2.0,8.213998081470065,4.02971965625,2.59547783203125,4.6218731171875,2.5634348958333333,3.2339443426774745
4037,3,2.365,1.615,45.0,2.828,434,492,45.0,2.0,4.928398848882039,3.0312617643229167,2.069973678385417,3.624696942708333,2.5634348958333333,2.5050025163503102
4038,4,3.969,1.283,162.391,4.472,504,490,153.435,1.897,6.571198465176052,5.08713655078125,1.644443485677083,5.731840427083334,2.4314179986979165,2.892527754271083
4039,2,2.257,1.128,90.0,2.236,3387,490,116.565,1.0,3.285599232588026,2.892836279947917,1.4457772812499998,2.865920213541667,1.2817174479166666,2.0453259898153786
4040,4,2.734,1.863,0.0,3.162,3592,491,161.565,2.0,6.571198465176052,3.5042155026041666,2.38783960546875,4.0527905703125,2.5634348958333333,2.892527754271083
4041,3,3.385,1.128,90.0,3.162,325,491,108.435,1.0,4.928398848882039,4.338613561197916,1.4457772812499998,4.0527905703125,1.2817174479166666,2.5050025163503102
4042,1,1.128,1.128,0.0,1.414,3336,491,135.0,1.0,1.642799616294013,1.4457772812499998,1.4457772812499998,1.8123484713541664,1.2817174479166666,1.4462638771355416
4043,3,2.365,1.615,135.0,2.828,3486,491,135.0,2.0,4.928398848882039,3.0312617643229167,2.069973678385417,3.624696942708333,2.5634348958333333,2.5050025163503102
4044,2,2.257,1.128,0.0,2.236,3490,491,153.435,1.0,3.285599232588026,2.892836279947917,1.4457772812499998,2.865920213541667,1.2817174479166666,2.0453259898153786
4045,67,17.184,4.964,97.46,17.263,3573,508,79.992,6.647,110.06757429169888,22.025032625,6.362445411458333,22.12628830338542,8.519575876302083,11.838180035570401
4046,8,4.444,2.292,144.645,5.0,3624,491,143.13,2.828,13.142396930352104,5.695952338541667,2.9376963906249998,6.408587239583333,3.624696942708333,4.090651979630757
4047,7,4.439,2.008,119.872,5.0,3637,491,126.87,2.683,11.499597314058091,5.689543751302083,2.5736886354166666,6.408587239583333,3.4388479127604166,3.826454549076717
4048,1,1.128,1.128,0.0,1.414,335,492,135.0,1.0,1.642799616294013,1.4457772812499998,1.4457772812499998,1.8123484713541664,1.2817174479166666,1.4462638771355416
4049,1,1.128,1.128,0.0,1.414,414,492,135.0,1.0,1.642799616294013,1.4457772812499998,1.4457772812499998,1.8123484713541664,1.2817174479166666,1.4462638771355416
4050,2,2.596,0.981,45.0,2.828,416,494,45.0,1.414,3.285599232588026,3.327338494791667,1.2573648164062499,3.624696942708333,1.8123484713541664,2.0453259898153786
4051,2,2.257,1.128,90.0,2.236,503,492,116.565,1.0,3.285599232588026,2.892836279947917,1.4457772812499998,2.865920213541667,1.2817174479166666,2.0453259898153786
4052,30,6.688,5.712,11.157,8.602,565,497,35.538,6.0,49.28398848882039,8.572126291666667,7.321170062499999,11.025333486979166,7.690304687499999,7.921513496120161
4053,10,4.049,3.144,26.565,5.0,680,496,36.87,3.0,16.42799616294013,5.189673946614584,4.02971965625,6.408587239583333,3.8451523437499997,4.573487949374228
4054,1,1.128,1.128,0.0,1.414,3402,493,135.0,1.0,1.642799616294013,1.4457772812499998,1.4457772812499998,1.8123484713541664,1.2817174479166666,1.4462638771355416
4055,2,2.257,1.128,0.0,2.236,3600,493,153.435,1.0,3.285599232588026,2.892836279947917,1.4457772812499998,2.865920213541667,1.2817174479166666,2.0453259898153786
4056,12,5.526,2.765,134.664,7.071,3642,493,135.0,3.536,19.713595395528156,7.082770617187499,3.5439487434895836,9.063024074218749,4.532152895833334,5.0100050327006205
4057,1,1.128,1.128,0.0,1.414,3649,493,135.0,1.0,1.642799616294013,1.4457772812499998,1.4457772812499998,1.8123484713541664,1.2817174479166666,1.4462638771355416
4058,1,1.128,1.128,0.0,1.414,3692,493,135.0,1.0,1.642799616294013,1.4457772812499998,1.4457772812499998,1.8123484713541664,1.2817174479166666,1.4462638771355416
4059,6,3.489,2.19,135.0,4.243,357,494,135.0,2.828,9.856797697764078,4.47191217578125,2.8069612109374997,5.438327131510417,3.624696942708333,3.5426085324013394
4060,7,3.086,2.888,0.0,3.606,377,494,123.69,3.0,11.499597314058091,3.955380044270833,3.701599989583333,4.6218731171875,3.8451523437499997,3.826454549076717
4061,1,1.128,1.128,0.0,1.414,411,494,135.0,1.0,1.642799616294013,1.4457772812499998,1.4457772812499998,1.8123484713541664,1.2817174479166666,1.4462638771355416
4062,28,7.255,4.914,159.65,8.062,505,494,150.255,5.814,45.998389256232365,9.298860084635416,6.298359539062499,10.333206065104166,7.4519052421875,7.652909098153434
4063,12,4.314,3.542,145.278,5.0,3541,494,126.87,4.0,19.713595395528156,5.5293290703124995,4.539843200520833,6.408587239583333,5.126869791666667,5.0100050327006205
4064,3,2.365,1.615,135.0,2.828,3565,494,135.0,2.0,4.928398848882039,3.0312617643229167,2.069973678385417,3.624696942708333,2.5634348958333333,2.5050025163503102
4065,1,1.128,1.128,0.0,1.414,331,495,135.0,1.0,1.642799616294013,1.4457772812499998,1.4457772812499998,1.8123484713541664,1.2817174479166666,1.4462638771355416
4066,17,7.438,2.91,47.418,9.22,428,502,49.399,4.685,27.927593476998222,9.533414377604165,3.7297977734375003,11.817434869791667,6.004846243489583,5.963098727945161
4067,1,1.128,1.128,0.0,1.414,3447,495,135.0,1.0,1.642799616294013,1.4457772812499998,1.4457772812499998,1.8123484713541664,1.2817174479166666,1.4462638771355416
4068,6,3.753,2.035,90.0,4.472,3472,495,116.565,3.0,9.856797697764078,4.81028558203125,2.6082950065104167,5.731840427083334,3.8451523437499997,3.5426085324013394
4069,1,1.128,1.128,0.0,1.414,3518,495,135.0,1.0,1.642799616294013,1.4457772812499998,1.4457772812499998,1.8123484713541664,1.2817174479166666,1.4462638771355416
4070,12,6.479,2.358,108.873,6.708,3526,495,116.565,3.395,19.713595395528156,8.304247345052083,3.0222897421875,8.597760640625,4.351430735677083,5.0100050327006205
4071,10,6.946,1.833,85.364,7.28,3558,502,74.055,2.0,16.42799616294013,8.902809393229166,2.34938808203125,9.330903020833334,2.5634348958333333,4.573487949374228
4072,1,1.128,1.128,0.0,1.414,3687,495,135.0,1.0,1.642799616294013,1.4457772812499998,1.4457772812499998,1.8123484713541664,1.2817174479166666,1.4462638771355416
4073,7,4.384,2.033,90.0,5.099,315,496,101.31,3.0,11.499597314058091,5.619049291666667,2.6057315716145832,6.535477266927083,3.8451523437499997,3.826454549076717
4074,19,5.825,4.153,15.649,6.708,350,500,26.565,4.0,31.21319270958625,7.466004134114583,5.322972561197916,8.597760640625,5.126869791666667,6.304118086127151
4075,1,1.128,1.128,0.0,1.414,365,496,135.0,1.0,1.642799616294013,1.4457772812499998,1.4457772812499998,1.8123484713541664,1.2817174479166666,1.4462638771355416
4076,8,4.779,2.132,108.17,5.385,372,496,111.801,2.846,13.142396930352104,6.12532768359375,2.7326215989583336,6.90204845703125,3.6477678567708334,4.090651979630757
4077,11,6.487,2.159,101.621,6.708,424,496,116.565,2.746,18.070795779234142,8.314501084635417,2.767227970052083,8.597760640625,3.5195961119791668,4.796714628303253
4078,2,2.257,1.128,90.0,2.236,485,496,116.565,1.0,3.285599232588026,2.892836279947917,1.4457772812499998,2.865920213541667,1.2817174479166666,2.0453259898153786
4079,2,2.257,1.128,90.0,2.236,559,496,116.565,1.0,3.285599232588026,2.892836279947917,1.4457772812499998,2.865920213541667,1.2817174479166666,2.0453259898153786
4080,4,2.257,2.257,0.0,2.828,3345,496,135.0,2.0,6.571198465176052,2.892836279947917,2.892836279947917,3.624696942708333,2.5634348958333333,2.892527754271083
4081,3,2.365,1.615,45.0,2.828,3420,498,45.0,2.0,4.928398848882039,3.0312617643229167,2.069973678385417,3.624696942708333,2.5634348958333333,2.5050025163503102
4082,2,2.257,1.128,90.0,2.236,3429,496,116.565,1.0,3.285599232588026,2.892836279947917,1.4457772812499998,2.865920213541667,1.2817174479166666,2.0453259898153786
4083,5,3.833,1.661,45.0,4.243,3461,499,45.0,2.121,8.213998081470065,4.912822977864583,2.128932680989583,5.438327131510417,2.71852270703125,3.2339443426774745
4084,14,6.351,2.807,151.512,7.211,3530,496,146.31,3.883,22.999194628116182,8.14018751171875,3.597780876302083,9.242464516927084,4.976908850260417,5.411423919108519
4085,5,3.461,1.839,135.0,4.243,3615,496,135.0,2.683,8.213998081470065,4.436024087239583,2.35707838671875,5.438327131510417,3.4388479127604166,3.2339443426774745
4086,1,1.128,1.128,0.0,1.414,3633,496,135.0,1.0,1.642799616294013,1.4457772812499998,1.4457772812499998,1.8123484713541664,1.2817174479166666,1.4462638771355416
4087,2,2.257,1.128,0.0,2.236,381,497,153.435,1.0,3.285599232588026,2.892836279947917,1.4457772812499998,2.865920213541667,1.2817174479166666,2.0453259898153786
4088,10,4.077,3.123,60.664,5.0,390,501,36.87,4.0,16.42799616294013,5.2255620351562495,4.00280358984375,6.408587239583333,5.126869791666667,4.573487949374228
4089,2,2.257,1.128,0.0,2.236,438,497,153.435,1.0,3.285599232588026,2.892836279947917,1.4457772812499998,2.865920213541667,1.2817174479166666,2.0453259898153786
4090,1,1.128,1.128,0.0,1.414,551,497,135.0,1.0,1.642799616294013,1.4457772812499998,1.4457772812499998,1.8123484713541664,1.2817174479166666,1.4462638771355416
4091,119,20.478,7.399,39.455,22.204,662,511,35.838,9.37,195.49315433898755,26.2470098984375,9.483427397135417,28.459254213541666,12.009692486979166,15.7768762774685
4092,1,1.128,1.128,0.0,1.414,982,497,135.0,1.0,1.642799616294013,1.4457772812499998,1.4457772812499998,1.8123484713541664,1.2817174479166666,1.4462638771355416
4093,4,2.734,1.863,0.0,3.162,3402,497,161.565,2.0,6.571198465176052,3.5042155026041666,2.38783960546875,4.0527905703125,2.5634348958333333,2.892527754271083
4094,15,5.997,3.185,144.424,7.81,3455,497,140.194,4.529,24.641994244410196,7.68645953515625,4.082270071614583,10.010213268229165,5.8048983216145835,5.601355910367322
4095,2,2.257,1.128,0.0,2.236,3498,497,153.435,1.0,3.285599232588026,2.892836279947917,1.4457772812499998,2.865920213541667,1.2817174479166666,2.0453259898153786
4096,655,44.279,18.835,8.628,64.281,3577,526,5.356,33.387,1076.0337486725784,56.75316687630209,24.141148131510416,82.39007926953126,42.79270043359375,37.014184814894534
4097,4,3.216,1.583,121.717,3.606,3624,497,123.69,2.0,6.571198465176052,4.1220033125,2.028958720052083,4.6218731171875,2.5634348958333333,2.892527754271083
4098,1,1.128,1.128,0.0,1.414,3629,497,135.0,1.0,1.642799616294013,1.4457772812499998,1.4457772812499998,1.8123484713541664,1.2817174479166666,1.4462638771355416
4099,52,10.567,6.265,94.433,12.042,3634,499,131.634,8.0,85.42558004728868,13.543908272135416,8.029959811197916,15.4344415078125,10.253739583333333,10.429157133727092
4100,1,1.128,1.128,0.0,1.414,287,498,135.0,1.0,1.642799616294013,1.4457772812499998,1.4457772812499998,1.8123484713541664,1.2817174479166666,1.4462638771355416
4101,5,3.144,2.025,71.565,3.606,330,501,56.31,2.0,8.213998081470065,4.02971965625,2.59547783203125,4.6218731171875,2.5634348958333333,3.2339443426774745
4102,3,2.365,1.615,45.0,2.828,378,500,45.0,2.0,4.928398848882039,3.0312617643229167,2.069973678385417,3.624696942708333,2.5634348958333333,2.5050025163503102
4103,33,8.515,4.935,64.03,10.0,398,506,53.13,6.0,54.21238733770243,10.913824069010417,6.325275605468749,12.817174479166667,7.690304687499999,8.308153445630097
4104,3,3.385,1.128,90.0,3.162,3407,498,108.435,1.0,4.928398848882039,4.338613561197916,1.4457772812499998,4.0527905703125,1.2817174479166666,2.5050025163503102
4105,6,4.134,1.848,102.933,4.472,3413,498,116.565,2.0,9.856797697764078,5.298619929687501,2.36861384375,5.731840427083334,2.5634348958333333,3.5426085324013394
4106,25,7.763,4.1,13.422,8.944,3432,502,26.565,5.22,41.069990407350325,9.949972548177083,5.255041536458333,11.463680854166668,6.690565078124999,7.231319385677708
4107,3,2.365,1.615,45.0,2.828,3512,500,45.0,2.0,4.928398848882039,3.0312617643229167,2.069973678385417,3.624696942708333,2.5634348958333333,2.5050025163503102
4108,3,3.385,1.128,0.0,3.162,3551,498,161.565,1.0,4.928398848882039,4.338613561197916,1.4457772812499998,4.0527905703125,1.2817174479166666,2.5050025163503102
4109,2,2.596,0.981,135.0,2.828,3561,498,135.0,1.414,3.285599232588026,3.327338494791667,1.2573648164062499,3.624696942708333,1.8123484713541664,2.0453259898153786
4110,7,5.102,1.747,130.455,5.657,3621,498,135.0,2.774,11.499597314058091,6.5393224192708335,2.2391603815104166,7.250675602864583,3.555484200520833,3.826454549076717
4111,5,3.713,1.714,160.097,4.472,3686,499,153.435,2.53,8.213998081470065,4.759016884114583,2.1968637057291667,5.731840427083334,3.2427451432291665,3.2339443426774745
4112,1,1.128,1.128,0.0,1.414,3809,498,135.0,1.0,1.642799616294013,1.4457772812499998,1.4457772812499998,1.8123484713541664,1.2817174479166666,1.4462638771355416
4113,1,1.128,1.128,0.0,1.414,363,499,135.0,1.0,1.642799616294013,1.4457772812499998,1.4457772812499998,1.8123484713541664,1.2817174479166666,1.4462638771355416
4114,1,1.128,1.128,0.0,1.414,503,499,135.0,1.0,1.642799616294013,1.4457772812499998,1.4457772812499998,1.8123484713541664,1.2817174479166666,1.4462638771355416
4115,1,1.128,1.128,0.0,1.414,3452,499,135.0,1.0,1.642799616294013,1.4457772812499998,1.4457772812499998,1.8123484713541664,1.2817174479166666,1.4462638771355416
4116,7,3.086,2.888,0.0,3.606,3543,499,123.69,3.0,11.499597314058091,3.955380044270833,3.701599989583333,4.6218731171875,3.8451523437499997,3.826454549076717
4117,134,18.174,9.388,90.494,22.847,3652,499,113.199,13.0,220.13514858339775,23.2939328984375,12.032763401041667,29.283398532552084,16.662326822916665,16.74171476011807
4118,2,2.257,1.128,0.0,2.236,3694,499,153.435,1.0,3.285599232588026,2.892836279947917,1.4457772812499998,2.865920213541667,1.2817174479166666,2.0453259898153786
4119,86,18.094,6.052,10.777,23.537,255,509,12.265,9.285,141.2807670012851,23.191395502604166,7.756953994791666,30.16778357161458,11.90074650390625,13.412099440371483
4120,242,25.497,12.085,80.482,32.696,275,530,66.571,17.0,397.55750714315116,32.67994976953125,15.489555358072918,41.90703367708333,21.789196614583332,22.498585887969163
4121,16,5.143,3.961,19.85,6.403,322,504,38.66,5.0,26.28479386070421,6.591872834635416,5.076882811197916,8.206836819010416,6.408587239583333,5.785055508542166
4122,1,1.128,1.128,0.0,1.414,359,500,135.0,1.0,1.642799616294013,1.4457772812499998,1.4457772812499998,1.8123484713541664,1.2817174479166666,1.4462638771355416
4123,3,2.365,1.615,135.0,2.828,487,500,135.0,2.0,4.928398848882039,3.0312617643229167,2.069973678385417,3.624696942708333,2.5634348958333333,2.5050025163503102
4124,9,4.789,2.393,48.908,5.657,552,504,45.0,3.13,14.785196546646118,6.138144858072916,3.067149852864583,7.250675602864583,4.011775611979166,4.338791631406624
4125,1,1.128,1.128,0.0,1.414,3473,500,135.0,1.0,1.642799616294013,1.4457772812499998,1.4457772812499998,1.8123484713541664,1.2817174479166666,1.4462638771355416
4126,5,3.144,2.025,161.565,3.606,3551,500,146.31,2.0,8.213998081470065,4.02971965625,2.59547783203125,4.6218731171875,2.5634348958333333,3.2339443426774745
4127,37,12.476,3.776,86.636,14.036,381,501,94.086,4.0,60.783585802878484,15.990706880208334,4.839765083333333,17.990186098958333,5.126869791666667,8.7972797207639
4128,1,1.128,1.128,0.0,1.414,441,501,135.0,1.0,1.642799616294013,1.4457772812499998,1.4457772812499998,1.8123484713541664,1.2817174479166666,1.4462638771355416
4129,6,3.718,2.055,0.0,4.123,578,501,165.964,2.0,9.856797697764078,4.765425471354167,2.63392935546875,5.284521037760417,2.5634348958333333,3.5426085324013394
4130,1,1.128,1.128,0.0,1.414,3409,501,135.0,1.0,1.642799616294013,1.4457772812499998,1.4457772812499998,1.8123484713541664,1.2817174479166666,1.4462638771355416
4131,1,1.128,1.128,0.0,1.414,3515,501,135.0,1.0,1.642799616294013,1.4457772812499998,1.4457772812499998,1.8123484713541664,1.2817174479166666,1.4462638771355416
4132,1,1.128,1.128,0.0,1.414,3520,501,135.0,1.0,1.642799616294013,1.4457772812499998,1.4457772812499998,1.8123484713541664,1.2817174479166666,1.4462638771355416
4133,1,1.128,1.128,0.0,1.414,3541,501,135.0,1.0,1.642799616294013,1.4457772812499998,1.4457772812499998,1.8123484713541664,1.2817174479166666,1.4462638771355416
4134,2,2.596,0.981,135.0,2.828,3684,501,135.0,1.414,3.285599232588026,3.327338494791667,1.2573648164062499,3.624696942708333,1.8123484713541664,2.0453259898153786
4135,10,4.456,2.857,18.222,5.0,330,505,36.87,3.0,16.42799616294013,5.7113329479166675,3.661866748697917,6.408587239583333,3.8451523437499997,4.573487949374228
4136,4,2.734,1.863,90.0,3.162,355,502,108.435,2.0,6.571198465176052,3.5042155026041666,2.38783960546875,4.0527905703125,2.5634348958333333,2.892527754271083
4137,30,7.535,5.069,62.685,8.544,419,510,69.444,6.0,49.28398848882039,9.657740970052084,6.4970257434895835,10.950993875,7.690304687499999,7.921513496120161
4138,65,13.916,5.947,142.377,17.205,572,502,144.462,9.216,106.78197505911085,17.836380005208333,7.622373662760417,22.05194869140625,11.812307999999998,11.660152149520322
4139,1,1.128,1.128,0.0,1.414,3363,502,135.0,1.0,1.642799616294013,1.4457772812499998,1.4457772812499998,1.8123484713541664,1.2817174479166666,1.4462638771355416
4140,4,2.257,2.257,0.0,2.828,3396,502,135.0,2.0,6.571198465176052,2.892836279947917,2.892836279947917,3.624696942708333,2.5634348958333333,2.892527754271083
4141,5,3.144,2.025,161.565,3.606,3564,502,146.31,2.0,8.213998081470065,4.02971965625,2.59547783203125,4.6218731171875,2.5634348958333333,3.2339443426774745
4142,1,1.128,1.128,0.0,1.414,559,503,135.0,1.0,1.642799616294013,1.4457772812499998,1.4457772812499998,1.8123484713541664,1.2817174479166666,1.4462638771355416
4143,1,1.128,1.128,0.0,1.414,562,503,135.0,1.0,1.642799616294013,1.4457772812499998,1.4457772812499998,1.8123484713541664,1.2817174479166666,1.4462638771355416
4144,1,1.128,1.128,0.0,1.414,3394,503,135.0,1.0,1.642799616294013,1.4457772812499998,1.4457772812499998,1.8123484713541664,1.2817174479166666,1.4462638771355416
4145,1,1.128,1.128,0.0,1.414,3413,503,135.0,1.0,1.642799616294013,1.4457772812499998,1.4457772812499998,1.8123484713541664,1.2817174479166666,1.4462638771355416
4146,5,3.43,1.856,143.35,4.243,3419,503,135.0,2.683,8.213998081470065,4.396290846354167,2.3788675833333333,5.438327131510417,3.4388479127604166,3.2339443426774745
4147,7,4.439,2.008,150.128,5.0,3544,503,143.13,2.683,11.499597314058091,5.689543751302083,2.5736886354166666,6.408587239583333,3.4388479127604166,3.826454549076717
4148,1,1.128,1.128,0.0,1.414,3553,503,135.0,1.0,1.642799616294013,1.4457772812499998,1.4457772812499998,1.8123484713541664,1.2817174479166666,1.4462638771355416
4149,1,1.128,1.128,0.0,1.414,3557,503,135.0,1.0,1.642799616294013,1.4457772812499998,1.4457772812499998,1.8123484713541664,1.2817174479166666,1.4462638771355416
4150,1,1.128,1.128,0.0,1.414,3624,503,135.0,1.0,1.642799616294013,1.4457772812499998,1.4457772812499998,1.8123484713541664,1.2817174479166666,1.4462638771355416
4151,7,3.334,2.674,33.401,4.243,3649,506,45.0,3.0,11.499597314058091,4.273245971354167,3.4273124557291665,5.438327131510417,3.8451523437499997,3.826454549076717
4152,1,1.128,1.128,0.0,1.414,3663,503,135.0,1.0,1.642799616294013,1.4457772812499998,1.4457772812499998,1.8123484713541664,1.2817174479166666,1.4462638771355416
4153,3,2.365,1.615,135.0,2.828,3688,503,135.0,2.0,4.928398848882039,3.0312617643229167,2.069973678385417,3.624696942708333,2.5634348958333333,2.5050025163503102
4154,1,1.128,1.128,0.0,1.414,259,504,135.0,1.0,1.642799616294013,1.4457772812499998,1.4457772812499998,1.8123484713541664,1.2817174479166666,1.4462638771355416
4155,2,2.257,1.128,90.0,2.236,303,504,116.565,1.0,3.285599232588026,2.892836279947917,1.4457772812499998,2.865920213541667,1.2817174479166666,2.0453259898153786
4156,1,1.128,1.128,0.0,1.414,319,504,135.0,1.0,1.642799616294013,1.4457772812499998,1.4457772812499998,1.8123484713541664,1.2817174479166666,1.4462638771355416
4157,1,1.128,1.128,0.0,1.414,378,504,135.0,1.0,1.642799616294013,1.4457772812499998,1.4457772812499998,1.8123484713541664,1.2817174479166666,1.4462638771355416
4158,26,9.514,3.479,118.496,11.18,390,504,116.565,4.992,42.71279002364434,12.194259799479166,4.459095001302083,14.329601067708333,6.3983335,7.374527731318484
4159,2,2.257,1.128,90.0,2.236,433,504,116.565,1.0,3.285599232588026,2.892836279947917,1.4457772812499998,2.865920213541667,1.2817174479166666,2.0453259898153786
4160,3,2.365,1.615,135.0,2.828,3505,504,135.0,2.0,4.928398848882039,3.0312617643229167,2.069973678385417,3.624696942708333,2.5634348958333333,2.5050025163503102
4161,28,7.957,4.48,83.625,9.22,3645,513,77.471,5.578,45.998389256232365,10.198625733072916,5.742094166666667,11.817434869791667,7.149419924479167,7.652909098153434
4162,1,1.128,1.128,0.0,1.414,3681,504,135.0,1.0,1.642799616294013,1.4457772812499998,1.4457772812499998,1.8123484713541664,1.2817174479166666,1.4462638771355416
4163,5,3.461,1.839,45.0,4.243,3683,507,45.0,2.683,8.213998081470065,4.436024087239583,2.35707838671875,5.438327131510417,3.4388479127604166,3.2339443426774745
4164,3,3.213,1.189,61.845,3.606,293,508,56.31,1.789,4.928398848882039,4.11815816015625,1.5239620455729168,4.6218731171875,2.2929925143229166,2.5050025163503102
4165,1,1.128,1.128,0.0,1.414,328,505,135.0,1.0,1.642799616294013,1.4457772812499998,1.4457772812499998,1.8123484713541664,1.2817174479166666,1.4462638771355416
4166,1,1.128,1.128,0.0,1.414,350,505,135.0,1.0,1.642799616294013,1.4457772812499998,1.4457772812499998,1.8123484713541664,1.2817174479166666,1.4462638771355416
4167,2,2.596,0.981,45.0,2.828,393,507,45.0,1.414,3.285599232588026,3.327338494791667,1.2573648164062499,3.624696942708333,1.8123484713541664,2.0453259898153786
4168,1,1.128,1.128,0.0,1.414,438,505,135.0,1.0,1.642799616294013,1.4457772812499998,1.4457772812499998,1.8123484713541664,1.2817174479166666,1.4462638771355416
4169,1,1.128,1.128,0.0,1.414,761,505,135.0,1.0,1.642799616294013,1.4457772812499998,1.4457772812499998,1.8123484713541664,1.2817174479166666,1.4462638771355416
4170,14,5.57,3.2,117.781,7.071,3568,505,135.0,4.715,22.999194628116182,7.139166184895833,4.101495833333334,9.063024074218749,6.043297766927083,5.411423919108519
4171,12,4.349,3.513,98.495,5.385,3694,510,68.199,4.0,19.713595395528156,5.574189180989584,4.50267339453125,6.90204845703125,5.126869791666667,5.0100050327006205
4172,3,2.365,1.615,45.0,2.828,3779,507,45.0,2.0,4.928398848882039,3.0312617643229167,2.069973678385417,3.624696942708333,2.5634348958333333,2.5050025163503102
4173,1,1.128,1.128,0.0,1.414,365,506,135.0,1.0,1.642799616294013,1.4457772812499998,1.4457772812499998,1.8123484713541664,1.2817174479166666,1.4462638771355416
4174,144,19.78,9.269,66.817,29.53,396,532,61.699,14.367,236.56314474633788,25.352371119791666,11.880239024739582,37.849116236979164,18.414434574218753,17.355166525626498
4175,19,5.856,4.131,56.961,7.81,604,511,39.806,5.571,31.21319270958625,7.505737375,5.294774777343751,10.010213268229165,7.14044790234375,6.304118086127151
4176,6,3.718,2.055,90.0,4.123,3451,506,104.036,2.0,9.856797697764078,4.765425471354167,2.63392935546875,5.284521037760417,2.5634348958333333,3.5426085324013394
4177,13,4.899,3.378,39.265,5.657,3534,510,45.0,4.0,21.35639501182217,6.27913377734375,4.3296415390625,7.250675602864583,5.126869791666667,5.214578566863546
4178,8,3.824,2.664,107.296,4.472,3580,506,116.565,3.0,13.142396930352104,4.901287520833333,3.4144952812500002,5.731840427083334,3.8451523437499997,4.090651979630757
4179,9,5.219,2.196,127.887,5.831,3633,506,120.964,2.828,14.785196546646118,6.689283360677083,2.814651515625,7.473694438802084,3.624696942708333,4.338791631406624
4180,3,2.365,1.615,45.0,2.828,3664,508,45.0,2.0,4.928398848882039,3.0312617643229167,2.069973678385417,3.624696942708333,2.5634348958333333,2.5050025163503102
4181,1,1.128,1.128,0.0,1.414,330,507,135.0,1.0,1.642799616294013,1.4457772812499998,1.4457772812499998,1.8123484713541664,1.2817174479166666,1.4462638771355416
4182,6,4.606,1.658,29.233,5.0,331,510,36.87,2.236,9.856797697764078,5.9035905651041665,2.125087528645833,6.408587239583333,2.865920213541667,3.5426085324013394
4183,37,8.806,5.35,150.435,11.18,348,508,153.435,7.0,60.783585802878484,11.286803846354166,6.857188346354166,14.329601067708333,8.972022135416667,8.7972797207639
4184,2,2.257,1.128,90.0,2.236,555,507,116.565,1.0,3.285599232588026,2.892836279947917,1.4457772812499998,2.865920213541667,1.2817174479166666,2.0453259898153786
4185,2,2.257,1.128,0.0,2.236,558,507,153.435,1.0,3.285599232588026,2.892836279947917,1.4457772812499998,2.865920213541667,1.2817174479166666,2.0453259898153786
4186,2,2.257,1.128,0.0,2.236,3428,507,153.435,1.0,3.285599232588026,2.892836279947917,1.4457772812499998,2.865920213541667,1.2817174479166666,2.0453259898153786
4187,2,2.257,1.128,0.0,2.236,3454,507,153.435,1.0,3.285599232588026,2.892836279947917,1.4457772812499998,2.865920213541667,1.2817174479166666,2.0453259898153786
4188,1,1.128,1.128,0.0,1.414,3532,507,135.0,1.0,1.642799616294013,1.4457772812499998,1.4457772812499998,1.8123484713541664,1.2817174479166666,1.4462638771355416
4189,24,10.212,2.992,175.84,12.649,3552,508,161.565,4.589,39.42719079105631,13.088898578124999,3.8348986041666664,16.212443998697914,5.881801368489584,7.085217064802679
4190,1,1.128,1.128,0.0,1.414,3707,507,135.0,1.0,1.642799616294013,1.4457772812499998,1.4457772812499998,1.8123484713541664,1.2817174479166666,1.4462638771355416
4191,30,8.729,4.376,122.826,10.817,357,509,146.31,7.071,49.28398848882039,11.188111602864582,5.6087955520833335,13.864337634114584,9.063024074218749,7.921513496120161
4192,6,2.93,2.607,153.435,3.606,374,508,123.69,3.0,9.856797697764078,3.7554321223958333,3.3414373867187503,4.6218731171875,3.8451523437499997,3.5426085324013394
4193,8,4.514,2.257,90.0,4.472,430,508,116.565,2.0,13.142396930352104,5.785672559895834,2.892836279947917,5.731840427083334,2.5634348958333333,4.090651979630757
4194,3,2.365,1.615,45.0,2.828,656,510,45.0,2.0,4.928398848882039,3.0312617643229167,2.069973678385417,3.624696942708333,2.5634348958333333,2.5050025163503102
4195,79,16.89,5.955,123.697,18.028,730,508,123.69,7.488,129.78116968722702,21.6482076953125,7.63262740234375,23.106802151041663,9.59750025,12.854674518721318
4196,22,6.806,4.116,97.096,8.544,3484,508,110.556,5.0,36.141591558468285,8.723368950520832,5.275549015625,10.950993875,6.408587239583333,6.78357888217988
4197,1,1.128,1.128,0.0,1.414,325,509,135.0,1.0,1.642799616294013,1.4457772812499998,1.4457772812499998,1.8123484713541664,1.2817174479166666,1.4462638771355416
4198,1,1.128,1.128,0.0,1.414,563,509,135.0,1.0,1.642799616294013,1.4457772812499998,1.4457772812499998,1.8123484713541664,1.2817174479166666,1.4462638771355416
4199,2,2.257,1.128,0.0,2.236,3380,509,153.435,1.0,3.285599232588026,2.892836279947917,1.4457772812499998,2.865920213541667,1.2817174479166666,2.0453259898153786
4200,2,2.257,1.128,90.0,2.236,3469,509,116.565,1.0,3.285599232588026,2.892836279947917,1.4457772812499998,2.865920213541667,1.2817174479166666,2.0453259898153786
4201,2,2.596,0.981,45.0,2.828,3577,511,45.0,1.414,3.285599232588026,3.327338494791667,1.2573648164062499,3.624696942708333,1.8123484713541664,2.0453259898153786
4202,1,1.128,1.128,0.0,1.414,3628,509,135.0,1.0,1.642799616294013,1.4457772812499998,1.4457772812499998,1.8123484713541664,1.2817174479166666,1.4462638771355416
4203,1,1.128,1.128,0.0,1.414,154,510,135.0,1.0,1.642799616294013,1.4457772812499998,1.4457772812499998,1.8123484713541664,1.2817174479166666,1.4462638771355416
4204,77,10.417,9.412,82.781,11.705,498,510,109.983,10.0,126.49557045463901,13.351650654947916,12.063524619791668,15.002502727864583,12.817174479166667,12.690914016636032
4205,1,1.128,1.128,0.0,1.414,3513,510,135.0,1.0,1.642799616294013,1.4457772812499998,1.4457772812499998,1.8123484713541664,1.2817174479166666,1.4462638771355416
4206,2,2.257,1.128,90.0,2.236,3515,510,116.565,1.0,3.285599232588026,2.892836279947917,1.4457772812499998,2.865920213541667,1.2817174479166666,2.0453259898153786
4207,1,1.128,1.128,0.0,1.414,3545,510,135.0,1.0,1.642799616294013,1.4457772812499998,1.4457772812499998,1.8123484713541664,1.2817174479166666,1.4462638771355416
4208,3,2.365,1.615,135.0,2.828,3574,510,135.0,2.0,4.928398848882039,3.0312617643229167,2.069973678385417,3.624696942708333,2.5634348958333333,2.5050025163503102
4209,1,1.128,1.128,0.0,1.414,3585,510,135.0,1.0,1.642799616294013,1.4457772812499998,1.4457772812499998,1.8123484713541664,1.2817174479166666,1.4462638771355416
4210,214,21.64,12.591,80.798,29.732,260,540,70.346,19.696,351.5591178869188,27.736365572916668,16.138104386718748,38.108023161458334,25.24470685416667,21.15701654992323
4211,4,3.192,1.596,161.565,3.606,263,511,146.31,2.0,6.571198465176052,4.09124209375,2.045621046875,4.6218731171875,2.5634348958333333,2.892527754271083
4212,4,2.257,2.257,0.0,2.828,384,511,135.0,2.0,6.571198465176052,2.892836279947917,2.892836279947917,3.624696942708333,2.5634348958333333,2.892527754271083
4213,10,4.48,2.842,7.688,5.099,599,512,168.69,3.0,16.42799616294013,5.742094166666667,3.6426409869791665,6.535477266927083,3.8451523437499997,4.573487949374228
4214,1,1.128,1.128,0.0,1.414,670,511,135.0,1.0,1.642799616294013,1.4457772812499998,1.4457772812499998,1.8123484713541664,1.2817174479166666,1.4462638771355416
4215,2,2.257,1.128,0.0,2.236,3382,511,153.435,1.0,3.285599232588026,2.892836279947917,1.4457772812499998,2.865920213541667,1.2817174479166666,2.0453259898153786
4216,4,3.216,1.583,31.717,3.606,3405,513,33.69,2.0,6.571198465176052,4.1220033125,2.028958720052083,4.6218731171875,2.5634348958333333,2.892527754271083
4217,5,3.679,1.73,25.67,4.472,3471,513,26.565,2.53,8.213998081470065,4.7154384908854166,2.2173711848958333,5.731840427083334,3.2427451432291665,3.2339443426774745
4218,64,12.67,6.431,31.82,16.125,366,522,29.745,9.615,105.13917544281684,16.239360065104165,8.242724907552084,20.66769384765625,12.32371326171875,11.570111017084333
4219,2,2.596,0.981,135.0,2.828,397,512,135.0,1.414,3.285599232588026,3.327338494791667,1.2573648164062499,3.624696942708333,1.8123484713541664,2.0453259898153786
4220,40,8.582,5.935,123.425,9.434,447,512,122.005,6.957,65.71198465176052,10.999699138020834,7.606993053385416,12.091722403645832,8.91690828515625,9.146975898748456
4221,18,5.899,3.885,95.141,6.403,474,512,128.66,4.743,29.570393093292235,7.560851225260417,4.97947228515625,8.206836819010416,6.07918585546875,6.135977969446135
4222,7,4.687,1.902,34.099,6.403,547,516,38.66,3.2,11.499597314058091,6.007409678385417,2.4378265859374997,8.206836819010416,4.101495833333334,3.826454549076717
4223,177,21.356,10.553,21.223,23.431,608,527,39.806,14.311,290.7755320840403,27.372357817708334,13.525964227864584,30.031921522135416,18.342658397135416,19.24128942686435
4224,2,2.257,1.128,90.0,2.236,655,512,116.565,1.0,3.285599232588026,2.892836279947917,1.4457772812499998,2.865920213541667,1.2817174479166666,2.0453259898153786
4225,7,4.265,2.09,131.579,5.0,3467,512,126.87,2.828,11.499597314058091,5.466524915364583,2.678789466145833,6.408587239583333,3.624696942708333,3.826454549076717
4226,6,3.385,2.257,0.0,3.606,3478,512,146.31,2.0,9.856797697764078,4.338613561197916,2.892836279947917,4.6218731171875,2.5634348958333333,3.5426085324013394
4227,3,3.385,1.128,90.0,3.162,3554,512,108.435,1.0,4.928398848882039,4.338613561197916,1.4457772812499998,4.0527905703125,1.2817174479166666,2.5050025163503102
4228,1,1.128,1.128,0.0,1.414,302,513,135.0,1.0,1.642799616294013,1.4457772812499998,1.4457772812499998,1.8123484713541664,1.2817174479166666,1.4462638771355416
4229,1,1.128,1.128,0.0,1.414,345,513,135.0,1.0,1.642799616294013,1.4457772812499998,1.4457772812499998,1.8123484713541664,1.2817174479166666,1.4462638771355416
4230,1,1.128,1.128,0.0,1.414,409,513,135.0,1.0,1.642799616294013,1.4457772812499998,1.4457772812499998,1.8123484713541664,1.2817174479166666,1.4462638771355416
4231,1,1.128,1.128,0.0,1.414,557,513,135.0,1.0,1.642799616294013,1.4457772812499998,1.4457772812499998,1.8123484713541664,1.2817174479166666,1.4462638771355416
4232,33,8.096,5.19,38.181,8.944,575,521,63.435,6.364,54.21238733770243,10.376784458333333,6.6521135546875,11.463680854166668,8.156849838541666,8.308153445630097
4233,1,1.128,1.128,0.0,1.414,657,513,135.0,1.0,1.642799616294013,1.4457772812499998,1.4457772812499998,1.8123484713541664,1.2817174479166666,1.4462638771355416
4234,2,2.257,1.128,90.0,2.236,3297,513,116.565,1.0,3.285599232588026,2.892836279947917,1.4457772812499998,2.865920213541667,1.2817174479166666,2.0453259898153786
4235,2,2.257,1.128,0.0,2.236,3512,513,153.435,1.0,3.285599232588026,2.892836279947917,1.4457772812499998,2.865920213541667,1.2817174479166666,2.0453259898153786
4236,5,3.144,2.025,71.565,3.606,3578,516,56.31,2.0,8.213998081470065,4.02971965625,2.59547783203125,4.6218731171875,2.5634348958333333,3.2339443426774745
4237,1,1.128,1.128,0.0,1.414,299,514,135.0,1.0,1.642799616294013,1.4457772812499998,1.4457772812499998,1.8123484713541664,1.2817174479166666,1.4462638771355416
4238,10,3.98,3.199,56.164,5.657,335,519,45.0,4.243,16.42799616294013,5.101235442708333,4.100214115885416,7.250675602864583,5.438327131510417,4.573487949374228
4239,1,1.128,1.128,0.0,1.414,3403,514,135.0,1.0,1.642799616294013,1.4457772812499998,1.4457772812499998,1.8123484713541664,1.2817174479166666,1.4462638771355416
4240,1,1.128,1.128,0.0,1.414,3423,514,135.0,1.0,1.642799616294013,1.4457772812499998,1.4457772812499998,1.8123484713541664,1.2817174479166666,1.4462638771355416
4241,1,1.128,1.128,0.0,1.414,3505,514,135.0,1.0,1.642799616294013,1.4457772812499998,1.4457772812499998,1.8123484713541664,1.2817174479166666,1.4462638771355416
4242,4,2.257,2.257,0.0,2.828,3644,514,135.0,2.0,6.571198465176052,2.892836279947917,2.892836279947917,3.624696942708333,2.5634348958333333,2.892527754271083
4243,1,1.128,1.128,0.0,1.414,206,515,135.0,1.0,1.642799616294013,1.4457772812499998,1.4457772812499998,1.8123484713541664,1.2817174479166666,1.4462638771355416
4244,3,2.365,1.615,45.0,2.828,351,517,45.0,2.0,4.928398848882039,3.0312617643229167,2.069973678385417,3.624696942708333,2.5634348958333333,2.5050025163503102
4245,1,1.128,1.128,0.0,1.414,455,515,135.0,1.0,1.642799616294013,1.4457772812499998,1.4457772812499998,1.8123484713541664,1.2817174479166666,1.4462638771355416
4246,6,4.633,1.649,50.31,5.0,459,519,53.13,2.121,9.856797697764078,5.938196936197917,2.1135520716145835,6.408587239583333,2.71852270703125,3.5426085324013394
4247,5,3.086,2.063,55.901,3.606,3442,518,33.69,2.683,8.213998081470065,3.955380044270833,2.6441830950520835,4.6218731171875,3.4388479127604166,3.2339443426774745
4248,1,1.128,1.128,0.0,1.414,3466,515,135.0,1.0,1.642799616294013,1.4457772812499998,1.4457772812499998,1.8123484713541664,1.2817174479166666,1.4462638771355416
4249,1,1.128,1.128,0.0,1.414,3550,515,135.0,1.0,1.642799616294013,1.4457772812499998,1.4457772812499998,1.8123484713541664,1.2817174479166666,1.4462638771355416
4250,3,2.365,1.615,135.0,2.828,3556,515,135.0,2.0,4.928398848882039,3.0312617643229167,2.069973678385417,3.624696942708333,2.5634348958333333,2.5050025163503102
4251,1,1.128,1.128,0.0,1.414,3576,515,135.0,1.0,1.642799616294013,1.4457772812499998,1.4457772812499998,1.8123484713541664,1.2817174479166666,1.4462638771355416
4252,1,1.128,1.128,0.0,1.414,349,516,135.0,1.0,1.642799616294013,1.4457772812499998,1.4457772812499998,1.8123484713541664,1.2817174479166666,1.4462638771355416
4253,45,9.027,6.347,49.201,10.296,651,523,29.055,7.2,73.92598273323058,11.570063402343749,8.135060641927083,13.19656284375,9.228365625,9.701833028032423
4254,1,1.128,1.128,0.0,1.414,3377,516,135.0,1.0,1.642799616294013,1.4457772812499998,1.4457772812499998,1.8123484713541664,1.2817174479166666,1.4462638771355416
4255,6,4.134,1.848,12.933,4.472,3566,518,26.565,2.0,9.856797697764078,5.298619929687501,2.36861384375,5.731840427083334,2.5634348958333333,3.5426085324013394
4256,1,1.128,1.128,0.0,1.414,245,517,135.0,1.0,1.642799616294013,1.4457772812499998,1.4457772812499998,1.8123484713541664,1.2817174479166666,1.4462638771355416
4257,4,2.257,2.257,0.0,2.828,356,517,135.0,2.0,6.571198465176052,2.892836279947917,2.892836279947917,3.624696942708333,2.5634348958333333,2.892527754271083
4258,61,11.11,6.991,166.257,13.601,433,520,162.897,8.0,100.2107765939348,14.239880846354165,8.960486678385417,17.432639009114585,10.253739583333333,11.295681977673365
4259,1,1.128,1.128,0.0,1.414,3370,517,135.0,1.0,1.642799616294013,1.4457772812499998,1.4457772812499998,1.8123484713541664,1.2817174479166666,1.4462638771355416
4260,1,1.128,1.128,0.0,1.414,3431,517,135.0,1.0,1.642799616294013,1.4457772812499998,1.4457772812499998,1.8123484713541664,1.2817174479166666,1.4462638771355416
4261,5,3.144,2.025,161.565,3.606,3489,517,146.31,2.0,8.213998081470065,4.02971965625,2.59547783203125,4.6218731171875,2.5634348958333333,3.2339443426774745
4262,50,10.189,6.248,157.429,13.416,3513,518,153.435,8.598,82.13998081470065,13.059419076822916,8.008170614583333,17.19552128125,11.020206617187501,10.226629949076893
4263,1,1.128,1.128,0.0,1.414,3720,517,135.0,1.0,1.642799616294013,1.4457772812499998,1.4457772812499998,1.8123484713541664,1.2817174479166666,1.4462638771355416
4264,4,2.257,2.257,0.0,2.828,348,518,135.0,2.0,6.571198465176052,2.892836279947917,2.892836279947917,3.624696942708333,2.5634348958333333,2.892527754271083
4265,2,2.257,1.128,90.0,2.236,359,518,116.565,1.0,3.285599232588026,2.892836279947917,1.4457772812499998,2.865920213541667,1.2817174479166666,2.0453259898153786
4266,716,54.923,16.598,76.047,75.71,538,592,77.8,34.382,1176.2445252665134,70.39576739192708,21.273946200520832,97.03882798177082,44.06800929427083,38.69938383039069
4267,4,4.514,1.128,90.0,4.123,565,518,104.036,1.0,6.571198465176052,5.785672559895834,1.4457772812499998,5.284521037760417,1.2817174479166666,2.892527754271083
4268,3,2.365,1.615,45.0,2.828,3246,520,45.0,2.0,4.928398848882039,3.0312617643229167,2.069973678385417,3.624696942708333,2.5634348958333333,2.5050025163503102
4269,2,2.257,1.128,90.0,2.236,3319,518,116.565,1.0,3.285599232588026,2.892836279947917,1.4457772812499998,2.865920213541667,1.2817174479166666,2.0453259898153786
4270,4,3.216,1.583,148.283,3.606,3560,518,146.31,2.0,6.571198465176052,4.1220033125,2.028958720052083,4.6218731171875,2.5634348958333333,2.892527754271083
4271,6,4.134,1.848,12.933,4.472,3568,520,26.565,2.0,9.856797697764078,5.298619929687501,2.36861384375,5.731840427083334,2.5634348958333333,3.5426085324013394
4272,1,1.128,1.128,0.0,1.414,3643,518,135.0,1.0,1.642799616294013,1.4457772812499998,1.4457772812499998,1.8123484713541664,1.2817174479166666,1.4462638771355416
4273,2,2.257,1.128,0.0,2.236,317,519,153.435,1.0,3.285599232588026,2.892836279947917,1.4457772812499998,2.865920213541667,1.2817174479166666,2.0453259898153786
4274,4,3.216,1.583,121.717,3.606,352,519,123.69,2.0,6.571198465176052,4.1220033125,2.028958720052083,4.6218731171875,2.5634348958333333,2.892527754271083
4275,170,20.712,10.451,79.862,25.495,421,542,64.44,13.904,279.2759347699822,26.54693178125,13.395229048177084,32.677386334635415,17.820999395833333,18.85697389275946
4276,1,1.128,1.128,0.0,1.414,3486,519,135.0,1.0,1.642799616294013,1.4457772812499998,1.4457772812499998,1.8123484713541664,1.2817174479166666,1.4462638771355416
4277,1,1.128,1.128,0.0,1.414,3719,519,135.0,1.0,1.642799616294013,1.4457772812499998,1.4457772812499998,1.8123484713541664,1.2817174479166666,1.4462638771355416
4278,42,11.215,4.768,36.265,13.892,242,527,30.256,7.69,68.99758388434854,14.374461178385417,6.111228791666666,17.805618786458332,9.856407174479166,9.372861169189449
4279,19,7.038,3.437,85.096,10.44,323,530,73.301,5.578,31.21319270958625,9.0207273984375,4.405262868489583,13.381130156249998,7.149419924479167,6.304118086127151
4280,35,8.387,5.314,115.845,10.817,356,520,123.69,6.0,57.49798657029046,10.749764235677084,6.811046518229166,13.864337634114584,7.690304687499999,8.556212484548844
4281,63,9.808,8.179,0.77,13.892,380,529,30.256,11.384,103.49637582652282,12.571084729166666,10.483167006510417,17.805618786458332,14.591071427083333,11.47936364723015
4282,1,1.128,1.128,0.0,1.414,389,520,135.0,1.0,1.642799616294013,1.4457772812499998,1.4457772812499998,1.8123484713541664,1.2817174479166666,1.4462638771355416
4283,6,4.134,1.848,167.067,4.472,486,520,153.435,2.0,9.856797697764078,5.298619929687501,2.36861384375,5.731840427083334,2.5634348958333333,3.5426085324013394
4284,68,14.805,5.848,45.346,17.029,665,533,49.764,8.277,111.71037390799289,18.97582681640625,7.495483635416666,21.826366420572917,10.608775316406248,11.926197455890321
4285,7,4.154,2.146,8.35,4.472,3496,522,26.565,2.0,11.499597314058091,5.324254278645833,2.7505656432291663,5.731840427083334,2.5634348958333333,3.826454549076717
4286,3,2.365,1.615,135.0,2.828,3509,520,135.0,2.0,4.928398848882039,3.0312617643229167,2.069973678385417,3.624696942708333,2.5634348958333333,2.5050025163503102
4287,651,32.584,25.439,140.481,48.27,3629,527,140.042,37.017,1069.4625502074025,41.76348132291667,32.605610157552086,61.8685012109375,47.44533476953125,36.90099132410864
4288,133,23.527,7.198,89.66,27.074,3673,547,85.764,11.0,218.49234896710374,30.154966397135418,9.225802190104167,34.701218184895836,14.098891927083333,16.679128691476905
4289,71,15.342,5.892,34.988,17.029,3691,531,40.236,7.69,116.63877275687493,19.6641090859375,7.551879203125,21.826366420572917,9.856407174479166,12.186436040278805
4290,287,28.442,12.848,151.327,37.802,336,522,142.524,17.362,471.4834898763817,36.45460765364583,16.467505770833334,48.45148296614583,22.253178330729163,24.501263866628307
4291,10,5.642,2.257,90.0,5.385,412,521,111.801,2.0,16.42799616294013,7.2314498411458334,2.892836279947917,6.90204845703125,2.5634348958333333,4.573487949374228
4292,1,1.128,1.128,0.0,1.414,421,521,135.0,1.0,1.642799616294013,1.4457772812499998,1.4457772812499998,1.8123484713541664,1.2817174479166666,1.4462638771355416
4293,1,1.128,1.128,0.0,1.414,577,521,135.0,1.0,1.642799616294013,1.4457772812499998,1.4457772812499998,1.8123484713541664,1.2817174479166666,1.4462638771355416
4294,1,1.128,1.128,0.0,1.414,620,521,135.0,1.0,1.642799616294013,1.4457772812499998,1.4457772812499998,1.8123484713541664,1.2817174479166666,1.4462638771355416
4295,1,1.128,1.128,0.0,1.414,769,521,135.0,1.0,1.642799616294013,1.4457772812499998,1.4457772812499998,1.8123484713541664,1.2817174479166666,1.4462638771355416
4296,6,3.385,2.257,90.0,3.606,3542,521,123.69,2.0,9.856797697764078,4.338613561197916,2.892836279947917,4.6218731171875,2.5634348958333333,3.5426085324013394
4297,1,1.128,1.128,0.0,1.414,3551,521,135.0,1.0,1.642799616294013,1.4457772812499998,1.4457772812499998,1.8123484713541664,1.2817174479166666,1.4462638771355416
4298,2,2.257,1.128,0.0,2.236,3554,521,153.435,1.0,3.285599232588026,2.892836279947917,1.4457772812499998,2.865920213541667,1.2817174479166666,2.0453259898153786
4299,1,1.128,1.128,0.0,1.414,247,522,135.0,1.0,1.642799616294013,1.4457772812499998,1.4457772812499998,1.8123484713541664,1.2817174479166666,1.4462638771355416
4300,1,1.128,1.128,0.0,1.414,327,522,135.0,1.0,1.642799616294013,1.4457772812499998,1.4457772812499998,1.8123484713541664,1.2817174479166666,1.4462638771355416
4301,11,6.019,2.327,156.393,6.708,343,522,153.435,3.0,18.070795779234142,7.714657319010417,2.982556501302083,8.597760640625,3.8451523437499997,4.796714628303253
4302,1,1.128,1.128,0.0,1.414,531,522,135.0,1.0,1.642799616294013,1.4457772812499998,1.4457772812499998,1.8123484713541664,1.2817174479166666,1.4462638771355416
4303,1,1.128,1.128,0.0,1.414,545,522,135.0,1.0,1.642799616294013,1.4457772812499998,1.4457772812499998,1.8123484713541664,1.2817174479166666,1.4462638771355416
4304,1,1.128,1.128,0.0,1.414,3487,522,135.0,1.0,1.642799616294013,1.4457772812499998,1.4457772812499998,1.8123484713541664,1.2817174479166666,1.4462638771355416
4305,20,5.845,4.356,92.451,8.246,3667,522,104.036,5.0,32.85599232588026,7.491638483072916,5.583161203125,10.569042075520834,6.408587239583333,6.467888685354949
4306,1,1.128,1.128,0.0,1.414,202,523,135.0,1.0,1.642799616294013,1.4457772812499998,1.4457772812499998,1.8123484713541664,1.2817174479166666,1.4462638771355416
4307,1,1.128,1.128,0.0,1.414,351,523,135.0,1.0,1.642799616294013,1.4457772812499998,1.4457772812499998,1.8123484713541664,1.2817174479166666,1.4462638771355416
4308,1,1.128,1.128,0.0,1.414,659,523,135.0,1.0,1.642799616294013,1.4457772812499998,1.4457772812499998,1.8123484713541664,1.2817174479166666,1.4462638771355416
4309,1,1.128,1.128,0.0,1.414,3422,523,135.0,1.0,1.642799616294013,1.4457772812499998,1.4457772812499998,1.8123484713541664,1.2817174479166666,1.4462638771355416
4310,1,1.128,1.128,0.0,1.414,3494,523,135.0,1.0,1.642799616294013,1.4457772812499998,1.4457772812499998,1.8123484713541664,1.2817174479166666,1.4462638771355416
4311,1,1.128,1.128,0.0,1.414,3506,523,135.0,1.0,1.642799616294013,1.4457772812499998,1.4457772812499998,1.8123484713541664,1.2817174479166666,1.4462638771355416
4312,55,9.905,7.07,82.455,12.207,3567,524,124.992,8.0,90.35397889617072,12.695411321614582,9.061742356770834,15.64592488671875,10.253739583333333,10.72577997755371
4313,1,1.128,1.128,0.0,1.414,3682,523,135.0,1.0,1.642799616294013,1.4457772812499998,1.4457772812499998,1.8123484713541664,1.2817174479166666,1.4462638771355416
4314,26,7.409,4.468,74.524,8.544,3685,531,69.444,5.0,42.71279002364434,9.496244571614582,5.726713557291666,10.950993875,6.408587239583333,7.374527731318484
4315,2,2.596,0.981,135.0,2.828,329,524,135.0,1.414,3.285599232588026,3.327338494791667,1.2573648164062499,3.624696942708333,1.8123484713541664,2.0453259898153786
4316,1,1.128,1.128,0.0,1.414,3425,524,135.0,1.0,1.642799616294013,1.4457772812499998,1.4457772812499998,1.8123484713541664,1.2817174479166666,1.4462638771355416
4317,2,2.257,1.128,90.0,2.236,3508,524,116.565,1.0,3.285599232588026,2.892836279947917,1.4457772812499998,2.865920213541667,1.2817174479166666,2.0453259898153786
4318,1,1.128,1.128,0.0,1.414,3531,524,135.0,1.0,1.642799616294013,1.4457772812499998,1.4457772812499998,1.8123484713541664,1.2817174479166666,1.4462638771355416
4319,1,1.128,1.128,0.0,1.414,3655,524,135.0,1.0,1.642799616294013,1.4457772812499998,1.4457772812499998,1.8123484713541664,1.2817174479166666,1.4462638771355416
4320,1,1.128,1.128,0.0,1.414,3720,524,135.0,1.0,1.642799616294013,1.4457772812499998,1.4457772812499998,1.8123484713541664,1.2817174479166666,1.4462638771355416
4321,1,1.128,1.128,0.0,1.414,287,525,135.0,1.0,1.642799616294013,1.4457772812499998,1.4457772812499998,1.8123484713541664,1.2817174479166666,1.4462638771355416
4322,5,4.183,1.522,79.099,4.472,373,529,63.435,2.0,8.213998081470065,5.361424084635416,1.9507739557291666,5.731840427083334,2.5634348958333333,3.2339443426774745
4323,2,2.257,1.128,0.0,2.236,377,525,153.435,1.0,3.285599232588026,2.892836279947917,1.4457772812499998,2.865920213541667,1.2817174479166666,2.0453259898153786
4324,8,3.538,2.879,135.0,4.243,572,525,135.0,3.0,13.142396930352104,4.534716330729166,3.6900645325520833,5.438327131510417,3.8451523437499997,4.090651979630757
4325,1,1.128,1.128,0.0,1.414,3422,525,135.0,1.0,1.642799616294013,1.4457772812499998,1.4457772812499998,1.8123484713541664,1.2817174479166666,1.4462638771355416
4326,8,5.194,1.961,22.854,5.831,3467,528,30.964,2.683,13.142396930352104,6.657240424479166,2.5134479153645835,7.473694438802084,3.4388479127604166,4.090651979630757
4327,18,6.383,3.591,43.959,8.544,250,532,20.556,5.547,29.570393093292235,8.181202470052083,4.602647355468751,10.950993875,7.10968668359375,6.135977969446135
4328,7,3.644,2.446,112.5,4.472,3449,526,116.565,3.0,11.499597314058091,4.670578380208333,3.135080877604167,5.731840427083334,3.8451523437499997,3.826454549076717
4329,11,5.076,2.759,30.1,7.211,3478,530,33.69,3.881,18.070795779234142,6.505997765625,3.5362584388020832,9.242464516927084,4.974345415364583,4.796714628303253
4330,28,9.016,3.954,100.14,10.198,3530,526,101.31,5.425,45.998389256232365,11.555964510416667,5.0679107890625,13.070954533854167,6.953317154947916,7.652909098153434
4331,15,6.537,2.921,83.828,7.616,3557,533,66.801,3.881,24.641994244410196,8.37858695703125,3.743896665364583,9.761560083333332,4.974345415364583,5.601355910367322
4332,3,2.365,1.615,135.0,2.828,3679,526,135.0,2.0,4.928398848882039,3.0312617643229167,2.069973678385417,3.624696942708333,2.5634348958333333,2.5050025163503102
4333,19,6.26,3.865,134.379,7.211,504,528,146.31,4.8,31.21319270958625,8.023551223958332,4.953837936197917,9.242464516927084,6.152243749999999,6.304118086127151
4334,2,2.257,1.128,90.0,2.236,509,527,116.565,1.0,3.285599232588026,2.892836279947917,1.4457772812499998,2.865920213541667,1.2817174479166666,2.0453259898153786
4335,1,1.128,1.128,0.0,1.414,576,527,135.0,1.0,1.642799616294013,1.4457772812499998,1.4457772812499998,1.8123484713541664,1.2817174479166666,1.4462638771355416
4336,101,14.58,8.82,79.107,21.095,586,527,95.44,13.343,165.9227612456953,18.687440390625,11.304747890625,27.03782956380208,17.10195590755208,14.534772080532257
4337,1,1.128,1.128,0.0,1.414,3327,527,135.0,1.0,1.642799616294013,1.4457772812499998,1.4457772812499998,1.8123484713541664,1.2817174479166666,1.4462638771355416
4338,2,2.257,1.128,0.0,2.236,3575,527,153.435,1.0,3.285599232588026,2.892836279947917,1.4457772812499998,2.865920213541667,1.2817174479166666,2.0453259898153786
4339,2,2.257,1.128,90.0,2.236,3620,527,116.565,1.0,3.285599232588026,2.892836279947917,1.4457772812499998,2.865920213541667,1.2817174479166666,2.0453259898153786
4340,1,1.128,1.128,0.0,1.414,3664,527,135.0,1.0,1.642799616294013,1.4457772812499998,1.4457772812499998,1.8123484713541664,1.2817174479166666,1.4462638771355416
4341,5,3.144,2.025,108.435,3.606,526,528,123.69,2.0,8.213998081470065,4.02971965625,2.59547783203125,4.6218731171875,2.5634348958333333,3.2339443426774745
4342,4,2.734,1.863,90.0,3.162,646,528,108.435,2.0,6.571198465176052,3.5042155026041666,2.38783960546875,4.0527905703125,2.5634348958333333,2.892527754271083
4343,2,2.257,1.128,90.0,2.236,3323,528,116.565,1.0,3.285599232588026,2.892836279947917,1.4457772812499998,2.865920213541667,1.2817174479166666,2.0453259898153786
4344,1,1.128,1.128,0.0,1.414,3413,528,135.0,1.0,1.642799616294013,1.4457772812499998,1.4457772812499998,1.8123484713541664,1.2817174479166666,1.4462638771355416
4345,1,1.128,1.128,0.0,1.414,3475,528,135.0,1.0,1.642799616294013,1.4457772812499998,1.4457772812499998,1.8123484713541664,1.2817174479166666,1.4462638771355416
4346,14,6.411,2.78,145.326,7.211,3508,528,146.31,4.16,22.999194628116182,8.21709055859375,3.563174505208333,9.242464516927084,5.331944583333334,5.411423919108519
4347,2,2.596,0.981,45.0,2.828,3524,530,45.0,1.414,3.285599232588026,3.327338494791667,1.2573648164062499,3.624696942708333,1.8123484713541664,2.0453259898153786
4348,1,1.128,1.128,0.0,1.414,3609,528,135.0,1.0,1.642799616294013,1.4457772812499998,1.4457772812499998,1.8123484713541664,1.2817174479166666,1.4462638771355416
4349,1,1.128,1.128,0.0,1.414,218,529,135.0,1.0,1.642799616294013,1.4457772812499998,1.4457772812499998,1.8123484713541664,1.2817174479166666,1.4462638771355416
4350,1,1.128,1.128,0.0,1.414,394,529,135.0,1.0,1.642799616294013,1.4457772812499998,1.4457772812499998,1.8123484713541664,1.2817174479166666,1.4462638771355416
4351,2,2.257,1.128,0.0,2.236,3458,529,153.435,1.0,3.285599232588026,2.892836279947917,1.4457772812499998,2.865920213541667,1.2817174479166666,2.0453259898153786
4352,66,13.38,6.281,103.52,15.297,3703,529,101.31,8.344,108.42477467540486,17.149379453125,8.050467290364583,19.60643180078125,10.694650385416665,11.749503281086843
4353,1,1.128,1.128,0.0,1.414,3715,529,135.0,1.0,1.642799616294013,1.4457772812499998,1.4457772812499998,1.8123484713541664,1.2817174479166666,1.4462638771355416
4354,3,2.365,1.615,45.0,2.828,268,532,45.0,2.0,4.928398848882039,3.0312617643229167,2.069973678385417,3.624696942708333,2.5634348958333333,2.5050025163503102
4355,6,3.718,2.055,53.13,4.243,569,533,45.0,2.683,9.856797697764078,4.765425471354167,2.63392935546875,5.438327131510417,3.4388479127604166,3.5426085324013394
4356,2,2.257,1.128,0.0,2.236,626,530,153.435,1.0,3.285599232588026,2.892836279947917,1.4457772812499998,2.865920213541667,1.2817174479166666,2.0453259898153786
4357,1,1.128,1.128,0.0,1.414,3556,530,135.0,1.0,1.642799616294013,1.4457772812499998,1.4457772812499998,1.8123484713541664,1.2817174479166666,1.4462638771355416
4358,27,11.365,3.025,86.456,12.042,277,531,94.764,4.0,44.35558963993835,14.566718795572916,3.8771952799479164,15.4344415078125,5.126869791666667,7.515007549050931
4359,100,18.802,6.772,172.342,19.235,476,533,171.027,8.557,164.2799616294013,24.098851455729164,8.679790557291668,24.653835110677083,10.967656201822917,14.462638771355415
4360,84,10.517,10.169,140.157,13.928,621,531,111.038,12.021,137.9951677686971,13.479822399739582,13.033784727864584,17.851760614583334,15.40752544140625,13.255227383707863
4361,1,1.128,1.128,0.0,1.414,3451,531,135.0,1.0,1.642799616294013,1.4457772812499998,1.4457772812499998,1.8123484713541664,1.2817174479166666,1.4462638771355416
4362,1,1.128,1.128,0.0,1.414,3573,531,135.0,1.0,1.642799616294013,1.4457772812499998,1.4457772812499998,1.8123484713541664,1.2817174479166666,1.4462638771355416
4363,2,2.257,1.128,90.0,2.236,3623,531,116.565,1.0,3.285599232588026,2.892836279947917,1.4457772812499998,2.865920213541667,1.2817174479166666,2.0453259898153786
4364,1,1.128,1.128,0.0,1.414,3722,531,135.0,1.0,1.642799616294013,1.4457772812499998,1.4457772812499998,1.8123484713541664,1.2817174479166666,1.4462638771355416
4365,1,1.128,1.128,0.0,1.414,3744,531,135.0,1.0,1.642799616294013,1.4457772812499998,1.4457772812499998,1.8123484713541664,1.2817174479166666,1.4462638771355416
4366,31,8.677,4.549,32.49,10.63,404,540,48.814,6.641,50.926788105114404,11.121462295572917,5.830532670572917,13.624656471354168,8.511885571614583,8.052456474363645
4367,1,1.128,1.128,0.0,1.414,415,532,135.0,1.0,1.642799616294013,1.4457772812499998,1.4457772812499998,1.8123484713541664,1.2817174479166666,1.4462638771355416
4368,3,2.365,1.615,45.0,2.828,592,534,45.0,2.0,4.928398848882039,3.0312617643229167,2.069973678385417,3.624696942708333,2.5634348958333333,2.5050025163503102
4369,3,2.365,1.615,135.0,2.828,3508,532,135.0,2.0,4.928398848882039,3.0312617643229167,2.069973678385417,3.624696942708333,2.5634348958333333,2.5050025163503102
4370,5,4.183,1.522,79.099,4.472,3542,536,63.435,2.0,8.213998081470065,5.361424084635416,1.9507739557291666,5.731840427083334,2.5634348958333333,3.2339443426774745
4371,4,3.969,1.283,72.391,4.472,3544,536,63.435,1.897,6.571198465176052,5.08713655078125,1.644443485677083,5.731840427083334,2.4314179986979165,2.892527754271083
4372,3,2.365,1.615,45.0,2.828,3612,534,45.0,2.0,4.928398848882039,3.0312617643229167,2.069973678385417,3.624696942708333,2.5634348958333333,2.5050025163503102
4373,3,2.365,1.615,45.0,2.828,3620,534,45.0,2.0,4.928398848882039,3.0312617643229167,2.069973678385417,3.624696942708333,2.5634348958333333,2.5050025163503102
4374,2,2.257,1.128,0.0,2.236,286,533,153.435,1.0,3.285599232588026,2.892836279947917,1.4457772812499998,2.865920213541667,1.2817174479166666,2.0453259898153786
4375,59,15.493,4.849,74.175,19.925,324,552,72.474,7.665,96.92517736134677,19.857648420572918,6.215047904947917,25.538220149739583,9.82436423828125,11.108963630155632
4376,2,2.257,1.128,0.0,2.236,387,533,153.435,1.0,3.285599232588026,2.892836279947917,1.4457772812499998,2.865920213541667,1.2817174479166666,2.0453259898153786
4377,4,2.734,1.863,90.0,3.162,402,533,108.435,2.0,6.571198465176052,3.5042155026041666,2.38783960546875,4.0527905703125,2.5634348958333333,2.892527754271083
4378,9,5.07,2.26,121.552,6.403,3466,533,128.66,3.395,14.785196546646118,6.4983074609375,2.8966814322916665,8.206836819010416,4.351430735677083,4.338791631406624
4379,3,3.385,1.128,0.0,3.162,3687,533,161.565,1.0,4.928398848882039,4.338613561197916,1.4457772812499998,4.0527905703125,1.2817174479166666,2.5050025163503102
4380,4,2.257,2.257,0.0,2.828,3716,533,135.0,2.0,6.571198465176052,2.892836279947917,2.892836279947917,3.624696942708333,2.5634348958333333,2.892527754271083
4381,2,2.257,1.128,90.0,2.236,391,534,116.565,1.0,3.285599232588026,2.892836279947917,1.4457772812499998,2.865920213541667,1.2817174479166666,2.0453259898153786
4382,1,1.128,1.128,0.0,1.414,451,534,135.0,1.0,1.642799616294013,1.4457772812499998,1.4457772812499998,1.8123484713541664,1.2817174479166666,1.4462638771355416
4383,2,2.596,0.981,135.0,2.828,573,534,135.0,1.414,3.285599232588026,3.327338494791667,1.2573648164062499,3.624696942708333,1.8123484713541664,2.0453259898153786
4384,2,2.596,0.981,135.0,2.828,581,534,135.0,1.414,3.285599232588026,3.327338494791667,1.2573648164062499,3.624696942708333,1.8123484713541664,2.0453259898153786
4385,21,8.423,3.174,80.704,9.055,3399,534,96.34,3.881,34.49879194217427,10.795906063802082,4.0681711796875,11.605951490885417,4.974345415364583,6.627613691853932
4386,1,1.128,1.128,0.0,1.414,3459,534,135.0,1.0,1.642799616294013,1.4457772812499998,1.4457772812499998,1.8123484713541664,1.2817174479166666,1.4462638771355416
4387,1,1.128,1.128,0.0,1.414,3485,534,135.0,1.0,1.642799616294013,1.4457772812499998,1.4457772812499998,1.8123484713541664,1.2817174479166666,1.4462638771355416
4388,2,2.596,0.981,135.0,2.828,576,535,135.0,1.414,3.285599232588026,3.327338494791667,1.2573648164062499,3.624696942708333,1.8123484713541664,2.0453259898153786
4389,8,4.769,2.136,90.0,5.099,3491,535,101.31,2.0,13.142396930352104,6.112510509114584,2.73774846875,6.535477266927083,2.5634348958333333,4.090651979630757
4390,5,3.732,1.706,58.283,4.243,3588,538,45.0,2.236,8.213998081470065,4.783369515625,2.1866099661458334,5.438327131510417,2.865920213541667,3.2339443426774745
4391,7,4.154,2.146,171.65,4.472,3592,535,153.435,2.0,11.499597314058091,5.324254278645833,2.7505656432291663,5.731840427083334,2.5634348958333333,3.826454549076717
4392,12,5.891,2.594,125.346,6.403,3598,535,128.66,3.536,19.713595395528156,7.550597485677083,3.324775059895833,8.206836819010416,4.532152895833334,5.0100050327006205
4393,17,5.989,3.614,54.961,7.211,270,542,56.31,4.95,27.927593476998222,7.676205795572916,4.632126856770833,9.242464516927084,6.3445013671875,5.963098727945161
4394,7,4.154,2.146,81.65,4.472,334,540,63.435,2.0,11.499597314058091,5.324254278645833,2.7505656432291663,5.731840427083334,2.5634348958333333,3.826454549076717
4395,7,3.507,2.542,59.527,4.243,381,539,45.0,3.0,11.499597314058091,4.49498308984375,3.2581257526041663,5.438327131510417,3.8451523437499997,3.826454549076717
4396,1,1.128,1.128,0.0,1.414,3403,536,135.0,1.0,1.642799616294013,1.4457772812499998,1.4457772812499998,1.8123484713541664,1.2817174479166666,1.4462638771355416
4397,13,6.344,2.609,88.685,6.325,3484,536,108.435,3.0,21.35639501182217,8.131215489583333,3.3440008216145833,8.106862858072917,3.8451523437499997,5.214578566863546
4398,29,8.593,4.297,42.215,10.0,3606,542,36.87,5.657,47.64118887252638,11.013798029947916,5.507539873697916,12.817174479166667,7.250675602864583,7.788369332980218
4399,1,1.128,1.128,0.0,1.414,3621,536,135.0,1.0,1.642799616294013,1.4457772812499998,1.4457772812499998,1.8123484713541664,1.2817174479166666,1.4462638771355416
4400,1,1.128,1.128,0.0,1.414,3657,536,135.0,1.0,1.642799616294013,1.4457772812499998,1.4457772812499998,1.8123484713541664,1.2817174479166666,1.4462638771355416
4401,13,5.688,2.91,144.654,6.403,3693,536,141.34,3.883,21.35639501182217,7.29040884375,3.7297977734375003,8.206836819010416,4.976908850260417,5.214578566863546
4402,6,3.988,1.916,71.565,4.472,211,541,63.435,2.0,9.856797697764078,5.111489182291667,2.4557706302083333,5.731840427083334,2.5634348958333333,3.5426085324013394
4403,4,3.192,1.596,108.435,3.606,377,537,123.69,2.0,6.571198465176052,4.09124209375,2.045621046875,4.6218731171875,2.5634348958333333,2.892527754271083
4404,3,2.365,1.615,45.0,2.828,3417,539,45.0,2.0,4.928398848882039,3.0312617643229167,2.069973678385417,3.624696942708333,2.5634348958333333,2.5050025163503102
4405,1,1.128,1.128,0.0,1.414,3437,537,135.0,1.0,1.642799616294013,1.4457772812499998,1.4457772812499998,1.8123484713541664,1.2817174479166666,1.4462638771355416
4406,17,5.55,3.9,53.247,7.211,300,544,56.31,4.919,27.927593476998222,7.1135318359375,4.998698046875,9.242464516927084,6.304768126302083,5.963098727945161
4407,25,9.459,3.365,113.51,10.296,371,538,119.055,4.457,41.069990407350325,12.12376533984375,4.312979212239584,13.19656284375,5.712614665364583,7.231319385677708
4408,1,1.128,1.128,0.0,1.414,415,538,135.0,1.0,1.642799616294013,1.4457772812499998,1.4457772812499998,1.8123484713541664,1.2817174479166666,1.4462638771355416
4409,2,2.257,1.128,90.0,2.236,3579,538,116.565,1.0,3.285599232588026,2.892836279947917,1.4457772812499998,2.865920213541667,1.2817174479166666,2.0453259898153786
4410,7,4.052,2.2,135.0,5.657,3620,538,135.0,3.536,11.499597314058091,5.193519098958332,2.819778385416667,7.250675602864583,4.532152895833334,3.826454549076717
4411,1,1.128,1.128,0.0,1.414,386,539,135.0,1.0,1.642799616294013,1.4457772812499998,1.4457772812499998,1.8123484713541664,1.2817174479166666,1.4462638771355416
4412,115,18.79,7.793,38.706,22.672,559,554,41.424,12.09,188.9219558738115,24.083470846354164,9.988424071614583,29.059097979166665,15.4959639453125,15.509452223251465
4413,1,1.128,1.128,0.0,1.414,3459,539,135.0,1.0,1.642799616294013,1.4457772812499998,1.4457772812499998,1.8123484713541664,1.2817174479166666,1.4462638771355416
4414,5,3.144,2.025,108.435,3.606,3478,539,123.69,2.0,8.213998081470065,4.02971965625,2.59547783203125,4.6218731171875,2.5634348958333333,3.2339443426774745
4415,7,4.265,2.09,41.579,5.0,3498,542,36.87,2.828,11.499597314058091,5.466524915364583,2.678789466145833,6.408587239583333,3.624696942708333,3.826454549076717
4416,5,3.144,2.025,108.435,3.606,3510,539,123.69,2.0,8.213998081470065,4.02971965625,2.59547783203125,4.6218731171875,2.5634348958333333,3.2339443426774745
4417,77,12.689,7.726,80.273,18.788,3561,556,64.799,11.543,126.49557045463901,16.263712696614583,9.902549002604166,24.080907411458334,14.794864501302083,12.690914016636032
4418,89,15.806,7.169,156.494,18.385,3683,539,135.0,10.119,146.20916585016715,20.258825981770833,9.188632384114582,23.564375279947917,12.96969885546875,13.644026128871728
4419,3,3.385,1.128,0.0,3.162,195,540,161.565,1.0,4.928398848882039,4.338613561197916,1.4457772812499998,4.0527905703125,1.2817174479166666,2.5050025163503102
4420,37,9.952,4.734,56.039,16.401,309,553,52.431,8.944,60.783585802878484,12.755652041666666,6.067650398437499,21.02144786328125,11.463680854166668,8.7972797207639
4421,1,1.128,1.128,0.0,1.414,419,540,135.0,1.0,1.642799616294013,1.4457772812499998,1.4457772812499998,1.8123484713541664,1.2817174479166666,1.4462638771355416
4422,5,3.144,2.025,161.565,3.606,3587,540,146.31,2.0,8.213998081470065,4.02971965625,2.59547783203125,4.6218731171875,2.5634348958333333,3.2339443426774745
4423,1,1.128,1.128,0.0,1.414,3651,540,135.0,1.0,1.642799616294013,1.4457772812499998,1.4457772812499998,1.8123484713541664,1.2817174479166666,1.4462638771355416
4424,3,2.365,1.615,45.0,2.828,3721,542,45.0,2.0,4.928398848882039,3.0312617643229167,2.069973678385417,3.624696942708333,2.5634348958333333,2.5050025163503102
4425,2,2.596,0.981,135.0,2.828,3598,541,135.0,1.414,3.285599232588026,3.327338494791667,1.2573648164062499,3.624696942708333,1.8123484713541664,2.0453259898153786
4426,7,3.086,2.888,90.0,3.606,3620,541,123.69,3.0,11.499597314058091,3.955380044270833,3.701599989583333,4.6218731171875,3.8451523437499997,3.826454549076717
4427,3,3.385,1.128,90.0,3.162,319,542,108.435,1.0,4.928398848882039,4.338613561197916,1.4457772812499998,4.0527905703125,1.2817174479166666,2.5050025163503102
4428,1,1.128,1.128,0.0,1.414,363,542,135.0,1.0,1.642799616294013,1.4457772812499998,1.4457772812499998,1.8123484713541664,1.2817174479166666,1.4462638771355416
4429,516,48.367,13.583,139.027,56.08,430,544,148.861,24.342,847.6846020077107,61.99282780338541,17.409568095052084,71.87871447916666,31.199566117187498,32.852800008377955
4430,5,2.791,2.281,0.0,3.606,3443,542,146.31,3.0,8.213998081470065,3.5772733971354165,2.9235974986979167,4.6218731171875,3.8451523437499997,3.2339443426774745
4431,3,2.365,1.615,135.0,2.828,3584,542,135.0,2.0,4.928398848882039,3.0312617643229167,2.069973678385417,3.624696942708333,2.5634348958333333,2.5050025163503102
4432,54,12.453,5.521,134.268,17.029,3589,543,139.764,9.707,88.7111792798767,15.96122737890625,7.076362029947917,21.826366420572917,12.441631266927084,10.62782559720402
4433,2,2.257,1.128,0.0,2.236,3615,542,153.435,1.0,3.285599232588026,2.892836279947917,1.4457772812499998,2.865920213541667,1.2817174479166666,2.0453259898153786
4434,33,8.474,4.958,156.453,10.296,3709,542,150.945,7.0,54.21238733770243,10.861273653645833,6.354755106770834,13.19656284375,8.972022135416667,8.308153445630097
4435,9,3.385,3.385,0.0,4.243,296,543,135.0,3.0,14.785196546646118,4.338613561197916,4.338613561197916,5.438327131510417,3.8451523437499997,4.338791631406624
4436,3,3.385,1.128,0.0,3.162,464,543,161.565,1.0,4.928398848882039,4.338613561197916,1.4457772812499998,4.0527905703125,1.2817174479166666,2.5050025163503102
4437,3,2.365,1.615,45.0,2.828,3383,545,45.0,2.0,4.928398848882039,3.0312617643229167,2.069973678385417,3.624696942708333,2.5634348958333333,2.5050025163503102
4438,1,1.128,1.128,0.0,1.414,3393,543,135.0,1.0,1.642799616294013,1.4457772812499998,1.4457772812499998,1.8123484713541664,1.2817174479166666,1.4462638771355416
4439,18,5.178,4.426,39.735,6.403,3450,548,51.34,5.0,29.570393093292235,6.6367329453125,5.672881424479167,8.206836819010416,6.408587239583333,6.135977969446135
4440,3,2.365,1.615,135.0,2.828,3512,543,135.0,2.0,4.928398848882039,3.0312617643229167,2.069973678385417,3.624696942708333,2.5634348958333333,2.5050025163503102
4441,5,3.144,2.025,71.565,3.606,3520,546,56.31,2.0,8.213998081470065,4.02971965625,2.59547783203125,4.6218731171875,2.5634348958333333,3.2339443426774745
4442,1,1.128,1.128,0.0,1.414,3628,543,135.0,1.0,1.642799616294013,1.4457772812499998,1.4457772812499998,1.8123484713541664,1.2817174479166666,1.4462638771355416
4443,37,9.937,4.741,104.54,11.705,3699,543,109.983,6.641,60.783585802878484,12.736426279947915,6.0766224205729165,15.002502727864583,8.511885571614583,8.7972797207639
4444,1,1.128,1.128,0.0,1.414,3839,543,135.0,1.0,1.642799616294013,1.4457772812499998,1.4457772812499998,1.8123484713541664,1.2817174479166666,1.4462638771355416
4445,1,1.128,1.128,0.0,1.414,321,544,135.0,1.0,1.642799616294013,1.4457772812499998,1.4457772812499998,1.8123484713541664,1.2817174479166666,1.4462638771355416
4446,8,4.501,2.263,68.645,5.0,335,548,53.13,2.846,13.142396930352104,5.769010233072917,2.9005265846354167,6.408587239583333,3.6477678567708334,4.090651979630757
4447,4,4.514,1.128,90.0,4.123,345,544,104.036,1.0,6.571198465176052,5.785672559895834,1.4457772812499998,5.284521037760417,1.2817174479166666,2.892527754271083
4448,1,1.128,1.128,0.0,1.414,377,544,135.0,1.0,1.642799616294013,1.4457772812499998,1.4457772812499998,1.8123484713541664,1.2817174479166666,1.4462638771355416
4449,29,9.033,4.088,126.201,12.806,394,544,128.66,6.957,47.64118887252638,11.577753707031249,5.239660927083333,16.413673638020832,8.91690828515625,7.788369332980218
4450,15,7.6,2.513,35.298,8.602,404,550,35.538,3.883,24.641994244410196,9.741052604166667,3.220955946614583,11.025333486979166,4.976908850260417,5.601355910367322
4451,5,3.144,2.025,71.565,3.606,641,547,56.31,2.0,8.213998081470065,4.02971965625,2.59547783203125,4.6218731171875,2.5634348958333333,3.2339443426774745
4452,8,5.046,2.019,147.723,5.831,3616,544,149.036,3.13,13.142396930352104,6.4675462421875,2.58778752734375,7.473694438802084,4.011775611979166,4.090651979630757
4453,2,2.257,1.128,0.0,2.236,468,545,153.435,1.0,3.285599232588026,2.892836279947917,1.4457772812499998,2.865920213541667,1.2817174479166666,2.0453259898153786
4454,1,1.128,1.128,0.0,1.414,3391,545,135.0,1.0,1.642799616294013,1.4457772812499998,1.4457772812499998,1.8123484713541664,1.2817174479166666,1.4462638771355416
4455,1,1.128,1.128,0.0,1.414,3460,545,135.0,1.0,1.642799616294013,1.4457772812499998,1.4457772812499998,1.8123484713541664,1.2817174479166666,1.4462638771355416
4456,5,4.183,1.522,100.901,4.472,3467,545,116.565,2.0,8.213998081470065,5.361424084635416,1.9507739557291666,5.731840427083334,2.5634348958333333,3.2339443426774745
4457,2,2.257,1.128,0.0,2.236,3476,545,153.435,1.0,3.285599232588026,2.892836279947917,1.4457772812499998,2.865920213541667,1.2817174479166666,2.0453259898153786
4458,2,2.257,1.128,0.0,2.236,3516,545,153.435,1.0,3.285599232588026,2.892836279947917,1.4457772812499998,2.865920213541667,1.2817174479166666,2.0453259898153786
4459,47,8.325,7.188,6.447,10.77,298,550,158.199,8.384,77.21158196581861,10.67029775390625,9.212985015625,13.8040969140625,10.745919083333334,9.915085602678126
4460,5,3.144,2.025,161.565,3.606,353,546,146.31,2.0,8.213998081470065,4.02971965625,2.59547783203125,4.6218731171875,2.5634348958333333,3.2339443426774745
4461,1,1.128,1.128,0.0,1.414,379,546,135.0,1.0,1.642799616294013,1.4457772812499998,1.4457772812499998,1.8123484713541664,1.2817174479166666,1.4462638771355416
4462,19,6.406,3.776,89.831,7.616,386,553,66.801,5.0,31.21319270958625,8.210681971354166,4.839765083333333,9.761560083333332,6.408587239583333,6.304118086127151
4463,7,4.439,2.008,119.872,5.0,414,546,126.87,2.683,11.499597314058091,5.689543751302083,2.5736886354166666,6.408587239583333,3.4388479127604166,3.826454549076717
4464,3,2.365,1.615,135.0,2.828,3542,546,135.0,2.0,4.928398848882039,3.0312617643229167,2.069973678385417,3.624696942708333,2.5634348958333333,2.5050025163503102
4465,113,16.969,8.479,42.788,26.249,3563,564,40.365,13.871,185.63635664122347,21.749463373697917,10.867682240885415,33.64380129036458,17.778702720052085,15.373995897641755
4466,2,2.596,0.981,135.0,2.828,3706,546,135.0,1.414,3.285599232588026,3.327338494791667,1.2573648164062499,3.624696942708333,1.8123484713541664,2.0453259898153786
4467,1,1.128,1.128,0.0,1.414,526,547,135.0,1.0,1.642799616294013,1.4457772812499998,1.4457772812499998,1.8123484713541664,1.2817174479166666,1.4462638771355416
4468,1,1.128,1.128,0.0,1.414,3371,547,135.0,1.0,1.642799616294013,1.4457772812499998,1.4457772812499998,1.8123484713541664,1.2817174479166666,1.4462638771355416
4469,2,2.257,1.128,0.0,2.236,3514,547,153.435,1.0,3.285599232588026,2.892836279947917,1.4457772812499998,2.865920213541667,1.2817174479166666,2.0453259898153786
4470,2,2.257,1.128,90.0,2.236,261,548,116.565,1.0,3.285599232588026,2.892836279947917,1.4457772812499998,2.865920213541667,1.2817174479166666,2.0453259898153786
4471,2,2.596,0.981,45.0,2.828,368,550,45.0,1.414,3.285599232588026,3.327338494791667,1.2573648164062499,3.624696942708333,1.8123484713541664,2.0453259898153786
4472,13,5.541,2.987,167.716,6.325,497,550,161.565,4.0,21.35639501182217,7.10199637890625,3.8284900169270832,8.106862858072917,5.126869791666667,5.214578566863546
4473,2,2.257,1.128,90.0,2.236,3505,548,116.565,1.0,3.285599232588026,2.892836279947917,1.4457772812499998,2.865920213541667,1.2817174479166666,2.0453259898153786
4474,2,2.257,1.128,0.0,2.236,3536,548,153.435,1.0,3.285599232588026,2.892836279947917,1.4457772812499998,2.865920213541667,1.2817174479166666,2.0453259898153786
4475,14,5.93,3.006,173.02,6.708,3588,549,153.435,4.0,22.999194628116182,7.600584466145833,3.8528426484374996,8.597760640625,5.126869791666667,5.411423919108519
4476,51,12.248,5.302,81.774,16.492,3618,564,75.964,7.845,83.78278043099466,15.698475302083333,6.795665908854166,21.138084151041667,10.055073378906249,10.32838996735036
4477,1,1.128,1.128,0.0,1.414,190,549,135.0,1.0,1.642799616294013,1.4457772812499998,1.4457772812499998,1.8123484713541664,1.2817174479166666,1.4462638771355416
4478,2,2.257,1.128,0.0,2.236,420,549,153.435,1.0,3.285599232588026,2.892836279947917,1.4457772812499998,2.865920213541667,1.2817174479166666,2.0453259898153786
4479,2,2.257,1.128,90.0,2.236,3371,549,116.565,1.0,3.285599232588026,2.892836279947917,1.4457772812499998,2.865920213541667,1.2817174479166666,2.0453259898153786
4480,11,4.738,2.956,166.717,5.657,290,550,135.0,4.0,18.070795779234142,6.072777268229167,3.7887567760416667,7.250675602864583,5.126869791666667,4.796714628303253
4481,29,8.211,4.497,85.921,9.487,333,550,108.435,5.491,47.64118887252638,10.52418196484375,5.763883363281249,12.159653428385417,7.037910506510416,7.788369332980218
4482,2,2.257,1.128,90.0,2.236,355,550,116.565,1.0,3.285599232588026,2.892836279947917,1.4457772812499998,2.865920213541667,1.2817174479166666,2.0453259898153786
4483,1,1.128,1.128,0.0,1.414,391,550,135.0,1.0,1.642799616294013,1.4457772812499998,1.4457772812499998,1.8123484713541664,1.2817174479166666,1.4462638771355416
4484,53,14.919,4.523,147.694,24.413,2884,552,145.008,10.433,87.06837966358269,19.12194260546875,5.797208016927083,31.29056805598958,13.372158134114583,10.528959954443641
4485,7,4.633,1.924,112.5,5.0,3676,550,126.87,2.53,11.499597314058091,5.938196936197917,2.4660243697916666,6.408587239583333,3.2427451432291665,3.826454549076717
4486,222,23.677,11.938,6.173,27.459,3694,559,169.509,16.0,364.7015148172709,30.347224014322915,15.301142893229168,35.19467940234375,20.507479166666666,21.548846440405633
4487,13,4.433,3.734,35.072,5.831,280,554,30.964,4.0,21.35639501182217,5.681853446614583,4.7859329505208335,7.473694438802084,5.126869791666667,5.214578566863546
4488,1,1.128,1.128,0.0,1.414,487,551,135.0,1.0,1.642799616294013,1.4457772812499998,1.4457772812499998,1.8123484713541664,1.2817174479166666,1.4462638771355416
4489,5,4.839,1.316,11.749,5.385,3365,553,21.801,1.94,8.213998081470065,6.2022307304687505,1.6867401614583333,6.90204845703125,2.4865318489583332,3.2339443426774745
4490,3,3.385,1.128,90.0,3.162,3455,551,108.435,1.0,4.928398848882039,4.338613561197916,1.4457772812499998,4.0527905703125,1.2817174479166666,2.5050025163503102
4491,6,3.385,2.257,90.0,3.606,3606,551,123.69,2.0,9.856797697764078,4.338613561197916,2.892836279947917,4.6218731171875,2.5634348958333333,3.5426085324013394
4492,3,2.365,1.615,45.0,2.828,188,554,45.0,2.0,4.928398848882039,3.0312617643229167,2.069973678385417,3.624696942708333,2.5634348958333333,2.5050025163503102
4493,10,3.966,3.21,0.0,4.472,260,553,153.435,3.0,16.42799616294013,5.0832913984375,4.1143130078125,5.731840427083334,3.8451523437499997,4.573487949374228
4494,2,2.596,0.981,135.0,2.828,341,552,135.0,1.414,3.285599232588026,3.327338494791667,1.2573648164062499,3.624696942708333,1.8123484713541664,2.0453259898153786
4495,11,4.288,3.266,54.992,5.0,372,555,36.87,4.0,18.070795779234142,5.496004416666667,4.186089184895834,6.408587239583333,5.126869791666667,4.796714628303253
4496,19,7.28,3.323,125.943,8.062,382,552,119.745,4.243,31.21319270958625,9.330903020833334,4.259147079427083,10.333206065104166,5.438327131510417,6.304118086127151
4497,9,4.488,2.553,76.717,5.0,642,556,53.13,3.0,14.785196546646118,5.752347906250001,3.2722246445312497,6.408587239583333,3.8451523437499997,4.338791631406624
4498,15,6.058,3.153,123.433,7.211,3524,552,123.69,4.0,24.641994244410196,7.7646442994791665,4.04125511328125,9.242464516927084,5.126869791666667,5.601355910367322
4499,1,1.128,1.128,0.0,1.414,3531,552,135.0,1.0,1.642799616294013,1.4457772812499998,1.4457772812499998,1.8123484713541664,1.2817174479166666,1.4462638771355416
4500,3,2.365,1.615,135.0,2.828,3534,552,135.0,2.0,4.928398848882039,3.0312617643229167,2.069973678385417,3.624696942708333,2.5634348958333333,2.5050025163503102
4501,8,4.298,2.37,67.259,5.099,3537,552,101.31,3.479,13.142396930352104,5.508821591145833,3.0376703515625,6.535477266927083,4.459095001302083,4.090651979630757
4502,1,1.128,1.128,0.0,1.414,223,553,135.0,1.0,1.642799616294013,1.4457772812499998,1.4457772812499998,1.8123484713541664,1.2817174479166666,1.4462638771355416
4503,2,2.257,1.128,90.0,2.236,393,553,116.565,1.0,3.285599232588026,2.892836279947917,1.4457772812499998,2.865920213541667,1.2817174479166666,2.0453259898153786
4504,1,1.128,1.128,0.0,1.414,486,553,135.0,1.0,1.642799616294013,1.4457772812499998,1.4457772812499998,1.8123484713541664,1.2817174479166666,1.4462638771355416
4505,1,1.128,1.128,0.0,1.414,3494,553,135.0,1.0,1.642799616294013,1.4457772812499998,1.4457772812499998,1.8123484713541664,1.2817174479166666,1.4462638771355416
4506,16,6.584,3.094,2.896,7.616,3500,556,23.199,3.0,26.28479386070421,8.438827677083333,3.9656337838541664,9.761560083333332,3.8451523437499997,5.785055508542166
4507,10,4.531,2.81,159.495,5.385,3589,553,158.199,3.0,16.42799616294013,5.807461756510416,3.6016260286458333,6.90204845703125,3.8451523437499997,4.573487949374228
4508,4,2.257,2.257,0.0,2.828,3644,553,135.0,2.0,6.571198465176052,2.892836279947917,2.892836279947917,3.624696942708333,2.5634348958333333,2.892527754271083
4509,1,1.128,1.128,0.0,1.414,3649,553,135.0,1.0,1.642799616294013,1.4457772812499998,1.4457772812499998,1.8123484713541664,1.2817174479166666,1.4462638771355416
4510,3,3.385,1.128,0.0,3.162,3795,553,161.565,1.0,4.928398848882039,4.338613561197916,1.4457772812499998,4.0527905703125,1.2817174479166666,2.5050025163503102
4511,1,1.128,1.128,0.0,1.414,258,554,135.0,1.0,1.642799616294013,1.4457772812499998,1.4457772812499998,1.8123484713541664,1.2817174479166666,1.4462638771355416
4512,2,2.257,1.128,90.0,2.236,319,554,116.565,1.0,3.285599232588026,2.892836279947917,1.4457772812499998,2.865920213541667,1.2817174479166666,2.0453259898153786
4513,11,4.952,2.828,150.092,6.708,322,555,153.435,4.0,18.070795779234142,6.347064802083334,3.624696942708333,8.597760640625,5.126869791666667,4.796714628303253
4514,3,2.365,1.615,45.0,2.828,476,556,45.0,2.0,4.928398848882039,3.0312617643229167,2.069973678385417,3.624696942708333,2.5634348958333333,2.5050025163503102
4515,1,1.128,1.128,0.0,1.414,601,554,135.0,1.0,1.642799616294013,1.4457772812499998,1.4457772812499998,1.8123484713541664,1.2817174479166666,1.4462638771355416
4516,15,5.713,3.343,94.44,6.708,3483,554,116.565,4.0,24.641994244410196,7.322451779947917,4.284781428385417,8.597760640625,5.126869791666667,5.601355910367322
4517,1,1.128,1.128,0.0,1.414,3497,554,135.0,1.0,1.642799616294013,1.4457772812499998,1.4457772812499998,1.8123484713541664,1.2817174479166666,1.4462638771355416
4518,1,1.128,1.128,0.0,1.414,3517,554,135.0,1.0,1.642799616294013,1.4457772812499998,1.4457772812499998,1.8123484713541664,1.2817174479166666,1.4462638771355416
4519,22,6.873,4.075,37.392,10.0,3540,562,53.13,5.814,36.141591558468285,8.809244019531251,5.222998600260417,12.817174479166667,7.4519052421875,6.78357888217988
4520,3,2.365,1.615,45.0,2.828,3550,556,45.0,2.0,4.928398848882039,3.0312617643229167,2.069973678385417,3.624696942708333,2.5634348958333333,2.5050025163503102
4521,17,5.375,4.027,178.658,6.325,3624,556,161.565,4.0,27.927593476998222,6.889231282552084,5.161476162760417,8.106862858072917,5.126869791666667,5.963098727945161
4522,89,16.092,7.042,22.038,24.413,3664,568,34.992,12.935,146.20916585016715,20.625397171874997,9.025854268229166,31.29056805598958,16.579015188802085,13.644026128871728
4523,3,2.365,1.615,135.0,2.828,3697,554,135.0,2.0,4.928398848882039,3.0312617643229167,2.069973678385417,3.624696942708333,2.5634348958333333,2.5050025163503102
4524,34,8.186,5.288,51.75,10.296,3745,563,60.945,6.656,55.855186953996444,10.492139028645832,6.7777218645833335,13.19656284375,8.531111333333333,8.433095094829797
4525,1,1.128,1.128,0.0,1.414,187,555,135.0,1.0,1.642799616294013,1.4457772812499998,1.4457772812499998,1.8123484713541664,1.2817174479166666,1.4462638771355416
4526,1,1.128,1.128,0.0,1.414,194,555,135.0,1.0,1.642799616294013,1.4457772812499998,1.4457772812499998,1.8123484713541664,1.2817174479166666,1.4462638771355416
4527,184,19.394,12.08,83.206,28.16,310,555,96.116,18.627,302.2751293980984,24.85762818489583,15.483146770833333,36.09316333333333,23.87455090234375,19.618077714814763
4528,2,2.257,1.128,0.0,2.236,646,555,153.435,1.0,3.285599232588026,2.892836279947917,1.4457772812499998,2.865920213541667,1.2817174479166666,2.0453259898153786
4529,5,4.076,1.562,69.006,4.472,2880,559,63.435,2.0,8.213998081470065,5.224280317708333,2.0020426536458333,5.731840427083334,2.5634348958333333,3.2339443426774745
4530,1,1.128,1.128,0.0,1.414,3373,555,135.0,1.0,1.642799616294013,1.4457772812499998,1.4457772812499998,1.8123484713541664,1.2817174479166666,1.4462638771355416
4531,1,1.128,1.128,0.0,1.414,3444,555,135.0,1.0,1.642799616294013,1.4457772812499998,1.4457772812499998,1.8123484713541664,1.2817174479166666,1.4462638771355416
4532,59,15.692,4.787,134.007,18.439,3605,555,130.601,7.554,96.92517736134677,20.112710192708334,6.135581423177083,23.633588022135417,9.6820936015625,11.108963630155632
4533,1,1.128,1.128,0.0,1.414,3640,555,135.0,1.0,1.642799616294013,1.4457772812499998,1.4457772812499998,1.8123484713541664,1.2817174479166666,1.4462638771355416
4534,1,1.128,1.128,0.0,1.414,3701,555,135.0,1.0,1.642799616294013,1.4457772812499998,1.4457772812499998,1.8123484713541664,1.2817174479166666,1.4462638771355416
4535,2,2.257,1.128,0.0,2.236,3722,555,153.435,1.0,3.285599232588026,2.892836279947917,1.4457772812499998,2.865920213541667,1.2817174479166666,2.0453259898153786
4536,1,1.128,1.128,0.0,1.414,3725,555,135.0,1.0,1.642799616294013,1.4457772812499998,1.4457772812499998,1.8123484713541664,1.2817174479166666,1.4462638771355416
4537,1,1.128,1.128,0.0,1.414,3793,555,135.0,1.0,1.642799616294013,1.4457772812499998,1.4457772812499998,1.8123484713541664,1.2817174479166666,1.4462638771355416
4538,190,17.471,13.847,13.878,28.018,259,576,34.824,20.0,312.13192709586247,22.392885532552082,17.747941501302083,35.91115945572917,25.634348958333334,19.935371790823325
4539,95,17.104,7.072,1.745,23.345,284,560,9.866,11.0,156.06596354793123,21.922495229166664,9.064305791666667,29.921693821614582,14.098891927083333,14.096436578766182
4540,1,1.128,1.128,0.0,1.414,291,556,135.0,1.0,1.642799616294013,1.4457772812499998,1.4457772812499998,1.8123484713541664,1.2817174479166666,1.4462638771355416
4541,1,1.128,1.128,0.0,1.414,363,556,135.0,1.0,1.642799616294013,1.4457772812499998,1.4457772812499998,1.8123484713541664,1.2817174479166666,1.4462638771355416
4542,3,2.365,1.615,45.0,2.828,3464,558,45.0,2.0,4.928398848882039,3.0312617643229167,2.069973678385417,3.624696942708333,2.5634348958333333,2.5050025163503102
4543,4,2.257,2.257,0.0,2.828,3492,556,135.0,2.0,6.571198465176052,2.892836279947917,2.892836279947917,3.624696942708333,2.5634348958333333,2.892527754271083
4544,4,2.257,2.257,0.0,2.828,3600,556,135.0,2.0,6.571198465176052,2.892836279947917,2.892836279947917,3.624696942708333,2.5634348958333333,2.892527754271083
4545,2,2.596,0.981,135.0,2.828,3645,556,135.0,1.414,3.285599232588026,3.327338494791667,1.2573648164062499,3.624696942708333,1.8123484713541664,2.0453259898153786
4546,81,15.129,6.817,3.674,19.235,3722,561,171.027,9.608,133.06676891981505,19.39110326953125,8.737467842447916,24.653835110677083,12.314741239583334,13.016374894219874
4547,2,2.257,1.128,90.0,2.236,251,557,116.565,1.0,3.285599232588026,2.892836279947917,1.4457772812499998,2.865920213541667,1.2817174479166666,2.0453259898153786
4548,67,11.739,7.267,54.222,13.416,504,564,26.565,9.899,110.06757429169888,15.046081121093751,9.314240694010417,17.19552128125,12.687721016927082,11.838180035570401
4549,2,2.257,1.128,90.0,2.236,3443,557,116.565,1.0,3.285599232588026,2.892836279947917,1.4457772812499998,2.865920213541667,1.2817174479166666,2.0453259898153786
4550,14,4.958,3.595,14.496,6.708,3548,560,26.565,5.0,22.999194628116182,6.354755106770834,4.607774225260417,8.597760640625,6.408587239583333,5.411423919108519
4551,1,1.128,1.128,0.0,1.414,3590,557,135.0,1.0,1.642799616294013,1.4457772812499998,1.4457772812499998,1.8123484713541664,1.2817174479166666,1.4462638771355416
4552,4,4.514,1.128,0.0,4.123,3592,557,165.964,1.0,6.571198465176052,5.785672559895834,1.4457772812499998,5.284521037760417,1.2817174479166666,2.892527754271083
4553,1,1.128,1.128,0.0,1.414,3612,557,135.0,1.0,1.642799616294013,1.4457772812499998,1.4457772812499998,1.8123484713541664,1.2817174479166666,1.4462638771355416
4554,5,3.833,1.661,135.0,4.243,3642,557,135.0,2.121,8.213998081470065,4.912822977864583,2.128932680989583,5.438327131510417,2.71852270703125,3.2339443426774745
4555,1,1.128,1.128,0.0,1.414,3699,557,135.0,1.0,1.642799616294013,1.4457772812499998,1.4457772812499998,1.8123484713541664,1.2817174479166666,1.4462638771355416
4556,1,1.128,1.128,0.0,1.414,295,558,135.0,1.0,1.642799616294013,1.4457772812499998,1.4457772812499998,1.8123484713541664,1.2817174479166666,1.4462638771355416
4557,23,6.513,4.496,7.519,8.062,338,562,29.745,4.0,37.7843911747623,8.34782573828125,5.762601645833334,10.333206065104166,5.126869791666667,6.936037892995103
4558,2,2.596,0.981,45.0,2.828,540,560,45.0,1.414,3.285599232588026,3.327338494791667,1.2573648164062499,3.624696942708333,1.8123484713541664,2.0453259898153786
4559,2,2.257,1.128,90.0,2.236,3437,558,116.565,1.0,3.285599232588026,2.892836279947917,1.4457772812499998,2.865920213541667,1.2817174479166666,2.0453259898153786
4560,1,1.128,1.128,0.0,1.414,210,559,135.0,1.0,1.642799616294013,1.4457772812499998,1.4457772812499998,1.8123484713541664,1.2817174479166666,1.4462638771355416
4561,2,2.596,0.981,135.0,2.828,355,559,135.0,1.414,3.285599232588026,3.327338494791667,1.2573648164062499,3.624696942708333,1.8123484713541664,2.0453259898153786
4562,8,3.824,2.664,72.704,4.472,571,563,63.435,3.0,13.142396930352104,4.901287520833333,3.4144952812500002,5.731840427083334,3.8451523437499997,4.090651979630757
4563,1,1.128,1.128,0.0,1.414,3471,559,135.0,1.0,1.642799616294013,1.4457772812499998,1.4457772812499998,1.8123484713541664,1.2817174479166666,1.4462638771355416
4564,7,4.044,2.204,63.937,5.0,3529,563,53.13,2.846,11.499597314058091,5.1832653593749995,2.8249052552083334,6.408587239583333,3.6477678567708334,3.826454549076717
4565,2,2.257,1.128,90.0,2.236,250,560,116.565,1.0,3.285599232588026,2.892836279947917,1.4457772812499998,2.865920213541667,1.2817174479166666,2.0453259898153786
4566,28,7.128,5.001,137.653,9.434,347,560,122.005,7.071,45.998389256232365,9.13608196875,6.40986895703125,12.091722403645832,9.063024074218749,7.652909098153434
4567,52,11.538,5.738,146.503,24.042,2879,561,163.072,14.546,85.42558004728868,14.7884559140625,7.354494716145834,30.8150508828125,18.64386199739583,10.429157133727092
4568,6,4.339,1.761,144.751,5.0,3556,560,143.13,2.683,9.856797697764078,5.5613720065104175,2.25710442578125,6.408587239583333,3.4388479127604166,3.5426085324013394
4569,4,2.734,1.863,90.0,3.162,3601,560,108.435,2.0,6.571198465176052,3.5042155026041666,2.38783960546875,4.0527905703125,2.5634348958333333,2.892527754271083
4570,1,1.128,1.128,0.0,1.414,3623,560,135.0,1.0,1.642799616294013,1.4457772812499998,1.4457772812499998,1.8123484713541664,1.2817174479166666,1.4462638771355416
4571,1,1.128,1.128,0.0,1.414,3675,560,135.0,1.0,1.642799616294013,1.4457772812499998,1.4457772812499998,1.8123484713541664,1.2817174479166666,1.4462638771355416
4572,1,1.128,1.128,0.0,1.414,3692,560,135.0,1.0,1.642799616294013,1.4457772812499998,1.4457772812499998,1.8123484713541664,1.2817174479166666,1.4462638771355416
4573,1,1.128,1.128,0.0,1.414,3739,560,135.0,1.0,1.642799616294013,1.4457772812499998,1.4457772812499998,1.8123484713541664,1.2817174479166666,1.4462638771355416
4574,9,4.243,2.7,20.213,5.0,384,564,36.87,3.0,14.785196546646118,5.438327131510417,3.4606371093750004,6.408587239583333,3.8451523437499997,4.338791631406624
4575,2,2.257,1.128,0.0,2.236,3486,561,153.435,1.0,3.285599232588026,2.892836279947917,1.4457772812499998,2.865920213541667,1.2817174479166666,2.0453259898153786
4576,3,2.365,1.615,45.0,2.828,3526,563,45.0,2.0,4.928398848882039,3.0312617643229167,2.069973678385417,3.624696942708333,2.5634348958333333,2.5050025163503102
4577,1,1.128,1.128,0.0,1.414,3542,561,135.0,1.0,1.642799616294013,1.4457772812499998,1.4457772812499998,1.8123484713541664,1.2817174479166666,1.4462638771355416
4578,104,17.952,7.376,54.953,25.239,3574,582,56.31,12.353,170.85116009457735,23.009391625000003,9.453947895833334,32.34926666796875,15.833055634114583,14.749055462636967
4579,1,1.128,1.128,0.0,1.414,3616,561,135.0,1.0,1.642799616294013,1.4457772812499998,1.4457772812499998,1.8123484713541664,1.2817174479166666,1.4462638771355416
4580,29,8.93,4.135,10.438,10.77,3628,566,21.801,4.95,47.64118887252638,11.445736809895832,5.299901647135417,13.8040969140625,6.3445013671875,7.788369332980218
4581,5,3.144,2.025,108.435,3.606,3689,561,123.69,2.0,8.213998081470065,4.02971965625,2.59547783203125,4.6218731171875,2.5634348958333333,3.2339443426774745
4582,2,2.257,1.128,90.0,2.236,197,562,116.565,1.0,3.285599232588026,2.892836279947917,1.4457772812499998,2.865920213541667,1.2817174479166666,2.0453259898153786
4583,5,3.144,2.025,161.565,3.606,389,562,146.31,2.0,8.213998081470065,4.02971965625,2.59547783203125,4.6218731171875,2.5634348958333333,3.2339443426774745
4584,6,3.385,2.257,90.0,3.606,424,562,123.69,2.0,9.856797697764078,4.338613561197916,2.892836279947917,4.6218731171875,2.5634348958333333,3.5426085324013394
4585,5,4.183,1.522,79.099,4.472,3410,566,63.435,2.0,8.213998081470065,5.361424084635416,1.9507739557291666,5.731840427083334,2.5634348958333333,3.2339443426774745
4586,2,2.257,1.128,90.0,2.236,3521,562,116.565,1.0,3.285599232588026,2.892836279947917,1.4457772812499998,2.865920213541667,1.2817174479166666,2.0453259898153786
4587,3,2.365,1.615,45.0,2.828,3626,564,45.0,2.0,4.928398848882039,3.0312617643229167,2.069973678385417,3.624696942708333,2.5634348958333333,2.5050025163503102
4588,1,1.128,1.128,0.0,1.414,369,563,135.0,1.0,1.642799616294013,1.4457772812499998,1.4457772812499998,1.8123484713541664,1.2817174479166666,1.4462638771355416
4589,24,6.702,4.559,90.148,8.062,406,563,119.745,5.0,39.42719079105631,8.590070335937499,5.843349845052083,10.333206065104166,6.408587239583333,7.085217064802679
4590,1,1.128,1.128,0.0,1.414,3554,563,135.0,1.0,1.642799616294013,1.4457772812499998,1.4457772812499998,1.8123484713541664,1.2817174479166666,1.4462638771355416
4591,5,3.144,2.025,108.435,3.606,3592,563,123.69,2.0,8.213998081470065,4.02971965625,2.59547783203125,4.6218731171875,2.5634348958333333,3.2339443426774745
4592,12,6.107,2.502,153.937,7.211,3654,563,146.31,3.395,19.713595395528156,7.827448454427083,3.2068570546874997,9.242464516927084,4.351430735677083,5.0100050327006205
4593,48,8.287,7.375,67.789,10.0,372,572,53.13,8.0,78.85438158211262,10.621592490885417,9.452666178385417,12.817174479166667,10.253739583333333,10.020010065401241
4594,7,4.007,2.224,37.179,5.0,427,568,36.87,3.051,11.499597314058091,5.135841813802083,2.850539604166667,6.408587239583333,3.91051993359375,3.826454549076717
4595,3,2.365,1.615,135.0,2.828,3393,564,135.0,2.0,4.928398848882039,3.0312617643229167,2.069973678385417,3.624696942708333,2.5634348958333333,2.5050025163503102
4596,2,2.257,1.128,90.0,2.236,3441,564,116.565,1.0,3.285599232588026,2.892836279947917,1.4457772812499998,2.865920213541667,1.2817174479166666,2.0453259898153786
4597,7,3.926,2.27,71.565,4.472,3602,568,63.435,2.846,11.499597314058091,5.032022700520834,2.9094986067708333,5.731840427083334,3.6477678567708334,3.826454549076717
4598,26,11.026,3.002,45.381,14.142,3636,574,45.0,5.481,42.71279002364434,14.132216580729166,3.847715778645833,18.126048148437498,7.02509333203125,7.374527731318484
4599,6,3.385,2.257,90.0,3.606,323,565,123.69,2.0,9.856797697764078,4.338613561197916,2.892836279947917,4.6218731171875,2.5634348958333333,3.5426085324013394
4600,110,21.91,6.392,136.952,29.0,326,565,133.603,12.322,180.70795779234143,28.082429283854168,8.192737927083334,37.16980598958333,15.793322393229165,15.168543511286249
4601,1,1.128,1.128,0.0,1.414,385,565,135.0,1.0,1.642799616294013,1.4457772812499998,1.4457772812499998,1.8123484713541664,1.2817174479166666,1.4462638771355416
4602,2,2.257,1.128,0.0,2.236,402,565,153.435,1.0,3.285599232588026,2.892836279947917,1.4457772812499998,2.865920213541667,1.2817174479166666,2.0453259898153786
4603,2,2.257,1.128,0.0,2.236,3398,565,153.435,1.0,3.285599232588026,2.892836279947917,1.4457772812499998,2.865920213541667,1.2817174479166666,2.0453259898153786
4604,32,8.671,4.699,68.778,11.705,3527,576,70.017,6.325,52.56958772140842,11.113771990885416,6.022790287760416,15.002502727864583,8.106862858072917,8.181303959261514
4605,2,2.257,1.128,90.0,2.236,3541,565,116.565,1.0,3.285599232588026,2.892836279947917,1.4457772812499998,2.865920213541667,1.2817174479166666,2.0453259898153786
4606,1,1.128,1.128,0.0,1.414,252,566,135.0,1.0,1.642799616294013,1.4457772812499998,1.4457772812499998,1.8123484713541664,1.2817174479166666,1.4462638771355416
4607,2,2.596,0.981,45.0,2.828,3472,568,45.0,1.414,3.285599232588026,3.327338494791667,1.2573648164062499,3.624696942708333,1.8123484713541664,2.0453259898153786
4608,89,16.98,6.674,60.093,20.591,3612,584,60.945,9.839,146.20916585016715,21.763562265625,8.554182247395834,26.391843970052083,12.610817970052084,13.644026128871728
4609,3,2.365,1.615,45.0,2.828,3686,568,45.0,2.0,4.928398848882039,3.0312617643229167,2.069973678385417,3.624696942708333,2.5634348958333333,2.5050025163503102
4610,2,2.257,1.128,0.0,2.236,212,567,153.435,1.0,3.285599232588026,2.892836279947917,1.4457772812499998,2.865920213541667,1.2817174479166666,2.0453259898153786
4611,2,2.257,1.128,90.0,2.236,265,567,116.565,1.0,3.285599232588026,2.892836279947917,1.4457772812499998,2.865920213541667,1.2817174479166666,2.0453259898153786
4612,3,3.385,1.128,0.0,3.162,278,567,161.565,1.0,4.928398848882039,4.338613561197916,1.4457772812499998,4.0527905703125,1.2817174479166666,2.5050025163503102
4613,2,2.257,1.128,90.0,2.236,294,567,116.565,1.0,3.285599232588026,2.892836279947917,1.4457772812499998,2.865920213541667,1.2817174479166666,2.0453259898153786
4614,148,16.749,11.251,69.175,22.672,286,584,48.576,14.566,243.13434321151394,21.467485535156246,14.420603006510415,29.059097979166665,18.66949634635417,17.5945594415278
4615,1,1.128,1.128,0.0,1.414,381,567,135.0,1.0,1.642799616294013,1.4457772812499998,1.4457772812499998,1.8123484713541664,1.2817174479166666,1.4462638771355416
4616,2,2.257,1.128,0.0,2.236,423,567,153.435,1.0,3.285599232588026,2.892836279947917,1.4457772812499998,2.865920213541667,1.2817174479166666,2.0453259898153786
4617,2,2.257,1.128,0.0,2.236,3429,567,153.435,1.0,3.285599232588026,2.892836279947917,1.4457772812499998,2.865920213541667,1.2817174479166666,2.0453259898153786
4618,1,1.128,1.128,0.0,1.414,3492,567,135.0,1.0,1.642799616294013,1.4457772812499998,1.4457772812499998,1.8123484713541664,1.2817174479166666,1.4462638771355416
4619,4,2.734,1.863,90.0,3.162,3535,567,108.435,2.0,6.571198465176052,3.5042155026041666,2.38783960546875,4.0527905703125,2.5634348958333333,2.892527754271083
4620,16,5.186,3.928,55.581,6.403,3658,572,51.34,4.0,26.28479386070421,6.646986684895833,5.034586135416666,8.206836819010416,5.126869791666667,5.785055508542166
4621,2,2.596,0.981,45.0,2.828,3681,569,45.0,1.414,3.285599232588026,3.327338494791667,1.2573648164062499,3.624696942708333,1.8123484713541664,2.0453259898153786
4622,14,6.08,2.932,81.088,6.325,3702,567,108.435,3.638,22.999194628116182,7.792842083333333,3.7579955572916663,8.106862858072917,4.662888075520833,5.411423919108519
4623,228,19.297,15.044,120.881,24.042,3723,567,106.928,18.634,374.55831251503497,24.733301592447916,19.282157286458332,30.8150508828125,23.883522924479166,21.83810564417219
4624,1,1.128,1.128,0.0,1.414,3756,567,135.0,1.0,1.642799616294013,1.4457772812499998,1.4457772812499998,1.8123484713541664,1.2817174479166666,1.4462638771355416
4625,14,5.08,3.509,123.293,7.071,254,568,135.0,4.511,22.999194628116182,6.5111246354166665,4.497546524739583,9.063024074218749,5.7818274075520835,5.411423919108519
4626,8,4.514,2.257,90.0,4.472,3498,568,116.565,2.0,13.142396930352104,5.785672559895834,2.892836279947917,5.731840427083334,2.5634348958333333,4.090651979630757
4627,1,1.128,1.128,0.0,1.414,3711,568,135.0,1.0,1.642799616294013,1.4457772812499998,1.4457772812499998,1.8123484713541664,1.2817174479166666,1.4462638771355416
4628,3,2.365,1.615,135.0,2.828,196,569,135.0,2.0,4.928398848882039,3.0312617643229167,2.069973678385417,3.624696942708333,2.5634348958333333,2.5050025163503102
4629,1,1.128,1.128,0.0,1.414,281,569,135.0,1.0,1.642799616294013,1.4457772812499998,1.4457772812499998,1.8123484713541664,1.2817174479166666,1.4462638771355416
4630,1,1.128,1.128,0.0,1.414,317,569,135.0,1.0,1.642799616294013,1.4457772812499998,1.4457772812499998,1.8123484713541664,1.2817174479166666,1.4462638771355416
4631,1,1.128,1.128,0.0,1.414,356,569,135.0,1.0,1.642799616294013,1.4457772812499998,1.4457772812499998,1.8123484713541664,1.2817174479166666,1.4462638771355416
4632,4,3.216,1.583,121.717,3.606,360,569,123.69,2.0,6.571198465176052,4.1220033125,2.028958720052083,4.6218731171875,2.5634348958333333,2.892527754271083
4633,4,3.192,1.596,18.435,3.606,513,571,33.69,2.0,6.571198465176052,4.09124209375,2.045621046875,4.6218731171875,2.5634348958333333,2.892527754271083
4634,1,1.128,1.128,0.0,1.414,3487,569,135.0,1.0,1.642799616294013,1.4457772812499998,1.4457772812499998,1.8123484713541664,1.2817174479166666,1.4462638771355416
4635,1,1.128,1.128,0.0,1.414,3665,569,135.0,1.0,1.642799616294013,1.4457772812499998,1.4457772812499998,1.8123484713541664,1.2817174479166666,1.4462638771355416
4636,1,1.128,1.128,0.0,1.414,3736,569,135.0,1.0,1.642799616294013,1.4457772812499998,1.4457772812499998,1.8123484713541664,1.2817174479166666,1.4462638771355416
4637,3,2.365,1.615,135.0,2.828,3739,569,135.0,2.0,4.928398848882039,3.0312617643229167,2.069973678385417,3.624696942708333,2.5634348958333333,2.5050025163503102
4638,1,1.128,1.128,0.0,1.414,341,570,135.0,1.0,1.642799616294013,1.4457772812499998,1.4457772812499998,1.8123484713541664,1.2817174479166666,1.4462638771355416
4639,3,3.385,1.128,90.0,3.162,399,570,108.435,1.0,4.928398848882039,4.338613561197916,1.4457772812499998,4.0527905703125,1.2817174479166666,2.5050025163503102
4640,4,2.257,2.257,0.0,2.828,424,570,135.0,2.0,6.571198465176052,2.892836279947917,2.892836279947917,3.624696942708333,2.5634348958333333,2.892527754271083
4641,4,2.734,1.863,90.0,3.162,629,570,108.435,2.0,6.571198465176052,3.5042155026041666,2.38783960546875,4.0527905703125,2.5634348958333333,2.892527754271083
4642,2,2.257,1.128,90.0,2.236,3581,570,116.565,1.0,3.285599232588026,2.892836279947917,1.4457772812499998,2.865920213541667,1.2817174479166666,2.0453259898153786
4643,1,1.128,1.128,0.0,1.414,3591,570,135.0,1.0,1.642799616294013,1.4457772812499998,1.4457772812499998,1.8123484713541664,1.2817174479166666,1.4462638771355416
4644,108,18.481,7.44,30.018,22.825,3660,581,28.811,11.448,177.4223585597534,23.68742015494792,9.5359778125,29.255200748697916,14.67310134375,15.030015098101861
4645,1,1.128,1.128,0.0,1.414,3681,570,135.0,1.0,1.642799616294013,1.4457772812499998,1.4457772812499998,1.8123484713541664,1.2817174479166666,1.4462638771355416
4646,1,1.128,1.128,0.0,1.414,3693,570,135.0,1.0,1.642799616294013,1.4457772812499998,1.4457772812499998,1.8123484713541664,1.2817174479166666,1.4462638771355416
4647,75,12.717,7.509,78.637,17.889,270,587,63.435,10.686,123.20997122205098,16.29960078515625,9.62441631640625,22.92864342578125,13.696432648437499,12.52501258175155
4648,2,2.257,1.128,90.0,2.236,405,571,116.565,1.0,3.285599232588026,2.892836279947917,1.4457772812499998,2.865920213541667,1.2817174479166666,2.0453259898153786
4649,1,1.128,1.128,0.0,1.414,3415,571,135.0,1.0,1.642799616294013,1.4457772812499998,1.4457772812499998,1.8123484713541664,1.2817174479166666,1.4462638771355416
4650,1,1.128,1.128,0.0,1.414,3534,571,135.0,1.0,1.642799616294013,1.4457772812499998,1.4457772812499998,1.8123484713541664,1.2817174479166666,1.4462638771355416
4651,1,1.128,1.128,0.0,1.414,3565,571,135.0,1.0,1.642799616294013,1.4457772812499998,1.4457772812499998,1.8123484713541664,1.2817174479166666,1.4462638771355416
4652,15,4.973,3.841,9.462,5.385,3707,572,158.199,4.0,24.641994244410196,6.373980868489583,4.923076717447917,6.90204845703125,5.126869791666667,5.601355910367322
4653,11,4.983,2.811,178.513,5.385,279,572,158.199,3.0,18.070795779234142,6.386798042968749,3.60290774609375,6.90204845703125,3.8451523437499997,4.796714628303253
4654,6,3.995,1.912,80.538,4.472,352,576,63.435,2.0,9.856797697764078,5.120461204427083,2.4506437604166664,5.731840427083334,2.5634348958333333,3.5426085324013394
4655,3,2.365,1.615,45.0,2.828,487,574,45.0,2.0,4.928398848882039,3.0312617643229167,2.069973678385417,3.624696942708333,2.5634348958333333,2.5050025163503102
4656,2,2.257,1.128,0.0,2.236,492,572,153.435,1.0,3.285599232588026,2.892836279947917,1.4457772812499998,2.865920213541667,1.2817174479166666,2.0453259898153786
4657,1,1.128,1.128,0.0,1.414,511,572,135.0,1.0,1.642799616294013,1.4457772812499998,1.4457772812499998,1.8123484713541664,1.2817174479166666,1.4462638771355416
4658,1,1.128,1.128,0.0,1.414,3507,572,135.0,1.0,1.642799616294013,1.4457772812499998,1.4457772812499998,1.8123484713541664,1.2817174479166666,1.4462638771355416
4659,36,11.124,4.121,54.888,13.601,3599,580,36.027,7.071,59.14078618658447,14.257824890625,5.281957602864583,17.432639009114585,9.063024074218749,8.677583262813249
4660,1,1.128,1.128,0.0,1.414,3653,572,135.0,1.0,1.642799616294013,1.4457772812499998,1.4457772812499998,1.8123484713541664,1.2817174479166666,1.4462638771355416
4661,2,2.596,0.981,135.0,2.828,196,573,135.0,1.414,3.285599232588026,3.327338494791667,1.2573648164062499,3.624696942708333,1.8123484713541664,2.0453259898153786
4662,4,3.192,1.596,161.565,3.606,303,573,146.31,2.0,6.571198465176052,4.09124209375,2.045621046875,4.6218731171875,2.5634348958333333,2.892527754271083
4663,1,1.128,1.128,0.0,1.414,342,573,135.0,1.0,1.642799616294013,1.4457772812499998,1.4457772812499998,1.8123484713541664,1.2817174479166666,1.4462638771355416
4664,39,10.141,4.897,171.766,12.083,395,573,155.556,6.766,64.0691850354665,12.997896639322917,6.276570342447917,15.486991923177083,8.672100252604167,9.031915017867364
4665,1,1.128,1.128,0.0,1.414,625,573,135.0,1.0,1.642799616294013,1.4457772812499998,1.4457772812499998,1.8123484713541664,1.2817174479166666,1.4462638771355416
4666,1,1.128,1.128,0.0,1.414,3478,573,135.0,1.0,1.642799616294013,1.4457772812499998,1.4457772812499998,1.8123484713541664,1.2817174479166666,1.4462638771355416
4667,1,1.128,1.128,0.0,1.414,3490,573,135.0,1.0,1.642799616294013,1.4457772812499998,1.4457772812499998,1.8123484713541664,1.2817174479166666,1.4462638771355416
4668,6,3.385,2.257,90.0,3.606,3536,573,123.69,2.0,9.856797697764078,4.338613561197916,2.892836279947917,4.6218731171875,2.5634348958333333,3.5426085324013394
4669,1,1.128,1.128,0.0,1.414,3587,573,135.0,1.0,1.642799616294013,1.4457772812499998,1.4457772812499998,1.8123484713541664,1.2817174479166666,1.4462638771355416
4670,1,1.128,1.128,0.0,1.414,3592,573,135.0,1.0,1.642799616294013,1.4457772812499998,1.4457772812499998,1.8123484713541664,1.2817174479166666,1.4462638771355416
4671,1,1.128,1.128,0.0,1.414,3693,573,135.0,1.0,1.642799616294013,1.4457772812499998,1.4457772812499998,1.8123484713541664,1.2817174479166666,1.4462638771355416
4672,3,3.385,1.128,0.0,3.162,3795,573,161.565,1.0,4.928398848882039,4.338613561197916,1.4457772812499998,4.0527905703125,1.2817174479166666,2.5050025163503102
4673,49,9.239,6.753,0.842,10.44,370,579,16.699,7.845,80.49718119840664,11.841787501302084,8.65543792578125,13.381130156249998,10.055073378906249,10.12384713994879
4674,10,4.045,3.148,19.903,5.0,424,577,36.87,3.0,16.42799616294013,5.184547076822916,4.034846526041667,6.408587239583333,3.8451523437499997,4.573487949374228
4675,2,2.596,0.981,45.0,2.828,734,576,45.0,1.414,3.285599232588026,3.327338494791667,1.2573648164062499,3.624696942708333,1.8123484713541664,2.0453259898153786
4676,17,5.835,3.71,21.882,8.602,3480,580,35.538,5.014,27.927593476998222,7.47882130859375,4.755171731770833,11.025333486979166,6.426531283854167,5.963098727945161
4677,1,1.128,1.128,0.0,1.414,3505,574,135.0,1.0,1.642799616294013,1.4457772812499998,1.4457772812499998,1.8123484713541664,1.2817174479166666,1.4462638771355416
4678,3,2.365,1.615,45.0,2.828,3550,576,45.0,2.0,4.928398848882039,3.0312617643229167,2.069973678385417,3.624696942708333,2.5634348958333333,2.5050025163503102
4679,15,4.803,3.976,62.348,6.325,3564,580,71.565,4.919,24.641994244410196,6.1560889023437495,5.096108572916666,8.106862858072917,6.304768126302083,5.601355910367322
4680,9,4.196,2.731,96.047,4.472,3582,574,116.565,3.0,14.785196546646118,5.378086411458333,3.5003703502604164,5.731840427083334,3.8451523437499997,4.338791631406624
4681,3,3.385,1.128,90.0,3.162,3647,574,108.435,1.0,4.928398848882039,4.338613561197916,1.4457772812499998,4.0527905703125,1.2817174479166666,2.5050025163503102
4682,113,15.937,9.028,97.345,20.616,3651,574,104.036,14.31,185.63635664122347,20.426730967447916,11.571345119791667,26.42388690625,18.3413766796875,15.373995897641755
4683,3,2.365,1.615,45.0,2.828,301,577,45.0,2.0,4.928398848882039,3.0312617643229167,2.069973678385417,3.624696942708333,2.5634348958333333,2.5050025163503102
4684,1,1.128,1.128,0.0,1.414,493,575,135.0,1.0,1.642799616294013,1.4457772812499998,1.4457772812499998,1.8123484713541664,1.2817174479166666,1.4462638771355416
4685,4,3.216,1.583,148.283,3.606,3461,575,146.31,2.0,6.571198465176052,4.1220033125,2.028958720052083,4.6218731171875,2.5634348958333333,2.892527754271083
4686,3,2.365,1.615,45.0,2.828,3626,577,45.0,2.0,4.928398848882039,3.0312617643229167,2.069973678385417,3.624696942708333,2.5634348958333333,2.5050025163503102
4687,35,11.648,3.826,72.924,12.53,3638,586,61.39,5.261,57.49798657029046,14.929444833333333,4.903850955729166,16.05991962239583,6.743115493489583,8.556212484548844
4688,1,1.128,1.128,0.0,1.414,268,576,135.0,1.0,1.642799616294013,1.4457772812499998,1.4457772812499998,1.8123484713541664,1.2817174479166666,1.4462638771355416
4689,7,4.35,2.049,87.957,4.472,386,576,116.565,2.0,11.499597314058091,5.5754708984375,2.62623905078125,5.731840427083334,2.5634348958333333,3.826454549076717
4690,2,2.596,0.981,135.0,2.828,407,576,135.0,1.414,3.285599232588026,3.327338494791667,1.2573648164062499,3.624696942708333,1.8123484713541664,2.0453259898153786
4691,1,1.128,1.128,0.0,1.414,429,576,135.0,1.0,1.642799616294013,1.4457772812499998,1.4457772812499998,1.8123484713541664,1.2817174479166666,1.4462638771355416
4692,3,2.365,1.615,135.0,2.828,600,576,135.0,2.0,4.928398848882039,3.0312617643229167,2.069973678385417,3.624696942708333,2.5634348958333333,2.5050025163503102
4693,1,1.128,1.128,0.0,1.414,3393,576,135.0,1.0,1.642799616294013,1.4457772812499998,1.4457772812499998,1.8123484713541664,1.2817174479166666,1.4462638771355416
4694,3,3.213,1.189,61.845,3.606,3495,579,56.31,1.789,4.928398848882039,4.11815816015625,1.5239620455729168,4.6218731171875,2.2929925143229166,2.5050025163503102
4695,1,1.128,1.128,0.0,1.414,3553,576,135.0,1.0,1.642799616294013,1.4457772812499998,1.4457772812499998,1.8123484713541664,1.2817174479166666,1.4462638771355416
4696,6,3.973,1.923,47.72,5.0,3699,580,53.13,2.828,9.856797697764078,5.092263420572916,2.46474265234375,6.408587239583333,3.624696942708333,3.5426085324013394
4697,20,5.987,4.253,94.097,7.28,262,584,74.055,4.0,32.85599232588026,7.673642360677083,5.451144305989583,9.330903020833334,5.126869791666667,6.467888685354949
4698,17,5.958,3.633,155.206,7.616,346,578,156.801,4.95,27.927593476998222,7.6364725546875,4.65647948828125,9.761560083333332,6.3445013671875,5.963098727945161
4699,6,4.633,1.649,50.31,5.0,533,581,53.13,2.121,9.856797697764078,5.938196936197917,2.1135520716145835,6.408587239583333,2.71852270703125,3.5426085324013394
4700,1,1.128,1.128,0.0,1.414,549,577,135.0,1.0,1.642799616294013,1.4457772812499998,1.4457772812499998,1.8123484713541664,1.2817174479166666,1.4462638771355416
4701,3,2.365,1.615,135.0,2.828,3386,577,135.0,2.0,4.928398848882039,3.0312617643229167,2.069973678385417,3.624696942708333,2.5634348958333333,2.5050025163503102
4702,2,2.257,1.128,90.0,2.236,3401,577,116.565,1.0,3.285599232588026,2.892836279947917,1.4457772812499998,2.865920213541667,1.2817174479166666,2.0453259898153786
4703,2,2.257,1.128,0.0,2.236,3452,577,153.435,1.0,3.285599232588026,2.892836279947917,1.4457772812499998,2.865920213541667,1.2817174479166666,2.0453259898153786
4704,7,3.086,2.888,0.0,3.606,3747,577,123.69,3.0,11.499597314058091,3.955380044270833,3.701599989583333,4.6218731171875,3.8451523437499997,3.826454549076717
4705,76,15.441,6.267,58.108,17.205,312,592,54.462,9.285,124.852770838345,19.790999113281252,8.032523246093751,22.05194869140625,11.90074650390625,12.608236172254301
4706,10,3.777,3.371,135.0,4.472,489,578,116.565,4.0,16.42799616294013,4.84104680078125,4.320669516927083,5.731840427083334,5.126869791666667,4.573487949374228
4707,12,4.752,3.215,129.307,5.831,620,579,149.036,4.243,19.713595395528156,6.0907213124999995,4.120721595052083,7.473694438802084,5.438327131510417,5.0100050327006205
4708,39,7.562,6.567,31.257,9.22,3553,585,40.601,7.778,64.0691850354665,9.692347341145833,8.41703848046875,11.817434869791667,9.969198309895832,9.031915017867364
4709,8,4.936,2.064,100.901,5.385,3592,578,111.801,2.0,13.142396930352104,6.326557322916666,2.6454648125,6.90204845703125,2.5634348958333333,4.090651979630757
4710,5,3.144,2.025,161.565,3.606,3608,578,146.31,2.0,8.213998081470065,4.02971965625,2.59547783203125,4.6218731171875,2.5634348958333333,3.2339443426774745
4711,3,2.365,1.615,135.0,2.828,256,579,135.0,2.0,4.928398848882039,3.0312617643229167,2.069973678385417,3.624696942708333,2.5634348958333333,2.5050025163503102
4712,1,1.128,1.128,0.0,1.414,282,579,135.0,1.0,1.642799616294013,1.4457772812499998,1.4457772812499998,1.8123484713541664,1.2817174479166666,1.4462638771355416
4713,1,1.128,1.128,0.0,1.414,284,579,135.0,1.0,1.642799616294013,1.4457772812499998,1.4457772812499998,1.8123484713541664,1.2817174479166666,1.4462638771355416
4714,64,12.553,6.492,49.879,19.105,290,592,42.879,11.258,105.13917544281684,16.089399123697916,8.320909671875,24.487211842447916,14.429575028645832,11.570111017084333
4715,12,5.395,2.832,93.814,5.831,3490,579,120.964,3.0,19.713595395528156,6.914865631510416,3.6298238124999997,7.473694438802084,3.8451523437499997,5.0100050327006205
4716,1,1.128,1.128,0.0,1.414,3562,579,135.0,1.0,1.642799616294013,1.4457772812499998,1.4457772812499998,1.8123484713541664,1.2817174479166666,1.4462638771355416
4717,112,16.339,8.728,113.524,20.248,3691,580,110.225,12.522,183.99355702492946,20.941981381510413,11.186829885416666,25.952214885416666,16.0496658828125,15.305818196306868
4718,15,8.226,2.322,85.344,8.544,3711,587,69.444,3.0,24.641994244410196,10.543407726562501,2.9761479140625,10.950993875,3.8451523437499997,5.601355910367322
4719,1,1.128,1.128,0.0,1.414,3716,579,135.0,1.0,1.642799616294013,1.4457772812499998,1.4457772812499998,1.8123484713541664,1.2817174479166666,1.4462638771355416
4720,3,2.365,1.615,45.0,2.828,362,582,45.0,2.0,4.928398848882039,3.0312617643229167,2.069973678385417,3.624696942708333,2.5634348958333333,2.5050025163503102
4721,1,1.128,1.128,0.0,1.414,501,580,135.0,1.0,1.642799616294013,1.4457772812499998,1.4457772812499998,1.8123484713541664,1.2817174479166666,1.4462638771355416
4722,4,2.257,2.257,0.0,2.828,3462,580,135.0,2.0,6.571198465176052,2.892836279947917,2.892836279947917,3.624696942708333,2.5634348958333333,2.892527754271083
4723,1,1.128,1.128,0.0,1.414,3501,580,135.0,1.0,1.642799616294013,1.4457772812499998,1.4457772812499998,1.8123484713541664,1.2817174479166666,1.4462638771355416
4724,3,2.365,1.615,45.0,2.828,3512,582,45.0,2.0,4.928398848882039,3.0312617643229167,2.069973678385417,3.624696942708333,2.5634348958333333,2.5050025163503102
4725,2,2.257,1.128,0.0,2.236,3534,580,153.435,1.0,3.285599232588026,2.892836279947917,1.4457772812499998,2.865920213541667,1.2817174479166666,2.0453259898153786
4726,4,2.734,1.863,90.0,3.162,3550,580,108.435,2.0,6.571198465176052,3.5042155026041666,2.38783960546875,4.0527905703125,2.5634348958333333,2.892527754271083
4727,4,2.257,2.257,0.0,2.828,3622,580,135.0,2.0,6.571198465176052,2.892836279947917,2.892836279947917,3.624696942708333,2.5634348958333333,2.892527754271083
4728,21,7.495,3.567,46.881,8.944,3625,588,63.435,4.95,34.49879194217427,9.606472272135417,4.57188613671875,11.463680854166668,6.3445013671875,6.627613691853932
4729,2,2.257,1.128,90.0,2.236,3685,580,116.565,1.0,3.285599232588026,2.892836279947917,1.4457772812499998,2.865920213541667,1.2817174479166666,2.0453259898153786
4730,7,4.633,1.924,67.5,5.0,3702,584,53.13,2.53,11.499597314058091,5.938196936197917,2.4660243697916666,6.408587239583333,3.2427451432291665,3.826454549076717
4731,13,4.561,3.629,8.23,5.385,388,584,21.801,4.0,21.35639501182217,5.845913279947917,4.651352618489583,6.90204845703125,5.126869791666667,5.214578566863546
4732,4,2.257,2.257,0.0,2.828,400,581,135.0,2.0,6.571198465176052,2.892836279947917,2.892836279947917,3.624696942708333,2.5634348958333333,2.892527754271083
4733,1,1.128,1.128,0.0,1.414,3387,581,135.0,1.0,1.642799616294013,1.4457772812499998,1.4457772812499998,1.8123484713541664,1.2817174479166666,1.4462638771355416
4734,1,1.128,1.128,0.0,1.414,3583,581,135.0,1.0,1.642799616294013,1.4457772812499998,1.4457772812499998,1.8123484713541664,1.2817174479166666,1.4462638771355416
4735,1,1.128,1.128,0.0,1.414,3635,581,135.0,1.0,1.642799616294013,1.4457772812499998,1.4457772812499998,1.8123484713541664,1.2817174479166666,1.4462638771355416
4736,1,1.128,1.128,0.0,1.414,3715,581,135.0,1.0,1.642799616294013,1.4457772812499998,1.4457772812499998,1.8123484713541664,1.2817174479166666,1.4462638771355416
4737,13,6.443,2.569,106.586,7.616,250,582,113.199,4.0,21.35639501182217,8.258105516927083,3.2927321236979163,9.761560083333332,5.126869791666667,5.214578566863546
4738,1,1.128,1.128,0.0,1.414,345,582,135.0,1.0,1.642799616294013,1.4457772812499998,1.4457772812499998,1.8123484713541664,1.2817174479166666,1.4462638771355416
4739,28,6.456,5.522,132.247,7.81,561,582,129.806,6.0,45.998389256232365,8.27476784375,7.077643747395833,10.010213268229165,7.690304687499999,7.652909098153434
4740,1,1.128,1.128,0.0,1.414,725,582,135.0,1.0,1.642799616294013,1.4457772812499998,1.4457772812499998,1.8123484713541664,1.2817174479166666,1.4462638771355416
4741,58,12.276,6.016,158.486,17.464,3596,583,156.371,9.391,95.28237774505276,15.734363390625,7.710812166666667,22.383913510416665,12.036608553385417,11.01441753947132
4742,2,2.257,1.128,0.0,2.236,3680,582,153.435,1.0,3.285599232588026,2.892836279947917,1.4457772812499998,2.865920213541667,1.2817174479166666,2.0453259898153786
4743,1,1.128,1.128,0.0,1.414,189,583,135.0,1.0,1.642799616294013,1.4457772812499998,1.4457772812499998,1.8123484713541664,1.2817174479166666,1.4462638771355416
4744,3,2.365,1.615,45.0,2.828,334,585,45.0,2.0,4.928398848882039,3.0312617643229167,2.069973678385417,3.624696942708333,2.5634348958333333,2.5050025163503102
4745,1,1.128,1.128,0.0,1.414,350,583,135.0,1.0,1.642799616294013,1.4457772812499998,1.4457772812499998,1.8123484713541664,1.2817174479166666,1.4462638771355416
4746,3,2.365,1.615,135.0,2.828,362,583,135.0,2.0,4.928398848882039,3.0312617643229167,2.069973678385417,3.624696942708333,2.5634348958333333,2.5050025163503102
4747,2,2.257,1.128,90.0,2.236,368,583,116.565,1.0,3.285599232588026,2.892836279947917,1.4457772812499998,2.865920213541667,1.2817174479166666,2.0453259898153786
4748,1,1.128,1.128,0.0,1.414,371,583,135.0,1.0,1.642799616294013,1.4457772812499998,1.4457772812499998,1.8123484713541664,1.2817174479166666,1.4462638771355416
4749,1,1.128,1.128,0.0,1.414,3384,583,135.0,1.0,1.642799616294013,1.4457772812499998,1.4457772812499998,1.8123484713541664,1.2817174479166666,1.4462638771355416
4750,5,2.791,2.281,90.0,3.606,3513,583,123.69,3.0,8.213998081470065,3.5772733971354165,2.9235974986979167,4.6218731171875,3.8451523437499997,3.2339443426774745
4751,1,1.128,1.128,0.0,1.414,3621,583,135.0,1.0,1.642799616294013,1.4457772812499998,1.4457772812499998,1.8123484713541664,1.2817174479166666,1.4462638771355416
4752,2,2.257,1.128,0.0,2.236,3645,583,153.435,1.0,3.285599232588026,2.892836279947917,1.4457772812499998,2.865920213541667,1.2817174479166666,2.0453259898153786
4753,30,8.665,4.408,97.908,11.18,326,584,100.305,6.641,49.28398848882039,11.106081686197916,5.649810510416667,14.329601067708333,8.511885571614583,7.921513496120161
4754,5,3.732,1.706,174.848,4.123,532,585,165.964,2.0,8.213998081470065,4.783369515625,2.1866099661458334,5.284521037760417,2.5634348958333333,3.2339443426774745
4755,1,1.128,1.128,0.0,1.414,3417,584,135.0,1.0,1.642799616294013,1.4457772812499998,1.4457772812499998,1.8123484713541664,1.2817174479166666,1.4462638771355416
4756,5,3.144,2.025,18.435,3.606,3496,586,33.69,2.0,8.213998081470065,4.02971965625,2.59547783203125,4.6218731171875,2.5634348958333333,3.2339443426774745
4757,139,20.001,8.849,114.062,23.324,3518,584,120.964,11.628,228.34914666486782,25.63563067578125,11.341917696614583,29.894777755208334,14.903810484375,17.05119963875536
4758,2,2.257,1.128,90.0,2.236,3550,584,116.565,1.0,3.285599232588026,2.892836279947917,1.4457772812499998,2.865920213541667,1.2817174479166666,2.0453259898153786
4759,49,8.021,7.778,89.815,9.849,3616,593,66.038,8.0,80.49718119840664,10.280655649739584,9.969198309895832,12.62363514453125,10.253739583333333,10.12384713994879
4760,4,2.257,2.257,0.0,2.828,3634,584,135.0,2.0,6.571198465176052,2.892836279947917,2.892836279947917,3.624696942708333,2.5634348958333333,2.892527754271083
4761,16,5.462,3.73,110.301,6.708,3679,584,116.565,4.0,26.28479386070421,7.000740700520833,4.780806080729167,8.597760640625,5.126869791666667,5.785055508542166
4762,4,2.257,2.257,0.0,2.828,3687,584,135.0,2.0,6.571198465176052,2.892836279947917,2.892836279947917,3.624696942708333,2.5634348958333333,2.892527754271083
4763,253,21.892,14.715,179.285,33.242,250,596,164.291,22.523,415.62830292238533,28.059358369791667,18.86047224609375,42.60685140364583,28.86812207942708,23.004235222751998
4764,11,5.173,2.707,80.515,6.325,302,591,71.565,4.0,18.070795779234142,6.630324358072917,3.4696091315104165,8.106862858072917,5.126869791666667,4.796714628303253
4765,3,2.365,1.615,135.0,2.828,3483,585,135.0,2.0,4.928398848882039,3.0312617643229167,2.069973678385417,3.624696942708333,2.5634348958333333,2.5050025163503102
4766,1,1.128,1.128,0.0,1.414,3582,585,135.0,1.0,1.642799616294013,1.4457772812499998,1.4457772812499998,1.8123484713541664,1.2817174479166666,1.4462638771355416
4767,5,3.144,2.025,71.565,3.606,3585,588,56.31,2.0,8.213998081470065,4.02971965625,2.59547783203125,4.6218731171875,2.5634348958333333,3.2339443426774745
4768,1,1.128,1.128,0.0,1.414,3706,585,135.0,1.0,1.642799616294013,1.4457772812499998,1.4457772812499998,1.8123484713541664,1.2817174479166666,1.4462638771355416
4769,1,1.128,1.128,0.0,1.414,93,586,135.0,1.0,1.642799616294013,1.4457772812499998,1.4457772812499998,1.8123484713541664,1.2817174479166666,1.4462638771355416
4770,1,1.128,1.128,0.0,1.414,217,586,135.0,1.0,1.642799616294013,1.4457772812499998,1.4457772812499998,1.8123484713541664,1.2817174479166666,1.4462638771355416
4771,2,2.257,1.128,90.0,2.236,275,586,116.565,1.0,3.285599232588026,2.892836279947917,1.4457772812499998,2.865920213541667,1.2817174479166666,2.0453259898153786
4772,19,8.384,2.885,49.088,9.899,331,593,45.0,4.243,31.21319270958625,10.745919083333334,3.697754837239583,12.687721016927082,5.438327131510417,6.304118086127151
4773,1,1.128,1.128,0.0,1.414,383,586,135.0,1.0,1.642799616294013,1.4457772812499998,1.4457772812499998,1.8123484713541664,1.2817174479166666,1.4462638771355416
4774,6,4.134,1.848,12.933,4.472,398,588,26.565,2.0,9.856797697764078,5.298619929687501,2.36861384375,5.731840427083334,2.5634348958333333,3.5426085324013394
4775,14,4.699,3.794,54.485,5.657,420,590,45.0,4.0,22.999194628116182,6.022790287760416,4.862835997395833,7.250675602864583,5.126869791666667,5.411423919108519
4776,2,2.257,1.128,90.0,2.236,3467,586,116.565,1.0,3.285599232588026,2.892836279947917,1.4457772812499998,2.865920213541667,1.2817174479166666,2.0453259898153786
4777,1,1.128,1.128,0.0,1.414,3501,586,135.0,1.0,1.642799616294013,1.4457772812499998,1.4457772812499998,1.8123484713541664,1.2817174479166666,1.4462638771355416
4778,5,3.144,2.025,161.565,3.606,3568,586,146.31,2.0,8.213998081470065,4.02971965625,2.59547783203125,4.6218731171875,2.5634348958333333,3.2339443426774745
4779,1,1.128,1.128,0.0,1.414,3717,586,135.0,1.0,1.642799616294013,1.4457772812499998,1.4457772812499998,1.8123484713541664,1.2817174479166666,1.4462638771355416
4780,1,1.128,1.128,0.0,1.414,232,587,135.0,1.0,1.642799616294013,1.4457772812499998,1.4457772812499998,1.8123484713541664,1.2817174479166666,1.4462638771355416
4781,1,1.128,1.128,0.0,1.414,258,587,135.0,1.0,1.642799616294013,1.4457772812499998,1.4457772812499998,1.8123484713541664,1.2817174479166666,1.4462638771355416
4782,35,7.86,5.669,157.855,10.63,356,587,138.814,6.788,57.49798657029046,10.074299140625,7.266056212239583,13.624656471354168,8.700298036458333,8.556212484548844
4783,2,2.257,1.128,0.0,2.236,490,587,153.435,1.0,3.285599232588026,2.892836279947917,1.4457772812499998,2.865920213541667,1.2817174479166666,2.0453259898153786
4784,3,3.385,1.128,0.0,3.162,497,587,161.565,1.0,4.928398848882039,4.338613561197916,1.4457772812499998,4.0527905703125,1.2817174479166666,2.5050025163503102
4785,1,1.128,1.128,0.0,1.414,3406,587,135.0,1.0,1.642799616294013,1.4457772812499998,1.4457772812499998,1.8123484713541664,1.2817174479166666,1.4462638771355416
4786,3,2.365,1.615,45.0,2.828,3416,589,45.0,2.0,4.928398848882039,3.0312617643229167,2.069973678385417,3.624696942708333,2.5634348958333333,2.5050025163503102
4787,2,2.596,0.981,45.0,2.828,3458,589,45.0,1.414,3.285599232588026,3.327338494791667,1.2573648164062499,3.624696942708333,1.8123484713541664,2.0453259898153786
4788,17,5.6,3.866,5.726,8.246,3550,590,165.964,5.814,27.927593476998222,7.177617708333333,4.955119653645833,10.569042075520834,7.4519052421875,5.963098727945161
4789,4,2.257,2.257,0.0,2.828,3628,587,135.0,2.0,6.571198465176052,2.892836279947917,2.892836279947917,3.624696942708333,2.5634348958333333,2.892527754271083
4790,29,6.424,5.747,122.574,9.22,3717,588,139.399,7.0,47.64118887252638,8.233752885416667,7.366030173177083,11.817434869791667,8.972022135416667,7.788369332980218
4791,8,4.589,2.22,79.208,5.385,243,593,68.199,2.91,13.142396930352104,5.881801368489584,2.845412734375,6.90204845703125,3.7297977734375003,4.090651979630757
4792,16,7.528,2.706,134.539,8.602,277,589,144.462,3.748,26.28479386070421,9.648768947916667,3.4683274140625,11.025333486979166,4.803876994791667,5.785055508542166
4793,4,3.192,1.596,71.565,3.606,284,591,56.31,2.0,6.571198465176052,4.09124209375,2.045621046875,4.6218731171875,2.5634348958333333,2.892527754271083
4794,76,11.448,8.452,13.532,13.416,460,596,26.565,10.0,124.852770838345,14.67310134375,10.833075869791667,17.19552128125,12.817174479166667,12.608236172254301
4795,227,29.226,9.889,55.624,37.736,516,623,57.995,18.844,372.915512898741,37.459474132812495,12.674903842447916,48.36688961458333,24.152683588541667,21.790162434541838
4796,5,3.144,2.025,18.435,3.606,3661,590,33.69,2.0,8.213998081470065,4.02971965625,2.59547783203125,4.6218731171875,2.5634348958333333,3.2339443426774745
4797,14,5.256,3.392,121.919,6.403,237,589,128.66,4.472,22.999194628116182,6.73670690625,4.347585583333333,8.206836819010416,5.731840427083334,5.411423919108519
4798,1,1.128,1.128,0.0,1.414,374,589,135.0,1.0,1.642799616294013,1.4457772812499998,1.4457772812499998,1.8123484713541664,1.2817174479166666,1.4462638771355416
4799,4,2.257,2.257,0.0,2.828,376,589,135.0,2.0,6.571198465176052,2.892836279947917,2.892836279947917,3.624696942708333,2.5634348958333333,2.892527754271083
4800,1,1.128,1.128,0.0,1.414,483,589,135.0,1.0,1.642799616294013,1.4457772812499998,1.4457772812499998,1.8123484713541664,1.2817174479166666,1.4462638771355416
4801,2,2.257,1.128,0.0,2.236,3366,589,153.435,1.0,3.285599232588026,2.892836279947917,1.4457772812499998,2.865920213541667,1.2817174479166666,2.0453259898153786
4802,1,1.128,1.128,0.0,1.414,3450,589,135.0,1.0,1.642799616294013,1.4457772812499998,1.4457772812499998,1.8123484713541664,1.2817174479166666,1.4462638771355416
4803,1,1.128,1.128,0.0,1.414,3461,589,135.0,1.0,1.642799616294013,1.4457772812499998,1.4457772812499998,1.8123484713541664,1.2817174479166666,1.4462638771355416
4804,3,3.385,1.128,0.0,3.162,3568,589,161.565,1.0,4.928398848882039,4.338613561197916,1.4457772812499998,4.0527905703125,1.2817174479166666,2.5050025163503102
4805,7,4.17,2.138,75.376,5.385,3581,594,68.199,3.0,11.499597314058091,5.3447617578125,2.740311903645833,6.90204845703125,3.8451523437499997,3.826454549076717
4806,3,2.365,1.615,135.0,2.828,3668,589,135.0,2.0,4.928398848882039,3.0312617643229167,2.069973678385417,3.624696942708333,2.5634348958333333,2.5050025163503102
4807,2,2.257,1.128,0.0,2.236,3736,589,153.435,1.0,3.285599232588026,2.892836279947917,1.4457772812499998,2.865920213541667,1.2817174479166666,2.0453259898153786
4808,32,7.653,5.324,91.873,8.544,306,590,110.556,6.668,52.56958772140842,9.80898362890625,6.823863692708333,10.950993875,8.546491942708334,8.181303959261514
4809,1,1.128,1.128,0.0,1.414,381,590,135.0,1.0,1.642799616294013,1.4457772812499998,1.4457772812499998,1.8123484713541664,1.2817174479166666,1.4462638771355416
4810,1,1.128,1.128,0.0,1.414,383,590,135.0,1.0,1.642799616294013,1.4457772812499998,1.4457772812499998,1.8123484713541664,1.2817174479166666,1.4462638771355416
4811,9,4.196,2.731,96.047,4.472,392,590,116.565,3.0,14.785196546646118,5.378086411458333,3.5003703502604164,5.731840427083334,3.8451523437499997,4.338791631406624
4812,2,2.257,1.128,90.0,2.236,445,590,116.565,1.0,3.285599232588026,2.892836279947917,1.4457772812499998,2.865920213541667,1.2817174479166666,2.0453259898153786
4813,36,7.656,5.987,91.977,8.602,587,591,125.538,7.273,59.14078618658447,9.81282878125,7.673642360677083,11.025333486979166,9.321930998697916,8.677583262813249
4814,1,1.128,1.128,0.0,1.414,3397,590,135.0,1.0,1.642799616294013,1.4457772812499998,1.4457772812499998,1.8123484713541664,1.2817174479166666,1.4462638771355416
4815,2,2.257,1.128,90.0,2.236,3635,590,116.565,1.0,3.285599232588026,2.892836279947917,1.4457772812499998,2.865920213541667,1.2817174479166666,2.0453259898153786
4816,1,1.128,1.128,0.0,1.414,3733,590,135.0,1.0,1.642799616294013,1.4457772812499998,1.4457772812499998,1.8123484713541664,1.2817174479166666,1.4462638771355416
4817,2,2.257,1.128,0.0,2.236,248,591,153.435,1.0,3.285599232588026,2.892836279947917,1.4457772812499998,2.865920213541667,1.2817174479166666,2.0453259898153786
4818,1,1.128,1.128,0.0,1.414,272,591,135.0,1.0,1.642799616294013,1.4457772812499998,1.4457772812499998,1.8123484713541664,1.2817174479166666,1.4462638771355416
4819,1,1.128,1.128,0.0,1.414,343,591,135.0,1.0,1.642799616294013,1.4457772812499998,1.4457772812499998,1.8123484713541664,1.2817174479166666,1.4462638771355416
4820,1,1.128,1.128,0.0,1.414,596,591,135.0,1.0,1.642799616294013,1.4457772812499998,1.4457772812499998,1.8123484713541664,1.2817174479166666,1.4462638771355416
4821,2,2.257,1.128,0.0,2.236,3464,591,153.435,1.0,3.285599232588026,2.892836279947917,1.4457772812499998,2.865920213541667,1.2817174479166666,2.0453259898153786
4822,3,3.385,1.128,90.0,3.162,3467,591,108.435,1.0,4.928398848882039,4.338613561197916,1.4457772812499998,4.0527905703125,1.2817174479166666,2.5050025163503102
4823,1,1.128,1.128,0.0,1.414,3508,591,135.0,1.0,1.642799616294013,1.4457772812499998,1.4457772812499998,1.8123484713541664,1.2817174479166666,1.4462638771355416
4824,1,1.128,1.128,0.0,1.414,3662,591,135.0,1.0,1.642799616294013,1.4457772812499998,1.4457772812499998,1.8123484713541664,1.2817174479166666,1.4462638771355416
4825,1,1.128,1.128,0.0,1.414,3756,591,135.0,1.0,1.642799616294013,1.4457772812499998,1.4457772812499998,1.8123484713541664,1.2817174479166666,1.4462638771355416
4826,69,11.269,7.796,90.542,14.142,346,592,98.13,10.0,113.3531735242869,14.443673920572916,9.992269223958333,18.126048148437498,12.817174479166667,12.013570033890504
4827,3,2.365,1.615,135.0,2.828,481,592,135.0,2.0,4.928398848882039,3.0312617643229167,2.069973678385417,3.624696942708333,2.5634348958333333,2.5050025163503102
4828,3,2.365,1.615,45.0,2.828,608,594,45.0,2.0,4.928398848882039,3.0312617643229167,2.069973678385417,3.624696942708333,2.5634348958333333,2.5050025163503102
4829,3,2.365,1.615,45.0,2.828,3446,594,45.0,2.0,4.928398848882039,3.0312617643229167,2.069973678385417,3.624696942708333,2.5634348958333333,2.5050025163503102
4830,2,2.257,1.128,90.0,2.236,3512,592,116.565,1.0,3.285599232588026,2.892836279947917,1.4457772812499998,2.865920213541667,1.2817174479166666,2.0453259898153786
4831,8,5.666,1.798,85.269,6.083,3533,592,99.462,2.0,13.142396930352104,7.262211059895834,2.3045279713541666,7.7966872356770835,2.5634348958333333,4.090651979630757
4832,1,1.128,1.128,0.0,1.414,3629,592,135.0,1.0,1.642799616294013,1.4457772812499998,1.4457772812499998,1.8123484713541664,1.2817174479166666,1.4462638771355416
4833,9,4.883,2.347,115.355,5.657,3725,592,135.0,3.479,14.785196546646118,6.2586262981770835,3.0081908502604167,7.250675602864583,4.459095001302083,4.338791631406624
4834,2,2.257,1.128,90.0,2.236,3735,592,116.565,1.0,3.285599232588026,2.892836279947917,1.4457772812499998,2.865920213541667,1.2817174479166666,2.0453259898153786
4835,1,1.128,1.128,0.0,1.414,173,593,135.0,1.0,1.642799616294013,1.4457772812499998,1.4457772812499998,1.8123484713541664,1.2817174479166666,1.4462638771355416
4836,27,7.419,4.634,18.586,8.062,284,598,29.745,5.814,44.35558963993835,9.50906174609375,5.939478653645834,10.333206065104166,7.4519052421875,7.515007549050931
4837,2,2.257,1.128,0.0,2.236,368,593,153.435,1.0,3.285599232588026,2.892836279947917,1.4457772812499998,2.865920213541667,1.2817174479166666,2.0453259898153786
4838,312,32.84,12.097,86.021,35.057,443,593,93.27,17.318,512.553480283732,42.091600989583334,15.504935967447915,44.93316857161459,22.196782763020835,25.54611342493852
4839,1,1.128,1.128,0.0,1.414,489,593,135.0,1.0,1.642799616294013,1.4457772812499998,1.4457772812499998,1.8123484713541664,1.2817174479166666,1.4462638771355416
4840,50,14.314,4.448,1.564,16.492,3604,598,14.036,6.788,82.13998081470065,18.346503549479166,5.701079208333334,21.138084151041667,8.700298036458333,10.226629949076893
4841,18,5.915,3.874,92.007,7.616,3669,593,113.199,4.0,29.570393093292235,7.581358704427084,4.965373393229167,9.761560083333332,5.126869791666667,6.135977969446135
4842,2,2.257,1.128,90.0,2.236,3731,593,116.565,1.0,3.285599232588026,2.892836279947917,1.4457772812499998,2.865920213541667,1.2817174479166666,2.0453259898153786
4843,28,9.539,3.737,143.576,10.63,312,594,138.814,4.973,45.998389256232365,12.226302735677082,4.789778102864584,13.624656471354168,6.373980868489583,7.652909098153434
4844,13,4.762,3.476,135.0,5.657,378,594,135.0,4.0,21.35639501182217,6.103538486979166,4.455249848958333,7.250675602864583,5.126869791666667,5.214578566863546
4845,8,4.037,2.523,56.31,5.0,3501,598,53.13,3.0,13.142396930352104,5.174293337239583,3.23377312109375,6.408587239583333,3.8451523437499997,4.090651979630757
4846,4,2.257,2.257,0.0,2.828,3644,594,135.0,2.0,6.571198465176052,2.892836279947917,2.892836279947917,3.624696942708333,2.5634348958333333,2.892527754271083
4847,6,4.134,1.848,77.067,4.472,247,599,63.435,2.0,9.856797697764078,5.298619929687501,2.36861384375,5.731840427083334,2.5634348958333333,3.5426085324013394
4848,25,7.095,4.487,84.256,8.062,332,602,60.255,4.0,41.069990407350325,9.09378529296875,5.751066188802083,10.333206065104166,5.126869791666667,7.231319385677708
4849,1,1.128,1.128,0.0,1.414,372,595,135.0,1.0,1.642799616294013,1.4457772812499998,1.4457772812499998,1.8123484713541664,1.2817174479166666,1.4462638771355416
4850,1,1.128,1.128,0.0,1.414,508,595,135.0,1.0,1.642799616294013,1.4457772812499998,1.4457772812499998,1.8123484713541664,1.2817174479166666,1.4462638771355416
4851,1,1.128,1.128,0.0,1.414,510,595,135.0,1.0,1.642799616294013,1.4457772812499998,1.4457772812499998,1.8123484713541664,1.2817174479166666,1.4462638771355416
4852,1,1.128,1.128,0.0,1.414,523,595,135.0,1.0,1.642799616294013,1.4457772812499998,1.4457772812499998,1.8123484713541664,1.2817174479166666,1.4462638771355416
4853,1,1.128,1.128,0.0,1.414,710,595,135.0,1.0,1.642799616294013,1.4457772812499998,1.4457772812499998,1.8123484713541664,1.2817174479166666,1.4462638771355416
4854,4,4.514,1.128,0.0,4.123,3480,595,165.964,1.0,6.571198465176052,5.785672559895834,1.4457772812499998,5.284521037760417,1.2817174479166666,2.892527754271083
4855,1,1.128,1.128,0.0,1.414,3543,595,135.0,1.0,1.642799616294013,1.4457772812499998,1.4457772812499998,1.8123484713541664,1.2817174479166666,1.4462638771355416
4856,23,8.405,3.484,8.8,10.296,3576,600,29.055,4.932,37.7843911747623,10.772835149739583,4.465503588541667,13.19656284375,6.321430453125,6.936037892995103
4857,1,1.128,1.128,0.0,1.414,3596,595,135.0,1.0,1.642799616294013,1.4457772812499998,1.4457772812499998,1.8123484713541664,1.2817174479166666,1.4462638771355416
4858,1,1.128,1.128,0.0,1.414,3602,595,135.0,1.0,1.642799616294013,1.4457772812499998,1.4457772812499998,1.8123484713541664,1.2817174479166666,1.4462638771355416
4859,1,1.128,1.128,0.0,1.414,3631,595,135.0,1.0,1.642799616294013,1.4457772812499998,1.4457772812499998,1.8123484713541664,1.2817174479166666,1.4462638771355416
4860,1,1.128,1.128,0.0,1.414,3685,595,135.0,1.0,1.642799616294013,1.4457772812499998,1.4457772812499998,1.8123484713541664,1.2817174479166666,1.4462638771355416
4861,6,3.489,2.19,45.0,4.243,3714,598,45.0,2.828,9.856797697764078,4.47191217578125,2.8069612109374997,5.438327131510417,3.624696942708333,3.5426085324013394
4862,9,3.685,3.109,82.372,4.472,3719,599,63.435,3.0,14.785196546646118,4.723128795572917,3.9848595455729168,5.731840427083334,3.8451523437499997,4.338791631406624
4863,3,2.365,1.615,135.0,2.828,327,596,135.0,2.0,4.928398848882039,3.0312617643229167,2.069973678385417,3.624696942708333,2.5634348958333333,2.5050025163503102
4864,14,5.423,3.287,9.687,6.325,498,597,161.565,3.881,22.999194628116182,6.9507537200520835,4.213005251302083,8.106862858072917,4.974345415364583,5.411423919108519
4865,3,3.213,1.189,28.155,3.606,523,598,33.69,1.789,4.928398848882039,4.11815816015625,1.5239620455729168,4.6218731171875,2.2929925143229166,2.5050025163503102
4866,1,1.128,1.128,0.0,1.414,3489,596,135.0,1.0,1.642799616294013,1.4457772812499998,1.4457772812499998,1.8123484713541664,1.2817174479166666,1.4462638771355416
4867,4,2.257,2.257,0.0,2.828,3586,596,135.0,2.0,6.571198465176052,2.892836279947917,2.892836279947917,3.624696942708333,2.5634348958333333,2.892527754271083
4868,3,2.365,1.615,45.0,2.828,3749,598,45.0,2.0,4.928398848882039,3.0312617643229167,2.069973678385417,3.624696942708333,2.5634348958333333,2.5050025163503102
4869,1,1.128,1.128,0.0,1.414,824,597,135.0,1.0,1.642799616294013,1.4457772812499998,1.4457772812499998,1.8123484713541664,1.2817174479166666,1.4462638771355416
4870,1,1.128,1.128,0.0,1.414,3479,597,135.0,1.0,1.642799616294013,1.4457772812499998,1.4457772812499998,1.8123484713541664,1.2817174479166666,1.4462638771355416
4871,1,1.128,1.128,0.0,1.414,3546,597,135.0,1.0,1.642799616294013,1.4457772812499998,1.4457772812499998,1.8123484713541664,1.2817174479166666,1.4462638771355416
4872,1,1.128,1.128,0.0,1.414,3659,597,135.0,1.0,1.642799616294013,1.4457772812499998,1.4457772812499998,1.8123484713541664,1.2817174479166666,1.4462638771355416
4873,1,1.128,1.128,0.0,1.414,3680,597,135.0,1.0,1.642799616294013,1.4457772812499998,1.4457772812499998,1.8123484713541664,1.2817174479166666,1.4462638771355416
4874,2,2.596,0.981,45.0,2.828,3732,599,45.0,1.414,3.285599232588026,3.327338494791667,1.2573648164062499,3.624696942708333,1.8123484713541664,2.0453259898153786
4875,7,4.154,2.146,81.65,4.472,384,602,63.435,2.0,11.499597314058091,5.324254278645833,2.7505656432291663,5.731840427083334,2.5634348958333333,3.826454549076717
4876,4,2.257,2.257,0.0,2.828,406,598,135.0,2.0,6.571198465176052,2.892836279947917,2.892836279947917,3.624696942708333,2.5634348958333333,2.892527754271083
4877,12,6.639,2.301,143.495,7.211,3464,599,146.31,3.4,19.713595395528156,8.50932213671875,2.9492318476562502,9.242464516927084,4.357839322916666,5.0100050327006205
4878,5,3.144,2.025,71.565,3.606,3472,601,56.31,2.0,8.213998081470065,4.02971965625,2.59547783203125,4.6218731171875,2.5634348958333333,3.2339443426774745
4879,14,4.839,3.684,73.262,5.831,3703,603,59.036,4.0,22.999194628116182,6.2022307304687505,4.721847078125,7.473694438802084,5.126869791666667,5.411423919108519
4880,139,24.123,7.337,179.091,27.295,293,602,171.573,11.374,228.34914666486782,30.91886999609375,9.403960915364582,34.98447774088542,14.578254252604166,17.05119963875536
4881,2,2.257,1.128,0.0,2.236,391,599,153.435,1.0,3.285599232588026,2.892836279947917,1.4457772812499998,2.865920213541667,1.2817174479166666,2.0453259898153786
4882,1,1.128,1.128,0.0,1.414,568,599,135.0,1.0,1.642799616294013,1.4457772812499998,1.4457772812499998,1.8123484713541664,1.2817174479166666,1.4462638771355416
4883,1,1.128,1.128,0.0,1.414,3487,599,135.0,1.0,1.642799616294013,1.4457772812499998,1.4457772812499998,1.8123484713541664,1.2817174479166666,1.4462638771355416
4884,1,1.128,1.128,0.0,1.414,3708,599,135.0,1.0,1.642799616294013,1.4457772812499998,1.4457772812499998,1.8123484713541664,1.2817174479166666,1.4462638771355416
4885,1,1.128,1.128,0.0,1.414,3746,599,135.0,1.0,1.642799616294013,1.4457772812499998,1.4457772812499998,1.8123484713541664,1.2817174479166666,1.4462638771355416
4886,5,2.523,2.523,0.0,3.162,285,600,108.435,2.828,8.213998081470065,3.23377312109375,3.23377312109375,4.0527905703125,3.624696942708333,3.2339443426774745
4887,1,1.128,1.128,0.0,1.414,311,600,135.0,1.0,1.642799616294013,1.4457772812499998,1.4457772812499998,1.8123484713541664,1.2817174479166666,1.4462638771355416
4888,21,6.976,3.833,75.388,8.062,3566,607,60.255,4.0,34.49879194217427,8.941260916666666,4.912822977864583,10.333206065104166,5.126869791666667,6.627613691853932
4889,39,8.11,6.123,132.104,10.0,3688,600,126.87,7.452,64.0691850354665,10.394728502604165,7.8479559335937505,12.817174479166667,9.551358421875,9.031915017867364
4890,2,2.257,1.128,0.0,2.236,3408,601,153.435,1.0,3.285599232588026,2.892836279947917,1.4457772812499998,2.865920213541667,1.2817174479166666,2.0453259898153786
4891,83,14.94,7.073,7.929,19.698,3578,614,23.962,12.719,136.35236815240307,19.148858671875,9.065587509114584,25.2472702890625,16.30216422005208,13.17609099055906
4892,1,1.128,1.128,0.0,1.414,3603,602,135.0,1.0,1.642799616294013,1.4457772812499998,1.4457772812499998,1.8123484713541664,1.2817174479166666,1.4462638771355416
4893,13,5.127,3.229,9.685,6.403,3627,606,38.66,4.0,21.35639501182217,6.57136535546875,4.138665639322917,8.206836819010416,5.126869791666667,5.214578566863546
4894,5,3.144,2.025,108.435,3.606,3731,602,123.69,2.0,8.213998081470065,4.02971965625,2.59547783203125,4.6218731171875,2.5634348958333333,3.2339443426774745
4895,2,2.257,1.128,0.0,2.236,290,603,153.435,1.0,3.285599232588026,2.892836279947917,1.4457772812499998,2.865920213541667,1.2817174479166666,2.0453259898153786
4896,58,12.109,6.099,15.793,13.038,469,610,32.471,6.74,95.28237774505276,15.520316576822916,7.81719471484375,16.7110320859375,8.638775598958333,11.01441753947132
4897,1,1.128,1.128,0.0,1.414,541,603,135.0,1.0,1.642799616294013,1.4457772812499998,1.4457772812499998,1.8123484713541664,1.2817174479166666,1.4462638771355416
4898,49,9.877,6.317,166.878,10.77,582,604,158.199,7.0,80.49718119840664,12.659523233072917,8.096609118489583,13.8040969140625,8.972022135416667,10.12384713994879
4899,1,1.128,1.128,0.0,1.414,3524,603,135.0,1.0,1.642799616294013,1.4457772812499998,1.4457772812499998,1.8123484713541664,1.2817174479166666,1.4462638771355416
4900,2,2.257,1.128,0.0,2.236,3676,603,153.435,1.0,3.285599232588026,2.892836279947917,1.4457772812499998,2.865920213541667,1.2817174479166666,2.0453259898153786
4901,6,3.385,2.257,90.0,3.606,3710,603,123.69,2.0,9.856797697764078,4.338613561197916,2.892836279947917,4.6218731171875,2.5634348958333333,3.5426085324013394
4902,1,1.128,1.128,0.0,1.414,3750,603,135.0,1.0,1.642799616294013,1.4457772812499998,1.4457772812499998,1.8123484713541664,1.2817174479166666,1.4462638771355416
4903,84,17.756,6.023,73.471,20.616,258,623,67.166,8.578,137.9951677686971,22.758175005208333,7.719784188802083,26.42388690625,10.994572268229165,13.255227383707863
4904,11,4.994,2.804,45.0,5.657,536,608,45.0,3.536,18.070795779234142,6.400896934895833,3.593935723958333,7.250675602864583,4.532152895833334,4.796714628303253
4905,66,13.535,6.208,100.786,15.524,544,604,104.931,7.0,108.42477467540486,17.348045657552085,7.956901916666666,19.897381661458333,8.972022135416667,11.749503281086843
4906,3,2.365,1.615,45.0,2.828,3376,606,45.0,2.0,4.928398848882039,3.0312617643229167,2.069973678385417,3.624696942708333,2.5634348958333333,2.5050025163503102
4907,2,2.257,1.128,90.0,2.236,3467,604,116.565,1.0,3.285599232588026,2.892836279947917,1.4457772812499998,2.865920213541667,1.2817174479166666,2.0453259898153786
4908,2,2.257,1.128,90.0,2.236,3469,604,116.565,1.0,3.285599232588026,2.892836279947917,1.4457772812499998,2.865920213541667,1.2817174479166666,2.0453259898153786
4909,4,2.257,2.257,0.0,2.828,180,605,135.0,2.0,6.571198465176052,2.892836279947917,2.892836279947917,3.624696942708333,2.5634348958333333,2.892527754271083
4910,3,3.385,1.128,0.0,3.162,272,605,161.565,1.0,4.928398848882039,4.338613561197916,1.4457772812499998,4.0527905703125,1.2817174479166666,2.5050025163503102
4911,2,2.257,1.128,90.0,2.236,3505,605,116.565,1.0,3.285599232588026,2.892836279947917,1.4457772812499998,2.865920213541667,1.2817174479166666,2.0453259898153786
4912,8,3.824,2.664,107.296,4.472,3562,605,116.565,3.0,13.142396930352104,4.901287520833333,3.4144952812500002,5.731840427083334,3.8451523437499997,4.090651979630757
4913,85,12.203,8.868,91.297,17.029,253,606,93.366,12.0,139.6379673849911,15.640798016927082,11.366270328125001,21.826366420572917,15.380609374999999,13.333894112227902
4914,4,2.257,2.257,0.0,2.828,288,606,135.0,2.0,6.571198465176052,2.892836279947917,2.892836279947917,3.624696942708333,2.5634348958333333,2.892527754271083
4915,1,1.128,1.128,0.0,1.414,367,606,135.0,1.0,1.642799616294013,1.4457772812499998,1.4457772812499998,1.8123484713541664,1.2817174479166666,1.4462638771355416
4916,3,2.365,1.615,135.0,2.828,632,606,135.0,2.0,4.928398848882039,3.0312617643229167,2.069973678385417,3.624696942708333,2.5634348958333333,2.5050025163503102
4917,2,2.257,1.128,90.0,2.236,3449,606,116.565,1.0,3.285599232588026,2.892836279947917,1.4457772812499998,2.865920213541667,1.2817174479166666,2.0453259898153786
4918,7,4.647,1.918,85.692,5.099,3477,606,101.31,2.0,11.499597314058091,5.95614098046875,2.4583340651041667,6.535477266927083,2.5634348958333333,3.826454549076717
4919,18,8.852,2.589,60.468,9.434,3528,614,57.995,3.883,29.570393093292235,11.345762848958334,3.31836647265625,12.091722403645832,4.976908850260417,6.135977969446135
4920,7,4.747,1.878,102.029,6.325,3537,606,108.435,2.746,11.499597314058091,6.084312725260417,2.4070653671874997,8.106862858072917,3.5195961119791668,3.826454549076717
4921,2,2.257,1.128,0.0,2.236,3540,606,153.435,1.0,3.285599232588026,2.892836279947917,1.4457772812499998,2.865920213541667,1.2817174479166666,2.0453259898153786
4922,2,2.257,1.128,90.0,2.236,3559,606,116.565,1.0,3.285599232588026,2.892836279947917,1.4457772812499998,2.865920213541667,1.2817174479166666,2.0453259898153786
4923,2,2.257,1.128,0.0,2.236,3620,606,153.435,1.0,3.285599232588026,2.892836279947917,1.4457772812499998,2.865920213541667,1.2817174479166666,2.0453259898153786
4924,19,7.41,3.265,119.46,8.062,3648,606,119.745,4.438,31.21319270958625,9.4975262890625,4.184807467447917,10.333206065104166,5.6882620338541665,6.304118086127151
4925,1,1.128,1.128,0.0,1.414,3673,606,135.0,1.0,1.642799616294013,1.4457772812499998,1.4457772812499998,1.8123484713541664,1.2817174479166666,1.4462638771355416
4926,1,1.128,1.128,0.0,1.414,3705,606,135.0,1.0,1.642799616294013,1.4457772812499998,1.4457772812499998,1.8123484713541664,1.2817174479166666,1.4462638771355416
4927,12,4.899,3.119,63.222,6.403,274,612,51.34,4.0,19.713595395528156,6.27913377734375,3.9976767200520835,8.206836819010416,5.126869791666667,5.0100050327006205
4928,4,3.589,1.419,135.0,4.243,286,607,135.0,2.121,6.571198465176052,4.600083920572916,1.81875705859375,5.438327131510417,2.71852270703125,2.892527754271083
4929,1,1.128,1.128,0.0,1.414,345,607,135.0,1.0,1.642799616294013,1.4457772812499998,1.4457772812499998,1.8123484713541664,1.2817174479166666,1.4462638771355416
4930,3,3.385,1.128,90.0,3.162,3519,607,108.435,1.0,4.928398848882039,4.338613561197916,1.4457772812499998,4.0527905703125,1.2817174479166666,2.5050025163503102
4931,2,2.257,1.128,0.0,2.236,3555,607,153.435,1.0,3.285599232588026,2.892836279947917,1.4457772812499998,2.865920213541667,1.2817174479166666,2.0453259898153786
4932,1,1.128,1.128,0.0,1.414,3690,607,135.0,1.0,1.642799616294013,1.4457772812499998,1.4457772812499998,1.8123484713541664,1.2817174479166666,1.4462638771355416
4933,4,3.216,1.583,121.717,3.606,3699,607,123.69,2.0,6.571198465176052,4.1220033125,2.028958720052083,4.6218731171875,2.5634348958333333,2.892527754271083
4934,1,1.128,1.128,0.0,1.414,3716,607,135.0,1.0,1.642799616294013,1.4457772812499998,1.4457772812499998,1.8123484713541664,1.2817174479166666,1.4462638771355416
4935,2,2.596,0.981,135.0,2.828,3788,607,135.0,1.414,3.285599232588026,3.327338494791667,1.2573648164062499,3.624696942708333,1.8123484713541664,2.0453259898153786
4936,2,2.257,1.128,90.0,2.236,245,608,116.565,1.0,3.285599232588026,2.892836279947917,1.4457772812499998,2.865920213541667,1.2817174479166666,2.0453259898153786
4937,2,2.257,1.128,90.0,2.236,279,608,116.565,1.0,3.285599232588026,2.892836279947917,1.4457772812499998,2.865920213541667,1.2817174479166666,2.0453259898153786
4938,4,3.192,1.596,18.435,3.606,349,610,33.69,2.0,6.571198465176052,4.09124209375,2.045621046875,4.6218731171875,2.5634348958333333,2.892527754271083
4939,72,18.062,5.075,177.634,18.682,352,614,15.524,6.0,118.28157237316894,23.150380544270835,6.504716048177084,23.945045361979165,7.690304687499999,12.27195593889227
4940,8,4.514,2.257,90.0,4.472,376,608,116.565,2.0,13.142396930352104,5.785672559895834,2.892836279947917,5.731840427083334,2.5634348958333333,4.090651979630757
4941,1,1.128,1.128,0.0,1.414,491,608,135.0,1.0,1.642799616294013,1.4457772812499998,1.4457772812499998,1.8123484713541664,1.2817174479166666,1.4462638771355416
4942,3,2.365,1.615,45.0,2.828,640,610,45.0,2.0,4.928398848882039,3.0312617643229167,2.069973678385417,3.624696942708333,2.5634348958333333,2.5050025163503102
4943,1,1.128,1.128,0.0,1.414,3567,608,135.0,1.0,1.642799616294013,1.4457772812499998,1.4457772812499998,1.8123484713541664,1.2817174479166666,1.4462638771355416
4944,26,6.758,4.899,147.449,8.485,3682,608,135.0,5.814,42.71279002364434,8.661846513020834,6.27913377734375,10.875372545572915,7.4519052421875,7.374527731318484
4945,74,15.29,6.162,38.167,19.723,3698,621,30.466,8.97,121.56717160575697,19.59745977864583,7.8979429140625,25.279313225260413,11.497005507812501,12.441232293094101
4946,1,1.128,1.128,0.0,1.414,203,609,135.0,1.0,1.642799616294013,1.4457772812499998,1.4457772812499998,1.8123484713541664,1.2817174479166666,1.4462638771355416
4947,5,3.461,1.839,135.0,4.243,209,609,135.0,2.683,8.213998081470065,4.436024087239583,2.35707838671875,5.438327131510417,3.4388479127604166,3.2339443426774745
4948,2,2.257,1.128,0.0,2.236,320,609,153.435,1.0,3.285599232588026,2.892836279947917,1.4457772812499998,2.865920213541667,1.2817174479166666,2.0453259898153786
4949,5,3.144,2.025,71.565,3.606,656,612,56.31,2.0,8.213998081470065,4.02971965625,2.59547783203125,4.6218731171875,2.5634348958333333,3.2339443426774745
4950,1,1.128,1.128,0.0,1.414,3451,609,135.0,1.0,1.642799616294013,1.4457772812499998,1.4457772812499998,1.8123484713541664,1.2817174479166666,1.4462638771355416
4951,2,2.257,1.128,0.0,2.236,3550,609,153.435,1.0,3.285599232588026,2.892836279947917,1.4457772812499998,2.865920213541667,1.2817174479166666,2.0453259898153786
4952,3,3.213,1.189,151.845,3.606,3635,609,146.31,1.789,4.928398848882039,4.11815816015625,1.5239620455729168,4.6218731171875,2.2929925143229166,2.5050025163503102
4953,1,1.128,1.128,0.0,1.414,374,610,135.0,1.0,1.642799616294013,1.4457772812499998,1.4457772812499998,1.8123484713541664,1.2817174479166666,1.4462638771355416
4954,1,1.128,1.128,0.0,1.414,429,610,135.0,1.0,1.642799616294013,1.4457772812499998,1.4457772812499998,1.8123484713541664,1.2817174479166666,1.4462638771355416
4955,9,4.204,2.726,54.217,5.0,496,614,53.13,3.0,14.785196546646118,5.388340151041667,3.4939617630208333,6.408587239583333,3.8451523437499997,4.338791631406624
4956,1,1.128,1.128,0.0,1.414,3487,610,135.0,1.0,1.642799616294013,1.4457772812499998,1.4457772812499998,1.8123484713541664,1.2817174479166666,1.4462638771355416
4957,12,4.729,3.231,135.0,5.657,3602,610,135.0,4.0,19.713595395528156,6.061241811197917,4.141229074218749,7.250675602864583,5.126869791666667,5.0100050327006205
4958,7,4.154,2.146,8.35,4.472,3654,612,26.565,2.0,11.499597314058091,5.324254278645833,2.7505656432291663,5.731840427083334,2.5634348958333333,3.826454549076717
4959,12,4.196,3.641,81.291,5.657,3672,614,45.0,4.0,19.713595395528156,5.378086411458333,4.666733227864583,7.250675602864583,5.126869791666667,5.0100050327006205
4960,5,3.144,2.025,108.435,3.606,259,611,123.69,2.0,8.213998081470065,4.02971965625,2.59547783203125,4.6218731171875,2.5634348958333333,3.2339443426774745
4961,1,1.128,1.128,0.0,1.414,402,611,135.0,1.0,1.642799616294013,1.4457772812499998,1.4457772812499998,1.8123484713541664,1.2817174479166666,1.4462638771355416
4962,14,6.083,2.931,159.047,7.211,420,611,146.31,3.795,22.999194628116182,7.7966872356770835,3.75671383984375,9.242464516927084,4.86411771484375,5.411423919108519
4963,4,2.734,1.863,0.0,3.162,3755,612,161.565,2.0,6.571198465176052,3.5042155026041666,2.38783960546875,4.0527905703125,2.5634348958333333,2.892527754271083
4964,6,3.718,2.055,143.13,4.243,193,612,135.0,2.683,9.856797697764078,4.765425471354167,2.63392935546875,5.438327131510417,3.4388479127604166,3.5426085324013394
4965,3,2.365,1.615,45.0,2.828,240,614,45.0,2.0,4.928398848882039,3.0312617643229167,2.069973678385417,3.624696942708333,2.5634348958333333,2.5050025163503102
4966,1,1.128,1.128,0.0,1.414,279,612,135.0,1.0,1.642799616294013,1.4457772812499998,1.4457772812499998,1.8123484713541664,1.2817174479166666,1.4462638771355416
4967,1,1.128,1.128,0.0,1.414,297,612,135.0,1.0,1.642799616294013,1.4457772812499998,1.4457772812499998,1.8123484713541664,1.2817174479166666,1.4462638771355416
4968,2,2.257,1.128,90.0,2.236,303,612,116.565,1.0,3.285599232588026,2.892836279947917,1.4457772812499998,2.865920213541667,1.2817174479166666,2.0453259898153786
4969,4,3.676,1.385,39.69,4.243,323,615,45.0,2.121,6.571198465176052,4.711593338541666,1.7751786653645834,5.438327131510417,2.71852270703125,2.892527754271083
4970,2,2.596,0.981,135.0,2.828,387,612,135.0,1.414,3.285599232588026,3.327338494791667,1.2573648164062499,3.624696942708333,1.8123484713541664,2.0453259898153786
4971,1,1.128,1.128,0.0,1.414,429,612,135.0,1.0,1.642799616294013,1.4457772812499998,1.4457772812499998,1.8123484713541664,1.2817174479166666,1.4462638771355416
4972,26,8.765,3.777,0.268,9.849,3486,616,23.962,5.0,42.71279002364434,11.234253430989584,4.84104680078125,12.62363514453125,6.408587239583333,7.374527731318484
4973,50,10.58,6.017,158.766,12.207,270,615,145.008,8.222,82.13998081470065,13.560570598958334,7.712093884114584,15.64592488671875,10.538280856770832,10.226629949076893
4974,2,2.257,1.128,0.0,2.236,300,613,153.435,1.0,3.285599232588026,2.892836279947917,1.4457772812499998,2.865920213541667,1.2817174479166666,2.0453259898153786
4975,1,1.128,1.128,0.0,1.414,401,613,135.0,1.0,1.642799616294013,1.4457772812499998,1.4457772812499998,1.8123484713541664,1.2817174479166666,1.4462638771355416
4976,1,1.128,1.128,0.0,1.414,404,613,135.0,1.0,1.642799616294013,1.4457772812499998,1.4457772812499998,1.8123484713541664,1.2817174479166666,1.4462638771355416
4977,1,1.128,1.128,0.0,1.414,3424,613,135.0,1.0,1.642799616294013,1.4457772812499998,1.4457772812499998,1.8123484713541664,1.2817174479166666,1.4462638771355416
4978,5,3.461,1.839,135.0,4.243,3563,613,135.0,2.683,8.213998081470065,4.436024087239583,2.35707838671875,5.438327131510417,3.4388479127604166,3.2339443426774745
4979,3,3.385,1.128,0.0,3.162,3632,613,161.565,1.0,4.928398848882039,4.338613561197916,1.4457772812499998,4.0527905703125,1.2817174479166666,2.5050025163503102
4980,2,2.596,0.981,135.0,2.828,3662,613,135.0,1.414,3.285599232588026,3.327338494791667,1.2573648164062499,3.624696942708333,1.8123484713541664,2.0453259898153786
4981,1,1.128,1.128,0.0,1.414,3716,613,135.0,1.0,1.642799616294013,1.4457772812499998,1.4457772812499998,1.8123484713541664,1.2817174479166666,1.4462638771355416
4982,72,11.278,8.129,144.43,13.601,313,615,126.027,10.733,118.28157237316894,14.455209377604167,10.419081134114583,17.432639009114585,13.756673368489583,12.27195593889227
4983,55,11.725,5.973,77.901,15.652,325,628,63.435,9.0,90.35397889617072,15.028137076822915,7.65569831640625,20.061441494791666,11.535457031249999,10.72577997755371
4984,8,4.409,2.311,165.875,5.0,336,614,143.13,3.0,13.142396930352104,5.6510922278645825,2.9620490221354165,6.408587239583333,3.8451523437499997,4.090651979630757
4985,1,1.128,1.128,0.0,1.414,3463,614,135.0,1.0,1.642799616294013,1.4457772812499998,1.4457772812499998,1.8123484713541664,1.2817174479166666,1.4462638771355416
4986,9,4.2,2.729,119.518,5.0,3547,614,126.87,3.0,14.785196546646118,5.38321328125,3.4978069153645834,6.408587239583333,3.8451523437499997,4.338791631406624
4987,3,2.365,1.615,45.0,2.828,3588,616,45.0,2.0,4.928398848882039,3.0312617643229167,2.069973678385417,3.624696942708333,2.5634348958333333,2.5050025163503102
4988,20,6.163,4.132,81.721,7.28,3622,621,74.055,4.0,32.85599232588026,7.899224631510417,5.296056494791666,9.330903020833334,5.126869791666667,6.467888685354949
4989,3,2.365,1.615,45.0,2.828,3646,616,45.0,2.0,4.928398848882039,3.0312617643229167,2.069973678385417,3.624696942708333,2.5634348958333333,2.5050025163503102
4990,2,2.257,1.128,0.0,2.236,3650,614,153.435,1.0,3.285599232588026,2.892836279947917,1.4457772812499998,2.865920213541667,1.2817174479166666,2.0453259898153786
4991,3,3.385,1.128,90.0,3.162,3659,614,108.435,1.0,4.928398848882039,4.338613561197916,1.4457772812499998,4.0527905703125,1.2817174479166666,2.5050025163503102
4992,3,3.385,1.128,90.0,3.162,3695,614,108.435,1.0,4.928398848882039,4.338613561197916,1.4457772812499998,4.0527905703125,1.2817174479166666,2.5050025163503102
4993,67,11.995,7.112,36.784,15.0,282,626,36.87,10.307,110.06757429169888,15.374200787760415,9.115574489583333,19.22576171875,13.210661735677084,11.838180035570401
4994,4,2.734,1.863,90.0,3.162,368,615,108.435,2.0,6.571198465176052,3.5042155026041666,2.38783960546875,4.0527905703125,2.5634348958333333,2.892527754271083
4995,1,1.128,1.128,0.0,1.414,429,615,135.0,1.0,1.642799616294013,1.4457772812499998,1.4457772812499998,1.8123484713541664,1.2817174479166666,1.4462638771355416
4996,20,5.572,4.57,95.614,6.325,478,615,108.435,5.0,32.85599232588026,7.141729619791667,5.857448736979167,8.106862858072917,6.408587239583333,6.467888685354949
4997,1,1.128,1.128,0.0,1.414,3466,615,135.0,1.0,1.642799616294013,1.4457772812499998,1.4457772812499998,1.8123484713541664,1.2817174479166666,1.4462638771355416
4998,1,1.128,1.128,0.0,1.414,3568,615,135.0,1.0,1.642799616294013,1.4457772812499998,1.4457772812499998,1.8123484713541664,1.2817174479166666,1.4462638771355416
4999,2,2.257,1.128,0.0,2.236,3640,615,153.435,1.0,3.285599232588026,2.892836279947917,1.4457772812499998,2.865920213541667,1.2817174479166666,2.0453259898153786
5000,1,1.128,1.128,0.0,1.414,3711,615,135.0,1.0,1.642799616294013,1.4457772812499998,1.4457772812499998,1.8123484713541664,1.2817174479166666,1.4462638771355416
5001,1,1.128,1.128,0.0,1.414,3756,615,135.0,1.0,1.642799616294013,1.4457772812499998,1.4457772812499998,1.8123484713541664,1.2817174479166666,1.4462638771355416
5002,2,2.257,1.128,0.0,2.236,196,616,153.435,1.0,3.285599232588026,2.892836279947917,1.4457772812499998,2.865920213541667,1.2817174479166666,2.0453259898153786
5003,2,2.257,1.128,90.0,2.236,349,616,116.565,1.0,3.285599232588026,2.892836279947917,1.4457772812499998,2.865920213541667,1.2817174479166666,2.0453259898153786
5004,19,6.874,3.519,43.903,7.81,3516,622,39.806,4.95,31.21319270958625,8.810525736979166,4.51036369921875,10.010213268229165,6.3445013671875,6.304118086127151
5005,4,2.734,1.863,0.0,3.162,3600,617,161.565,2.0,6.571198465176052,3.5042155026041666,2.38783960546875,4.0527905703125,2.5634348958333333,2.892527754271083
5006,8,4.685,2.174,132.527,5.657,3648,616,135.0,3.328,13.142396930352104,6.004846243489583,2.786453731770833,7.250675602864583,4.265555666666667,4.090651979630757
5007,5,4.076,1.562,69.006,4.472,3662,620,63.435,2.0,8.213998081470065,5.224280317708333,2.0020426536458333,5.731840427083334,2.5634348958333333,3.2339443426774745
5008,139,23.402,7.563,153.864,27.857,3664,620,158.962,11.535,228.34914666486782,29.994751716145835,9.69362905859375,35.704802946614585,14.78461076171875,17.05119963875536
5009,1,1.128,1.128,0.0,1.414,3729,616,135.0,1.0,1.642799616294013,1.4457772812499998,1.4457772812499998,1.8123484713541664,1.2817174479166666,1.4462638771355416
5010,1,1.128,1.128,0.0,1.414,645,617,135.0,1.0,1.642799616294013,1.4457772812499998,1.4457772812499998,1.8123484713541664,1.2817174479166666,1.4462638771355416
5011,1,1.128,1.128,0.0,1.414,3457,617,135.0,1.0,1.642799616294013,1.4457772812499998,1.4457772812499998,1.8123484713541664,1.2817174479166666,1.4462638771355416
5012,4,2.257,2.257,0.0,2.828,3510,617,135.0,2.0,6.571198465176052,2.892836279947917,2.892836279947917,3.624696942708333,2.5634348958333333,2.892527754271083
5013,12,5.253,2.908,51.893,6.403,3526,622,51.34,3.8,19.713595395528156,6.73286175390625,3.7272343385416664,8.206836819010416,4.870526302083333,5.0100050327006205
5014,1,1.128,1.128,0.0,1.414,3646,617,135.0,1.0,1.642799616294013,1.4457772812499998,1.4457772812499998,1.8123484713541664,1.2817174479166666,1.4462638771355416
5015,1,1.128,1.128,0.0,1.414,3755,617,135.0,1.0,1.642799616294013,1.4457772812499998,1.4457772812499998,1.8123484713541664,1.2817174479166666,1.4462638771355416
5016,3,2.365,1.615,135.0,2.828,267,618,135.0,2.0,4.928398848882039,3.0312617643229167,2.069973678385417,3.624696942708333,2.5634348958333333,2.5050025163503102
5017,7,3.752,2.375,0.0,4.472,296,619,153.435,3.0,11.499597314058091,4.809003864583333,3.0440789388020835,5.731840427083334,3.8451523437499997,3.826454549076717
5018,3,3.385,1.128,90.0,3.162,305,618,108.435,1.0,4.928398848882039,4.338613561197916,1.4457772812499998,4.0527905703125,1.2817174479166666,2.5050025163503102
5019,1,1.128,1.128,0.0,1.414,377,618,135.0,1.0,1.642799616294013,1.4457772812499998,1.4457772812499998,1.8123484713541664,1.2817174479166666,1.4462638771355416
5020,5,3.144,2.025,71.565,3.606,3544,621,56.31,2.0,8.213998081470065,4.02971965625,2.59547783203125,4.6218731171875,2.5634348958333333,3.2339443426774745
5021,1,1.128,1.128,0.0,1.414,3554,618,135.0,1.0,1.642799616294013,1.4457772812499998,1.4457772812499998,1.8123484713541664,1.2817174479166666,1.4462638771355416
5022,2,2.257,1.128,90.0,2.236,3687,618,116.565,1.0,3.285599232588026,2.892836279947917,1.4457772812499998,2.865920213541667,1.2817174479166666,2.0453259898153786
5023,4,3.969,1.283,162.391,4.472,3705,618,153.435,1.897,6.571198465176052,5.08713655078125,1.644443485677083,5.731840427083334,2.4314179986979165,2.892527754271083
5024,17,4.954,4.369,168.69,5.831,3711,619,149.036,4.0,27.927593476998222,6.349628236979166,5.599823529947916,7.473694438802084,5.126869791666667,5.963098727945161
5025,1,1.128,1.128,0.0,1.414,336,619,135.0,1.0,1.642799616294013,1.4457772812499998,1.4457772812499998,1.8123484713541664,1.2817174479166666,1.4462638771355416
5026,2,2.257,1.128,0.0,2.236,422,619,153.435,1.0,3.285599232588026,2.892836279947917,1.4457772812499998,2.865920213541667,1.2817174479166666,2.0453259898153786
5027,7,3.072,2.901,90.0,5.099,3577,619,101.31,4.0,11.499597314058091,3.937436,3.71826231640625,6.535477266927083,5.126869791666667,3.826454549076717
5028,1,1.128,1.128,0.0,1.414,3605,619,135.0,1.0,1.642799616294013,1.4457772812499998,1.4457772812499998,1.8123484713541664,1.2817174479166666,1.4462638771355416
5029,5,3.144,2.025,108.435,3.606,3692,619,123.69,2.0,8.213998081470065,4.02971965625,2.59547783203125,4.6218731171875,2.5634348958333333,3.2339443426774745
5030,3,2.365,1.615,45.0,2.828,3717,621,45.0,2.0,4.928398848882039,3.0312617643229167,2.069973678385417,3.624696942708333,2.5634348958333333,2.5050025163503102
5031,46,10.666,5.491,73.287,13.342,243,633,77.005,7.034,75.5687823495246,13.670798299479166,7.037910506510416,17.10067419010417,9.015600528645832,9.809038857407382
5032,13,6.316,2.621,96.507,6.708,380,620,116.565,3.0,21.35639501182217,8.095327401041667,3.359381430989583,8.597760640625,3.8451523437499997,5.214578566863546
5033,45,8.013,7.151,159.581,9.22,392,622,139.399,7.778,73.92598273323058,10.27040191015625,9.165561470052083,11.817434869791667,9.969198309895832,9.701833028032423
5034,1,1.128,1.128,0.0,1.414,3461,620,135.0,1.0,1.642799616294013,1.4457772812499998,1.4457772812499998,1.8123484713541664,1.2817174479166666,1.4462638771355416
5035,7,4.154,2.146,98.35,4.472,3558,620,116.565,2.0,11.499597314058091,5.324254278645833,2.7505656432291663,5.731840427083334,2.5634348958333333,3.826454549076717
5036,2,2.257,1.128,0.0,2.236,3592,620,153.435,1.0,3.285599232588026,2.892836279947917,1.4457772812499998,2.865920213541667,1.2817174479166666,2.0453259898153786
5037,3,3.385,1.128,90.0,3.162,269,621,108.435,1.0,4.928398848882039,4.338613561197916,1.4457772812499998,4.0527905703125,1.2817174479166666,2.5050025163503102
5038,1,1.128,1.128,0.0,1.414,342,621,135.0,1.0,1.642799616294013,1.4457772812499998,1.4457772812499998,1.8123484713541664,1.2817174479166666,1.4462638771355416
5039,22,7.194,3.894,81.94,9.487,407,621,108.435,5.0,36.141591558468285,9.2206753203125,4.9910077421875,12.159653428385417,6.408587239583333,6.78357888217988
5040,1,1.128,1.128,0.0,1.414,3335,621,135.0,1.0,1.642799616294013,1.4457772812499998,1.4457772812499998,1.8123484713541664,1.2817174479166666,1.4462638771355416
5041,1,1.128,1.128,0.0,1.414,3344,621,135.0,1.0,1.642799616294013,1.4457772812499998,1.4457772812499998,1.8123484713541664,1.2817174479166666,1.4462638771355416
5042,8,3.805,2.677,61.845,5.657,3498,626,45.0,4.0,13.142396930352104,4.876934889322917,3.4311576080729167,7.250675602864583,5.126869791666667,4.090651979630757
5043,2,2.257,1.128,90.0,2.236,3443,622,116.565,1.0,3.285599232588026,2.892836279947917,1.4457772812499998,2.865920213541667,1.2817174479166666,2.0453259898153786
5044,3,2.365,1.615,135.0,2.828,3482,622,135.0,2.0,4.928398848882039,3.0312617643229167,2.069973678385417,3.624696942708333,2.5634348958333333,2.5050025163503102
5045,10,4.223,3.015,99.076,5.0,3592,622,126.87,3.0,16.42799616294013,5.412692782552083,3.86437810546875,6.408587239583333,3.8451523437499997,4.573487949374228
5046,8,4.514,2.257,90.0,4.472,3608,622,116.565,2.0,13.142396930352104,5.785672559895834,2.892836279947917,5.731840427083334,2.5634348958333333,4.090651979630757
5047,18,5.952,3.85,70.524,7.211,3626,628,56.31,4.0,29.570393093292235,7.6287822499999995,4.934612174479167,9.242464516927084,5.126869791666667,6.135977969446135
5048,3,2.365,1.615,45.0,2.828,3646,624,45.0,2.0,4.928398848882039,3.0312617643229167,2.069973678385417,3.624696942708333,2.5634348958333333,2.5050025163503102
5049,81,17.685,5.832,130.197,21.26,3650,624,131.186,9.899,133.06676891981505,22.66717306640625,7.4749761562499994,27.249312942708336,12.687721016927082,13.016374894219874
5050,41,10.099,5.169,107.541,12.166,3717,622,99.462,6.736,67.35478426805453,12.944064506510417,6.625197488281249,15.593374471354167,8.633648729166666,9.26060728541019
5051,8,4.037,2.523,56.31,5.0,3723,626,53.13,3.0,13.142396930352104,5.174293337239583,3.23377312109375,6.408587239583333,3.8451523437499997,4.090651979630757
5052,1,1.128,1.128,0.0,1.414,236,623,135.0,1.0,1.642799616294013,1.4457772812499998,1.4457772812499998,1.8123484713541664,1.2817174479166666,1.4462638771355416
5053,15,5.603,3.408,121.368,7.211,278,623,123.69,4.511,24.641994244410196,7.181462860677083,4.3680930625,9.242464516927084,5.7818274075520835,5.601355910367322
5054,14,7.672,2.323,56.202,9.434,301,631,57.995,3.536,22.999194628116182,9.833336260416667,2.9774296315104167,12.091722403645832,4.532152895833334,5.411423919108519
5055,14,5.911,3.016,31.167,7.211,3472,628,33.69,4.271,22.999194628116182,7.576231834635416,3.8656598229166668,9.242464516927084,5.474215220052083,5.411423919108519
5056,1,1.128,1.128,0.0,1.414,3699,623,135.0,1.0,1.642799616294013,1.4457772812499998,1.4457772812499998,1.8123484713541664,1.2817174479166666,1.4462638771355416
5057,9,4.2,2.729,29.518,5.0,3701,626,36.87,3.0,14.785196546646118,5.38321328125,3.4978069153645834,6.408587239583333,3.8451523437499997,4.338791631406624
5058,1,1.128,1.128,0.0,1.414,3770,623,135.0,1.0,1.642799616294013,1.4457772812499998,1.4457772812499998,1.8123484713541664,1.2817174479166666,1.4462638771355416
5059,22,8.378,3.344,169.773,9.22,345,626,167.471,4.0,36.141591558468285,10.738228778645833,4.286063145833333,11.817434869791667,5.126869791666667,6.78357888217988
5060,9,5.884,1.947,52.466,7.211,364,630,56.31,3.2,14.785196546646118,7.541625463541667,2.49550387109375,9.242464516927084,4.101495833333334,4.338791631406624
5061,1,1.128,1.128,0.0,1.414,3503,624,135.0,1.0,1.642799616294013,1.4457772812499998,1.4457772812499998,1.8123484713541664,1.2817174479166666,1.4462638771355416
5062,25,8.223,3.871,84.17,9.487,3531,633,71.565,5.0,41.069990407350325,10.53956257421875,4.961528240885417,12.159653428385417,6.408587239583333,7.231319385677708
5063,4,4.514,1.128,90.0,4.123,3557,624,104.036,1.0,6.571198465176052,5.785672559895834,1.4457772812499998,5.284521037760417,1.2817174479166666,2.892527754271083
5064,2,2.257,1.128,90.0,2.236,3582,624,116.565,1.0,3.285599232588026,2.892836279947917,1.4457772812499998,2.865920213541667,1.2817174479166666,2.0453259898153786
5065,12,6.112,2.5,9.866,7.616,3599,627,23.199,4.0,19.713595395528156,7.833857041666667,3.2042936197916667,9.761560083333332,5.126869791666667,5.0100050327006205
5066,6,3.14,2.433,135.0,3.606,3696,624,123.69,2.828,9.856797697764078,4.024592786458333,3.1184185507812496,4.6218731171875,3.624696942708333,3.5426085324013394
5067,4,2.257,2.257,0.0,2.828,3736,624,135.0,2.0,6.571198465176052,2.892836279947917,2.892836279947917,3.624696942708333,2.5634348958333333,2.892527754271083
5068,2,2.257,1.128,0.0,2.236,3746,624,153.435,1.0,3.285599232588026,2.892836279947917,1.4457772812499998,2.865920213541667,1.2817174479166666,2.0453259898153786
5069,1,1.128,1.128,0.0,1.414,239,625,135.0,1.0,1.642799616294013,1.4457772812499998,1.4457772812499998,1.8123484713541664,1.2817174479166666,1.4462638771355416
5070,270,23.807,14.44,12.545,38.275,224,640,19.855,25.409,443.5558963993835,30.51384728255208,18.507999947916666,49.05773531901041,32.567158634114584,23.764540488360485
5071,144,16.867,10.87,72.327,23.77,257,647,67.751,14.209,236.56314474633788,21.618728194010416,13.932268658854165,30.466423736979166,18.211923217447914,17.355166525626498
5072,3,3.213,1.189,28.155,3.606,289,627,33.69,1.789,4.928398848882039,4.11815816015625,1.5239620455729168,4.6218731171875,2.2929925143229166,2.5050025163503102
5073,3,2.365,1.615,45.0,2.828,3413,627,45.0,2.0,4.928398848882039,3.0312617643229167,2.069973678385417,3.624696942708333,2.5634348958333333,2.5050025163503102
5074,11,4.923,2.845,33.83,5.831,3454,628,30.964,3.795,18.070795779234142,6.30989499609375,3.6464861393229167,7.473694438802084,4.86411771484375,4.796714628303253
5075,3,2.365,1.615,45.0,2.828,3461,627,45.0,2.0,4.928398848882039,3.0312617643229167,2.069973678385417,3.624696942708333,2.5634348958333333,2.5050025163503102
5076,1,1.128,1.128,0.0,1.414,3482,625,135.0,1.0,1.642799616294013,1.4457772812499998,1.4457772812499998,1.8123484713541664,1.2817174479166666,1.4462638771355416
5077,2,2.257,1.128,0.0,2.236,3564,625,153.435,1.0,3.285599232588026,2.892836279947917,1.4457772812499998,2.865920213541667,1.2817174479166666,2.0453259898153786
5078,1,1.128,1.128,0.0,1.414,3577,625,135.0,1.0,1.642799616294013,1.4457772812499998,1.4457772812499998,1.8123484713541664,1.2817174479166666,1.4462638771355416
5079,7,4.439,2.008,119.872,5.0,3641,625,126.87,2.683,11.499597314058091,5.689543751302083,2.5736886354166666,6.408587239583333,3.4388479127604166,3.826454549076717
5080,1,1.128,1.128,0.0,1.414,3664,625,135.0,1.0,1.642799616294013,1.4457772812499998,1.4457772812499998,1.8123484713541664,1.2817174479166666,1.4462638771355416
5081,1,1.128,1.128,0.0,1.414,3667,625,135.0,1.0,1.642799616294013,1.4457772812499998,1.4457772812499998,1.8123484713541664,1.2817174479166666,1.4462638771355416
5082,1,1.128,1.128,0.0,1.414,3672,625,135.0,1.0,1.642799616294013,1.4457772812499998,1.4457772812499998,1.8123484713541664,1.2817174479166666,1.4462638771355416
5083,2,2.257,1.128,0.0,2.236,3691,625,153.435,1.0,3.285599232588026,2.892836279947917,1.4457772812499998,2.865920213541667,1.2817174479166666,2.0453259898153786
5084,9,4.899,2.339,132.047,5.657,269,626,135.0,3.328,14.785196546646118,6.27913377734375,2.9979371106770833,7.250675602864583,4.265555666666667,4.338791631406624
5085,43,12.624,4.337,74.943,14.765,293,639,61.699,6.548,70.64038350064256,16.1804010625,5.558808571614583,18.924558118489582,8.392685848958333,9.483786464234974
5086,7,4.154,2.146,98.35,4.472,340,626,116.565,2.0,11.499597314058091,5.324254278645833,2.7505656432291663,5.731840427083334,2.5634348958333333,3.826454549076717
5087,1,1.128,1.128,0.0,1.414,355,626,135.0,1.0,1.642799616294013,1.4457772812499998,1.4457772812499998,1.8123484713541664,1.2817174479166666,1.4462638771355416
5088,4,2.257,2.257,0.0,2.828,529,626,135.0,2.0,6.571198465176052,2.892836279947917,2.892836279947917,3.624696942708333,2.5634348958333333,2.892527754271083
5089,24,5.864,5.211,45.716,7.211,1812,631,33.69,6.0,39.42719079105631,7.515991114583333,6.6790296210937505,9.242464516927084,7.690304687499999,7.085217064802679
5090,20,7.812,3.26,178.903,10.05,3538,628,174.289,4.0,32.85599232588026,10.012776703125,4.178398880208333,12.881260351562501,5.126869791666667,6.467888685354949
5091,12,4.514,3.385,0.0,5.0,3612,626,143.13,3.0,19.713595395528156,5.785672559895834,4.338613561197916,6.408587239583333,3.8451523437499997,5.0100050327006205
5092,8,4.287,2.376,74.726,5.0,3635,630,53.13,3.0,13.142396930352104,5.49472269921875,3.0453606562499997,6.408587239583333,3.8451523437499997,4.090651979630757
5093,5,3.702,1.72,164.518,4.472,3729,626,153.435,2.0,8.213998081470065,4.7449179921875,2.2045540104166665,5.731840427083334,2.5634348958333333,3.2339443426774745
5094,2,2.257,1.128,90.0,2.236,3739,626,116.565,1.0,3.285599232588026,2.892836279947917,1.4457772812499998,2.865920213541667,1.2817174479166666,2.0453259898153786
5095,2,2.257,1.128,90.0,2.236,275,627,116.565,1.0,3.285599232588026,2.892836279947917,1.4457772812499998,2.865920213541667,1.2817174479166666,2.0453259898153786
5096,1,1.128,1.128,0.0,1.414,3411,627,135.0,1.0,1.642799616294013,1.4457772812499998,1.4457772812499998,1.8123484713541664,1.2817174479166666,1.4462638771355416
5097,1,1.128,1.128,0.0,1.414,3483,627,135.0,1.0,1.642799616294013,1.4457772812499998,1.4457772812499998,1.8123484713541664,1.2817174479166666,1.4462638771355416
5098,6,3.718,2.055,143.13,4.243,3707,627,135.0,2.683,9.856797697764078,4.765425471354167,2.63392935546875,5.438327131510417,3.4388479127604166,3.5426085324013394
5099,1,1.128,1.128,0.0,1.414,3722,627,135.0,1.0,1.642799616294013,1.4457772812499998,1.4457772812499998,1.8123484713541664,1.2817174479166666,1.4462638771355416
5100,2,2.596,0.981,45.0,2.828,3741,629,45.0,1.414,3.285599232588026,3.327338494791667,1.2573648164062499,3.624696942708333,1.8123484713541664,2.0453259898153786
5101,3,2.365,1.615,135.0,2.828,3498,628,135.0,2.0,4.928398848882039,3.0312617643229167,2.069973678385417,3.624696942708333,2.5634348958333333,2.5050025163503102
5102,3,2.365,1.615,45.0,2.828,3582,630,45.0,2.0,4.928398848882039,3.0312617643229167,2.069973678385417,3.624696942708333,2.5634348958333333,2.5050025163503102
5103,5,4.474,1.423,54.72,5.0,3605,632,53.13,2.121,8.213998081470065,5.734403861979167,1.8238839283854167,6.408587239583333,2.71852270703125,3.2339443426774745
5104,20,6.857,3.714,124.745,8.485,3834,629,135.0,4.95,32.85599232588026,8.788736540364583,4.7602986015625,10.875372545572915,6.3445013671875,6.467888685354949
5105,5,3.833,1.661,45.0,4.243,223,632,45.0,2.121,8.213998081470065,4.912822977864583,2.128932680989583,5.438327131510417,2.71852270703125,3.2339443426774745
5106,3,2.365,1.615,45.0,2.828,307,631,45.0,2.0,4.928398848882039,3.0312617643229167,2.069973678385417,3.624696942708333,2.5634348958333333,2.5050025163503102
5107,2,2.257,1.128,0.0,2.236,348,629,153.435,1.0,3.285599232588026,2.892836279947917,1.4457772812499998,2.865920213541667,1.2817174479166666,2.0453259898153786
5108,1,1.128,1.128,0.0,1.414,481,629,135.0,1.0,1.642799616294013,1.4457772812499998,1.4457772812499998,1.8123484713541664,1.2817174479166666,1.4462638771355416
5109,1,1.128,1.128,0.0,1.414,3321,629,135.0,1.0,1.642799616294013,1.4457772812499998,1.4457772812499998,1.8123484713541664,1.2817174479166666,1.4462638771355416
5110,2,2.257,1.128,90.0,2.236,3511,629,116.565,1.0,3.285599232588026,2.892836279947917,1.4457772812499998,2.865920213541667,1.2817174479166666,2.0453259898153786
5111,1,1.128,1.128,0.0,1.414,3514,629,135.0,1.0,1.642799616294013,1.4457772812499998,1.4457772812499998,1.8123484713541664,1.2817174479166666,1.4462638771355416
5112,1,1.128,1.128,0.0,1.414,3559,629,135.0,1.0,1.642799616294013,1.4457772812499998,1.4457772812499998,1.8123484713541664,1.2817174479166666,1.4462638771355416
5113,2,2.257,1.128,0.0,2.236,3574,629,153.435,1.0,3.285599232588026,2.892836279947917,1.4457772812499998,2.865920213541667,1.2817174479166666,2.0453259898153786
5114,3,2.365,1.615,135.0,2.828,3630,629,135.0,2.0,4.928398848882039,3.0312617643229167,2.069973678385417,3.624696942708333,2.5634348958333333,2.5050025163503102
5115,2,2.257,1.128,0.0,2.236,3691,629,153.435,1.0,3.285599232588026,2.892836279947917,1.4457772812499998,2.865920213541667,1.2817174479166666,2.0453259898153786
5116,2,2.257,1.128,0.0,2.236,3727,629,153.435,1.0,3.285599232588026,2.892836279947917,1.4457772812499998,2.865920213541667,1.2817174479166666,2.0453259898153786
5117,2,2.257,1.128,0.0,2.236,3731,629,153.435,1.0,3.285599232588026,2.892836279947917,1.4457772812499998,2.865920213541667,1.2817174479166666,2.0453259898153786
5118,14,5.661,3.149,127.286,6.708,282,630,116.565,4.0,22.999194628116182,7.255802472656249,4.036128243489583,8.597760640625,5.126869791666667,5.411423919108519
5119,4,2.257,2.257,0.0,2.828,314,630,135.0,2.0,6.571198465176052,2.892836279947917,2.892836279947917,3.624696942708333,2.5634348958333333,2.892527754271083
5120,2,2.257,1.128,90.0,2.236,343,630,116.565,1.0,3.285599232588026,2.892836279947917,1.4457772812499998,2.865920213541667,1.2817174479166666,2.0453259898153786
5121,2,2.257,1.128,90.0,2.236,359,630,116.565,1.0,3.285599232588026,2.892836279947917,1.4457772812499998,2.865920213541667,1.2817174479166666,2.0453259898153786
5122,4,2.257,2.257,0.0,2.828,378,630,135.0,2.0,6.571198465176052,2.892836279947917,2.892836279947917,3.624696942708333,2.5634348958333333,2.892527754271083
5123,255,31.713,10.238,113.857,32.802,505,630,127.569,12.522,418.91390215497336,40.64710542578125,13.122223231770832,42.0428957265625,16.0496658828125,23.094982065122238
5124,6,4.024,1.899,83.736,4.472,3444,634,63.435,2.0,9.856797697764078,5.157631010416667,2.43398143359375,5.731840427083334,2.5634348958333333,3.5426085324013394
5125,14,5.819,3.063,158.94,6.708,3614,631,153.435,3.795,22.999194628116182,7.458313829427083,3.9259005429687504,8.597760640625,4.86411771484375,5.411423919108519
5126,13,4.762,3.476,135.0,5.657,3640,630,135.0,4.0,21.35639501182217,6.103538486979166,4.455249848958333,7.250675602864583,5.126869791666667,5.214578566863546
5127,3,2.365,1.615,135.0,2.828,3651,630,135.0,2.0,4.928398848882039,3.0312617643229167,2.069973678385417,3.624696942708333,2.5634348958333333,2.5050025163503102
5128,1,1.128,1.128,0.0,1.414,211,631,135.0,1.0,1.642799616294013,1.4457772812499998,1.4457772812499998,1.8123484713541664,1.2817174479166666,1.4462638771355416
5129,6,2.93,2.607,26.565,3.606,238,631,146.31,3.0,9.856797697764078,3.7554321223958333,3.3414373867187503,4.6218731171875,3.8451523437499997,3.5426085324013394
5130,1,1.128,1.128,0.0,1.414,259,631,135.0,1.0,1.642799616294013,1.4457772812499998,1.4457772812499998,1.8123484713541664,1.2817174479166666,1.4462638771355416
5131,1,1.128,1.128,0.0,1.414,482,631,135.0,1.0,1.642799616294013,1.4457772812499998,1.4457772812499998,1.8123484713541664,1.2817174479166666,1.4462638771355416
5132,2,2.596,0.981,45.0,2.828,3491,633,45.0,1.414,3.285599232588026,3.327338494791667,1.2573648164062499,3.624696942708333,1.8123484713541664,2.0453259898153786
5133,4,3.969,1.283,162.391,4.472,3540,631,153.435,1.897,6.571198465176052,5.08713655078125,1.644443485677083,5.731840427083334,2.4314179986979165,2.892527754271083
5134,1,1.128,1.128,0.0,1.414,3580,631,135.0,1.0,1.642799616294013,1.4457772812499998,1.4457772812499998,1.8123484713541664,1.2817174479166666,1.4462638771355416
5135,1,1.128,1.128,0.0,1.414,3702,631,135.0,1.0,1.642799616294013,1.4457772812499998,1.4457772812499998,1.8123484713541664,1.2817174479166666,1.4462638771355416
5136,1,1.128,1.128,0.0,1.414,3733,631,135.0,1.0,1.642799616294013,1.4457772812499998,1.4457772812499998,1.8123484713541664,1.2817174479166666,1.4462638771355416
5137,1,1.128,1.128,0.0,1.414,203,632,135.0,1.0,1.642799616294013,1.4457772812499998,1.4457772812499998,1.8123484713541664,1.2817174479166666,1.4462638771355416
5138,25,6.985,4.557,13.043,8.246,378,635,14.036,5.367,41.069990407350325,8.952796373697916,5.840786410156251,10.569042075520834,6.87897754296875,7.231319385677708
5139,6,3.718,2.055,53.13,4.243,389,635,45.0,2.683,9.856797697764078,4.765425471354167,2.63392935546875,5.438327131510417,3.4388479127604166,3.5426085324013394
5140,25,6.418,4.96,80.459,7.211,3416,638,56.31,5.0,41.069990407350325,8.226062580729167,6.357318541666666,9.242464516927084,6.408587239583333,7.231319385677708
5141,2,2.596,0.981,135.0,2.828,3507,632,135.0,1.414,3.285599232588026,3.327338494791667,1.2573648164062499,3.624696942708333,1.8123484713541664,2.0453259898153786
5142,37,9.893,4.762,68.499,13.0,3548,644,67.38,7.0,60.783585802878484,12.680030712239583,6.103538486979166,16.662326822916665,8.972022135416667,8.7972797207639
5143,1,1.128,1.128,0.0,1.414,3557,632,135.0,1.0,1.642799616294013,1.4457772812499998,1.4457772812499998,1.8123484713541664,1.2817174479166666,1.4462638771355416
5144,21,7.278,3.674,40.329,8.485,3583,638,45.0,4.919,34.49879194217427,9.3283395859375,4.709029903645833,10.875372545572915,6.304768126302083,6.627613691853932
5145,1,1.128,1.128,0.0,1.414,3607,632,135.0,1.0,1.642799616294013,1.4457772812499998,1.4457772812499998,1.8123484713541664,1.2817174479166666,1.4462638771355416
5146,119,17.522,8.647,153.355,22.361,3626,638,169.695,14.252,195.49315433898755,22.45825312239583,11.083010772135417,28.660483852864584,18.267037067708333,15.7768762774685
5147,12,4.077,3.748,101.31,5.0,3673,632,126.87,4.0,19.713595395528156,5.2255620351562495,4.803876994791667,6.408587239583333,5.126869791666667,5.0100050327006205
5148,8,5.011,2.033,25.67,5.831,276,636,30.964,2.846,13.142396930352104,6.4226861315104165,2.6057315716145832,7.473694438802084,3.6477678567708334,4.090651979630757
5149,13,7.435,2.226,87.855,7.28,288,640,74.055,2.0,21.35639501182217,9.529569225260415,2.8531030390625,9.330903020833334,2.5634348958333333,5.214578566863546
5150,1,1.128,1.128,0.0,1.414,447,633,135.0,1.0,1.642799616294013,1.4457772812499998,1.4457772812499998,1.8123484713541664,1.2817174479166666,1.4462638771355416
5151,2,2.596,0.981,45.0,2.828,3455,635,45.0,1.414,3.285599232588026,3.327338494791667,1.2573648164062499,3.624696942708333,1.8123484713541664,2.0453259898153786
5152,2,2.257,1.128,0.0,2.236,3604,633,153.435,1.0,3.285599232588026,2.892836279947917,1.4457772812499998,2.865920213541667,1.2817174479166666,2.0453259898153786
5153,1,1.128,1.128,0.0,1.414,3649,633,135.0,1.0,1.642799616294013,1.4457772812499998,1.4457772812499998,1.8123484713541664,1.2817174479166666,1.4462638771355416
5154,21,5.57,4.8,23.266,7.211,3736,633,146.31,5.0,34.49879194217427,7.139166184895833,6.152243749999999,9.242464516927084,6.408587239583333,6.627613691853932
5155,15,7.521,2.539,75.224,8.944,148,642,63.435,3.983,24.641994244410196,9.63979692578125,3.254280600260417,11.463680854166668,5.105080595052083,5.601355910367322
5156,49,9.23,6.76,77.137,10.77,320,644,68.199,7.0,80.49718119840664,11.830252044270834,8.664409947916667,13.8040969140625,8.972022135416667,10.12384713994879
5157,41,9.879,5.284,142.72,13.454,350,634,138.013,8.48,67.35478426805453,12.66208666796875,6.772594994791667,17.244226544270834,10.868963958333334,9.26060728541019
5158,15,5.421,3.523,20.301,7.211,3510,638,33.69,4.0,24.641994244410196,6.94819028515625,4.515490569010416,9.242464516927084,5.126869791666667,5.601355910367322
5159,8,3.538,2.879,45.0,4.243,3537,637,45.0,3.0,13.142396930352104,4.534716330729166,3.6900645325520833,5.438327131510417,3.8451523437499997,4.090651979630757
5160,4,2.257,2.257,0.0,2.828,3678,634,135.0,2.0,6.571198465176052,2.892836279947917,2.892836279947917,3.624696942708333,2.5634348958333333,2.892527754271083
5161,42,8.456,6.324,1.472,10.77,3692,638,158.199,8.0,68.99758388434854,10.838202739583332,8.105581140625,13.8040969140625,10.253739583333333,9.372861169189449
5162,19,5.829,4.15,44.602,7.81,3724,640,50.194,5.814,31.21319270958625,7.471131003906249,5.319127408854167,10.010213268229165,7.4519052421875,6.304118086127151
5163,1,1.128,1.128,0.0,1.414,535,635,135.0,1.0,1.642799616294013,1.4457772812499998,1.4457772812499998,1.8123484713541664,1.2817174479166666,1.4462638771355416
5164,7,3.507,2.542,30.473,4.243,3543,638,45.0,3.0,11.499597314058091,4.49498308984375,3.2581257526041663,5.438327131510417,3.8451523437499997,3.826454549076717
5165,12,5.121,2.984,87.009,6.325,280,636,108.435,4.0,19.713595395528156,6.56367505078125,3.824644864583333,8.106862858072917,5.126869791666667,5.0100050327006205
5166,2,2.257,1.128,90.0,2.236,330,636,116.565,1.0,3.285599232588026,2.892836279947917,1.4457772812499998,2.865920213541667,1.2817174479166666,2.0453259898153786
5167,2,2.257,1.128,90.0,2.236,333,636,116.565,1.0,3.285599232588026,2.892836279947917,1.4457772812499998,2.865920213541667,1.2817174479166666,2.0453259898153786
5168,10,4.866,2.617,119.767,5.831,372,636,120.964,3.0,16.42799616294013,6.236837101562499,3.3542545611979167,7.473694438802084,3.8451523437499997,4.573487949374228
5169,7,3.855,2.312,149.036,4.472,375,636,153.435,2.828,11.499597314058091,4.94102076171875,2.9633307395833333,5.731840427083334,3.624696942708333,3.826454549076717
5170,13,6.632,2.496,28.721,7.211,434,640,33.69,3.578,21.35639501182217,8.500350114583332,3.19916675,9.242464516927084,4.585985028645833,5.214578566863546
5171,2,2.257,1.128,0.0,2.236,3452,636,153.435,1.0,3.285599232588026,2.892836279947917,1.4457772812499998,2.865920213541667,1.2817174479166666,2.0453259898153786
5172,8,4.968,2.05,166.244,5.385,3467,637,158.199,2.668,13.142396930352104,6.36757228125,2.6275207682291666,6.90204845703125,3.4196221510416667,4.090651979630757
5173,15,4.485,4.259,18.127,5.831,3479,636,120.964,5.0,24.641994244410196,5.7485027539062505,5.4588346106770835,7.473694438802084,6.408587239583333,5.601355910367322
5174,1,1.128,1.128,0.0,1.414,3493,636,135.0,1.0,1.642799616294013,1.4457772812499998,1.4457772812499998,1.8123484713541664,1.2817174479166666,1.4462638771355416
5175,23,8.576,3.415,100.869,8.944,3604,636,116.565,4.0,37.7843911747623,10.992008833333333,4.377065084635417,11.463680854166668,5.126869791666667,6.936037892995103
5176,35,9.673,4.607,67.788,10.817,3712,646,56.31,6.0,57.49798657029046,12.398052873697916,5.904872282552083,13.864337634114584,7.690304687499999,8.556212484548844
5177,14,5.781,3.084,125.553,7.071,410,637,135.0,4.025,22.999194628116182,7.409608566406249,3.952816609375,9.063024074218749,5.158912727864584,5.411423919108519
5178,3,3.385,1.128,90.0,3.162,635,637,108.435,1.0,4.928398848882039,4.338613561197916,1.4457772812499998,4.0527905703125,1.2817174479166666,2.5050025163503102
5179,1,1.128,1.128,0.0,1.414,3593,637,135.0,1.0,1.642799616294013,1.4457772812499998,1.4457772812499998,1.8123484713541664,1.2817174479166666,1.4462638771355416
5180,6,5.025,1.52,162.391,5.385,3679,637,158.199,2.0,9.856797697764078,6.4406301757812505,1.9482105208333333,6.90204845703125,2.5634348958333333,3.5426085324013394
5181,1,1.128,1.128,0.0,1.414,3731,637,135.0,1.0,1.642799616294013,1.4457772812499998,1.4457772812499998,1.8123484713541664,1.2817174479166666,1.4462638771355416
5182,3,3.385,1.128,0.0,3.162,142,638,161.565,1.0,4.928398848882039,4.338613561197916,1.4457772812499998,4.0527905703125,1.2817174479166666,2.5050025163503102
5183,118,14.246,10.546,77.732,17.088,212,654,69.444,13.2,193.85035472269354,18.259346763020833,13.516992205729165,21.90198775,16.918670312499998,15.710447029675546
5184,2,2.257,1.128,0.0,2.236,255,638,153.435,1.0,3.285599232588026,2.892836279947917,1.4457772812499998,2.865920213541667,1.2817174479166666,2.0453259898153786
5185,1,1.128,1.128,0.0,1.414,285,638,135.0,1.0,1.642799616294013,1.4457772812499998,1.4457772812499998,1.8123484713541664,1.2817174479166666,1.4462638771355416
5186,20,7.079,3.597,53.353,9.22,442,645,49.399,5.657,32.85599232588026,9.073277813802083,4.61033766015625,11.817434869791667,7.250675602864583,6.467888685354949
5187,1,1.128,1.128,0.0,1.414,543,638,135.0,1.0,1.642799616294013,1.4457772812499998,1.4457772812499998,1.8123484713541664,1.2817174479166666,1.4462638771355416
5188,1,1.128,1.128,0.0,1.414,577,638,135.0,1.0,1.642799616294013,1.4457772812499998,1.4457772812499998,1.8123484713541664,1.2817174479166666,1.4462638771355416
5189,10,3.885,3.277,122.443,5.0,3442,639,143.13,4.0,16.42799616294013,4.97947228515625,4.200188076822917,6.408587239583333,5.126869791666667,4.573487949374228
5190,4,2.257,2.257,0.0,2.828,3535,638,135.0,2.0,6.571198465176052,2.892836279947917,2.892836279947917,3.624696942708333,2.5634348958333333,2.892527754271083
5191,1,1.128,1.128,0.0,1.414,3651,638,135.0,1.0,1.642799616294013,1.4457772812499998,1.4457772812499998,1.8123484713541664,1.2817174479166666,1.4462638771355416
5192,1,1.128,1.128,0.0,1.414,3677,638,135.0,1.0,1.642799616294013,1.4457772812499998,1.4457772812499998,1.8123484713541664,1.2817174479166666,1.4462638771355416
5193,2,2.596,0.981,45.0,2.828,3708,640,45.0,1.414,3.285599232588026,3.327338494791667,1.2573648164062499,3.624696942708333,1.8123484713541664,2.0453259898153786
5194,1,1.128,1.128,0.0,1.414,348,639,135.0,1.0,1.642799616294013,1.4457772812499998,1.4457772812499998,1.8123484713541664,1.2817174479166666,1.4462638771355416
5195,1,1.128,1.128,0.0,1.414,553,639,135.0,1.0,1.642799616294013,1.4457772812499998,1.4457772812499998,1.8123484713541664,1.2817174479166666,1.4462638771355416
5196,1,1.128,1.128,0.0,1.414,3466,639,135.0,1.0,1.642799616294013,1.4457772812499998,1.4457772812499998,1.8123484713541664,1.2817174479166666,1.4462638771355416
5197,2,2.257,1.128,0.0,2.236,3496,639,153.435,1.0,3.285599232588026,2.892836279947917,1.4457772812499998,2.865920213541667,1.2817174479166666,2.0453259898153786
5198,1,1.128,1.128,0.0,1.414,3507,639,135.0,1.0,1.642799616294013,1.4457772812499998,1.4457772812499998,1.8123484713541664,1.2817174479166666,1.4462638771355416
5199,105,13.25,10.09,65.737,18.601,3676,654,53.746,12.691,172.49395971087137,16.982756184895834,12.932529049479166,23.841226248697915,16.266276131510416,14.819794743593736
5200,1,1.128,1.128,0.0,1.414,3750,639,135.0,1.0,1.642799616294013,1.4457772812499998,1.4457772812499998,1.8123484713541664,1.2817174479166666,1.4462638771355416
5201,2,2.257,1.128,90.0,2.236,257,640,116.565,1.0,3.285599232588026,2.892836279947917,1.4457772812499998,2.865920213541667,1.2817174479166666,2.0453259898153786
5202,13,5.74,2.884,6.411,6.325,298,642,18.435,3.0,21.35639501182217,7.357058151041667,3.6964731197916665,8.106862858072917,3.8451523437499997,5.214578566863546
5203,1,1.128,1.128,0.0,1.414,341,640,135.0,1.0,1.642799616294013,1.4457772812499998,1.4457772812499998,1.8123484713541664,1.2817174479166666,1.4462638771355416
5204,2,2.257,1.128,0.0,2.236,368,640,153.435,1.0,3.285599232588026,2.892836279947917,1.4457772812499998,2.865920213541667,1.2817174479166666,2.0453259898153786
5205,94,11.52,10.389,63.656,17.692,3383,656,42.709,14.0,154.42316393163722,14.765384999999998,13.31576256640625,22.676145088541666,17.944044270833334,14.022048531397617
5206,3,2.365,1.615,135.0,2.828,3524,640,135.0,2.0,4.928398848882039,3.0312617643229167,2.069973678385417,3.624696942708333,2.5634348958333333,2.5050025163503102
5207,1,1.128,1.128,0.0,1.414,3763,640,135.0,1.0,1.642799616294013,1.4457772812499998,1.4457772812499998,1.8123484713541664,1.2817174479166666,1.4462638771355416
5208,1,1.128,1.128,0.0,1.414,383,641,135.0,1.0,1.642799616294013,1.4457772812499998,1.4457772812499998,1.8123484713541664,1.2817174479166666,1.4462638771355416
5209,1,1.128,1.128,0.0,1.414,449,641,135.0,1.0,1.642799616294013,1.4457772812499998,1.4457772812499998,1.8123484713541664,1.2817174479166666,1.4462638771355416
5210,1,1.128,1.128,0.0,1.414,3391,641,135.0,1.0,1.642799616294013,1.4457772812499998,1.4457772812499998,1.8123484713541664,1.2817174479166666,1.4462638771355416
5211,2,2.257,1.128,90.0,2.236,3533,641,116.565,1.0,3.285599232588026,2.892836279947917,1.4457772812499998,2.865920213541667,1.2817174479166666,2.0453259898153786
5212,3,3.385,1.128,0.0,3.162,205,642,161.565,1.0,4.928398848882039,4.338613561197916,1.4457772812499998,4.0527905703125,1.2817174479166666,2.5050025163503102
5213,1,1.128,1.128,0.0,1.414,219,642,135.0,1.0,1.642799616294013,1.4457772812499998,1.4457772812499998,1.8123484713541664,1.2817174479166666,1.4462638771355416
5214,1,1.128,1.128,0.0,1.414,223,642,135.0,1.0,1.642799616294013,1.4457772812499998,1.4457772812499998,1.8123484713541664,1.2817174479166666,1.4462638771355416
5215,4,2.257,2.257,0.0,2.828,336,642,135.0,2.0,6.571198465176052,2.892836279947917,2.892836279947917,3.624696942708333,2.5634348958333333,2.892527754271083
5216,24,8.611,3.549,147.439,10.0,370,642,143.13,5.27,39.42719079105631,11.036868944010417,4.54881522265625,12.817174479166667,6.7546509505208325,7.085217064802679
5217,38,11.059,4.375,63.807,13.038,393,653,57.529,5.367,62.4263854191725,14.174513256510416,5.607513834635417,16.7110320859375,6.87897754296875,8.915369296202536
5218,6,4.134,1.848,102.933,4.472,536,642,116.565,2.0,9.856797697764078,5.298619929687501,2.36861384375,5.731840427083334,2.5634348958333333,3.5426085324013394
5219,1,1.128,1.128,0.0,1.414,3555,642,135.0,1.0,1.642799616294013,1.4457772812499998,1.4457772812499998,1.8123484713541664,1.2817174479166666,1.4462638771355416
5220,16,6.721,3.031,4.258,7.28,3729,644,164.055,4.0,26.28479386070421,8.614422967447917,3.8848855846354167,9.330903020833334,5.126869791666667,5.785055508542166
5221,12,5.099,2.997,54.217,6.403,3741,647,38.66,4.243,19.713595395528156,6.535477266927083,3.84130719140625,8.206836819010416,5.438327131510417,5.0100050327006205
5222,1,1.128,1.128,0.0,1.414,250,643,135.0,1.0,1.642799616294013,1.4457772812499998,1.4457772812499998,1.8123484713541664,1.2817174479166666,1.4462638771355416
5223,3,2.365,1.615,45.0,2.828,284,645,45.0,2.0,4.928398848882039,3.0312617643229167,2.069973678385417,3.624696942708333,2.5634348958333333,2.5050025163503102
5224,1,1.128,1.128,0.0,1.414,289,643,135.0,1.0,1.642799616294013,1.4457772812499998,1.4457772812499998,1.8123484713541664,1.2817174479166666,1.4462638771355416
5225,2,2.257,1.128,0.0,2.236,310,643,153.435,1.0,3.285599232588026,2.892836279947917,1.4457772812499998,2.865920213541667,1.2817174479166666,2.0453259898153786
5226,2,2.257,1.128,0.0,2.236,366,643,153.435,1.0,3.285599232588026,2.892836279947917,1.4457772812499998,2.865920213541667,1.2817174479166666,2.0453259898153786
5227,1,1.128,1.128,0.0,1.414,381,643,135.0,1.0,1.642799616294013,1.4457772812499998,1.4457772812499998,1.8123484713541664,1.2817174479166666,1.4462638771355416
5228,3,3.213,1.189,118.155,3.606,549,643,123.69,1.789,4.928398848882039,4.11815816015625,1.5239620455729168,4.6218731171875,2.2929925143229166,2.5050025163503102
5229,1,1.128,1.128,0.0,1.414,3483,643,135.0,1.0,1.642799616294013,1.4457772812499998,1.4457772812499998,1.8123484713541664,1.2817174479166666,1.4462638771355416
5230,2,2.257,1.128,90.0,2.236,3504,643,116.565,1.0,3.285599232588026,2.892836279947917,1.4457772812499998,2.865920213541667,1.2817174479166666,2.0453259898153786
5231,1,1.128,1.128,0.0,1.414,3589,643,135.0,1.0,1.642799616294013,1.4457772812499998,1.4457772812499998,1.8123484713541664,1.2817174479166666,1.4462638771355416
5232,13,4.962,3.336,86.995,6.083,3719,643,99.462,4.0,21.35639501182217,6.3598819765625,4.27580940625,7.7966872356770835,5.126869791666667,5.214578566863546
5233,1,1.128,1.128,0.0,1.414,225,644,135.0,1.0,1.642799616294013,1.4457772812499998,1.4457772812499998,1.8123484713541664,1.2817174479166666,1.4462638771355416
5234,133,19.39,8.733,146.735,28.653,277,645,150.751,15.28,218.49234896710374,24.852501315104167,11.193238472656251,36.72505003515625,19.584642604166664,16.679128691476905
5235,6,3.44,2.221,168.401,4.472,388,645,153.435,3.0,9.856797697764078,4.409108020833333,2.8466944518229167,5.731840427083334,3.8451523437499997,3.5426085324013394
5236,1,1.128,1.128,0.0,1.414,423,644,135.0,1.0,1.642799616294013,1.4457772812499998,1.4457772812499998,1.8123484713541664,1.2817174479166666,1.4462638771355416
5237,1,1.128,1.128,0.0,1.414,3495,644,135.0,1.0,1.642799616294013,1.4457772812499998,1.4457772812499998,1.8123484713541664,1.2817174479166666,1.4462638771355416
5238,2,2.257,1.128,90.0,2.236,3509,644,116.565,1.0,3.285599232588026,2.892836279947917,1.4457772812499998,2.865920213541667,1.2817174479166666,2.0453259898153786
5239,1,1.128,1.128,0.0,1.414,3535,644,135.0,1.0,1.642799616294013,1.4457772812499998,1.4457772812499998,1.8123484713541664,1.2817174479166666,1.4462638771355416
5240,11,7.121,1.967,123.227,7.81,3553,644,129.806,3.051,18.070795779234142,9.127109946614583,2.5211382200520833,10.010213268229165,3.91051993359375,4.796714628303253
5241,7,4.154,2.146,171.65,4.472,3564,644,153.435,2.0,11.499597314058091,5.324254278645833,2.7505656432291663,5.731840427083334,2.5634348958333333,3.826454549076717
5242,2,2.257,1.128,90.0,2.236,3569,644,116.565,1.0,3.285599232588026,2.892836279947917,1.4457772812499998,2.865920213541667,1.2817174479166666,2.0453259898153786
5243,5,3.144,2.025,18.435,3.606,3651,646,33.69,2.0,8.213998081470065,4.02971965625,2.59547783203125,4.6218731171875,2.5634348958333333,3.2339443426774745
5244,1,1.128,1.128,0.0,1.414,304,645,135.0,1.0,1.642799616294013,1.4457772812499998,1.4457772812499998,1.8123484713541664,1.2817174479166666,1.4462638771355416
5245,35,9.158,4.866,71.209,11.662,336,656,59.036,7.692,57.49798657029046,11.737968388020832,6.236837101562499,14.947388877604167,9.858970609375,8.556212484548844
5246,1,1.128,1.128,0.0,1.414,350,645,135.0,1.0,1.642799616294013,1.4457772812499998,1.4457772812499998,1.8123484713541664,1.2817174479166666,1.4462638771355416
5247,20,6.759,3.767,43.267,7.211,350,650,33.69,4.919,32.85599232588026,8.66312823046875,4.828229626302083,9.242464516927084,6.304768126302083,6.467888685354949
5248,3,3.385,1.128,0.0,3.162,358,645,161.565,1.0,4.928398848882039,4.338613561197916,1.4457772812499998,4.0527905703125,1.2817174479166666,2.5050025163503102
5249,3,3.385,1.128,90.0,3.162,3490,645,108.435,1.0,4.928398848882039,4.338613561197916,1.4457772812499998,4.0527905703125,1.2817174479166666,2.5050025163503102
5250,1,1.128,1.128,0.0,1.414,3532,645,135.0,1.0,1.642799616294013,1.4457772812499998,1.4457772812499998,1.8123484713541664,1.2817174479166666,1.4462638771355416
5251,1,1.128,1.128,0.0,1.414,3544,645,135.0,1.0,1.642799616294013,1.4457772812499998,1.4457772812499998,1.8123484713541664,1.2817174479166666,1.4462638771355416
5252,1,1.128,1.128,0.0,1.414,3724,645,135.0,1.0,1.642799616294013,1.4457772812499998,1.4457772812499998,1.8123484713541664,1.2817174479166666,1.4462638771355416
5253,101,11.546,11.138,32.274,16.763,229,646,107.354,14.849,165.9227612456953,14.798709653645831,14.275768934895833,21.485429579427084,19.032222384114583,14.534772080532257
5254,778,45.764,21.645,54.889,64.14,235,701,59.036,32.612,1278.0981014767422,58.65651728645834,27.742774160156248,82.209357109375,41.799369411458336,40.34013410234213
5255,3,2.365,1.615,135.0,2.828,345,646,135.0,2.0,4.928398848882039,3.0312617643229167,2.069973678385417,3.624696942708333,2.5634348958333333,2.5050025163503102
5256,52,11.195,5.914,20.624,14.213,375,656,39.289,8.497,85.42558004728868,14.348826829427084,7.580076986979166,18.21705008723958,10.890753154947916,10.429157133727092
5257,3,2.365,1.615,135.0,2.828,3499,646,135.0,2.0,4.928398848882039,3.0312617643229167,2.069973678385417,3.624696942708333,2.5634348958333333,2.5050025163503102
5258,22,8.156,3.435,127.64,9.434,3551,646,122.005,4.685,36.141591558468285,10.453687505208334,4.40269943359375,12.091722403645832,6.004846243489583,6.78357888217988
5259,3,2.365,1.615,45.0,2.828,3558,648,45.0,2.0,4.928398848882039,3.0312617643229167,2.069973678385417,3.624696942708333,2.5634348958333333,2.5050025163503102
5260,14,5.915,3.013,52.088,7.211,3604,652,56.31,4.0,22.999194628116182,7.581358704427084,3.8618146705729166,9.242464516927084,5.126869791666667,5.411423919108519
5261,2,2.257,1.128,0.0,2.236,3776,646,153.435,1.0,3.285599232588026,2.892836279947917,1.4457772812499998,2.865920213541667,1.2817174479166666,2.0453259898153786
5262,1,1.128,1.128,0.0,1.414,262,647,135.0,1.0,1.642799616294013,1.4457772812499998,1.4457772812499998,1.8123484713541664,1.2817174479166666,1.4462638771355416
5263,3,3.385,1.128,90.0,3.162,313,647,108.435,1.0,4.928398848882039,4.338613561197916,1.4457772812499998,4.0527905703125,1.2817174479166666,2.5050025163503102
5264,1,1.128,1.128,0.0,1.414,367,647,135.0,1.0,1.642799616294013,1.4457772812499998,1.4457772812499998,1.8123484713541664,1.2817174479166666,1.4462638771355416
5265,1,1.128,1.128,0.0,1.414,442,647,135.0,1.0,1.642799616294013,1.4457772812499998,1.4457772812499998,1.8123484713541664,1.2817174479166666,1.4462638771355416
5266,1,1.128,1.128,0.0,1.414,641,647,135.0,1.0,1.642799616294013,1.4457772812499998,1.4457772812499998,1.8123484713541664,1.2817174479166666,1.4462638771355416
5267,1,1.128,1.128,0.0,1.414,3446,647,135.0,1.0,1.642799616294013,1.4457772812499998,1.4457772812499998,1.8123484713541664,1.2817174479166666,1.4462638771355416
5268,1,1.128,1.128,0.0,1.414,3545,647,135.0,1.0,1.642799616294013,1.4457772812499998,1.4457772812499998,1.8123484713541664,1.2817174479166666,1.4462638771355416
5269,1,1.128,1.128,0.0,1.414,3743,647,135.0,1.0,1.642799616294013,1.4457772812499998,1.4457772812499998,1.8123484713541664,1.2817174479166666,1.4462638771355416
5270,11,4.507,3.107,48.972,5.0,253,652,36.87,3.536,18.070795779234142,5.776700537760416,3.9822961106770833,6.408587239583333,4.532152895833334,4.796714628303253
5271,4,3.216,1.583,58.283,3.606,278,651,56.31,2.0,6.571198465176052,4.1220033125,2.028958720052083,4.6218731171875,2.5634348958333333,2.892527754271083
5272,1,1.128,1.128,0.0,1.414,289,648,135.0,1.0,1.642799616294013,1.4457772812499998,1.4457772812499998,1.8123484713541664,1.2817174479166666,1.4462638771355416
5273,1,1.128,1.128,0.0,1.414,299,648,135.0,1.0,1.642799616294013,1.4457772812499998,1.4457772812499998,1.8123484713541664,1.2817174479166666,1.4462638771355416
5274,7,3.086,2.888,0.0,3.606,306,648,123.69,3.0,11.499597314058091,3.955380044270833,3.701599989583333,4.6218731171875,3.8451523437499997,3.826454549076717
5275,4,2.257,2.257,0.0,2.828,332,648,135.0,2.0,6.571198465176052,2.892836279947917,2.892836279947917,3.624696942708333,2.5634348958333333,2.892527754271083
5276,41,10.213,5.112,114.079,11.662,3670,648,120.964,7.155,67.35478426805453,13.090180295572916,6.55213959375,14.947388877604167,9.17068833984375,9.26060728541019
5277,2,2.257,1.128,90.0,2.236,3705,648,116.565,1.0,3.285599232588026,2.892836279947917,1.4457772812499998,2.865920213541667,1.2817174479166666,2.0453259898153786
5278,1,1.128,1.128,0.0,1.414,3763,648,135.0,1.0,1.642799616294013,1.4457772812499998,1.4457772812499998,1.8123484713541664,1.2817174479166666,1.4462638771355416
5279,5,3.144,2.025,18.435,3.606,220,651,33.69,2.0,8.213998081470065,4.02971965625,2.59547783203125,4.6218731171875,2.5634348958333333,3.2339443426774745
5280,1,1.128,1.128,0.0,1.414,359,649,135.0,1.0,1.642799616294013,1.4457772812499998,1.4457772812499998,1.8123484713541664,1.2817174479166666,1.4462638771355416
5281,1,1.128,1.128,0.0,1.414,3344,649,135.0,1.0,1.642799616294013,1.4457772812499998,1.4457772812499998,1.8123484713541664,1.2817174479166666,1.4462638771355416
5282,2,2.257,1.128,0.0,2.236,3402,649,153.435,1.0,3.285599232588026,2.892836279947917,1.4457772812499998,2.865920213541667,1.2817174479166666,2.0453259898153786
5283,20,6.836,3.725,167.128,8.944,3498,649,153.435,5.121,32.85599232588026,8.761820473958334,4.774397493489583,11.463680854166668,6.56367505078125,6.467888685354949
5284,1,1.128,1.128,0.0,1.414,325,650,135.0,1.0,1.642799616294013,1.4457772812499998,1.4457772812499998,1.8123484713541664,1.2817174479166666,1.4462638771355416
5285,3,2.365,1.615,135.0,2.828,406,650,135.0,2.0,4.928398848882039,3.0312617643229167,2.069973678385417,3.624696942708333,2.5634348958333333,2.5050025163503102
5286,1,1.128,1.128,0.0,1.414,579,650,135.0,1.0,1.642799616294013,1.4457772812499998,1.4457772812499998,1.8123484713541664,1.2817174479166666,1.4462638771355416
5287,2,2.257,1.128,90.0,2.236,3197,650,116.565,1.0,3.285599232588026,2.892836279947917,1.4457772812499998,2.865920213541667,1.2817174479166666,2.0453259898153786
5288,19,6.705,3.608,120.424,7.211,3578,650,123.69,4.472,31.21319270958625,8.59391548828125,4.624436552083333,9.242464516927084,5.731840427083334,6.304118086127151
5289,1,1.128,1.128,0.0,1.414,3586,650,135.0,1.0,1.642799616294013,1.4457772812499998,1.4457772812499998,1.8123484713541664,1.2817174479166666,1.4462638771355416
5290,2,2.257,1.128,0.0,2.236,3613,650,153.435,1.0,3.285599232588026,2.892836279947917,1.4457772812499998,2.865920213541667,1.2817174479166666,2.0453259898153786
5291,21,6.618,4.04,44.249,8.485,3660,656,45.0,5.657,34.49879194217427,8.4824060703125,5.178138489583334,10.875372545572915,7.250675602864583,6.627613691853932
5292,5,4.183,1.522,100.901,4.472,3712,650,116.565,2.0,8.213998081470065,5.361424084635416,1.9507739557291666,5.731840427083334,2.5634348958333333,3.2339443426774745
5293,2,2.596,0.981,135.0,2.828,3717,650,135.0,1.414,3.285599232588026,3.327338494791667,1.2573648164062499,3.624696942708333,1.8123484713541664,2.0453259898153786
5294,4,3.969,1.283,17.609,4.472,271,653,26.565,1.897,6.571198465176052,5.08713655078125,1.644443485677083,5.731840427083334,2.4314179986979165,2.892527754271083
5295,4,4.514,1.128,90.0,4.123,303,651,104.036,1.0,6.571198465176052,5.785672559895834,1.4457772812499998,5.284521037760417,1.2817174479166666,2.892527754271083
5296,1,1.128,1.128,0.0,1.414,404,651,135.0,1.0,1.642799616294013,1.4457772812499998,1.4457772812499998,1.8123484713541664,1.2817174479166666,1.4462638771355416
5297,2,2.257,1.128,0.0,2.236,488,651,153.435,1.0,3.285599232588026,2.892836279947917,1.4457772812499998,2.865920213541667,1.2817174479166666,2.0453259898153786
5298,1,1.128,1.128,0.0,1.414,3335,651,135.0,1.0,1.642799616294013,1.4457772812499998,1.4457772812499998,1.8123484713541664,1.2817174479166666,1.4462638771355416
5299,6,3.718,2.055,36.87,4.243,3494,654,45.0,2.683,9.856797697764078,4.765425471354167,2.63392935546875,5.438327131510417,3.4388479127604166,3.5426085324013394
5300,7,4.134,2.156,152.769,5.0,3696,651,143.13,3.0,11.499597314058091,5.298619929687501,2.7633828177083335,6.408587239583333,3.8451523437499997,3.826454549076717
5301,2,2.257,1.128,90.0,2.236,3724,651,116.565,1.0,3.285599232588026,2.892836279947917,1.4457772812499998,2.865920213541667,1.2817174479166666,2.0453259898153786
5302,3,2.365,1.615,45.0,2.828,346,654,45.0,2.0,4.928398848882039,3.0312617643229167,2.069973678385417,3.624696942708333,2.5634348958333333,2.5050025163503102
5303,225,25.99,11.023,97.006,29.12,467,652,105.945,14.138,369.62991366615296,33.31183647135416,14.128371428385416,37.32361208333334,18.120921278645834,21.693958157033123
5304,4,2.734,1.863,90.0,3.162,3445,652,108.435,2.0,6.571198465176052,3.5042155026041666,2.38783960546875,4.0527905703125,2.5634348958333333,2.892527754271083
5305,49,9.649,6.465,54.551,13.0,3585,664,67.38,9.37,80.49718119840664,12.367291654947916,8.286303300781249,16.662326822916665,12.009692486979166,10.12384713994879
5306,67,11.693,7.296,135.567,16.401,3594,652,127.569,12.182,110.06757429169888,14.987122118489582,9.3514105,21.02144786328125,15.613881950520833,11.838180035570401
5307,2,2.257,1.128,90.0,2.236,3643,652,116.565,1.0,3.285599232588026,2.892836279947917,1.4457772812499998,2.865920213541667,1.2817174479166666,2.0453259898153786
5308,19,6.05,3.999,104.782,7.211,3688,652,123.69,4.0,31.21319270958625,7.754390559895833,5.12558807421875,9.242464516927084,5.126869791666667,6.304118086127151
5309,14,6.49,2.747,76.857,6.708,3758,658,63.435,3.0,22.999194628116182,8.318346236979167,3.520877829427083,8.597760640625,3.8451523437499997,5.411423919108519
5310,4,2.734,1.863,0.0,3.162,247,654,161.565,2.0,6.571198465176052,3.5042155026041666,2.38783960546875,4.0527905703125,2.5634348958333333,2.892527754271083
5311,1,1.128,1.128,0.0,1.414,359,653,135.0,1.0,1.642799616294013,1.4457772812499998,1.4457772812499998,1.8123484713541664,1.2817174479166666,1.4462638771355416
5312,1,1.128,1.128,0.0,1.414,527,653,135.0,1.0,1.642799616294013,1.4457772812499998,1.4457772812499998,1.8123484713541664,1.2817174479166666,1.4462638771355416
5313,1,1.128,1.128,0.0,1.414,701,653,135.0,1.0,1.642799616294013,1.4457772812499998,1.4457772812499998,1.8123484713541664,1.2817174479166666,1.4462638771355416
5314,1,1.128,1.128,0.0,1.414,221,654,135.0,1.0,1.642799616294013,1.4457772812499998,1.4457772812499998,1.8123484713541664,1.2817174479166666,1.4462638771355416
5315,89,16.039,7.065,34.428,19.416,306,665,34.509,10.714,146.20916585016715,20.55746614713542,9.05533376953125,24.88582596875,13.732320736979167,13.644026128871728
5316,1,1.128,1.128,0.0,1.414,3369,654,135.0,1.0,1.642799616294013,1.4457772812499998,1.4457772812499998,1.8123484713541664,1.2817174479166666,1.4462638771355416
5317,6,3.14,2.433,45.0,3.606,3436,656,33.69,2.828,9.856797697764078,4.024592786458333,3.1184185507812496,4.6218731171875,3.624696942708333,3.5426085324013394
5318,3,2.365,1.615,45.0,2.828,3490,656,45.0,2.0,4.928398848882039,3.0312617643229167,2.069973678385417,3.624696942708333,2.5634348958333333,2.5050025163503102
5319,2,2.257,1.128,90.0,2.236,3509,654,116.565,1.0,3.285599232588026,2.892836279947917,1.4457772812499998,2.865920213541667,1.2817174479166666,2.0453259898153786
5320,1,1.128,1.128,0.0,1.414,3645,654,135.0,1.0,1.642799616294013,1.4457772812499998,1.4457772812499998,1.8123484713541664,1.2817174479166666,1.4462638771355416
5321,1,1.128,1.128,0.0,1.414,3442,655,135.0,1.0,1.642799616294013,1.4457772812499998,1.4457772812499998,1.8123484713541664,1.2817174479166666,1.4462638771355416
5322,3,2.365,1.615,135.0,2.828,3502,655,135.0,2.0,4.928398848882039,3.0312617643229167,2.069973678385417,3.624696942708333,2.5634348958333333,2.5050025163503102
5323,13,6.235,2.655,168.109,6.708,3518,655,153.435,3.0,21.35639501182217,7.991508287760417,3.4029598242187498,8.597760640625,3.8451523437499997,5.214578566863546
5324,2,2.257,1.128,90.0,2.236,3527,655,116.565,1.0,3.285599232588026,2.892836279947917,1.4457772812499998,2.865920213541667,1.2817174479166666,2.0453259898153786
5325,2,2.257,1.128,0.0,2.236,3565,655,153.435,1.0,3.285599232588026,2.892836279947917,1.4457772812499998,2.865920213541667,1.2817174479166666,2.0453259898153786
5326,1,1.128,1.128,0.0,1.414,3656,655,135.0,1.0,1.642799616294013,1.4457772812499998,1.4457772812499998,1.8123484713541664,1.2817174479166666,1.4462638771355416
5327,79,11.27,8.925,111.741,18.028,3718,655,109.44,14.0,129.78116968722702,14.444955638020833,11.43932822265625,23.106802151041663,17.944044270833334,12.854674518721318
5328,2,2.596,0.981,45.0,2.828,3721,657,45.0,1.414,3.285599232588026,3.327338494791667,1.2573648164062499,3.624696942708333,1.8123484713541664,2.0453259898153786
5329,41,9.499,5.496,142.842,12.207,219,657,145.008,7.603,67.35478426805453,12.175034037760417,7.04431909375,15.64592488671875,9.744897756510417,9.26060728541019
5330,1,1.128,1.128,0.0,1.414,277,656,135.0,1.0,1.642799616294013,1.4457772812499998,1.4457772812499998,1.8123484713541664,1.2817174479166666,1.4462638771355416
5331,7,4.566,1.952,123.401,5.0,281,656,126.87,2.683,11.499597314058091,5.8523218671874995,2.5019124583333334,6.408587239583333,3.4388479127604166,3.826454549076717
5332,1,1.128,1.128,0.0,1.414,329,656,135.0,1.0,1.642799616294013,1.4457772812499998,1.4457772812499998,1.8123484713541664,1.2817174479166666,1.4462638771355416
5333,1,1.128,1.128,0.0,1.414,3397,656,135.0,1.0,1.642799616294013,1.4457772812499998,1.4457772812499998,1.8123484713541664,1.2817174479166666,1.4462638771355416
5334,2,2.257,1.128,90.0,2.236,3541,656,116.565,1.0,3.285599232588026,2.892836279947917,1.4457772812499998,2.865920213541667,1.2817174479166666,2.0453259898153786
5335,1,1.128,1.128,0.0,1.414,3562,656,135.0,1.0,1.642799616294013,1.4457772812499998,1.4457772812499998,1.8123484713541664,1.2817174479166666,1.4462638771355416
5336,45,9.624,5.954,103.101,13.342,3569,656,102.995,7.814,73.92598273323058,12.33524871875,7.631345684895833,17.10067419010417,10.015340138020834,9.701833028032423
5337,3,2.365,1.615,135.0,2.828,3630,656,135.0,2.0,4.928398848882039,3.0312617643229167,2.069973678385417,3.624696942708333,2.5634348958333333,2.5050025163503102
5338,4,2.257,2.257,0.0,2.828,3641,656,135.0,2.0,6.571198465176052,2.892836279947917,2.892836279947917,3.624696942708333,2.5634348958333333,2.892527754271083
5339,3,2.365,1.615,45.0,2.828,3702,658,45.0,2.0,4.928398848882039,3.0312617643229167,2.069973678385417,3.624696942708333,2.5634348958333333,2.5050025163503102
5340,8,4.514,2.257,90.0,4.472,3706,656,116.565,2.0,13.142396930352104,5.785672559895834,2.892836279947917,5.731840427083334,2.5634348958333333,4.090651979630757
5341,1,1.128,1.128,0.0,1.414,211,657,135.0,1.0,1.642799616294013,1.4457772812499998,1.4457772812499998,1.8123484713541664,1.2817174479166666,1.4462638771355416
5342,5,3.144,2.025,161.565,3.606,241,657,146.31,2.0,8.213998081470065,4.02971965625,2.59547783203125,4.6218731171875,2.5634348958333333,3.2339443426774745
5343,2,2.257,1.128,0.0,2.236,247,657,153.435,1.0,3.285599232588026,2.892836279947917,1.4457772812499998,2.865920213541667,1.2817174479166666,2.0453259898153786
5344,1,1.128,1.128,0.0,1.414,595,657,135.0,1.0,1.642799616294013,1.4457772812499998,1.4457772812499998,1.8123484713541664,1.2817174479166666,1.4462638771355416
5345,1,1.128,1.128,0.0,1.414,3368,657,135.0,1.0,1.642799616294013,1.4457772812499998,1.4457772812499998,1.8123484713541664,1.2817174479166666,1.4462638771355416
5346,3,2.365,1.615,135.0,2.828,3537,657,135.0,2.0,4.928398848882039,3.0312617643229167,2.069973678385417,3.624696942708333,2.5634348958333333,2.5050025163503102
5347,27,6.333,5.428,176.501,8.544,3606,658,159.444,6.788,44.35558963993835,8.117116597656251,6.957162307291666,10.950993875,8.700298036458333,7.515007549050931
5348,1,1.128,1.128,0.0,1.414,3628,657,135.0,1.0,1.642799616294013,1.4457772812499998,1.4457772812499998,1.8123484713541664,1.2817174479166666,1.4462638771355416
5349,32,8.19,4.975,83.484,11.402,3633,668,74.745,7.034,52.56958772140842,10.4972658984375,6.376544303385416,14.614142341145833,9.015600528645832,8.181303959261514
5350,4,4.514,1.128,0.0,4.123,3660,657,165.964,1.0,6.571198465176052,5.785672559895834,1.4457772812499998,5.284521037760417,1.2817174479166666,2.892527754271083
5351,1,1.128,1.128,0.0,1.414,3744,657,135.0,1.0,1.642799616294013,1.4457772812499998,1.4457772812499998,1.8123484713541664,1.2817174479166666,1.4462638771355416
5352,4,2.734,1.863,90.0,3.162,239,658,108.435,2.0,6.571198465176052,3.5042155026041666,2.38783960546875,4.0527905703125,2.5634348958333333,2.892527754271083
5353,54,11.793,5.83,152.852,13.0,386,661,157.38,7.056,88.7111792798767,15.115293863281249,7.472412721354167,16.662326822916665,9.0437983125,10.62782559720402
5354,1,1.128,1.128,0.0,1.414,421,658,135.0,1.0,1.642799616294013,1.4457772812499998,1.4457772812499998,1.8123484713541664,1.2817174479166666,1.4462638771355416
5355,17,6.291,3.441,136.081,7.81,433,658,129.806,4.95,27.927593476998222,8.06328446484375,4.41038973828125,10.010213268229165,6.3445013671875,5.963098727945161
5356,6,3.931,1.943,30.964,4.472,3471,661,26.565,2.683,9.856797697764078,5.0384312877604165,2.4903770013020834,5.731840427083334,3.4388479127604166,3.5426085324013394
5357,22,5.508,5.085,112.357,6.403,328,659,128.66,5.0,36.141591558468285,7.059699703125,6.51753322265625,8.206836819010416,6.408587239583333,6.78357888217988
5358,1,1.128,1.128,0.0,1.414,344,659,135.0,1.0,1.642799616294013,1.4457772812499998,1.4457772812499998,1.8123484713541664,1.2817174479166666,1.4462638771355416
5359,1,1.128,1.128,0.0,1.414,3479,659,135.0,1.0,1.642799616294013,1.4457772812499998,1.4457772812499998,1.8123484713541664,1.2817174479166666,1.4462638771355416
5360,1,1.128,1.128,0.0,1.414,3542,659,135.0,1.0,1.642799616294013,1.4457772812499998,1.4457772812499998,1.8123484713541664,1.2817174479166666,1.4462638771355416
5361,1,1.128,1.128,0.0,1.414,3674,659,135.0,1.0,1.642799616294013,1.4457772812499998,1.4457772812499998,1.8123484713541664,1.2817174479166666,1.4462638771355416
5362,1,1.128,1.128,0.0,1.414,3737,659,135.0,1.0,1.642799616294013,1.4457772812499998,1.4457772812499998,1.8123484713541664,1.2817174479166666,1.4462638771355416
5363,1,1.128,1.128,0.0,1.414,3743,659,135.0,1.0,1.642799616294013,1.4457772812499998,1.4457772812499998,1.8123484713541664,1.2817174479166666,1.4462638771355416
5364,82,17.09,6.109,108.999,21.541,286,660,111.801,9.353,134.70956853610906,21.904551184895833,7.8300118893229165,27.609475545572916,11.987903290364583,13.096476418838181
5365,94,13.768,8.693,48.02,17.889,341,671,26.565,10.976,154.42316393163722,17.646685822916666,11.141969774739582,22.92864342578125,14.068130708333333,14.022048531397617
5366,1,1.128,1.128,0.0,1.414,372,660,135.0,1.0,1.642799616294013,1.4457772812499998,1.4457772812499998,1.8123484713541664,1.2817174479166666,1.4462638771355416
5367,2,2.257,1.128,90.0,2.236,3501,660,116.565,1.0,3.285599232588026,2.892836279947917,1.4457772812499998,2.865920213541667,1.2817174479166666,2.0453259898153786
5368,4,2.734,1.863,0.0,3.162,3556,661,161.565,2.0,6.571198465176052,3.5042155026041666,2.38783960546875,4.0527905703125,2.5634348958333333,2.892527754271083
5369,3,3.385,1.128,90.0,3.162,3575,660,108.435,1.0,4.928398848882039,4.338613561197916,1.4457772812499998,4.0527905703125,1.2817174479166666,2.5050025163503102
5370,24,6.777,4.509,37.801,7.81,3677,666,50.194,5.367,39.42719079105631,8.68619914453125,5.77926397265625,10.010213268229165,6.87897754296875,7.085217064802679
5371,1,1.128,1.128,0.0,1.414,3697,660,135.0,1.0,1.642799616294013,1.4457772812499998,1.4457772812499998,1.8123484713541664,1.2817174479166666,1.4462638771355416
5372,5,3.144,2.025,71.565,3.606,383,664,56.31,2.0,8.213998081470065,4.02971965625,2.59547783203125,4.6218731171875,2.5634348958333333,3.2339443426774745
5373,2,2.257,1.128,0.0,2.236,440,661,153.435,1.0,3.285599232588026,2.892836279947917,1.4457772812499998,2.865920213541667,1.2817174479166666,2.0453259898153786
5374,5,3.144,2.025,161.565,3.606,481,661,146.31,2.0,8.213998081470065,4.02971965625,2.59547783203125,4.6218731171875,2.5634348958333333,3.2339443426774745
5375,2,2.257,1.128,0.0,2.236,3468,661,153.435,1.0,3.285599232588026,2.892836279947917,1.4457772812499998,2.865920213541667,1.2817174479166666,2.0453259898153786
5376,5,3.713,1.715,173.953,4.472,3542,661,153.435,2.0,8.213998081470065,4.759016884114583,2.1981454231770834,5.731840427083334,2.5634348958333333,3.2339443426774745
5377,13,4.811,3.44,157.014,5.831,239,663,149.036,4.0,21.35639501182217,6.166342641927083,4.409108020833333,7.473694438802084,5.126869791666667,5.214578566863546
5378,1,1.128,1.128,0.0,1.414,281,662,135.0,1.0,1.642799616294013,1.4457772812499998,1.4457772812499998,1.8123484713541664,1.2817174479166666,1.4462638771355416
5379,4,2.257,2.257,0.0,2.828,3450,662,135.0,2.0,6.571198465176052,2.892836279947917,2.892836279947917,3.624696942708333,2.5634348958333333,2.892527754271083
5380,41,10.886,4.796,23.933,12.649,3664,670,18.435,7.022,67.35478426805453,13.952776138020832,6.147116880208333,16.212443998697914,9.000219919270833,9.26060728541019
5381,5,3.144,2.025,161.565,3.606,3703,662,146.31,2.0,8.213998081470065,4.02971965625,2.59547783203125,4.6218731171875,2.5634348958333333,3.2339443426774745
5382,110,17.624,7.947,12.791,21.19,220,673,19.29,11.374,180.70795779234143,22.588988302083333,10.18580855859375,27.15959272135417,14.578254252604166,15.168543511286249
5383,3,2.365,1.615,135.0,2.828,300,663,135.0,2.0,4.928398848882039,3.0312617643229167,2.069973678385417,3.624696942708333,2.5634348958333333,2.5050025163503102
5384,16,5.886,3.461,39.938,7.071,321,668,45.0,4.243,26.28479386070421,7.5441888984375,4.436024087239583,9.063024074218749,5.438327131510417,5.785055508542166
5385,1,1.128,1.128,0.0,1.414,365,663,135.0,1.0,1.642799616294013,1.4457772812499998,1.4457772812499998,1.8123484713541664,1.2817174479166666,1.4462638771355416
5386,1,1.128,1.128,0.0,1.414,441,663,135.0,1.0,1.642799616294013,1.4457772812499998,1.4457772812499998,1.8123484713541664,1.2817174479166666,1.4462638771355416
5387,2,2.257,1.128,0.0,2.236,3473,663,153.435,1.0,3.285599232588026,2.892836279947917,1.4457772812499998,2.865920213541667,1.2817174479166666,2.0453259898153786
5388,5,3.144,2.025,71.565,3.606,3484,666,56.31,2.0,8.213998081470065,4.02971965625,2.59547783203125,4.6218731171875,2.5634348958333333,3.2339443426774745
5389,1,1.128,1.128,0.0,1.414,3578,663,135.0,1.0,1.642799616294013,1.4457772812499998,1.4457772812499998,1.8123484713541664,1.2817174479166666,1.4462638771355416
5390,1,1.128,1.128,0.0,1.414,3697,663,135.0,1.0,1.642799616294013,1.4457772812499998,1.4457772812499998,1.8123484713541664,1.2817174479166666,1.4462638771355416
5391,2,2.257,1.128,90.0,2.236,407,664,116.565,1.0,3.285599232588026,2.892836279947917,1.4457772812499998,2.865920213541667,1.2817174479166666,2.0453259898153786
5392,3,2.365,1.615,45.0,2.828,414,666,45.0,2.0,4.928398848882039,3.0312617643229167,2.069973678385417,3.624696942708333,2.5634348958333333,2.5050025163503102
5393,3,2.365,1.615,135.0,2.828,497,664,135.0,2.0,4.928398848882039,3.0312617643229167,2.069973678385417,3.624696942708333,2.5634348958333333,2.5050025163503102
5394,16,8.883,2.293,114.838,9.849,3558,664,113.962,3.528,26.28479386070421,11.385496089843748,2.938978108072917,12.62363514453125,4.52189915625,5.785055508542166
5395,2,2.257,1.128,0.0,2.236,289,665,153.435,1.0,3.285599232588026,2.892836279947917,1.4457772812499998,2.865920213541667,1.2817174479166666,2.0453259898153786
5396,2,2.257,1.128,90.0,2.236,361,665,116.565,1.0,3.285599232588026,2.892836279947917,1.4457772812499998,2.865920213541667,1.2817174479166666,2.0453259898153786
5397,1,1.128,1.128,0.0,1.414,384,665,135.0,1.0,1.642799616294013,1.4457772812499998,1.4457772812499998,1.8123484713541664,1.2817174479166666,1.4462638771355416
5398,1,1.128,1.128,0.0,1.414,3545,665,135.0,1.0,1.642799616294013,1.4457772812499998,1.4457772812499998,1.8123484713541664,1.2817174479166666,1.4462638771355416
5399,63,15.525,5.167,21.383,18.974,3596,674,18.435,8.05,103.49637582652282,19.89866337890625,6.622634053385417,24.319306856770833,10.317825455729167,11.47936364723015
5400,9,5.229,2.191,94.731,5.385,3648,665,111.801,2.0,14.785196546646118,6.70210053515625,2.8082429283854164,6.90204845703125,2.5634348958333333,4.338791631406624
5401,3,2.365,1.615,135.0,2.828,3725,665,135.0,2.0,4.928398848882039,3.0312617643229167,2.069973678385417,3.624696942708333,2.5634348958333333,2.5050025163503102
5402,4,2.257,2.257,0.0,2.828,220,666,135.0,2.0,6.571198465176052,2.892836279947917,2.892836279947917,3.624696942708333,2.5634348958333333,2.892527754271083
5403,1,1.128,1.128,0.0,1.414,301,666,135.0,1.0,1.642799616294013,1.4457772812499998,1.4457772812499998,1.8123484713541664,1.2817174479166666,1.4462638771355416
5404,3,2.365,1.615,45.0,2.828,316,668,45.0,2.0,4.928398848882039,3.0312617643229167,2.069973678385417,3.624696942708333,2.5634348958333333,2.5050025163503102
5405,2,2.257,1.128,90.0,2.236,343,666,116.565,1.0,3.285599232588026,2.892836279947917,1.4457772812499998,2.865920213541667,1.2817174479166666,2.0453259898153786
5406,11,4.288,3.266,35.008,5.0,356,669,36.87,4.0,18.070795779234142,5.496004416666667,4.186089184895834,6.408587239583333,5.126869791666667,4.796714628303253
5407,45,9.552,5.998,63.06,11.662,372,676,59.036,8.0,73.92598273323058,12.2429650625,7.687741252604167,14.947388877604167,10.253739583333333,9.701833028032423
5408,1,1.128,1.128,0.0,1.414,3441,666,135.0,1.0,1.642799616294013,1.4457772812499998,1.4457772812499998,1.8123484713541664,1.2817174479166666,1.4462638771355416
5409,6,4.102,1.862,136.95,5.0,3522,666,143.13,2.828,9.856797697764078,5.257604971354167,2.3865578880208336,6.408587239583333,3.624696942708333,3.5426085324013394
5410,7,4.805,1.855,43.569,5.657,3548,670,45.0,2.774,11.499597314058091,6.158652337239583,2.3775858658854165,7.250675602864583,3.555484200520833,3.826454549076717
5411,1,1.128,1.128,0.0,1.414,3593,666,135.0,1.0,1.642799616294013,1.4457772812499998,1.4457772812499998,1.8123484713541664,1.2817174479166666,1.4462638771355416
5412,2,2.257,1.128,90.0,2.236,3603,666,116.565,1.0,3.285599232588026,2.892836279947917,1.4457772812499998,2.865920213541667,1.2817174479166666,2.0453259898153786
5413,26,7.036,4.705,152.78,8.944,3624,668,153.435,6.0,42.71279002364434,9.018163963541665,6.030480592447916,11.463680854166668,7.690304687499999,7.374527731318484
5414,6,3.385,2.257,90.0,3.606,3701,666,123.69,2.0,9.856797697764078,4.338613561197916,2.892836279947917,4.6218731171875,2.5634348958333333,3.5426085324013394
5415,17,7.656,2.827,61.439,8.544,194,675,69.444,4.025,27.927593476998222,9.81282878125,3.6234152252604166,10.950993875,5.158912727864584,5.963098727945161
5416,6,3.385,2.257,90.0,3.606,309,667,123.69,2.0,9.856797697764078,4.338613561197916,2.892836279947917,4.6218731171875,2.5634348958333333,3.5426085324013394
5417,1,1.128,1.128,0.0,1.414,406,667,135.0,1.0,1.642799616294013,1.4457772812499998,1.4457772812499998,1.8123484713541664,1.2817174479166666,1.4462638771355416
5418,2,2.257,1.128,0.0,2.236,640,667,153.435,1.0,3.285599232588026,2.892836279947917,1.4457772812499998,2.865920213541667,1.2817174479166666,2.0453259898153786
5419,1,1.128,1.128,0.0,1.414,3461,667,135.0,1.0,1.642799616294013,1.4457772812499998,1.4457772812499998,1.8123484713541664,1.2817174479166666,1.4462638771355416
5420,3,2.446,1.561,90.0,3.162,3718,667,108.435,2.0,4.928398848882039,3.135080877604167,2.0007609361979166,4.0527905703125,2.5634348958333333,2.5050025163503102
5421,7,5.721,1.558,148.073,6.403,213,668,141.34,2.236,11.499597314058091,7.33270551953125,1.9969157838541667,8.206836819010416,2.865920213541667,3.826454549076717
5422,1,1.128,1.128,0.0,1.414,289,668,135.0,1.0,1.642799616294013,1.4457772812499998,1.4457772812499998,1.8123484713541664,1.2817174479166666,1.4462638771355416
5423,11,4.994,2.804,135.0,5.657,516,668,135.0,3.536,18.070795779234142,6.400896934895833,3.593935723958333,7.250675602864583,4.532152895833334,4.796714628303253
5424,6,3.385,2.257,0.0,3.606,3457,668,146.31,2.0,9.856797697764078,4.338613561197916,2.892836279947917,4.6218731171875,2.5634348958333333,3.5426085324013394
5425,97,18.759,6.584,106.261,23.324,3676,670,120.964,11.642,159.35156278051926,24.04373760546875,8.438827677083333,29.894777755208334,14.921754528645833,14.24404726978226
5426,15,5.811,3.287,153.435,6.708,3705,669,153.435,4.0,24.641994244410196,7.44806008984375,4.213005251302083,8.597760640625,5.126869791666667,5.601355910367322
5427,75,10.719,8.909,19.037,16.401,3731,681,37.569,13.6,123.20997122205098,13.738729324218749,11.418820743489585,21.02144786328125,17.431357291666664,12.52501258175155
5428,3,3.385,1.128,0.0,3.162,294,669,161.565,1.0,4.928398848882039,4.338613561197916,1.4457772812499998,4.0527905703125,1.2817174479166666,2.5050025163503102
5429,1,1.128,1.128,0.0,1.414,3519,669,135.0,1.0,1.642799616294013,1.4457772812499998,1.4457772812499998,1.8123484713541664,1.2817174479166666,1.4462638771355416
5430,13,4.649,3.56,73.764,5.385,3618,674,68.199,4.0,21.35639501182217,5.958704415364584,4.562914114583333,6.90204845703125,5.126869791666667,5.214578566863546
5431,1,1.128,1.128,0.0,1.414,3651,669,135.0,1.0,1.642799616294013,1.4457772812499998,1.4457772812499998,1.8123484713541664,1.2817174479166666,1.4462638771355416
5432,3,3.213,1.189,28.155,3.606,3749,671,33.69,1.789,4.928398848882039,4.11815816015625,1.5239620455729168,4.6218731171875,2.2929925143229166,2.5050025163503102
5433,3,2.365,1.615,135.0,2.828,164,670,135.0,2.0,4.928398848882039,3.0312617643229167,2.069973678385417,3.624696942708333,2.5634348958333333,2.5050025163503102
5434,2,2.257,1.128,90.0,2.236,319,670,116.565,1.0,3.285599232588026,2.892836279947917,1.4457772812499998,2.865920213541667,1.2817174479166666,2.0453259898153786
5435,3,2.365,1.615,135.0,2.828,325,670,135.0,2.0,4.928398848882039,3.0312617643229167,2.069973678385417,3.624696942708333,2.5634348958333333,2.5050025163503102
5436,2,2.257,1.128,0.0,2.236,538,670,153.435,1.0,3.285599232588026,2.892836279947917,1.4457772812499998,2.865920213541667,1.2817174479166666,2.0453259898153786
5437,5,3.144,2.025,71.565,3.606,621,673,56.31,2.0,8.213998081470065,4.02971965625,2.59547783203125,4.6218731171875,2.5634348958333333,3.2339443426774745
5438,12,4.911,3.111,170.583,5.385,1918,671,158.199,3.0,19.713595395528156,6.294514386718749,3.98742298046875,6.90204845703125,3.8451523437499997,5.0100050327006205
5439,28,7.013,5.083,149.527,8.485,3656,670,135.0,6.0,45.998389256232365,8.988684462239583,6.514969787760417,10.875372545572915,7.690304687499999,7.652909098153434
5440,4,3.192,1.596,161.565,3.606,3712,670,146.31,2.0,6.571198465176052,4.09124209375,2.045621046875,4.6218731171875,2.5634348958333333,2.892527754271083
5441,4,3.216,1.583,31.717,3.606,283,673,33.69,2.0,6.571198465176052,4.1220033125,2.028958720052083,4.6218731171875,2.5634348958333333,2.892527754271083
5442,4,3.192,1.596,108.435,3.606,297,671,123.69,2.0,6.571198465176052,4.09124209375,2.045621046875,4.6218731171875,2.5634348958333333,2.892527754271083
5443,2,2.257,1.128,0.0,2.236,3447,671,153.435,1.0,3.285599232588026,2.892836279947917,1.4457772812499998,2.865920213541667,1.2817174479166666,2.0453259898153786
5444,1,1.128,1.128,0.0,1.414,3623,671,135.0,1.0,1.642799616294013,1.4457772812499998,1.4457772812499998,1.8123484713541664,1.2817174479166666,1.4462638771355416
5445,31,8.343,4.731,139.41,10.0,3696,671,143.13,6.364,50.926788105114404,10.69336866796875,6.06380524609375,12.817174479166667,8.156849838541666,8.052456474363645
5446,1,1.128,1.128,0.0,1.414,3728,671,135.0,1.0,1.642799616294013,1.4457772812499998,1.4457772812499998,1.8123484713541664,1.2817174479166666,1.4462638771355416
5447,6,3.184,2.399,66.255,4.243,3745,674,45.0,3.0,9.856797697764078,4.080988354166667,3.0748401575520834,5.438327131510417,3.8451523437499997,3.5426085324013394
5448,1,1.128,1.128,0.0,1.414,3759,671,135.0,1.0,1.642799616294013,1.4457772812499998,1.4457772812499998,1.8123484713541664,1.2817174479166666,1.4462638771355416
5449,2,2.257,1.128,90.0,2.236,307,672,116.565,1.0,3.285599232588026,2.892836279947917,1.4457772812499998,2.865920213541667,1.2817174479166666,2.0453259898153786
5450,8,4.203,2.424,57.995,5.657,334,676,45.0,3.883,13.142396930352104,5.38705843359375,3.10688309375,7.250675602864583,4.976908850260417,4.090651979630757
5451,1,1.128,1.128,0.0,1.414,414,672,135.0,1.0,1.642799616294013,1.4457772812499998,1.4457772812499998,1.8123484713541664,1.2817174479166666,1.4462638771355416
5452,2,2.257,1.128,0.0,2.236,3409,672,153.435,1.0,3.285599232588026,2.892836279947917,1.4457772812499998,2.865920213541667,1.2817174479166666,2.0453259898153786
5453,2,2.257,1.128,90.0,2.236,3481,672,116.565,1.0,3.285599232588026,2.892836279947917,1.4457772812499998,2.865920213541667,1.2817174479166666,2.0453259898153786
5454,4,3.969,1.283,162.391,4.472,3515,672,153.435,1.897,6.571198465176052,5.08713655078125,1.644443485677083,5.731840427083334,2.4314179986979165,2.892527754271083
5455,1,1.128,1.128,0.0,1.414,319,673,135.0,1.0,1.642799616294013,1.4457772812499998,1.4457772812499998,1.8123484713541664,1.2817174479166666,1.4462638771355416
5456,4,3.589,1.419,135.0,4.243,377,673,135.0,2.121,6.571198465176052,4.600083920572916,1.81875705859375,5.438327131510417,2.71852270703125,2.892527754271083
5457,4,2.257,2.257,0.0,2.828,536,673,135.0,2.0,6.571198465176052,2.892836279947917,2.892836279947917,3.624696942708333,2.5634348958333333,2.892527754271083
5458,1,1.128,1.128,0.0,1.414,3527,673,135.0,1.0,1.642799616294013,1.4457772812499998,1.4457772812499998,1.8123484713541664,1.2817174479166666,1.4462638771355416
5459,1,1.128,1.128,0.0,1.414,3543,673,135.0,1.0,1.642799616294013,1.4457772812499998,1.4457772812499998,1.8123484713541664,1.2817174479166666,1.4462638771355416
5460,5,3.144,2.025,71.565,3.606,3550,676,56.31,2.0,8.213998081470065,4.02971965625,2.59547783203125,4.6218731171875,2.5634348958333333,3.2339443426774745
5461,2,2.257,1.128,0.0,2.236,3578,673,153.435,1.0,3.285599232588026,2.892836279947917,1.4457772812499998,2.865920213541667,1.2817174479166666,2.0453259898153786
5462,20,6.476,3.932,58.962,8.602,3687,680,54.462,5.0,32.85599232588026,8.300402192708333,5.039713005208333,11.025333486979166,6.408587239583333,6.467888685354949
5463,1,1.128,1.128,0.0,1.414,3750,673,135.0,1.0,1.642799616294013,1.4457772812499998,1.4457772812499998,1.8123484713541664,1.2817174479166666,1.4462638771355416
5464,1,1.128,1.128,0.0,1.414,231,674,135.0,1.0,1.642799616294013,1.4457772812499998,1.4457772812499998,1.8123484713541664,1.2817174479166666,1.4462638771355416
5465,3,2.365,1.615,135.0,2.828,281,674,135.0,2.0,4.928398848882039,3.0312617643229167,2.069973678385417,3.624696942708333,2.5634348958333333,2.5050025163503102
5466,11,6.327,2.214,93.058,6.325,338,674,108.435,2.0,18.070795779234142,8.10942629296875,2.8377224296875,8.106862858072917,2.5634348958333333,4.796714628303253
5467,10,4.456,2.857,71.778,5.0,414,678,53.13,3.0,16.42799616294013,5.7113329479166675,3.661866748697917,6.408587239583333,3.8451523437499997,4.573487949374228
5468,2,2.257,1.128,90.0,2.236,419,674,116.565,1.0,3.285599232588026,2.892836279947917,1.4457772812499998,2.865920213541667,1.2817174479166666,2.0453259898153786
5469,3,2.365,1.615,45.0,2.828,430,676,45.0,2.0,4.928398848882039,3.0312617643229167,2.069973678385417,3.624696942708333,2.5634348958333333,2.5050025163503102
5470,2,2.596,0.981,45.0,2.828,588,676,45.0,1.414,3.285599232588026,3.327338494791667,1.2573648164062499,3.624696942708333,1.8123484713541664,2.0453259898153786
5471,1,1.128,1.128,0.0,1.414,3444,674,135.0,1.0,1.642799616294013,1.4457772812499998,1.4457772812499998,1.8123484713541664,1.2817174479166666,1.4462638771355416
5472,4,2.257,2.257,0.0,2.828,3486,674,135.0,2.0,6.571198465176052,2.892836279947917,2.892836279947917,3.624696942708333,2.5634348958333333,2.892527754271083
5473,3,2.365,1.615,45.0,2.828,3520,676,45.0,2.0,4.928398848882039,3.0312617643229167,2.069973678385417,3.624696942708333,2.5634348958333333,2.5050025163503102
5474,1,1.128,1.128,0.0,1.414,3548,674,135.0,1.0,1.642799616294013,1.4457772812499998,1.4457772812499998,1.8123484713541664,1.2817174479166666,1.4462638771355416
5475,3,2.365,1.615,45.0,2.828,3582,676,45.0,2.0,4.928398848882039,3.0312617643229167,2.069973678385417,3.624696942708333,2.5634348958333333,2.5050025163503102
5476,6,3.385,2.257,0.0,3.606,3638,674,146.31,2.0,9.856797697764078,4.338613561197916,2.892836279947917,4.6218731171875,2.5634348958333333,3.5426085324013394
5477,15,4.726,4.042,144.412,5.831,3647,675,149.036,4.0,24.641994244410196,6.057396658854167,5.180701924479166,7.473694438802084,5.126869791666667,5.601355910367322
5478,4,3.192,1.596,108.435,3.606,270,675,123.69,2.0,6.571198465176052,4.09124209375,2.045621046875,4.6218731171875,2.5634348958333333,2.892527754271083
5479,8,4.037,2.523,146.31,5.0,274,675,143.13,3.0,13.142396930352104,5.174293337239583,3.23377312109375,6.408587239583333,3.8451523437499997,4.090651979630757
5480,3,2.365,1.615,45.0,2.828,300,677,45.0,2.0,4.928398848882039,3.0312617643229167,2.069973678385417,3.624696942708333,2.5634348958333333,2.5050025163503102
5481,47,9.967,6.004,172.805,11.18,317,678,169.695,7.891,77.21158196581861,12.774877803385417,7.695431557291666,14.329601067708333,10.114032381510416,9.915085602678126
5482,1,1.128,1.128,0.0,1.414,533,675,135.0,1.0,1.642799616294013,1.4457772812499998,1.4457772812499998,1.8123484713541664,1.2817174479166666,1.4462638771355416
5483,3,3.385,1.128,0.0,3.162,3414,675,161.565,1.0,4.928398848882039,4.338613561197916,1.4457772812499998,4.0527905703125,1.2817174479166666,2.5050025163503102
5484,1,1.128,1.128,0.0,1.414,3446,675,135.0,1.0,1.642799616294013,1.4457772812499998,1.4457772812499998,1.8123484713541664,1.2817174479166666,1.4462638771355416
5485,4,4.514,1.128,90.0,4.123,225,676,104.036,1.0,6.571198465176052,5.785672559895834,1.4457772812499998,5.284521037760417,1.2817174479166666,2.892527754271083
5486,32,7.209,5.652,33.696,8.602,229,683,54.462,7.0,52.56958772140842,9.239901082031249,7.244267015625,11.025333486979166,8.972022135416667,8.181303959261514
5487,4,2.734,1.863,90.0,3.162,313,676,108.435,2.0,6.571198465176052,3.5042155026041666,2.38783960546875,4.0527905703125,2.5634348958333333,2.892527754271083
5488,4,2.257,2.257,0.0,2.828,330,676,135.0,2.0,6.571198465176052,2.892836279947917,2.892836279947917,3.624696942708333,2.5634348958333333,2.892527754271083
5489,2,2.596,0.981,45.0,2.828,538,678,45.0,1.414,3.285599232588026,3.327338494791667,1.2573648164062499,3.624696942708333,1.8123484713541664,2.0453259898153786
5490,3,2.365,1.615,45.0,2.828,560,678,45.0,2.0,4.928398848882039,3.0312617643229167,2.069973678385417,3.624696942708333,2.5634348958333333,2.5050025163503102
5491,20,5.712,4.458,22.611,7.616,3663,681,23.199,5.942,32.85599232588026,7.321170062499999,5.7138963828125,9.761560083333332,7.615965075520833,6.467888685354949
5492,1,1.128,1.128,0.0,1.414,3823,676,135.0,1.0,1.642799616294013,1.4457772812499998,1.4457772812499998,1.8123484713541664,1.2817174479166666,1.4462638771355416
5493,1,1.128,1.128,0.0,1.414,449,677,135.0,1.0,1.642799616294013,1.4457772812499998,1.4457772812499998,1.8123484713541664,1.2817174479166666,1.4462638771355416
5494,1,1.128,1.128,0.0,1.414,558,677,135.0,1.0,1.642799616294013,1.4457772812499998,1.4457772812499998,1.8123484713541664,1.2817174479166666,1.4462638771355416
5495,2,2.257,1.128,90.0,2.236,3443,677,116.565,1.0,3.285599232588026,2.892836279947917,1.4457772812499998,2.865920213541667,1.2817174479166666,2.0453259898153786
5496,6,4.986,1.532,104.655,5.385,3468,677,111.801,2.0,9.856797697764078,6.390643195312499,1.9635911302083333,6.90204845703125,2.5634348958333333,3.5426085324013394
5497,2,2.257,1.128,0.0,2.236,3488,677,153.435,1.0,3.285599232588026,2.892836279947917,1.4457772812499998,2.865920213541667,1.2817174479166666,2.0453259898153786
5498,16,7.836,2.6,142.837,8.062,3536,678,150.255,3.4,26.28479386070421,10.043537921875,3.3324653645833333,10.333206065104166,4.357839322916666,5.785055508542166
5499,2,2.257,1.128,0.0,2.236,3549,677,153.435,1.0,3.285599232588026,2.892836279947917,1.4457772812499998,2.865920213541667,1.2817174479166666,2.0453259898153786
5500,5,3.144,2.025,71.565,3.606,3610,680,56.31,2.0,8.213998081470065,4.02971965625,2.59547783203125,4.6218731171875,2.5634348958333333,3.2339443426774745
5501,1,1.128,1.128,0.0,1.414,3764,677,135.0,1.0,1.642799616294013,1.4457772812499998,1.4457772812499998,1.8123484713541664,1.2817174479166666,1.4462638771355416
5502,19,6.128,3.948,100.278,6.708,306,678,116.565,5.0,31.21319270958625,7.854364520833333,5.060220484375,8.597760640625,6.408587239583333,6.304118086127151
5503,4,3.192,1.596,161.565,3.606,451,678,146.31,2.0,6.571198465176052,4.09124209375,2.045621046875,4.6218731171875,2.5634348958333333,2.892527754271083
5504,1,1.128,1.128,0.0,1.414,499,678,135.0,1.0,1.642799616294013,1.4457772812499998,1.4457772812499998,1.8123484713541664,1.2817174479166666,1.4462638771355416
5505,1,1.128,1.128,0.0,1.414,3466,678,135.0,1.0,1.642799616294013,1.4457772812499998,1.4457772812499998,1.8123484713541664,1.2817174479166666,1.4462638771355416
5506,2,2.257,1.128,90.0,2.236,3566,678,116.565,1.0,3.285599232588026,2.892836279947917,1.4457772812499998,2.865920213541667,1.2817174479166666,2.0453259898153786
5507,2,2.596,0.981,45.0,2.828,3674,680,45.0,1.414,3.285599232588026,3.327338494791667,1.2573648164062499,3.624696942708333,1.8123484713541664,2.0453259898153786
5508,23,9.086,3.223,63.212,11.18,205,689,63.435,4.472,37.7843911747623,11.645684731770833,4.1309753346354166,14.329601067708333,5.731840427083334,6.936037892995103
5509,2,2.257,1.128,90.0,2.236,265,679,116.565,1.0,3.285599232588026,2.892836279947917,1.4457772812499998,2.865920213541667,1.2817174479166666,2.0453259898153786
5510,37,8.757,5.38,155.367,10.44,280,680,163.301,6.864,60.783585802878484,11.223999691406249,6.895639869791666,13.381130156249998,8.7977085625,8.7972797207639
5511,1,1.128,1.128,0.0,1.414,3693,679,135.0,1.0,1.642799616294013,1.4457772812499998,1.4457772812499998,1.8123484713541664,1.2817174479166666,1.4462638771355416
5512,2,2.257,1.128,0.0,2.236,3710,679,153.435,1.0,3.285599232588026,2.892836279947917,1.4457772812499998,2.865920213541667,1.2817174479166666,2.0453259898153786
5513,24,6.567,4.653,120.891,7.81,271,680,129.806,5.814,39.42719079105631,8.41703848046875,5.96383128515625,10.010213268229165,7.4519052421875,7.085217064802679
5514,2,2.596,0.981,45.0,2.828,336,682,45.0,1.414,3.285599232588026,3.327338494791667,1.2573648164062499,3.624696942708333,1.8123484713541664,2.0453259898153786
5515,5,3.461,1.839,45.0,4.243,357,683,45.0,2.683,8.213998081470065,4.436024087239583,2.35707838671875,5.438327131510417,3.4388479127604166,3.2339443426774745
5516,3,2.365,1.615,45.0,2.828,3464,682,45.0,2.0,4.928398848882039,3.0312617643229167,2.069973678385417,3.624696942708333,2.5634348958333333,2.5050025163503102
5517,1,1.128,1.128,0.0,1.414,3525,680,135.0,1.0,1.642799616294013,1.4457772812499998,1.4457772812499998,1.8123484713541664,1.2817174479166666,1.4462638771355416
5518,2,2.257,1.128,0.0,2.236,3534,680,153.435,1.0,3.285599232588026,2.892836279947917,1.4457772812499998,2.865920213541667,1.2817174479166666,2.0453259898153786
5519,9,4.284,2.675,40.579,5.657,3604,684,45.0,3.883,14.785196546646118,5.490877546875,3.428594173177083,7.250675602864583,4.976908850260417,4.338791631406624
5520,6,4.134,1.848,167.067,4.472,3634,680,153.435,2.0,9.856797697764078,5.298619929687501,2.36861384375,5.731840427083334,2.5634348958333333,3.5426085324013394
5521,1,1.128,1.128,0.0,1.414,3743,680,135.0,1.0,1.642799616294013,1.4457772812499998,1.4457772812499998,1.8123484713541664,1.2817174479166666,1.4462638771355416
5522,341,30.586,14.195,9.942,37.643,3732,696,16.991,16.568,560.1946691562584,39.20260986197916,18.193979173177084,48.24768989192708,21.235494677083334,26.706976766132307
5523,1,1.128,1.128,0.0,1.414,144,681,135.0,1.0,1.642799616294013,1.4457772812499998,1.4457772812499998,1.8123484713541664,1.2817174479166666,1.4462638771355416
5524,2,2.257,1.128,90.0,2.236,199,681,116.565,1.0,3.285599232588026,2.892836279947917,1.4457772812499998,2.865920213541667,1.2817174479166666,2.0453259898153786
5525,2,2.596,0.981,45.0,2.828,201,683,45.0,1.414,3.285599232588026,3.327338494791667,1.2573648164062499,3.624696942708333,1.8123484713541664,2.0453259898153786
5526,87,15.675,7.067,123.891,18.028,471,681,123.69,9.707,142.92356661757913,20.09092099609375,9.057897204427084,23.106802151041663,12.441631266927084,13.489851392833065
5527,2,2.257,1.128,0.0,2.236,3597,681,153.435,1.0,3.285599232588026,2.892836279947917,1.4457772812499998,2.865920213541667,1.2817174479166666,2.0453259898153786
5528,64,11.426,7.132,137.445,15.0,3669,681,126.87,10.733,105.13917544281684,14.644903559895834,9.141208838541665,19.22576171875,13.756673368489583,11.570111017084333
5529,3,2.365,1.615,135.0,2.828,3696,681,135.0,2.0,4.928398848882039,3.0312617643229167,2.069973678385417,3.624696942708333,2.5634348958333333,2.5050025163503102
5530,1,1.128,1.128,0.0,1.414,3746,681,135.0,1.0,1.642799616294013,1.4457772812499998,1.4457772812499998,1.8123484713541664,1.2817174479166666,1.4462638771355416
5531,1,1.128,1.128,0.0,1.414,189,682,135.0,1.0,1.642799616294013,1.4457772812499998,1.4457772812499998,1.8123484713541664,1.2817174479166666,1.4462638771355416
5532,4,2.257,2.257,0.0,2.828,296,682,135.0,2.0,6.571198465176052,2.892836279947917,2.892836279947917,3.624696942708333,2.5634348958333333,2.892527754271083
5533,4,2.257,2.257,0.0,2.828,330,682,135.0,2.0,6.571198465176052,2.892836279947917,2.892836279947917,3.624696942708333,2.5634348958333333,2.892527754271083
5534,4,2.257,2.257,0.0,2.828,344,682,135.0,2.0,6.571198465176052,2.892836279947917,2.892836279947917,3.624696942708333,2.5634348958333333,2.892527754271083
5535,6,4.556,1.677,47.776,5.657,416,686,45.0,2.828,9.856797697764078,5.839504692708333,2.14944016015625,7.250675602864583,3.624696942708333,3.5426085324013394
5536,2,2.257,1.128,90.0,2.236,3534,682,116.565,1.0,3.285599232588026,2.892836279947917,1.4457772812499998,2.865920213541667,1.2817174479166666,2.0453259898153786
5537,5,3.144,2.025,108.435,3.606,3622,682,123.69,2.0,8.213998081470065,4.02971965625,2.59547783203125,4.6218731171875,2.5634348958333333,3.2339443426774745
5538,8,4.514,2.257,0.0,4.472,3650,682,153.435,2.0,13.142396930352104,5.785672559895834,2.892836279947917,5.731840427083334,2.5634348958333333,4.090651979630757
5539,20,8.682,2.933,154.249,10.296,3700,683,150.945,4.427,32.85599232588026,11.1278708828125,3.759277274739583,13.19656284375,5.674163141927083,6.467888685354949
5540,6,3.288,2.324,149.679,4.243,361,683,135.0,3.0,9.856797697764078,4.21428696875,2.978711348958333,5.438327131510417,3.8451523437499997,3.5426085324013394
5541,1,1.128,1.128,0.0,1.414,3381,683,135.0,1.0,1.642799616294013,1.4457772812499998,1.4457772812499998,1.8123484713541664,1.2817174479166666,1.4462638771355416
5542,1,1.128,1.128,0.0,1.414,3616,683,135.0,1.0,1.642799616294013,1.4457772812499998,1.4457772812499998,1.8123484713541664,1.2817174479166666,1.4462638771355416
5543,1,1.128,1.128,0.0,1.414,3655,683,135.0,1.0,1.642799616294013,1.4457772812499998,1.4457772812499998,1.8123484713541664,1.2817174479166666,1.4462638771355416
5544,3,3.385,1.128,0.0,3.162,3690,683,161.565,1.0,4.928398848882039,4.338613561197916,1.4457772812499998,4.0527905703125,1.2817174479166666,2.5050025163503102
5545,1,1.128,1.128,0.0,1.414,3734,683,135.0,1.0,1.642799616294013,1.4457772812499998,1.4457772812499998,1.8123484713541664,1.2817174479166666,1.4462638771355416
5546,12,5.525,2.765,146.903,6.708,234,685,153.435,3.883,19.713595395528156,7.0814888997395835,3.5439487434895836,8.597760640625,4.976908850260417,5.0100050327006205
5547,1,1.128,1.128,0.0,1.414,321,684,135.0,1.0,1.642799616294013,1.4457772812499998,1.4457772812499998,1.8123484713541664,1.2817174479166666,1.4462638771355416
5548,5,3.256,1.955,16.003,4.472,356,686,26.565,2.846,8.213998081470065,4.1732720104166665,2.5057576106770836,5.731840427083334,3.6477678567708334,3.2339443426774745
5549,6,3.577,2.136,165.128,4.123,437,685,165.964,2.683,9.856797697764078,4.5847033111979165,2.73774846875,5.284521037760417,3.4388479127604166,3.5426085324013394
5550,3,2.365,1.615,45.0,2.828,446,686,45.0,2.0,4.928398848882039,3.0312617643229167,2.069973678385417,3.624696942708333,2.5634348958333333,2.5050025163503102
5551,9,5.15,2.225,40.269,5.657,3510,688,45.0,2.828,14.785196546646118,6.600844856770833,2.8518213216145836,7.250675602864583,3.624696942708333,4.338791631406624
5552,23,7.918,3.699,62.262,9.487,3581,693,71.565,5.367,37.7843911747623,10.148638752604167,4.74107283984375,12.159653428385417,6.87897754296875,6.936037892995103
5553,36,9.99,4.588,109.987,11.662,3626,684,120.964,6.0,59.14078618658447,12.8043573046875,5.880519651041666,14.947388877604167,7.690304687499999,8.677583262813249
5554,5,3.144,2.025,108.435,3.606,3696,684,123.69,2.0,8.213998081470065,4.02971965625,2.59547783203125,4.6218731171875,2.5634348958333333,3.2339443426774745
5555,1,1.128,1.128,0.0,1.414,127,685,135.0,1.0,1.642799616294013,1.4457772812499998,1.4457772812499998,1.8123484713541664,1.2817174479166666,1.4462638771355416
5556,11,5.058,2.769,84.744,6.083,143,685,99.462,3.0,18.070795779234142,6.4829268515625,3.54907561328125,7.7966872356770835,3.8451523437499997,4.796714628303253
5557,13,4.928,3.359,116.626,6.403,229,685,128.66,4.111,21.35639501182217,6.316303583333333,4.305288907552083,8.206836819010416,5.269140428385416,5.214578566863546
5558,36,9.67,4.74,173.024,11.18,294,685,153.435,6.626,59.14078618658447,12.394207721354165,6.075340703125,14.329601067708333,8.492659809895834,8.677583262813249
5559,6,3.14,2.433,135.0,3.606,318,685,123.69,2.828,9.856797697764078,4.024592786458333,3.1184185507812496,4.6218731171875,3.624696942708333,3.5426085324013394
5560,8,5.293,1.924,119.65,5.831,3469,685,120.964,2.683,13.142396930352104,6.784130451822917,2.4660243697916666,7.473694438802084,3.4388479127604166,4.090651979630757
5561,9,4.237,2.704,104.036,5.385,3661,685,111.801,3.0,14.785196546646118,5.430636826822917,3.465763979166667,6.90204845703125,3.8451523437499997,4.338791631406624
5562,2,2.257,1.128,90.0,2.236,207,686,116.565,1.0,3.285599232588026,2.892836279947917,1.4457772812499998,2.865920213541667,1.2817174479166666,2.0453259898153786
5563,47,8.946,6.689,20.459,11.662,268,694,30.964,9.192,77.21158196581861,11.4662442890625,8.573408009114583,14.947388877604167,11.78154678125,9.915085602678126
5564,25,8.63,3.689,102.847,10.44,328,686,106.699,5.0,41.069990407350325,11.061221575520834,4.728255665364584,13.381130156249998,6.408587239583333,7.231319385677708
5565,13,6.214,2.664,16.883,6.708,430,690,26.565,3.638,21.35639501182217,7.964592221354167,3.4144952812500002,8.597760640625,4.662888075520833,5.214578566863546
5566,2,2.257,1.128,90.0,2.236,547,686,116.565,1.0,3.285599232588026,2.892836279947917,1.4457772812499998,2.865920213541667,1.2817174479166666,2.0453259898153786
5567,1,1.128,1.128,0.0,1.414,583,686,135.0,1.0,1.642799616294013,1.4457772812499998,1.4457772812499998,1.8123484713541664,1.2817174479166666,1.4462638771355416
5568,7,6.044,1.475,111.915,6.708,3474,686,116.565,2.214,11.499597314058091,7.746700255208332,1.8905332356770834,8.597760640625,2.8377224296875,3.826454549076717
5569,6,4.339,1.761,54.751,5.0,3633,690,53.13,2.683,9.856797697764078,5.5613720065104175,2.25710442578125,6.408587239583333,3.4388479127604166,3.5426085324013394
5570,84,11.218,9.534,52.04,17.889,3716,702,63.435,13.416,137.9951677686971,14.378306330729167,12.2198941484375,22.92864342578125,17.19552128125,13.255227383707863
5571,2,2.257,1.128,90.0,2.236,3733,686,116.565,1.0,3.285599232588026,2.892836279947917,1.4457772812499998,2.865920213541667,1.2817174479166666,2.0453259898153786
5572,1,1.128,1.128,0.0,1.414,265,687,135.0,1.0,1.642799616294013,1.4457772812499998,1.4457772812499998,1.8123484713541664,1.2817174479166666,1.4462638771355416
5573,1,1.128,1.128,0.0,1.414,292,687,135.0,1.0,1.642799616294013,1.4457772812499998,1.4457772812499998,1.8123484713541664,1.2817174479166666,1.4462638771355416
5574,1,1.128,1.128,0.0,1.414,3402,687,135.0,1.0,1.642799616294013,1.4457772812499998,1.4457772812499998,1.8123484713541664,1.2817174479166666,1.4462638771355416
5575,45,12.498,4.585,148.696,15.811,3514,687,145.305,6.946,73.92598273323058,16.0189046640625,5.876674498697916,20.265234569010417,8.902809393229166,9.701833028032423
5576,5,3.244,1.963,90.0,3.606,3526,687,123.69,2.0,8.213998081470065,4.157891401041667,2.516011350260417,4.6218731171875,2.5634348958333333,3.2339443426774745
5577,9,4.196,2.731,6.047,4.472,3618,688,153.435,3.0,14.785196546646118,5.378086411458333,3.5003703502604164,5.731840427083334,3.8451523437499997,4.338791631406624
5578,7,3.086,2.888,90.0,3.606,368,688,123.69,3.0,11.499597314058091,3.955380044270833,3.701599989583333,4.6218731171875,3.8451523437499997,3.826454549076717
5579,5,3.713,1.715,57.388,4.472,493,692,63.435,2.683,8.213998081470065,4.759016884114583,2.1981454231770834,5.731840427083334,3.4388479127604166,3.2339443426774745
5580,1,1.128,1.128,0.0,1.414,3725,688,135.0,1.0,1.642799616294013,1.4457772812499998,1.4457772812499998,1.8123484713541664,1.2817174479166666,1.4462638771355416
5581,8,4.271,2.385,123.019,5.0,3728,688,126.87,3.0,13.142396930352104,5.474215220052083,3.0568961132812498,6.408587239583333,3.8451523437499997,4.090651979630757
5582,1,1.128,1.128,0.0,1.414,3779,688,135.0,1.0,1.642799616294013,1.4457772812499998,1.4457772812499998,1.8123484713541664,1.2817174479166666,1.4462638771355416
5583,305,25.745,15.084,39.053,40.224,200,715,34.875,26.5,501.05388296967396,32.99781569661459,19.333425984374998,51.55580262499999,33.96551236979167,25.257912754296907
5584,1,1.128,1.128,0.0,1.414,249,689,135.0,1.0,1.642799616294013,1.4457772812499998,1.4457772812499998,1.8123484713541664,1.2817174479166666,1.4462638771355416
5585,149,21.414,8.859,95.643,28.071,263,689,94.086,12.0,244.77714282780795,27.4466974296875,11.35473487109375,35.97909048046875,15.380609374999999,17.653900451281643
5586,2,2.257,1.128,90.0,2.236,499,689,116.565,1.0,3.285599232588026,2.892836279947917,1.4457772812499998,2.865920213541667,1.2817174479166666,2.0453259898153786
5587,1,1.128,1.128,0.0,1.414,549,689,135.0,1.0,1.642799616294013,1.4457772812499998,1.4457772812499998,1.8123484713541664,1.2817174479166666,1.4462638771355416
5588,2,2.257,1.128,0.0,2.236,582,689,153.435,1.0,3.285599232588026,2.892836279947917,1.4457772812499998,2.865920213541667,1.2817174479166666,2.0453259898153786
5589,1,1.128,1.128,0.0,1.414,689,689,135.0,1.0,1.642799616294013,1.4457772812499998,1.4457772812499998,1.8123484713541664,1.2817174479166666,1.4462638771355416
5590,1,1.128,1.128,0.0,1.414,3479,689,135.0,1.0,1.642799616294013,1.4457772812499998,1.4457772812499998,1.8123484713541664,1.2817174479166666,1.4462638771355416
5591,1,1.128,1.128,0.0,1.414,3623,689,135.0,1.0,1.642799616294013,1.4457772812499998,1.4457772812499998,1.8123484713541664,1.2817174479166666,1.4462638771355416
5592,8,3.797,2.682,7.018,4.472,3770,692,26.565,3.0,13.142396930352104,4.866681149739583,3.4375661953125,5.731840427083334,3.8451523437499997,4.090651979630757
5593,9,5.229,2.191,94.731,5.385,314,690,111.801,2.0,14.785196546646118,6.70210053515625,2.8082429283854164,6.90204845703125,2.5634348958333333,4.338791631406624
5594,15,6.795,2.811,32.524,7.211,352,694,33.69,3.578,24.641994244410196,8.70927005859375,3.60290774609375,9.242464516927084,4.585985028645833,5.601355910367322
5595,1,1.128,1.128,0.0,1.414,3521,690,135.0,1.0,1.642799616294013,1.4457772812499998,1.4457772812499998,1.8123484713541664,1.2817174479166666,1.4462638771355416
5596,4,3.192,1.596,18.435,3.606,3653,692,33.69,2.0,6.571198465176052,4.09124209375,2.045621046875,4.6218731171875,2.5634348958333333,2.892527754271083
5597,23,6.793,4.311,68.927,7.616,3777,697,66.801,4.919,37.7843911747623,8.706706623697917,5.525483917968749,9.761560083333332,6.304768126302083,6.936037892995103
5598,1,1.128,1.128,0.0,1.414,251,691,135.0,1.0,1.642799616294013,1.4457772812499998,1.4457772812499998,1.8123484713541664,1.2817174479166666,1.4462638771355416
5599,27,8.739,3.934,10.833,10.198,392,692,168.69,5.692,44.35558963993835,11.200928777343751,5.042276440104167,13.070954533854167,7.295535713541667,7.515007549050931
5600,2,2.257,1.128,0.0,2.236,496,691,153.435,1.0,3.285599232588026,2.892836279947917,1.4457772812499998,2.865920213541667,1.2817174479166666,2.0453259898153786
5601,6,3.184,2.399,156.255,4.243,3549,691,135.0,3.0,9.856797697764078,4.080988354166667,3.0748401575520834,5.438327131510417,3.8451523437499997,3.5426085324013394
5602,38,9.914,4.88,61.741,11.314,3632,700,45.0,6.261,62.4263854191725,12.706946778645833,6.254781145833333,14.501351205729167,8.02483294140625,8.915369296202536
5603,1,1.128,1.128,0.0,1.414,3643,691,135.0,1.0,1.642799616294013,1.4457772812499998,1.4457772812499998,1.8123484713541664,1.2817174479166666,1.4462638771355416
5604,3,2.365,1.615,45.0,2.828,3783,693,45.0,2.0,4.928398848882039,3.0312617643229167,2.069973678385417,3.624696942708333,2.5634348958333333,2.5050025163503102
5605,37,10.478,4.496,100.169,11.705,289,692,109.983,6.0,60.783585802878484,13.429835419270832,5.762601645833334,15.002502727864583,7.690304687499999,8.7972797207639
5606,3,2.365,1.615,45.0,2.828,344,694,45.0,2.0,4.928398848882039,3.0312617643229167,2.069973678385417,3.624696942708333,2.5634348958333333,2.5050025163503102
5607,56,13.5,5.282,3.877,16.763,370,699,17.354,8.825,91.99677851246473,17.303185546875,6.770031559895833,21.485429579427084,11.311156477864582,10.822847838217038
5608,8,4.514,2.257,90.0,4.472,3506,692,116.565,2.0,13.142396930352104,5.785672559895834,2.892836279947917,5.731840427083334,2.5634348958333333,4.090651979630757
5609,1,1.128,1.128,0.0,1.414,3546,692,135.0,1.0,1.642799616294013,1.4457772812499998,1.4457772812499998,1.8123484713541664,1.2817174479166666,1.4462638771355416
5610,3,2.365,1.615,135.0,2.828,3578,692,135.0,2.0,4.928398848882039,3.0312617643229167,2.069973678385417,3.624696942708333,2.5634348958333333,2.5050025163503102
5611,2,2.257,1.128,90.0,2.236,3607,692,116.565,1.0,3.285599232588026,2.892836279947917,1.4457772812499998,2.865920213541667,1.2817174479166666,2.0453259898153786
5612,7,4.154,2.146,98.35,4.472,3610,692,116.565,2.0,11.499597314058091,5.324254278645833,2.7505656432291663,5.731840427083334,2.5634348958333333,3.826454549076717
5613,2,2.257,1.128,90.0,2.236,3613,692,116.565,1.0,3.285599232588026,2.892836279947917,1.4457772812499998,2.865920213541667,1.2817174479166666,2.0453259898153786
5614,1,1.128,1.128,0.0,1.414,388,693,135.0,1.0,1.642799616294013,1.4457772812499998,1.4457772812499998,1.8123484713541664,1.2817174479166666,1.4462638771355416
5615,1,1.128,1.128,0.0,1.414,449,693,135.0,1.0,1.642799616294013,1.4457772812499998,1.4457772812499998,1.8123484713541664,1.2817174479166666,1.4462638771355416
5616,2,2.257,1.128,90.0,2.236,3539,693,116.565,1.0,3.285599232588026,2.892836279947917,1.4457772812499998,2.865920213541667,1.2817174479166666,2.0453259898153786
5617,1,1.128,1.128,0.0,1.414,3649,693,135.0,1.0,1.642799616294013,1.4457772812499998,1.4457772812499998,1.8123484713541664,1.2817174479166666,1.4462638771355416
5618,5,3.144,2.025,71.565,3.606,3665,696,56.31,2.0,8.213998081470065,4.02971965625,2.59547783203125,4.6218731171875,2.5634348958333333,3.2339443426774745
5619,1,1.128,1.128,0.0,1.414,233,694,135.0,1.0,1.642799616294013,1.4457772812499998,1.4457772812499998,1.8123484713541664,1.2817174479166666,1.4462638771355416
5620,13,8.014,2.065,85.477,8.246,3680,702,75.964,2.0,21.35639501182217,10.271683627604165,2.6467465299479165,10.569042075520834,2.5634348958333333,5.214578566863546
5621,1,1.128,1.128,0.0,1.414,3705,694,135.0,1.0,1.642799616294013,1.4457772812499998,1.4457772812499998,1.8123484713541664,1.2817174479166666,1.4462638771355416
5622,1,1.128,1.128,0.0,1.414,410,695,135.0,1.0,1.642799616294013,1.4457772812499998,1.4457772812499998,1.8123484713541664,1.2817174479166666,1.4462638771355416
5623,1,1.128,1.128,0.0,1.414,3372,695,135.0,1.0,1.642799616294013,1.4457772812499998,1.4457772812499998,1.8123484713541664,1.2817174479166666,1.4462638771355416
5624,1,1.128,1.128,0.0,1.414,3571,695,135.0,1.0,1.642799616294013,1.4457772812499998,1.4457772812499998,1.8123484713541664,1.2817174479166666,1.4462638771355416
5625,2,2.257,1.128,0.0,2.236,3618,695,153.435,1.0,3.285599232588026,2.892836279947917,1.4457772812499998,2.865920213541667,1.2817174479166666,2.0453259898153786
5626,1,1.128,1.128,0.0,1.414,3696,695,135.0,1.0,1.642799616294013,1.4457772812499998,1.4457772812499998,1.8123484713541664,1.2817174479166666,1.4462638771355416
5627,30,8.54,4.473,3.715,8.944,3722,696,153.435,5.0,49.28398848882039,10.945867005208331,5.73312214453125,11.463680854166668,6.408587239583333,7.921513496120161
5628,19,5.49,4.407,26.873,8.062,270,697,172.875,7.0,31.21319270958625,7.0366287890625,5.64852879296875,10.333206065104166,8.972022135416667,6.304118086127151
5629,4,3.589,1.419,45.0,4.243,307,699,45.0,2.121,6.571198465176052,4.600083920572916,1.81875705859375,5.438327131510417,2.71852270703125,2.892527754271083
5630,4,3.216,1.583,148.283,3.606,356,696,146.31,2.0,6.571198465176052,4.1220033125,2.028958720052083,4.6218731171875,2.5634348958333333,2.892527754271083
5631,8,4.514,2.257,0.0,4.472,3622,696,153.435,2.0,13.142396930352104,5.785672559895834,2.892836279947917,5.731840427083334,2.5634348958333333,4.090651979630757
5632,1,1.128,1.128,0.0,1.414,3627,696,135.0,1.0,1.642799616294013,1.4457772812499998,1.4457772812499998,1.8123484713541664,1.2817174479166666,1.4462638771355416
5633,36,8.699,5.269,65.14,11.18,3644,706,63.435,7.766,59.14078618658447,11.149660079427083,6.753369233072917,14.329601067708333,9.953817700520833,8.677583262813249
5634,11,6.043,2.318,175.806,6.325,3688,696,161.565,3.0,18.070795779234142,7.7454185377604166,2.971021044270833,8.106862858072917,3.8451523437499997,4.796714628303253
5635,11,5.35,2.618,164.518,6.403,3703,696,141.34,4.0,18.070795779234142,6.857188346354166,3.355536278645833,8.206836819010416,5.126869791666667,4.796714628303253
5636,4,3.216,1.583,58.283,3.606,335,700,56.31,2.0,6.571198465176052,4.1220033125,2.028958720052083,4.6218731171875,2.5634348958333333,2.892527754271083
5637,1,1.128,1.128,0.0,1.414,575,697,135.0,1.0,1.642799616294013,1.4457772812499998,1.4457772812499998,1.8123484713541664,1.2817174479166666,1.4462638771355416
5638,1,1.128,1.128,0.0,1.414,3463,697,135.0,1.0,1.642799616294013,1.4457772812499998,1.4457772812499998,1.8123484713541664,1.2817174479166666,1.4462638771355416
5639,1,1.128,1.128,0.0,1.414,3739,697,135.0,1.0,1.642799616294013,1.4457772812499998,1.4457772812499998,1.8123484713541664,1.2817174479166666,1.4462638771355416
5640,2,2.257,1.128,0.0,2.236,3749,697,153.435,1.0,3.285599232588026,2.892836279947917,1.4457772812499998,2.865920213541667,1.2817174479166666,2.0453259898153786
5641,1,1.128,1.128,0.0,1.414,293,698,135.0,1.0,1.642799616294013,1.4457772812499998,1.4457772812499998,1.8123484713541664,1.2817174479166666,1.4462638771355416
5642,2,2.596,0.981,45.0,2.828,318,700,45.0,1.414,3.285599232588026,3.327338494791667,1.2573648164062499,3.624696942708333,1.8123484713541664,2.0453259898153786
5643,3,2.365,1.615,135.0,2.828,482,698,135.0,2.0,4.928398848882039,3.0312617643229167,2.069973678385417,3.624696942708333,2.5634348958333333,2.5050025163503102
5644,1,1.128,1.128,0.0,1.414,3465,698,135.0,1.0,1.642799616294013,1.4457772812499998,1.4457772812499998,1.8123484713541664,1.2817174479166666,1.4462638771355416
5645,2,2.257,1.128,0.0,2.236,3522,698,153.435,1.0,3.285599232588026,2.892836279947917,1.4457772812499998,2.865920213541667,1.2817174479166666,2.0453259898153786
5646,2,2.596,0.981,45.0,2.828,3544,700,45.0,1.414,3.285599232588026,3.327338494791667,1.2573648164062499,3.624696942708333,1.8123484713541664,2.0453259898153786
5647,4,2.734,1.863,90.0,3.162,3569,698,108.435,2.0,6.571198465176052,3.5042155026041666,2.38783960546875,4.0527905703125,2.5634348958333333,2.892527754271083
5648,8,4.514,2.257,90.0,4.472,3598,698,116.565,2.0,13.142396930352104,5.785672559895834,2.892836279947917,5.731840427083334,2.5634348958333333,4.090651979630757
5649,1,1.128,1.128,0.0,1.414,3666,698,135.0,1.0,1.642799616294013,1.4457772812499998,1.4457772812499998,1.8123484713541664,1.2817174479166666,1.4462638771355416
5650,8,4.514,2.257,90.0,4.472,3670,698,116.565,2.0,13.142396930352104,5.785672559895834,2.892836279947917,5.731840427083334,2.5634348958333333,4.090651979630757
5651,4,3.192,1.596,71.565,3.606,254,702,56.31,2.0,6.571198465176052,4.09124209375,2.045621046875,4.6218731171875,2.5634348958333333,2.892527754271083
5652,101,14.459,8.894,56.986,20.248,273,716,57.095,12.176,165.9227612456953,18.532352579427084,11.399594981770834,25.952214885416666,15.606191645833333,14.534772080532257
5653,1,1.128,1.128,0.0,1.414,299,699,135.0,1.0,1.642799616294013,1.4457772812499998,1.4457772812499998,1.8123484713541664,1.2817174479166666,1.4462638771355416
5654,3,3.969,0.963,45.0,4.243,320,702,45.0,1.414,4.928398848882039,5.08713655078125,1.23429390234375,5.438327131510417,1.8123484713541664,2.5050025163503102
5655,4,2.257,2.257,0.0,2.828,294,700,135.0,2.0,6.571198465176052,2.892836279947917,2.892836279947917,3.624696942708333,2.5634348958333333,2.892527754271083
5656,47,10.871,5.505,142.979,12.207,350,700,145.008,7.071,77.21158196581861,13.933550376302083,7.05585455078125,15.64592488671875,9.063024074218749,9.915085602678126
5657,18,5.027,4.559,170.783,6.403,516,700,128.66,5.0,29.570393093292235,6.443193610677083,5.843349845052083,8.206836819010416,6.408587239583333,6.135977969446135
5658,1,1.128,1.128,0.0,1.414,3521,700,135.0,1.0,1.642799616294013,1.4457772812499998,1.4457772812499998,1.8123484713541664,1.2817174479166666,1.4462638771355416
5659,1,1.128,1.128,0.0,1.414,3603,700,135.0,1.0,1.642799616294013,1.4457772812499998,1.4457772812499998,1.8123484713541664,1.2817174479166666,1.4462638771355416
5660,3,3.385,1.128,0.0,3.162,3612,700,161.565,1.0,4.928398848882039,4.338613561197916,1.4457772812499998,4.0527905703125,1.2817174479166666,2.5050025163503102
5661,3,2.365,1.615,45.0,2.828,3628,702,45.0,2.0,4.928398848882039,3.0312617643229167,2.069973678385417,3.624696942708333,2.5634348958333333,2.5050025163503102
5662,7,4.285,2.08,142.267,5.0,3662,700,143.13,2.828,11.499597314058091,5.4921592643229165,2.665972291666667,6.408587239583333,3.624696942708333,3.826454549076717
5663,1,1.128,1.128,0.0,1.414,3685,700,135.0,1.0,1.642799616294013,1.4457772812499998,1.4457772812499998,1.8123484713541664,1.2817174479166666,1.4462638771355416
5664,5,3.732,1.706,84.848,4.123,3687,700,104.036,2.0,8.213998081470065,4.783369515625,2.1866099661458334,5.284521037760417,2.5634348958333333,3.2339443426774745
5665,23,9.787,2.992,27.044,10.817,3691,706,33.69,4.341,37.7843911747623,12.544168662760418,3.8348986041666664,13.864337634114584,5.56393544140625,6.936037892995103
5666,9,3.919,2.924,110.301,4.472,3759,700,116.565,3.0,14.785196546646118,5.023050678385417,3.747741817708333,5.731840427083334,3.8451523437499997,4.338791631406624
5667,1,1.128,1.128,0.0,1.414,356,701,135.0,1.0,1.642799616294013,1.4457772812499998,1.4457772812499998,1.8123484713541664,1.2817174479166666,1.4462638771355416
5668,1,1.128,1.128,0.0,1.414,3451,701,135.0,1.0,1.642799616294013,1.4457772812499998,1.4457772812499998,1.8123484713541664,1.2817174479166666,1.4462638771355416
5669,5,3.732,1.706,148.283,4.243,3543,701,135.0,2.236,8.213998081470065,4.783369515625,2.1866099661458334,5.438327131510417,2.865920213541667,3.2339443426774745
5670,2,2.257,1.128,0.0,2.236,3566,701,153.435,1.0,3.285599232588026,2.892836279947917,1.4457772812499998,2.865920213541667,1.2817174479166666,2.0453259898153786
5671,1,1.128,1.128,0.0,1.414,3737,701,135.0,1.0,1.642799616294013,1.4457772812499998,1.4457772812499998,1.8123484713541664,1.2817174479166666,1.4462638771355416
5672,7,3.507,2.542,30.473,4.243,285,705,45.0,3.0,11.499597314058091,4.49498308984375,3.2581257526041663,5.438327131510417,3.8451523437499997,3.826454549076717
5673,9,3.43,3.341,0.0,4.472,308,703,153.435,4.0,14.785196546646118,4.396290846354167,4.282217993489583,5.731840427083334,5.126869791666667,4.338791631406624
5674,7,3.742,2.382,14.872,4.472,394,704,26.565,3.0,11.499597314058091,4.796186690104166,3.0530509609375,5.731840427083334,3.8451523437499997,3.826454549076717
5675,8,5.222,1.951,50.062,5.657,472,706,45.0,2.774,13.142396930352104,6.693128513020834,2.5006307408854167,7.250675602864583,3.555484200520833,4.090651979630757
5676,2,2.257,1.128,0.0,2.236,3620,702,153.435,1.0,3.285599232588026,2.892836279947917,1.4457772812499998,2.865920213541667,1.2817174479166666,2.0453259898153786
5677,14,4.621,3.857,53.909,5.657,3708,706,45.0,4.0,22.999194628116182,5.922816326822917,4.943584196614584,7.250675602864583,5.126869791666667,5.411423919108519
5678,114,21.903,6.627,174.851,23.537,3721,707,167.735,10.0,187.27915625751749,28.073457261718747,8.49394152734375,30.16778357161458,12.817174479166667,15.441872589262374
5679,11,5.435,2.577,91.155,6.325,3745,702,108.435,3.0,18.070795779234142,6.966134329427082,3.30298586328125,8.106862858072917,3.8451523437499997,4.796714628303253
5680,26,6.252,5.295,61.405,8.602,3761,710,35.538,6.957,42.71279002364434,8.013297484375,6.78669388671875,11.025333486979166,8.91690828515625,7.374527731318484
5681,1,1.128,1.128,0.0,1.414,230,703,135.0,1.0,1.642799616294013,1.4457772812499998,1.4457772812499998,1.8123484713541664,1.2817174479166666,1.4462638771355416
5682,151,21.635,8.887,178.14,29.428,225,709,170.218,16.156,248.06274206039598,27.729956985677084,11.390622959635417,37.718381057291666,20.707427088541664,17.77198805841306
5683,1,1.128,1.128,0.0,1.414,237,703,135.0,1.0,1.642799616294013,1.4457772812499998,1.4457772812499998,1.8123484713541664,1.2817174479166666,1.4462638771355416
5684,13,5.783,2.862,75.021,6.708,304,709,63.435,3.0,21.35639501182217,7.412172001302084,3.6682753359375,8.597760640625,3.8451523437499997,5.214578566863546
5685,1,1.128,1.128,0.0,1.414,376,703,135.0,1.0,1.642799616294013,1.4457772812499998,1.4457772812499998,1.8123484713541664,1.2817174479166666,1.4462638771355416
5686,3,2.365,1.615,45.0,2.828,3391,705,45.0,2.0,4.928398848882039,3.0312617643229167,2.069973678385417,3.624696942708333,2.5634348958333333,2.5050025163503102
5687,3,3.213,1.189,151.845,3.606,3453,703,146.31,1.789,4.928398848882039,4.11815816015625,1.5239620455729168,4.6218731171875,2.2929925143229166,2.5050025163503102
5688,3,3.385,1.128,0.0,3.162,3615,703,161.565,1.0,4.928398848882039,4.338613561197916,1.4457772812499998,4.0527905703125,1.2817174479166666,2.5050025163503102
5689,1,1.128,1.128,0.0,1.414,3671,703,135.0,1.0,1.642799616294013,1.4457772812499998,1.4457772812499998,1.8123484713541664,1.2817174479166666,1.4462638771355416
5690,4,3.216,1.583,148.283,3.606,3736,703,146.31,2.0,6.571198465176052,4.1220033125,2.028958720052083,4.6218731171875,2.5634348958333333,2.892527754271083
5691,3,3.385,1.128,90.0,3.162,243,704,108.435,1.0,4.928398848882039,4.338613561197916,1.4457772812499998,4.0527905703125,1.2817174479166666,2.5050025163503102
5692,2,2.257,1.128,90.0,2.236,297,704,116.565,1.0,3.285599232588026,2.892836279947917,1.4457772812499998,2.865920213541667,1.2817174479166666,2.0453259898153786
5693,5,3.144,2.025,18.435,3.606,300,706,33.69,2.0,8.213998081470065,4.02971965625,2.59547783203125,4.6218731171875,2.5634348958333333,3.2339443426774745
5694,7,4.154,2.146,171.65,4.472,340,704,153.435,2.0,11.499597314058091,5.324254278645833,2.7505656432291663,5.731840427083334,2.5634348958333333,3.826454549076717
5695,2,2.257,1.128,90.0,2.236,488,704,116.565,1.0,3.285599232588026,2.892836279947917,1.4457772812499998,2.865920213541667,1.2817174479166666,2.0453259898153786
5696,1,1.128,1.128,0.0,1.414,3457,704,135.0,1.0,1.642799616294013,1.4457772812499998,1.4457772812499998,1.8123484713541664,1.2817174479166666,1.4462638771355416
5697,3,2.365,1.615,45.0,2.828,3506,706,45.0,2.0,4.928398848882039,3.0312617643229167,2.069973678385417,3.624696942708333,2.5634348958333333,2.5050025163503102
5698,4,4.514,1.128,90.0,4.123,3539,704,104.036,1.0,6.571198465176052,5.785672559895834,1.4457772812499998,5.284521037760417,1.2817174479166666,2.892527754271083
5699,6,4.134,1.848,77.067,4.472,3570,708,63.435,2.0,9.856797697764078,5.298619929687501,2.36861384375,5.731840427083334,2.5634348958333333,3.5426085324013394
5700,3,2.365,1.615,135.0,2.828,3600,704,135.0,2.0,4.928398848882039,3.0312617643229167,2.069973678385417,3.624696942708333,2.5634348958333333,2.5050025163503102
5701,1,1.128,1.128,0.0,1.414,3713,704,135.0,1.0,1.642799616294013,1.4457772812499998,1.4457772812499998,1.8123484713541664,1.2817174479166666,1.4462638771355416
5702,1,1.128,1.128,0.0,1.414,224,705,135.0,1.0,1.642799616294013,1.4457772812499998,1.4457772812499998,1.8123484713541664,1.2817174479166666,1.4462638771355416
5703,3,3.385,1.128,0.0,3.162,239,705,161.565,1.0,4.928398848882039,4.338613561197916,1.4457772812499998,4.0527905703125,1.2817174479166666,2.5050025163503102
5704,2,2.257,1.128,0.0,2.236,289,705,153.435,1.0,3.285599232588026,2.892836279947917,1.4457772812499998,2.865920213541667,1.2817174479166666,2.0453259898153786
5705,2,2.257,1.128,90.0,2.236,563,705,116.565,1.0,3.285599232588026,2.892836279947917,1.4457772812499998,2.865920213541667,1.2817174479166666,2.0453259898153786
5706,1,1.128,1.128,0.0,1.414,619,705,135.0,1.0,1.642799616294013,1.4457772812499998,1.4457772812499998,1.8123484713541664,1.2817174479166666,1.4462638771355416
5707,1,1.128,1.128,0.0,1.414,3388,705,135.0,1.0,1.642799616294013,1.4457772812499998,1.4457772812499998,1.8123484713541664,1.2817174479166666,1.4462638771355416
5708,3,2.365,1.615,135.0,2.828,3413,705,135.0,2.0,4.928398848882039,3.0312617643229167,2.069973678385417,3.624696942708333,2.5634348958333333,2.5050025163503102
5709,7,3.919,2.274,117.123,5.385,3534,705,111.801,3.536,11.499597314058091,5.023050678385417,2.9146254765625,6.90204845703125,4.532152895833334,3.826454549076717
5710,1,1.128,1.128,0.0,1.414,3621,705,135.0,1.0,1.642799616294013,1.4457772812499998,1.4457772812499998,1.8123484713541664,1.2817174479166666,1.4462638771355416
5711,2,2.257,1.128,90.0,2.236,253,706,116.565,1.0,3.285599232588026,2.892836279947917,1.4457772812499998,2.865920213541667,1.2817174479166666,2.0453259898153786
5712,15,6.59,2.898,119.898,8.062,293,706,119.745,3.883,24.641994244410196,8.446517981770834,3.7144171640625,10.333206065104166,4.976908850260417,5.601355910367322
5713,4,2.257,2.257,0.0,2.828,396,706,135.0,2.0,6.571198465176052,2.892836279947917,2.892836279947917,3.624696942708333,2.5634348958333333,2.892527754271083
5714,83,13.228,7.989,67.902,19.647,421,725,75.256,10.837,136.35236815240307,16.954558401041666,10.23964069140625,25.181902699218746,13.889971983072916,13.17609099055906
5715,6,3.853,1.983,84.69,4.472,436,710,63.435,2.0,9.856797697764078,4.938457326822917,2.54164569921875,5.731840427083334,2.5634348958333333,3.5426085324013394
5716,4,2.257,2.257,0.0,2.828,452,706,135.0,2.0,6.571198465176052,2.892836279947917,2.892836279947917,3.624696942708333,2.5634348958333333,2.892527754271083
5717,2,2.596,0.981,45.0,2.828,556,708,45.0,1.414,3.285599232588026,3.327338494791667,1.2573648164062499,3.624696942708333,1.8123484713541664,2.0453259898153786
5718,4,2.257,2.257,0.0,2.828,3718,706,135.0,2.0,6.571198465176052,2.892836279947917,2.892836279947917,3.624696942708333,2.5634348958333333,2.892527754271083
5719,41,9.057,5.764,49.697,10.63,3748,714,41.186,7.428,67.35478426805453,11.60851492578125,7.387819369791667,13.624656471354168,9.520597203125,9.26060728541019
5720,1,1.128,1.128,0.0,1.414,223,707,135.0,1.0,1.642799616294013,1.4457772812499998,1.4457772812499998,1.8123484713541664,1.2817174479166666,1.4462638771355416
5721,7,3.507,2.542,59.527,4.243,309,710,45.0,3.0,11.499597314058091,4.49498308984375,3.2581257526041663,5.438327131510417,3.8451523437499997,3.826454549076717
5722,6,4.339,1.761,144.751,5.0,326,707,143.13,2.683,9.856797697764078,5.5613720065104175,2.25710442578125,6.408587239583333,3.4388479127604166,3.5426085324013394
5723,7,3.507,2.542,59.527,4.243,367,710,45.0,3.0,11.499597314058091,4.49498308984375,3.2581257526041663,5.438327131510417,3.8451523437499997,3.826454549076717
5724,7,4.134,2.156,27.231,5.0,478,710,36.87,3.0,11.499597314058091,5.298619929687501,2.7633828177083335,6.408587239583333,3.8451523437499997,3.826454549076717
5725,2,2.257,1.128,0.0,2.236,498,707,153.435,1.0,3.285599232588026,2.892836279947917,1.4457772812499998,2.865920213541667,1.2817174479166666,2.0453259898153786
5726,8,4.271,2.385,146.981,5.0,560,707,143.13,3.0,13.142396930352104,5.474215220052083,3.0568961132812498,6.408587239583333,3.8451523437499997,4.090651979630757
5727,1,1.128,1.128,0.0,1.414,3412,707,135.0,1.0,1.642799616294013,1.4457772812499998,1.4457772812499998,1.8123484713541664,1.2817174479166666,1.4462638771355416
5728,2,2.257,1.128,90.0,2.236,3693,707,116.565,1.0,3.285599232588026,2.892836279947917,1.4457772812499998,2.865920213541667,1.2817174479166666,2.0453259898153786
5729,3,2.365,1.615,45.0,2.828,3833,709,45.0,2.0,4.928398848882039,3.0312617643229167,2.069973678385417,3.624696942708333,2.5634348958333333,2.5050025163503102
5730,2,2.257,1.128,90.0,2.236,388,708,116.565,1.0,3.285599232588026,2.892836279947917,1.4457772812499998,2.865920213541667,1.2817174479166666,2.0453259898153786
5731,2,2.257,1.128,90.0,2.236,427,708,116.565,1.0,3.285599232588026,2.892836279947917,1.4457772812499998,2.865920213541667,1.2817174479166666,2.0453259898153786
5732,2,2.257,1.128,90.0,2.236,2421,708,116.565,1.0,3.285599232588026,2.892836279947917,1.4457772812499998,2.865920213541667,1.2817174479166666,2.0453259898153786
5733,1,1.128,1.128,0.0,1.414,3523,708,135.0,1.0,1.642799616294013,1.4457772812499998,1.4457772812499998,1.8123484713541664,1.2817174479166666,1.4462638771355416
5734,4,3.216,1.583,148.283,3.606,3525,708,146.31,2.0,6.571198465176052,4.1220033125,2.028958720052083,4.6218731171875,2.5634348958333333,2.892527754271083
5735,2,2.257,1.128,90.0,2.236,3687,708,116.565,1.0,3.285599232588026,2.892836279947917,1.4457772812499998,2.865920213541667,1.2817174479166666,2.0453259898153786
5736,2,2.257,1.128,0.0,2.236,3696,708,153.435,1.0,3.285599232588026,2.892836279947917,1.4457772812499998,2.865920213541667,1.2817174479166666,2.0453259898153786
5737,1,1.128,1.128,0.0,1.414,394,709,135.0,1.0,1.642799616294013,1.4457772812499998,1.4457772812499998,1.8123484713541664,1.2817174479166666,1.4462638771355416
5738,15,4.708,4.057,57.114,5.657,542,714,45.0,4.0,24.641994244410196,6.0343257447916665,5.199927686197917,7.250675602864583,5.126869791666667,5.601355910367322
5739,2,2.257,1.128,0.0,2.236,3454,709,153.435,1.0,3.285599232588026,2.892836279947917,1.4457772812499998,2.865920213541667,1.2817174479166666,2.0453259898153786
5740,2,2.257,1.128,0.0,2.236,3476,709,153.435,1.0,3.285599232588026,2.892836279947917,1.4457772812499998,2.865920213541667,1.2817174479166666,2.0453259898153786
5741,85,14.279,7.579,176.026,17.464,3589,718,13.241,10.0,139.6379673849911,18.30164343880208,9.714136537760416,22.383913510416665,12.817174479166667,13.333894112227902
5742,2,2.257,1.128,0.0,2.236,3658,709,153.435,1.0,3.285599232588026,2.892836279947917,1.4457772812499998,2.865920213541667,1.2817174479166666,2.0453259898153786
5743,2,2.596,0.981,45.0,2.828,3683,711,45.0,1.414,3.285599232588026,3.327338494791667,1.2573648164062499,3.624696942708333,1.8123484713541664,2.0453259898153786
5744,3,2.365,1.615,135.0,2.828,257,710,135.0,2.0,4.928398848882039,3.0312617643229167,2.069973678385417,3.624696942708333,2.5634348958333333,2.5050025163503102
5745,2,2.257,1.128,0.0,2.236,3438,710,153.435,1.0,3.285599232588026,2.892836279947917,1.4457772812499998,2.865920213541667,1.2817174479166666,2.0453259898153786
5746,4,2.257,2.257,0.0,2.828,3520,710,135.0,2.0,6.571198465176052,2.892836279947917,2.892836279947917,3.624696942708333,2.5634348958333333,2.892527754271083
5747,24,7.04,4.341,98.218,8.544,3558,710,110.556,5.0,39.42719079105631,9.023290833333332,5.56393544140625,10.950993875,6.408587239583333,7.085217064802679
5748,1,1.128,1.128,0.0,1.414,3561,710,135.0,1.0,1.642799616294013,1.4457772812499998,1.4457772812499998,1.8123484713541664,1.2817174479166666,1.4462638771355416
5749,1,1.128,1.128,0.0,1.414,3637,710,135.0,1.0,1.642799616294013,1.4457772812499998,1.4457772812499998,1.8123484713541664,1.2817174479166666,1.4462638771355416
5750,1,1.128,1.128,0.0,1.414,3699,710,135.0,1.0,1.642799616294013,1.4457772812499998,1.4457772812499998,1.8123484713541664,1.2817174479166666,1.4462638771355416
5751,1,1.128,1.128,0.0,1.414,336,711,135.0,1.0,1.642799616294013,1.4457772812499998,1.4457772812499998,1.8123484713541664,1.2817174479166666,1.4462638771355416
5752,3,2.365,1.615,135.0,2.828,563,711,135.0,2.0,4.928398848882039,3.0312617643229167,2.069973678385417,3.624696942708333,2.5634348958333333,2.5050025163503102
5753,5,2.791,2.281,90.0,3.606,3530,711,123.69,3.0,8.213998081470065,3.5772733971354165,2.9235974986979167,4.6218731171875,3.8451523437499997,3.2339443426774745
5754,30,8.922,4.281,29.268,10.0,3636,718,36.87,5.942,49.28398848882039,11.4354830703125,5.48703239453125,12.817174479166667,7.615965075520833,7.921513496120161
5755,23,7.66,3.823,108.896,8.602,3663,711,125.538,4.603,37.7843911747623,9.817955651041666,4.900005803385416,11.025333486979166,5.899745412760416,6.936037892995103
5756,1,1.128,1.128,0.0,1.414,3674,711,135.0,1.0,1.642799616294013,1.4457772812499998,1.4457772812499998,1.8123484713541664,1.2817174479166666,1.4462638771355416
5757,3,2.365,1.615,45.0,2.828,3708,713,45.0,2.0,4.928398848882039,3.0312617643229167,2.069973678385417,3.624696942708333,2.5634348958333333,2.5050025163503102
5758,98,17.211,7.25,179.506,23.195,3706,720,7.431,10.748,160.99436239681327,22.05963899609375,9.292451497395833,29.729436204427085,13.775899130208332,14.317281928707649
5759,1,1.128,1.128,0.0,1.414,3767,711,135.0,1.0,1.642799616294013,1.4457772812499998,1.4457772812499998,1.8123484713541664,1.2817174479166666,1.4462638771355416
5760,3,3.385,1.128,90.0,3.162,255,712,108.435,1.0,4.928398848882039,4.338613561197916,1.4457772812499998,4.0527905703125,1.2817174479166666,2.5050025163503102
5761,33,7.826,5.369,167.164,8.544,300,715,159.444,6.0,54.21238733770243,10.030720747395833,6.881540977864583,10.950993875,7.690304687499999,8.308153445630097
5762,3,2.365,1.615,135.0,2.828,320,712,135.0,2.0,4.928398848882039,3.0312617643229167,2.069973678385417,3.624696942708333,2.5634348958333333,2.5050025163503102
5763,11,4.288,3.266,54.992,5.0,338,716,36.87,4.0,18.070795779234142,5.496004416666667,4.186089184895834,6.408587239583333,5.126869791666667,4.796714628303253
5764,4,2.257,2.257,0.0,2.828,446,712,135.0,2.0,6.571198465176052,2.892836279947917,2.892836279947917,3.624696942708333,2.5634348958333333,2.892527754271083
5765,1,1.128,1.128,0.0,1.414,581,712,135.0,1.0,1.642799616294013,1.4457772812499998,1.4457772812499998,1.8123484713541664,1.2817174479166666,1.4462638771355416
5766,1,1.128,1.128,0.0,1.414,3437,712,135.0,1.0,1.642799616294013,1.4457772812499998,1.4457772812499998,1.8123484713541664,1.2817174479166666,1.4462638771355416
5767,3,2.365,1.615,45.0,2.828,3442,714,45.0,2.0,4.928398848882039,3.0312617643229167,2.069973678385417,3.624696942708333,2.5634348958333333,2.5050025163503102
5768,2,2.257,1.128,90.0,2.236,3493,712,116.565,1.0,3.285599232588026,2.892836279947917,1.4457772812499998,2.865920213541667,1.2817174479166666,2.0453259898153786
5769,11,4.484,3.123,62.609,6.325,3682,718,71.565,4.0,18.070795779234142,5.747221036458333,4.00280358984375,8.106862858072917,5.126869791666667,4.796714628303253
5770,5,3.144,2.025,108.435,3.606,3704,712,123.69,2.0,8.213998081470065,4.02971965625,2.59547783203125,4.6218731171875,2.5634348958333333,3.2339443426774745
5771,1,1.128,1.128,0.0,1.414,3721,712,135.0,1.0,1.642799616294013,1.4457772812499998,1.4457772812499998,1.8123484713541664,1.2817174479166666,1.4462638771355416
5772,1,1.128,1.128,0.0,1.414,294,713,135.0,1.0,1.642799616294013,1.4457772812499998,1.4457772812499998,1.8123484713541664,1.2817174479166666,1.4462638771355416
5773,1,1.128,1.128,0.0,1.414,3632,713,135.0,1.0,1.642799616294013,1.4457772812499998,1.4457772812499998,1.8123484713541664,1.2817174479166666,1.4462638771355416
5774,49,10.674,5.845,140.377,13.892,3732,713,149.744,10.2,80.49718119840664,13.681052039062498,7.491638483072916,17.805618786458332,13.073517968749998,10.12384713994879
5775,2,2.257,1.128,90.0,2.236,3735,713,116.565,1.0,3.285599232588026,2.892836279947917,1.4457772812499998,2.865920213541667,1.2817174479166666,2.0453259898153786
5776,4,2.887,1.764,14.872,3.606,3740,715,33.69,2.0,6.571198465176052,3.7003182721354166,2.260949578125,4.6218731171875,2.5634348958333333,2.892527754271083
5777,5,4.183,1.522,79.099,4.472,210,718,63.435,2.0,8.213998081470065,5.361424084635416,1.9507739557291666,5.731840427083334,2.5634348958333333,3.2339443426774745
5778,12,4.312,3.543,141.813,5.657,354,714,135.0,4.0,19.713595395528156,5.526765635416667,4.54112491796875,7.250675602864583,5.126869791666667,5.0100050327006205
5779,4,3.216,1.583,58.283,3.606,361,717,56.31,2.0,6.571198465176052,4.1220033125,2.028958720052083,4.6218731171875,2.5634348958333333,2.892527754271083
5780,2,2.257,1.128,90.0,2.236,391,714,116.565,1.0,3.285599232588026,2.892836279947917,1.4457772812499998,2.865920213541667,1.2817174479166666,2.0453259898153786
5781,8,4.514,2.257,90.0,4.472,432,714,116.565,2.0,13.142396930352104,5.785672559895834,2.892836279947917,5.731840427083334,2.5634348958333333,4.090651979630757
5782,4,2.734,1.863,90.0,3.162,481,714,108.435,2.0,6.571198465176052,3.5042155026041666,2.38783960546875,4.0527905703125,2.5634348958333333,2.892527754271083
5783,14,5.12,3.481,38.802,5.831,3515,718,30.964,4.0,22.999194628116182,6.5623933333333335,4.461658436197917,7.473694438802084,5.126869791666667,5.411423919108519
5784,15,4.659,4.099,45.001,5.657,3686,718,45.0,4.0,24.641994244410196,5.97152158984375,5.253759819010416,7.250675602864583,5.126869791666667,5.601355910367322
5785,7,4.941,1.804,10.048,5.385,3696,716,21.801,2.0,11.499597314058091,6.33296591015625,2.3122182760416665,6.90204845703125,2.5634348958333333,3.826454549076717
5786,1,1.128,1.128,0.0,1.414,3721,714,135.0,1.0,1.642799616294013,1.4457772812499998,1.4457772812499998,1.8123484713541664,1.2817174479166666,1.4462638771355416
5787,1,1.128,1.128,0.0,1.414,311,715,135.0,1.0,1.642799616294013,1.4457772812499998,1.4457772812499998,1.8123484713541664,1.2817174479166666,1.4462638771355416
5788,1,1.128,1.128,0.0,1.414,571,715,135.0,1.0,1.642799616294013,1.4457772812499998,1.4457772812499998,1.8123484713541664,1.2817174479166666,1.4462638771355416
5789,1,1.128,1.128,0.0,1.414,3571,715,135.0,1.0,1.642799616294013,1.4457772812499998,1.4457772812499998,1.8123484713541664,1.2817174479166666,1.4462638771355416
5790,2,2.257,1.128,0.0,2.236,370,716,153.435,1.0,3.285599232588026,2.892836279947917,1.4457772812499998,2.865920213541667,1.2817174479166666,2.0453259898153786
5791,3,2.365,1.615,45.0,2.828,3470,718,45.0,2.0,4.928398848882039,3.0312617643229167,2.069973678385417,3.624696942708333,2.5634348958333333,2.5050025163503102
5792,1,1.128,1.128,0.0,1.414,3524,716,135.0,1.0,1.642799616294013,1.4457772812499998,1.4457772812499998,1.8123484713541664,1.2817174479166666,1.4462638771355416
5793,2,2.257,1.128,90.0,2.236,3529,716,116.565,1.0,3.285599232588026,2.892836279947917,1.4457772812499998,2.865920213541667,1.2817174479166666,2.0453259898153786
5794,9,4.023,2.848,62.955,5.657,3576,720,45.0,4.0,14.785196546646118,5.156349292968749,3.6503312916666664,7.250675602864583,5.126869791666667,4.338791631406624
5795,4,2.257,2.257,0.0,2.828,3612,716,135.0,2.0,6.571198465176052,2.892836279947917,2.892836279947917,3.624696942708333,2.5634348958333333,2.892527754271083
5796,1,1.128,1.128,0.0,1.414,157,717,135.0,1.0,1.642799616294013,1.4457772812499998,1.4457772812499998,1.8123484713541664,1.2817174479166666,1.4462638771355416
5797,1,1.128,1.128,0.0,1.414,247,717,135.0,1.0,1.642799616294013,1.4457772812499998,1.4457772812499998,1.8123484713541664,1.2817174479166666,1.4462638771355416
5798,4,2.257,2.257,0.0,2.828,270,717,135.0,2.0,6.571198465176052,2.892836279947917,2.892836279947917,3.624696942708333,2.5634348958333333,2.892527754271083
5799,1,1.128,1.128,0.0,1.414,348,717,135.0,1.0,1.642799616294013,1.4457772812499998,1.4457772812499998,1.8123484713541664,1.2817174479166666,1.4462638771355416
5800,28,8.618,4.137,69.005,12.53,393,728,61.39,7.471,45.998389256232365,11.045840966145834,5.302465082031249,16.05991962239583,9.575711053385417,7.652909098153434
5801,2,2.257,1.128,90.0,2.236,566,717,116.565,1.0,3.285599232588026,2.892836279947917,1.4457772812499998,2.865920213541667,1.2817174479166666,2.0453259898153786
5802,2,2.257,1.128,0.0,2.236,3552,717,153.435,1.0,3.285599232588026,2.892836279947917,1.4457772812499998,2.865920213541667,1.2817174479166666,2.0453259898153786
5803,1,1.128,1.128,0.0,1.414,3628,717,135.0,1.0,1.642799616294013,1.4457772812499998,1.4457772812499998,1.8123484713541664,1.2817174479166666,1.4462638771355416
5804,4,3.192,1.596,71.565,3.606,232,721,56.31,2.0,6.571198465176052,4.09124209375,2.045621046875,4.6218731171875,2.5634348958333333,2.892527754271083
5805,19,5.265,4.594,111.74,6.403,242,718,141.34,5.0,31.21319270958625,6.74824236328125,5.888209955729167,8.206836819010416,6.408587239583333,6.304118086127151
5806,7,4.154,2.146,81.65,4.472,249,722,63.435,2.0,11.499597314058091,5.324254278645833,2.7505656432291663,5.731840427083334,2.5634348958333333,3.826454549076717
5807,14,5.925,3.008,46.825,7.071,261,723,45.0,4.243,22.999194628116182,7.59417587890625,3.8554060833333335,9.063024074218749,5.438327131510417,5.411423919108519
5808,25,6.273,5.074,69.744,10.0,288,726,53.13,6.0,41.069990407350325,8.04021355078125,6.503434330729166,12.817174479166667,7.690304687499999,7.231319385677708
5809,6,3.385,2.257,90.0,3.606,404,718,123.69,2.0,9.856797697764078,4.338613561197916,2.892836279947917,4.6218731171875,2.5634348958333333,3.5426085324013394
5810,33,9.973,4.213,90.348,11.402,537,729,74.745,5.0,54.21238733770243,12.782568108072917,5.399875608072916,14.614142341145833,6.408587239583333,8.308153445630097
5811,1,1.128,1.128,0.0,1.414,3645,718,135.0,1.0,1.642799616294013,1.4457772812499998,1.4457772812499998,1.8123484713541664,1.2817174479166666,1.4462638771355416
5812,1,1.128,1.128,0.0,1.414,3679,718,135.0,1.0,1.642799616294013,1.4457772812499998,1.4457772812499998,1.8123484713541664,1.2817174479166666,1.4462638771355416
5813,2,2.257,1.128,0.0,2.236,3751,718,153.435,1.0,3.285599232588026,2.892836279947917,1.4457772812499998,2.865920213541667,1.2817174479166666,2.0453259898153786
5814,1,1.128,1.128,0.0,1.414,3799,718,135.0,1.0,1.642799616294013,1.4457772812499998,1.4457772812499998,1.8123484713541664,1.2817174479166666,1.4462638771355416
5815,1,1.128,1.128,0.0,1.414,208,719,135.0,1.0,1.642799616294013,1.4457772812499998,1.4457772812499998,1.8123484713541664,1.2817174479166666,1.4462638771355416
5816,4,3.192,1.596,71.565,3.606,277,722,56.31,2.0,6.571198465176052,4.09124209375,2.045621046875,4.6218731171875,2.5634348958333333,2.892527754271083
5817,2,2.257,1.128,0.0,2.236,295,719,153.435,1.0,3.285599232588026,2.892836279947917,1.4457772812499998,2.865920213541667,1.2817174479166666,2.0453259898153786
5818,1,1.128,1.128,0.0,1.414,306,719,135.0,1.0,1.642799616294013,1.4457772812499998,1.4457772812499998,1.8123484713541664,1.2817174479166666,1.4462638771355416
5819,1,1.128,1.128,0.0,1.414,354,719,135.0,1.0,1.642799616294013,1.4457772812499998,1.4457772812499998,1.8123484713541664,1.2817174479166666,1.4462638771355416
5820,1,1.128,1.128,0.0,1.414,507,719,135.0,1.0,1.642799616294013,1.4457772812499998,1.4457772812499998,1.8123484713541664,1.2817174479166666,1.4462638771355416
5821,1,1.128,1.128,0.0,1.414,3689,719,135.0,1.0,1.642799616294013,1.4457772812499998,1.4457772812499998,1.8123484713541664,1.2817174479166666,1.4462638771355416
5822,3,3.385,1.128,0.0,3.162,3747,719,161.565,1.0,4.928398848882039,4.338613561197916,1.4457772812499998,4.0527905703125,1.2817174479166666,2.5050025163503102
5823,1,1.128,1.128,0.0,1.414,35,720,135.0,1.0,1.642799616294013,1.4457772812499998,1.4457772812499998,1.8123484713541664,1.2817174479166666,1.4462638771355416
5824,1,1.128,1.128,0.0,1.414,153,720,135.0,1.0,1.642799616294013,1.4457772812499998,1.4457772812499998,1.8123484713541664,1.2817174479166666,1.4462638771355416
5825,90,13.089,8.755,115.329,16.125,208,724,150.255,12.508,147.85196546646117,16.77639967578125,11.221436256510417,20.66769384765625,16.031721838541664,13.720463848122685
5826,3,3.213,1.189,28.155,3.606,254,722,33.69,1.789,4.928398848882039,4.11815816015625,1.5239620455729168,4.6218731171875,2.2929925143229166,2.5050025163503102
5827,18,6.952,3.296,123.311,7.81,367,720,129.806,4.243,29.570393093292235,8.910499697916666,4.224540708333333,10.010213268229165,5.438327131510417,6.135977969446135
5828,1,1.128,1.128,0.0,1.414,468,720,135.0,1.0,1.642799616294013,1.4457772812499998,1.4457772812499998,1.8123484713541664,1.2817174479166666,1.4462638771355416
5829,3,2.365,1.615,45.0,2.828,3462,722,45.0,2.0,4.928398848882039,3.0312617643229167,2.069973678385417,3.624696942708333,2.5634348958333333,2.5050025163503102
5830,2,2.257,1.128,90.0,2.236,3481,720,116.565,1.0,3.285599232588026,2.892836279947917,1.4457772812499998,2.865920213541667,1.2817174479166666,2.0453259898153786
5831,10,6.493,1.961,44.182,8.485,3500,726,45.0,3.436,16.42799616294013,8.322191389322917,2.5134479153645835,10.875372545572915,4.403981151041666,4.573487949374228
5832,10,4.434,2.871,112.741,5.0,3599,720,126.87,3.479,16.42799616294013,5.6831351640625005,3.67981079296875,6.408587239583333,4.459095001302083,4.573487949374228
5833,25,5.977,5.325,91.393,8.062,3652,720,119.745,6.0,41.069990407350325,7.660825186197917,6.82514541015625,10.333206065104166,7.690304687499999,7.231319385677708
5834,2,2.257,1.128,90.0,2.236,3715,720,116.565,1.0,3.285599232588026,2.892836279947917,1.4457772812499998,2.865920213541667,1.2817174479166666,2.0453259898153786
5835,1,1.128,1.128,0.0,1.414,267,721,135.0,1.0,1.642799616294013,1.4457772812499998,1.4457772812499998,1.8123484713541664,1.2817174479166666,1.4462638771355416
5836,1,1.128,1.128,0.0,1.414,352,721,135.0,1.0,1.642799616294013,1.4457772812499998,1.4457772812499998,1.8123484713541664,1.2817174479166666,1.4462638771355416
5837,1,1.128,1.128,0.0,1.414,3581,721,135.0,1.0,1.642799616294013,1.4457772812499998,1.4457772812499998,1.8123484713541664,1.2817174479166666,1.4462638771355416
5838,1,1.128,1.128,0.0,1.414,3686,721,135.0,1.0,1.642799616294013,1.4457772812499998,1.4457772812499998,1.8123484713541664,1.2817174479166666,1.4462638771355416
5839,18,5.625,4.075,98.35,6.708,223,728,63.435,4.743,29.570393093292235,7.20966064453125,5.222998600260417,8.597760640625,6.07918585546875,6.135977969446135
5840,1,1.128,1.128,0.0,1.414,227,722,135.0,1.0,1.642799616294013,1.4457772812499998,1.4457772812499998,1.8123484713541664,1.2817174479166666,1.4462638771355416
5841,133,17.146,9.876,149.65,24.698,231,722,148.241,16.263,218.49234896710374,21.976327361979166,12.658241515624999,31.655857528645832,20.844570855468753,16.679128691476905
5842,7,4.044,2.204,63.937,5.0,263,726,53.13,2.846,11.499597314058091,5.1832653593749995,2.8249052552083334,6.408587239583333,3.6477678567708334,3.826454549076717
5843,4,2.734,1.863,0.0,3.162,323,722,161.565,2.0,6.571198465176052,3.5042155026041666,2.38783960546875,4.0527905703125,2.5634348958333333,2.892527754271083
5844,16,5.373,3.791,168.136,7.211,344,722,146.31,4.0,26.28479386070421,6.88666784765625,4.858990845052083,9.242464516927084,5.126869791666667,5.785055508542166
5845,15,6.072,3.146,165.983,7.28,355,723,164.055,4.0,24.641994244410196,7.78258834375,4.032283091145833,9.330903020833334,5.126869791666667,5.601355910367322
5846,1,1.128,1.128,0.0,1.414,365,722,135.0,1.0,1.642799616294013,1.4457772812499998,1.4457772812499998,1.8123484713541664,1.2817174479166666,1.4462638771355416
5847,6,4.421,1.728,50.194,5.0,382,726,36.87,2.774,9.856797697764078,5.666472837239583,2.21480775,6.408587239583333,3.555484200520833,3.5426085324013394
5848,3,2.365,1.615,135.0,2.828,434,722,135.0,2.0,4.928398848882039,3.0312617643229167,2.069973678385417,3.624696942708333,2.5634348958333333,2.5050025163503102
5849,1,1.128,1.128,0.0,1.414,462,722,135.0,1.0,1.642799616294013,1.4457772812499998,1.4457772812499998,1.8123484713541664,1.2817174479166666,1.4462638771355416
5850,64,10.982,7.42,22.694,13.0,460,727,22.62,9.803,105.13917544281684,14.075821013020832,9.510343463541666,16.662326822916665,12.564676141927084,11.570111017084333
5851,5,3.144,2.025,161.565,3.606,593,722,146.31,2.0,8.213998081470065,4.02971965625,2.59547783203125,4.6218731171875,2.5634348958333333,3.2339443426774745
5852,2,2.596,0.981,45.0,2.828,3542,724,45.0,1.414,3.285599232588026,3.327338494791667,1.2573648164062499,3.624696942708333,1.8123484713541664,2.0453259898153786
5853,4,2.734,1.863,90.0,3.162,3607,722,108.435,2.0,6.571198465176052,3.5042155026041666,2.38783960546875,4.0527905703125,2.5634348958333333,2.892527754271083
5854,8,4.514,2.257,90.0,4.472,3698,722,116.565,2.0,13.142396930352104,5.785672559895834,2.892836279947917,5.731840427083334,2.5634348958333333,4.090651979630757
5855,1,1.128,1.128,0.0,1.414,3727,722,135.0,1.0,1.642799616294013,1.4457772812499998,1.4457772812499998,1.8123484713541664,1.2817174479166666,1.4462638771355416
5856,1,1.128,1.128,0.0,1.414,591,723,135.0,1.0,1.642799616294013,1.4457772812499998,1.4457772812499998,1.8123484713541664,1.2817174479166666,1.4462638771355416
5857,12,5.852,2.611,143.746,6.403,3591,723,128.66,3.6,19.713595395528156,7.500610505208334,3.346564256510417,8.206836819010416,4.6141828125,5.0100050327006205
5858,1,1.128,1.128,0.0,1.414,3625,723,135.0,1.0,1.642799616294013,1.4457772812499998,1.4457772812499998,1.8123484713541664,1.2817174479166666,1.4462638771355416
5859,1,1.128,1.128,0.0,1.414,3752,723,135.0,1.0,1.642799616294013,1.4457772812499998,1.4457772812499998,1.8123484713541664,1.2817174479166666,1.4462638771355416
5860,4,2.734,1.863,0.0,3.162,3546,725,161.565,2.0,6.571198465176052,3.5042155026041666,2.38783960546875,4.0527905703125,2.5634348958333333,2.892527754271083
5861,3,2.365,1.615,45.0,2.828,3582,726,45.0,2.0,4.928398848882039,3.0312617643229167,2.069973678385417,3.624696942708333,2.5634348958333333,2.5050025163503102
5862,3,2.365,1.615,45.0,2.828,3680,726,45.0,2.0,4.928398848882039,3.0312617643229167,2.069973678385417,3.624696942708333,2.5634348958333333,2.5050025163503102
5863,1,1.128,1.128,0.0,1.414,3689,724,135.0,1.0,1.642799616294013,1.4457772812499998,1.4457772812499998,1.8123484713541664,1.2817174479166666,1.4462638771355416
5864,1,1.128,1.128,0.0,1.414,3711,724,135.0,1.0,1.642799616294013,1.4457772812499998,1.4457772812499998,1.8123484713541664,1.2817174479166666,1.4462638771355416
5865,11,4.761,2.942,92.464,5.385,3726,724,111.801,3.0,18.070795779234142,6.10225676953125,3.7708127317708335,6.90204845703125,3.8451523437499997,4.796714628303253
5866,3,3.213,1.189,28.155,3.606,267,727,33.69,1.789,4.928398848882039,4.11815816015625,1.5239620455729168,4.6218731171875,2.2929925143229166,2.5050025163503102
5867,4,3.192,1.596,108.435,3.606,398,725,123.69,2.0,6.571198465176052,4.09124209375,2.045621046875,4.6218731171875,2.5634348958333333,2.892527754271083
5868,1,1.128,1.128,0.0,1.414,3460,725,135.0,1.0,1.642799616294013,1.4457772812499998,1.4457772812499998,1.8123484713541664,1.2817174479166666,1.4462638771355416
5869,2,2.257,1.128,90.0,2.236,3515,725,116.565,1.0,3.285599232588026,2.892836279947917,1.4457772812499998,2.865920213541667,1.2817174479166666,2.0453259898153786
5870,29,8.263,4.469,33.806,12.649,3640,733,18.435,8.05,47.64118887252638,10.590831272135416,5.727995274739584,16.212443998697914,10.317825455729167,7.788369332980218
5871,4,2.257,2.257,0.0,2.828,3668,725,135.0,2.0,6.571198465176052,2.892836279947917,2.892836279947917,3.624696942708333,2.5634348958333333,2.892527754271083
5872,1,1.128,1.128,0.0,1.414,3741,725,135.0,1.0,1.642799616294013,1.4457772812499998,1.4457772812499998,1.8123484713541664,1.2817174479166666,1.4462638771355416
5873,7,4.154,2.146,171.65,4.472,3792,725,153.435,2.0,11.499597314058091,5.324254278645833,2.7505656432291663,5.731840427083334,2.5634348958333333,3.826454549076717
5874,2,2.257,1.128,90.0,2.236,3797,725,116.565,1.0,3.285599232588026,2.892836279947917,1.4457772812499998,2.865920213541667,1.2817174479166666,2.0453259898153786
5875,23,8.13,3.602,47.259,8.602,317,733,54.462,4.243,37.7843911747623,10.420362851562501,4.616746247395833,11.025333486979166,5.438327131510417,6.936037892995103
5876,1,1.128,1.128,0.0,1.414,418,726,135.0,1.0,1.642799616294013,1.4457772812499998,1.4457772812499998,1.8123484713541664,1.2817174479166666,1.4462638771355416
5877,1,1.128,1.128,0.0,1.414,3617,726,135.0,1.0,1.642799616294013,1.4457772812499998,1.4457772812499998,1.8123484713541664,1.2817174479166666,1.4462638771355416
5878,17,7.038,3.076,126.484,8.602,3621,726,125.538,4.373,27.927593476998222,9.0207273984375,3.942562869791667,11.025333486979166,5.604950399739583,5.963098727945161
5879,42,11.027,4.85,178.772,13.928,3731,733,21.038,6.766,68.99758388434854,14.133498298177082,6.216329622395833,17.851760614583334,8.672100252604167,9.372861169189449
5880,1,1.128,1.128,0.0,1.414,264,727,135.0,1.0,1.642799616294013,1.4457772812499998,1.4457772812499998,1.8123484713541664,1.2817174479166666,1.4462638771355416
5881,2,2.596,0.981,135.0,2.828,298,727,135.0,1.414,3.285599232588026,3.327338494791667,1.2573648164062499,3.624696942708333,1.8123484713541664,2.0453259898153786
5882,1,1.128,1.128,0.0,1.414,341,727,135.0,1.0,1.642799616294013,1.4457772812499998,1.4457772812499998,1.8123484713541664,1.2817174479166666,1.4462638771355416
5883,13,5.931,2.791,123.961,6.403,372,727,128.66,3.536,21.35639501182217,7.60186618359375,3.5772733971354165,8.206836819010416,4.532152895833334,5.214578566863546
5884,9,4.2,2.729,150.482,5.0,402,727,143.13,3.0,14.785196546646118,5.38321328125,3.4978069153645834,6.408587239583333,3.8451523437499997,4.338791631406624
5885,1,1.128,1.128,0.0,1.414,586,727,135.0,1.0,1.642799616294013,1.4457772812499998,1.4457772812499998,1.8123484713541664,1.2817174479166666,1.4462638771355416
5886,1,1.128,1.128,0.0,1.414,3493,727,135.0,1.0,1.642799616294013,1.4457772812499998,1.4457772812499998,1.8123484713541664,1.2817174479166666,1.4462638771355416
5887,5,3.244,1.963,90.0,3.606,3582,727,123.69,2.0,8.213998081470065,4.157891401041667,2.516011350260417,4.6218731171875,2.5634348958333333,3.2339443426774745
5888,16,7.255,2.808,130.279,9.22,3678,727,130.601,3.883,26.28479386070421,9.298860084635416,3.59906259375,11.817434869791667,4.976908850260417,5.785055508542166
5889,1,1.128,1.128,0.0,1.414,3688,727,135.0,1.0,1.642799616294013,1.4457772812499998,1.4457772812499998,1.8123484713541664,1.2817174479166666,1.4462638771355416
5890,2,2.257,1.128,90.0,2.236,3766,727,116.565,1.0,3.285599232588026,2.892836279947917,1.4457772812499998,2.865920213541667,1.2817174479166666,2.0453259898153786
5891,69,11.722,7.495,179.481,14.142,176,732,8.13,8.0,113.3531735242869,15.024291924479165,9.606472272135417,18.126048148437498,10.253739583333333,12.013570033890504
5892,10,4.525,2.814,121.957,5.657,278,728,135.0,3.883,16.42799616294013,5.799771451822917,3.6067528984375,7.250675602864583,4.976908850260417,4.573487949374228
5893,2,2.257,1.128,90.0,2.236,283,728,116.565,1.0,3.285599232588026,2.892836279947917,1.4457772812499998,2.865920213541667,1.2817174479166666,2.0453259898153786
5894,1,1.128,1.128,0.0,1.414,337,728,135.0,1.0,1.642799616294013,1.4457772812499998,1.4457772812499998,1.8123484713541664,1.2817174479166666,1.4462638771355416
5895,1,1.128,1.128,0.0,1.414,471,728,135.0,1.0,1.642799616294013,1.4457772812499998,1.4457772812499998,1.8123484713541664,1.2817174479166666,1.4462638771355416
5896,1,1.128,1.128,0.0,1.414,477,728,135.0,1.0,1.642799616294013,1.4457772812499998,1.4457772812499998,1.8123484713541664,1.2817174479166666,1.4462638771355416
5897,1,1.128,1.128,0.0,1.414,493,728,135.0,1.0,1.642799616294013,1.4457772812499998,1.4457772812499998,1.8123484713541664,1.2817174479166666,1.4462638771355416
5898,103,21.842,6.004,5.841,22.561,496,735,12.804,7.747,169.20836047828334,27.99527249739583,7.695431557291666,28.916827342447917,9.929465069010416,14.677975263558467
5899,19,5.397,4.482,42.092,6.403,3596,732,38.66,4.95,31.21319270958625,6.9174290664062505,5.7446576015625,8.206836819010416,6.3445013671875,6.304118086127151
5900,2,2.257,1.128,90.0,2.236,3618,728,116.565,1.0,3.285599232588026,2.892836279947917,1.4457772812499998,2.865920213541667,1.2817174479166666,2.0453259898153786
5901,8,4.271,2.385,123.019,5.0,3757,728,126.87,3.0,13.142396930352104,5.474215220052083,3.0568961132812498,6.408587239583333,3.8451523437499997,4.090651979630757
5902,7,3.788,2.353,171.175,5.099,3789,730,168.69,3.0,11.499597314058091,4.855145692708333,3.015881154947917,6.535477266927083,3.8451523437499997,3.826454549076717
5903,1,1.128,1.128,0.0,1.414,240,729,135.0,1.0,1.642799616294013,1.4457772812499998,1.4457772812499998,1.8123484713541664,1.2817174479166666,1.4462638771355416
5904,4,3.192,1.596,18.435,3.606,259,731,33.69,2.0,6.571198465176052,4.09124209375,2.045621046875,4.6218731171875,2.5634348958333333,2.892527754271083
5905,1,1.128,1.128,0.0,1.414,266,729,135.0,1.0,1.642799616294013,1.4457772812499998,1.4457772812499998,1.8123484713541664,1.2817174479166666,1.4462638771355416
5906,10,4.456,2.857,161.778,5.0,356,729,143.13,3.0,16.42799616294013,5.7113329479166675,3.661866748697917,6.408587239583333,3.8451523437499997,4.573487949374228
5907,14,5.11,3.488,83.1,6.325,366,729,108.435,4.0,22.999194628116182,6.549576158854167,4.470630458333333,8.106862858072917,5.126869791666667,5.411423919108519
5908,1,1.128,1.128,0.0,1.414,592,729,135.0,1.0,1.642799616294013,1.4457772812499998,1.4457772812499998,1.8123484713541664,1.2817174479166666,1.4462638771355416
5909,1,1.128,1.128,0.0,1.414,3385,729,135.0,1.0,1.642799616294013,1.4457772812499998,1.4457772812499998,1.8123484713541664,1.2817174479166666,1.4462638771355416
5910,5,3.144,2.025,161.565,3.606,3591,729,146.31,2.0,8.213998081470065,4.02971965625,2.59547783203125,4.6218731171875,2.5634348958333333,3.2339443426774745
5911,1,1.128,1.128,0.0,1.414,3663,729,135.0,1.0,1.642799616294013,1.4457772812499998,1.4457772812499998,1.8123484713541664,1.2817174479166666,1.4462638771355416
5912,1,1.128,1.128,0.0,1.414,3675,729,135.0,1.0,1.642799616294013,1.4457772812499998,1.4457772812499998,1.8123484713541664,1.2817174479166666,1.4462638771355416
5913,23,5.96,4.913,133.743,6.708,306,730,116.565,5.657,37.7843911747623,7.639035989583333,6.297077821614583,8.597760640625,7.250675602864583,6.936037892995103
5914,1,1.128,1.128,0.0,1.414,412,730,135.0,1.0,1.642799616294013,1.4457772812499998,1.4457772812499998,1.8123484713541664,1.2817174479166666,1.4462638771355416
5915,5,3.009,2.116,115.097,4.243,415,731,135.0,3.0,8.213998081470065,3.8566878007812497,2.712114119791667,5.438327131510417,3.8451523437499997,3.2339443426774745
5916,2,2.257,1.128,90.0,2.236,579,730,116.565,1.0,3.285599232588026,2.892836279947917,1.4457772812499998,2.865920213541667,1.2817174479166666,2.0453259898153786
5917,4,3.676,1.385,50.31,4.243,3637,733,45.0,2.121,6.571198465176052,4.711593338541666,1.7751786653645834,5.438327131510417,2.71852270703125,2.892527754271083
5918,11,6.276,2.232,14.935,6.708,3702,733,26.565,2.91,18.070795779234142,8.044058703125,2.86079334375,8.597760640625,3.7297977734375003,4.796714628303253
5919,77,15.72,6.237,14.09,20.1,3707,734,5.711,9.042,126.49557045463901,20.14859828125,7.99407172265625,25.762520703125002,11.5892891640625,12.690914016636032
5920,231,19.948,14.744,22.607,31.78,3728,739,167.276,24.35,379.48671136391704,25.567699651041668,18.897642052083334,40.73298049479167,31.209819856770835,21.981307871301624
5921,2,2.257,1.128,90.0,2.236,335,731,116.565,1.0,3.285599232588026,2.892836279947917,1.4457772812499998,2.865920213541667,1.2817174479166666,2.0453259898153786
5922,1,1.128,1.128,0.0,1.414,341,731,135.0,1.0,1.642799616294013,1.4457772812499998,1.4457772812499998,1.8123484713541664,1.2817174479166666,1.4462638771355416
5923,1,1.128,1.128,0.0,1.414,492,731,135.0,1.0,1.642799616294013,1.4457772812499998,1.4457772812499998,1.8123484713541664,1.2817174479166666,1.4462638771355416
5924,1,1.128,1.128,0.0,1.414,495,731,135.0,1.0,1.642799616294013,1.4457772812499998,1.4457772812499998,1.8123484713541664,1.2817174479166666,1.4462638771355416
5925,5,3.461,1.839,45.0,4.243,3510,734,45.0,2.683,8.213998081470065,4.436024087239583,2.35707838671875,5.438327131510417,3.4388479127604166,3.2339443426774745
5926,2,2.257,1.128,0.0,2.236,3565,731,153.435,1.0,3.285599232588026,2.892836279947917,1.4457772812499998,2.865920213541667,1.2817174479166666,2.0453259898153786
5927,8,3.538,2.879,135.0,4.243,3672,731,135.0,3.0,13.142396930352104,4.534716330729166,3.6900645325520833,5.438327131510417,3.8451523437499997,4.090651979630757
5928,1,1.128,1.128,0.0,1.414,3691,731,135.0,1.0,1.642799616294013,1.4457772812499998,1.4457772812499998,1.8123484713541664,1.2817174479166666,1.4462638771355416
5929,5,3.144,2.025,161.565,3.606,234,732,146.31,2.0,8.213998081470065,4.02971965625,2.59547783203125,4.6218731171875,2.5634348958333333,3.2339443426774745
5930,2,2.257,1.128,90.0,2.236,383,732,116.565,1.0,3.285599232588026,2.892836279947917,1.4457772812499998,2.865920213541667,1.2817174479166666,2.0453259898153786
5931,2,2.257,1.128,0.0,2.236,396,732,153.435,1.0,3.285599232588026,2.892836279947917,1.4457772812499998,2.865920213541667,1.2817174479166666,2.0453259898153786
5932,7,3.883,2.295,137.199,5.0,410,732,126.87,3.536,11.499597314058091,4.976908850260417,2.94154154296875,6.408587239583333,4.532152895833334,3.826454549076717
5933,3,2.365,1.615,45.0,2.828,3480,734,45.0,2.0,4.928398848882039,3.0312617643229167,2.069973678385417,3.624696942708333,2.5634348958333333,2.5050025163503102
5934,5,3.144,2.025,108.435,3.606,3602,732,123.69,2.0,8.213998081470065,4.02971965625,2.59547783203125,4.6218731171875,2.5634348958333333,3.2339443426774745
5935,2,2.257,1.128,0.0,2.236,3634,732,153.435,1.0,3.285599232588026,2.892836279947917,1.4457772812499998,2.865920213541667,1.2817174479166666,2.0453259898153786
5936,1,1.128,1.128,0.0,1.414,3696,732,135.0,1.0,1.642799616294013,1.4457772812499998,1.4457772812499998,1.8123484713541664,1.2817174479166666,1.4462638771355416
5937,2,2.257,1.128,0.0,2.236,208,733,153.435,1.0,3.285599232588026,2.892836279947917,1.4457772812499998,2.865920213541667,1.2817174479166666,2.0453259898153786
5938,3,2.365,1.615,45.0,2.828,231,735,45.0,2.0,4.928398848882039,3.0312617643229167,2.069973678385417,3.624696942708333,2.5634348958333333,2.5050025163503102
5939,1,1.128,1.128,0.0,1.414,264,733,135.0,1.0,1.642799616294013,1.4457772812499998,1.4457772812499998,1.8123484713541664,1.2817174479166666,1.4462638771355416
5940,10,5.194,2.451,149.197,6.403,267,733,141.34,3.395,16.42799616294013,6.657240424479166,3.14148946484375,8.206836819010416,4.351430735677083,4.573487949374228
5941,1,1.128,1.128,0.0,1.414,355,733,135.0,1.0,1.642799616294013,1.4457772812499998,1.4457772812499998,1.8123484713541664,1.2817174479166666,1.4462638771355416
5942,1,1.128,1.128,0.0,1.414,408,733,135.0,1.0,1.642799616294013,1.4457772812499998,1.4457772812499998,1.8123484713541664,1.2817174479166666,1.4462638771355416
5943,2,2.257,1.128,0.0,2.236,571,733,153.435,1.0,3.285599232588026,2.892836279947917,1.4457772812499998,2.865920213541667,1.2817174479166666,2.0453259898153786
5944,1,1.128,1.128,0.0,1.414,577,733,135.0,1.0,1.642799616294013,1.4457772812499998,1.4457772812499998,1.8123484713541664,1.2817174479166666,1.4462638771355416
5945,1,1.128,1.128,0.0,1.414,620,733,135.0,1.0,1.642799616294013,1.4457772812499998,1.4457772812499998,1.8123484713541664,1.2817174479166666,1.4462638771355416
5946,1,1.128,1.128,0.0,1.414,3434,733,135.0,1.0,1.642799616294013,1.4457772812499998,1.4457772812499998,1.8123484713541664,1.2817174479166666,1.4462638771355416
5947,1,1.128,1.128,0.0,1.414,3445,733,135.0,1.0,1.642799616294013,1.4457772812499998,1.4457772812499998,1.8123484713541664,1.2817174479166666,1.4462638771355416
5948,1,1.128,1.128,0.0,1.414,3467,733,135.0,1.0,1.642799616294013,1.4457772812499998,1.4457772812499998,1.8123484713541664,1.2817174479166666,1.4462638771355416
5949,1,1.128,1.128,0.0,1.414,3562,733,135.0,1.0,1.642799616294013,1.4457772812499998,1.4457772812499998,1.8123484713541664,1.2817174479166666,1.4462638771355416
5950,2,2.257,1.128,0.0,2.236,3610,733,153.435,1.0,3.285599232588026,2.892836279947917,1.4457772812499998,2.865920213541667,1.2817174479166666,2.0453259898153786
5951,1,1.128,1.128,0.0,1.414,3627,733,135.0,1.0,1.642799616294013,1.4457772812499998,1.4457772812499998,1.8123484713541664,1.2817174479166666,1.4462638771355416
5952,34,8.182,5.291,30.903,10.296,3647,739,29.055,6.708,55.855186953996444,10.487012158854167,6.781567016927084,13.19656284375,8.597760640625,8.433095094829797
5953,12,4.527,3.375,155.861,6.403,256,734,128.66,4.707,19.713595395528156,5.80233488671875,4.32579638671875,8.206836819010416,6.03304402734375,5.0100050327006205
5954,5,3.144,2.025,18.435,3.606,459,736,33.69,2.0,8.213998081470065,4.02971965625,2.59547783203125,4.6218731171875,2.5634348958333333,3.2339443426774745
5955,9,4.428,2.588,65.527,5.385,552,739,68.199,3.0,14.785196546646118,5.675444859375,3.3170847552083336,6.90204845703125,3.8451523437499997,4.338791631406624
5956,1,1.128,1.128,0.0,1.414,3457,734,135.0,1.0,1.642799616294013,1.4457772812499998,1.4457772812499998,1.8123484713541664,1.2817174479166666,1.4462638771355416
5957,3,2.365,1.615,45.0,2.828,3538,736,45.0,2.0,4.928398848882039,3.0312617643229167,2.069973678385417,3.624696942708333,2.5634348958333333,2.5050025163503102
5958,32,9.05,4.502,165.055,12.369,3586,735,165.964,6.0,52.56958772140842,11.599542903645833,5.770291950520833,15.853563113281249,7.690304687499999,8.181303959261514
5959,22,5.542,5.054,128.237,7.211,3630,734,123.69,6.0,36.141591558468285,7.103278096354166,6.477799981770834,9.242464516927084,7.690304687499999,6.78357888217988
5960,15,7.782,2.454,77.173,8.544,3635,742,69.444,3.0,24.641994244410196,9.974325179687499,3.1453346171875003,10.950993875,3.8451523437499997,5.601355910367322
5961,9,4.038,2.838,133.939,5.0,3694,735,143.13,3.536,14.785196546646118,5.1755750546875,3.6375141171875,6.408587239583333,4.532152895833334,4.338791631406624
5962,65,14.108,5.866,31.124,18.439,300,748,40.601,9.24,106.78197505911085,18.082469755208333,7.518554549479166,23.633588022135417,11.84306921875,11.660152149520322
5963,1,1.128,1.128,0.0,1.414,326,735,135.0,1.0,1.642799616294013,1.4457772812499998,1.4457772812499998,1.8123484713541664,1.2817174479166666,1.4462638771355416
5964,2,2.257,1.128,0.0,2.236,396,735,153.435,1.0,3.285599232588026,2.892836279947917,1.4457772812499998,2.865920213541667,1.2817174479166666,2.0453259898153786
5965,3,2.365,1.615,135.0,2.828,3466,735,135.0,2.0,4.928398848882039,3.0312617643229167,2.069973678385417,3.624696942708333,2.5634348958333333,2.5050025163503102
5966,1,1.128,1.128,0.0,1.414,3610,735,135.0,1.0,1.642799616294013,1.4457772812499998,1.4457772812499998,1.8123484713541664,1.2817174479166666,1.4462638771355416
5967,6,3.489,2.19,45.0,4.243,206,739,45.0,2.828,9.856797697764078,4.47191217578125,2.8069612109374997,5.438327131510417,3.624696942708333,3.5426085324013394
5968,3,2.365,1.615,135.0,2.828,284,736,135.0,2.0,4.928398848882039,3.0312617643229167,2.069973678385417,3.624696942708333,2.5634348958333333,2.5050025163503102
5969,71,10.807,8.365,150.335,12.806,330,736,128.66,10.0,116.63877275687493,13.851520459635417,10.721566451822916,16.413673638020832,12.817174479166667,12.186436040278805
5970,16,5.186,3.928,127.982,6.403,354,736,128.66,4.0,26.28479386070421,6.646986684895833,5.034586135416666,8.206836819010416,5.126869791666667,5.785055508542166
5971,3,3.385,1.128,90.0,3.162,359,736,108.435,1.0,4.928398848882039,4.338613561197916,1.4457772812499998,4.0527905703125,1.2817174479166666,2.5050025163503102
5972,3,2.365,1.615,135.0,2.828,3570,736,135.0,2.0,4.928398848882039,3.0312617643229167,2.069973678385417,3.624696942708333,2.5634348958333333,2.5050025163503102
5973,4,2.734,1.863,0.0,3.162,3578,737,161.565,2.0,6.571198465176052,3.5042155026041666,2.38783960546875,4.0527905703125,2.5634348958333333,2.892527754271083
5974,3,2.365,1.615,135.0,2.828,3583,736,135.0,2.0,4.928398848882039,3.0312617643229167,2.069973678385417,3.624696942708333,2.5634348958333333,2.5050025163503102
5975,1,1.128,1.128,0.0,1.414,374,737,135.0,1.0,1.642799616294013,1.4457772812499998,1.4457772812499998,1.8123484713541664,1.2817174479166666,1.4462638771355416
5976,1,1.128,1.128,0.0,1.414,396,737,135.0,1.0,1.642799616294013,1.4457772812499998,1.4457772812499998,1.8123484713541664,1.2817174479166666,1.4462638771355416
5977,1,1.128,1.128,0.0,1.414,398,737,135.0,1.0,1.642799616294013,1.4457772812499998,1.4457772812499998,1.8123484713541664,1.2817174479166666,1.4462638771355416
5978,1,1.128,1.128,0.0,1.414,459,737,135.0,1.0,1.642799616294013,1.4457772812499998,1.4457772812499998,1.8123484713541664,1.2817174479166666,1.4462638771355416
5979,5,3.244,1.963,0.0,3.606,461,737,146.31,2.0,8.213998081470065,4.157891401041667,2.516011350260417,4.6218731171875,2.5634348958333333,3.2339443426774745
5980,1,1.128,1.128,0.0,1.414,3430,737,135.0,1.0,1.642799616294013,1.4457772812499998,1.4457772812499998,1.8123484713541664,1.2817174479166666,1.4462638771355416
5981,4,3.969,1.283,162.391,4.472,3444,737,153.435,1.897,6.571198465176052,5.08713655078125,1.644443485677083,5.731840427083334,2.4314179986979165,2.892527754271083
5982,1,1.128,1.128,0.0,1.414,3576,737,135.0,1.0,1.642799616294013,1.4457772812499998,1.4457772812499998,1.8123484713541664,1.2817174479166666,1.4462638771355416
5983,8,3.651,2.79,124.722,4.472,3725,737,116.565,3.0,13.142396930352104,4.679550402343749,3.5759916796874998,5.731840427083334,3.8451523437499997,4.090651979630757
5984,1,1.128,1.128,0.0,1.414,197,738,135.0,1.0,1.642799616294013,1.4457772812499998,1.4457772812499998,1.8123484713541664,1.2817174479166666,1.4462638771355416
5985,6,4.633,1.649,50.31,5.0,249,742,53.13,2.121,9.856797697764078,5.938196936197917,2.1135520716145835,6.408587239583333,2.71852270703125,3.5426085324013394
5986,1,1.128,1.128,0.0,1.414,371,738,135.0,1.0,1.642799616294013,1.4457772812499998,1.4457772812499998,1.8123484713541664,1.2817174479166666,1.4462638771355416
5987,3,2.365,1.615,45.0,2.828,3514,740,45.0,2.0,4.928398848882039,3.0312617643229167,2.069973678385417,3.624696942708333,2.5634348958333333,2.5050025163503102
5988,2,2.257,1.128,90.0,2.236,3665,738,116.565,1.0,3.285599232588026,2.892836279947917,1.4457772812499998,2.865920213541667,1.2817174479166666,2.0453259898153786
5989,12,4.729,3.231,135.0,5.657,3672,738,135.0,4.0,19.713595395528156,6.061241811197917,4.141229074218749,7.250675602864583,5.126869791666667,5.0100050327006205
5990,1,1.128,1.128,0.0,1.414,3699,738,135.0,1.0,1.642799616294013,1.4457772812499998,1.4457772812499998,1.8123484713541664,1.2817174479166666,1.4462638771355416
5991,1,1.128,1.128,0.0,1.414,3733,738,135.0,1.0,1.642799616294013,1.4457772812499998,1.4457772812499998,1.8123484713541664,1.2817174479166666,1.4462638771355416
5992,2,2.596,0.981,45.0,2.828,3736,740,45.0,1.414,3.285599232588026,3.327338494791667,1.2573648164062499,3.624696942708333,1.8123484713541664,2.0453259898153786
5993,1,1.128,1.128,0.0,1.414,3762,738,135.0,1.0,1.642799616294013,1.4457772812499998,1.4457772812499998,1.8123484713541664,1.2817174479166666,1.4462638771355416
5994,1,1.128,1.128,0.0,1.414,283,739,135.0,1.0,1.642799616294013,1.4457772812499998,1.4457772812499998,1.8123484713541664,1.2817174479166666,1.4462638771355416
5995,85,24.559,4.407,94.806,30.594,320,739,101.31,7.735,139.6379673849911,31.47769880338542,5.64852879296875,39.2128636015625,9.914084459635417,13.333894112227902
5996,83,13.383,7.897,93.781,20.1,3668,739,95.711,11.571,136.35236815240307,17.153224605468747,10.121722686197916,25.762520703125002,14.83075258984375,13.17609099055906
5997,3,2.365,1.615,45.0,2.828,264,742,45.0,2.0,4.928398848882039,3.0312617643229167,2.069973678385417,3.624696942708333,2.5634348958333333,2.5050025163503102
5998,10,5.542,2.297,69.282,6.325,278,746,71.565,3.0,16.42799616294013,7.103278096354166,2.9441049778645834,8.106862858072917,3.8451523437499997,4.573487949374228
5999,5,3.144,2.025,161.565,3.606,435,740,146.31,2.0,8.213998081470065,4.02971965625,2.59547783203125,4.6218731171875,2.5634348958333333,3.2339443426774745
6000,292,22.838,16.279,57.211,33.601,458,767,53.471,23.052,479.6974879578518,29.271863075520834,20.865078334635417,43.066987967447915,29.546150609374997,24.71376796592704
6001,2,2.596,0.981,45.0,2.828,490,742,45.0,1.414,3.285599232588026,3.327338494791667,1.2573648164062499,3.624696942708333,1.8123484713541664,2.0453259898153786
6002,3,2.365,1.615,45.0,2.828,3508,742,45.0,2.0,4.928398848882039,3.0312617643229167,2.069973678385417,3.624696942708333,2.5634348958333333,2.5050025163503102
6003,7,3.798,2.347,33.401,5.0,3595,744,36.87,3.328,11.499597314058091,4.8679628671875,3.0081908502604167,6.408587239583333,4.265555666666667,3.826454549076717
6004,18,7.362,3.113,13.802,8.062,3656,744,29.745,4.0,29.570393093292235,9.4360038515625,3.989986415364583,10.333206065104166,5.126869791666667,6.135977969446135
6005,25,8.735,3.644,149.132,11.402,3696,740,142.125,5.646,41.069990407350325,11.195801907552083,4.670578380208333,14.614142341145833,7.236576710937499,7.231319385677708
6006,20,6.549,3.888,28.379,8.602,3713,745,35.538,4.903,32.85599232588026,8.39396756640625,4.983317437499999,11.025333486979166,6.284260647135416,6.467888685354949
6007,7,3.516,2.535,79.099,4.123,287,741,104.036,3.0,11.499597314058091,4.506518546875,3.24915373046875,5.284521037760417,3.8451523437499997,3.826454549076717
6008,26,9.797,3.379,34.346,10.63,288,748,41.186,4.438,42.71279002364434,12.556985837239584,4.330923256510417,13.624656471354168,5.6882620338541665,7.374527731318484
6009,11,4.656,3.008,141.768,5.657,480,741,135.0,3.795,18.070795779234142,5.9676764375,3.8554060833333335,7.250675602864583,4.86411771484375,4.796714628303253
6010,1,1.128,1.128,0.0,1.414,494,741,135.0,1.0,1.642799616294013,1.4457772812499998,1.4457772812499998,1.8123484713541664,1.2817174479166666,1.4462638771355416
6011,1,1.128,1.128,0.0,1.414,3652,741,135.0,1.0,1.642799616294013,1.4457772812499998,1.4457772812499998,1.8123484713541664,1.2817174479166666,1.4462638771355416
6012,4,2.257,2.257,0.0,2.828,3691,741,135.0,2.0,6.571198465176052,2.892836279947917,2.892836279947917,3.624696942708333,2.5634348958333333,2.892527754271083
6013,2,2.257,1.128,0.0,2.236,3701,741,153.435,1.0,3.285599232588026,2.892836279947917,1.4457772812499998,2.865920213541667,1.2817174479166666,2.0453259898153786
6014,1,1.128,1.128,0.0,1.414,497,742,135.0,1.0,1.642799616294013,1.4457772812499998,1.4457772812499998,1.8123484713541664,1.2817174479166666,1.4462638771355416
6015,1,1.128,1.128,0.0,1.414,551,742,135.0,1.0,1.642799616294013,1.4457772812499998,1.4457772812499998,1.8123484713541664,1.2817174479166666,1.4462638771355416
6016,1,1.128,1.128,0.0,1.414,3511,742,135.0,1.0,1.642799616294013,1.4457772812499998,1.4457772812499998,1.8123484713541664,1.2817174479166666,1.4462638771355416
6017,47,8.842,6.768,27.694,13.416,3674,748,26.565,8.246,77.21158196581861,11.332945674479166,8.674663687499999,17.19552128125,10.569042075520834,9.915085602678126
6018,4,3.676,1.385,129.69,4.243,3723,742,135.0,2.121,6.571198465176052,4.711593338541666,1.7751786653645834,5.438327131510417,2.71852270703125,2.892527754271083
6019,18,6.025,3.804,73.063,8.944,3758,750,63.435,6.379,29.570393093292235,7.722347623697917,4.875653171874999,11.463680854166668,8.176075600260416,6.135977969446135
6020,10,6.026,2.113,172.084,6.325,3775,742,161.565,3.0,16.42799616294013,7.723629341145833,2.708268967447917,8.106862858072917,3.8451523437499997,4.573487949374228
6021,1,1.128,1.128,0.0,1.414,140,743,135.0,1.0,1.642799616294013,1.4457772812499998,1.4457772812499998,1.8123484713541664,1.2817174479166666,1.4462638771355416
6022,1,1.128,1.128,0.0,1.414,348,743,135.0,1.0,1.642799616294013,1.4457772812499998,1.4457772812499998,1.8123484713541664,1.2817174479166666,1.4462638771355416
6023,1,1.128,1.128,0.0,1.414,485,743,135.0,1.0,1.642799616294013,1.4457772812499998,1.4457772812499998,1.8123484713541664,1.2817174479166666,1.4462638771355416
6024,1,1.128,1.128,0.0,1.414,3721,743,135.0,1.0,1.642799616294013,1.4457772812499998,1.4457772812499998,1.8123484713541664,1.2817174479166666,1.4462638771355416
6025,37,13.344,3.53,96.715,16.279,283,744,100.62,6.0,60.783585802878484,17.103237625,4.524462591145833,20.865078334635417,7.690304687499999,8.7972797207639
6026,12,6.284,2.431,80.936,6.708,3568,750,63.435,3.0,19.713595395528156,8.054312442708333,3.1158551158854166,8.597760640625,3.8451523437499997,5.0100050327006205
6027,4,2.734,1.863,90.0,3.162,3587,744,108.435,2.0,6.571198465176052,3.5042155026041666,2.38783960546875,4.0527905703125,2.5634348958333333,2.892527754271083
6028,1,1.128,1.128,0.0,1.414,3649,744,135.0,1.0,1.642799616294013,1.4457772812499998,1.4457772812499998,1.8123484713541664,1.2817174479166666,1.4462638771355416
6029,1,1.128,1.128,0.0,1.414,249,745,135.0,1.0,1.642799616294013,1.4457772812499998,1.4457772812499998,1.8123484713541664,1.2817174479166666,1.4462638771355416
6030,2,2.257,1.128,90.0,2.236,479,745,116.565,1.0,3.285599232588026,2.892836279947917,1.4457772812499998,2.865920213541667,1.2817174479166666,2.0453259898153786
6031,1,1.128,1.128,0.0,1.414,3744,745,135.0,1.0,1.642799616294013,1.4457772812499998,1.4457772812499998,1.8123484713541664,1.2817174479166666,1.4462638771355416
6032,2,2.257,1.128,0.0,2.236,138,746,153.435,1.0,3.285599232588026,2.892836279947917,1.4457772812499998,2.865920213541667,1.2817174479166666,2.0453259898153786
6033,52,10.945,6.049,91.314,13.342,256,746,102.995,8.0,85.42558004728868,14.028397467447917,7.753108842447917,17.10067419010417,10.253739583333333,10.429157133727092
6034,2,2.257,1.128,90.0,2.236,374,746,116.565,1.0,3.285599232588026,2.892836279947917,1.4457772812499998,2.865920213541667,1.2817174479166666,2.0453259898153786
6035,51,14.496,4.479,106.324,17.889,416,746,116.565,6.593,83.78278043099466,18.579776125,5.74081244921875,22.92864342578125,8.450363134114584,10.32838996735036
6036,4,2.257,2.257,0.0,2.828,530,746,135.0,2.0,6.571198465176052,2.892836279947917,2.892836279947917,3.624696942708333,2.5634348958333333,2.892527754271083
6037,1,1.128,1.128,0.0,1.414,3649,746,135.0,1.0,1.642799616294013,1.4457772812499998,1.4457772812499998,1.8123484713541664,1.2817174479166666,1.4462638771355416
6038,1,1.128,1.128,0.0,1.414,3685,746,135.0,1.0,1.642799616294013,1.4457772812499998,1.4457772812499998,1.8123484713541664,1.2817174479166666,1.4462638771355416
6039,34,12.82,3.377,68.991,14.765,3685,759,61.699,5.376,55.855186953996444,16.431617682291666,4.328359821614583,18.924558118489582,6.890513,8.433095094829797
6040,6,3.14,2.433,135.0,3.606,3708,746,123.69,2.828,9.856797697764078,4.024592786458333,3.1184185507812496,4.6218731171875,3.624696942708333,3.5426085324013394
6041,3,2.365,1.615,45.0,2.828,3712,748,45.0,2.0,4.928398848882039,3.0312617643229167,2.069973678385417,3.624696942708333,2.5634348958333333,2.5050025163503102
6042,3,2.365,1.615,135.0,2.828,3821,746,135.0,2.0,4.928398848882039,3.0312617643229167,2.069973678385417,3.624696942708333,2.5634348958333333,2.5050025163503102
6043,2,2.257,1.128,0.0,2.236,359,747,153.435,1.0,3.285599232588026,2.892836279947917,1.4457772812499998,2.865920213541667,1.2817174479166666,2.0453259898153786
6044,9,3.923,2.921,11.981,4.472,3650,748,153.435,3.0,14.785196546646118,5.028177548177084,3.743896665364583,5.731840427083334,3.8451523437499997,4.338791631406624
6045,1,1.128,1.128,0.0,1.414,3696,747,135.0,1.0,1.642799616294013,1.4457772812499998,1.4457772812499998,1.8123484713541664,1.2817174479166666,1.4462638771355416
6046,1,1.128,1.128,0.0,1.414,3748,747,135.0,1.0,1.642799616294013,1.4457772812499998,1.4457772812499998,1.8123484713541664,1.2817174479166666,1.4462638771355416
6047,11,4.994,2.804,81.87,5.385,3768,747,111.801,3.0,18.070795779234142,6.400896934895833,3.593935723958333,6.90204845703125,3.8451523437499997,4.796714628303253
6048,9,5.229,2.191,4.731,5.385,238,750,21.801,2.0,14.785196546646118,6.70210053515625,2.8082429283854164,6.90204845703125,2.5634348958333333,4.338791631406624
6049,2,2.257,1.128,90.0,2.236,3532,748,116.565,1.0,3.285599232588026,2.892836279947917,1.4457772812499998,2.865920213541667,1.2817174479166666,2.0453259898153786
6050,8,4.34,2.347,62.296,5.0,3573,752,53.13,3.0,13.142396930352104,5.562653723958333,3.0081908502604167,6.408587239583333,3.8451523437499997,4.090651979630757
6051,19,6.331,3.821,75.246,7.28,3626,755,74.055,4.0,31.21319270958625,8.114553162760417,4.897442368489584,9.330903020833334,5.126869791666667,6.304118086127151
6052,20,6.595,3.861,77.668,8.062,3656,755,60.255,4.0,32.85599232588026,8.452926569010415,4.948711066406251,10.333206065104166,5.126869791666667,6.467888685354949
6053,102,13.452,9.655,40.476,16.279,3720,753,169.38,12.4,167.56556086198933,17.241663109375,12.374981959635416,20.865078334635417,15.893296354166667,14.606549169305087
6054,126,21.799,7.36,102.2,24.739,3782,748,104.036,10.357,206.99275165304564,27.940158647135416,9.433440416666667,31.708407944010418,13.274747608072916,16.234271757325555
6055,3,2.365,1.615,45.0,2.828,613,751,45.0,2.0,4.928398848882039,3.0312617643229167,2.069973678385417,3.624696942708333,2.5634348958333333,2.5050025163503102
6056,2,2.257,1.128,0.0,2.236,3499,749,153.435,1.0,3.285599232588026,2.892836279947917,1.4457772812499998,2.865920213541667,1.2817174479166666,2.0453259898153786
6057,1,1.128,1.128,0.0,1.414,3514,749,135.0,1.0,1.642799616294013,1.4457772812499998,1.4457772812499998,1.8123484713541664,1.2817174479166666,1.4462638771355416
6058,1,1.128,1.128,0.0,1.414,3598,749,135.0,1.0,1.642799616294013,1.4457772812499998,1.4457772812499998,1.8123484713541664,1.2817174479166666,1.4462638771355416
6059,7,5.033,1.771,31.439,5.831,3599,752,30.964,2.683,11.499597314058091,6.450883915364583,2.2699216002604166,7.473694438802084,3.4388479127604166,3.826454549076717
6060,1,1.128,1.128,0.0,1.414,3632,749,135.0,1.0,1.642799616294013,1.4457772812499998,1.4457772812499998,1.8123484713541664,1.2817174479166666,1.4462638771355416
6061,4,2.257,2.257,0.0,2.828,3639,749,135.0,2.0,6.571198465176052,2.892836279947917,2.892836279947917,3.624696942708333,2.5634348958333333,2.892527754271083
6062,2,2.596,0.981,45.0,2.828,3779,751,45.0,1.414,3.285599232588026,3.327338494791667,1.2573648164062499,3.624696942708333,1.8123484713541664,2.0453259898153786
6063,2,2.257,1.128,90.0,2.236,3785,749,116.565,1.0,3.285599232588026,2.892836279947917,1.4457772812499998,2.865920213541667,1.2817174479166666,2.0453259898153786
6064,1,1.128,1.128,0.0,1.414,243,750,135.0,1.0,1.642799616294013,1.4457772812499998,1.4457772812499998,1.8123484713541664,1.2817174479166666,1.4462638771355416
6065,1,1.128,1.128,0.0,1.414,353,750,135.0,1.0,1.642799616294013,1.4457772812499998,1.4457772812499998,1.8123484713541664,1.2817174479166666,1.4462638771355416
6066,33,7.598,5.53,129.167,10.63,382,751,138.814,6.957,54.21238733770243,9.738489169270833,7.087897486979167,13.624656471354168,8.91690828515625,8.308153445630097
6067,6,4.339,1.761,54.751,5.0,397,754,53.13,2.683,9.856797697764078,5.5613720065104175,2.25710442578125,6.408587239583333,3.4388479127604166,3.5426085324013394
6068,1,1.128,1.128,0.0,1.414,441,750,135.0,1.0,1.642799616294013,1.4457772812499998,1.4457772812499998,1.8123484713541664,1.2817174479166666,1.4462638771355416
6069,3,2.365,1.615,45.0,2.828,3484,752,45.0,2.0,4.928398848882039,3.0312617643229167,2.069973678385417,3.624696942708333,2.5634348958333333,2.5050025163503102
6070,42,9.195,5.816,110.556,10.817,3568,751,123.69,7.778,68.99758388434854,11.78539193359375,7.454468677083333,13.864337634114584,9.969198309895832,9.372861169189449
6071,1,1.128,1.128,0.0,1.414,3611,750,135.0,1.0,1.642799616294013,1.4457772812499998,1.4457772812499998,1.8123484713541664,1.2817174479166666,1.4462638771355416
6072,1,1.128,1.128,0.0,1.414,3719,750,135.0,1.0,1.642799616294013,1.4457772812499998,1.4457772812499998,1.8123484713541664,1.2817174479166666,1.4462638771355416
6073,11,6.096,2.298,134.137,7.071,3771,750,135.0,3.536,18.070795779234142,7.8133495625,2.9453866953125,9.063024074218749,4.532152895833334,4.796714628303253
6074,2,2.257,1.128,90.0,2.236,271,751,116.565,1.0,3.285599232588026,2.892836279947917,1.4457772812499998,2.865920213541667,1.2817174479166666,2.0453259898153786
6075,2,2.257,1.128,0.0,2.236,498,751,153.435,1.0,3.285599232588026,2.892836279947917,1.4457772812499998,2.865920213541667,1.2817174479166666,2.0453259898153786
6076,50,8.563,7.435,27.04,10.817,508,759,33.69,8.0,82.13998081470065,10.975346506510418,9.529569225260415,13.864337634114584,10.253739583333333,10.226629949076893
6077,1,1.128,1.128,0.0,1.414,523,751,135.0,1.0,1.642799616294013,1.4457772812499998,1.4457772812499998,1.8123484713541664,1.2817174479166666,1.4462638771355416
6078,1,1.128,1.128,0.0,1.414,549,751,135.0,1.0,1.642799616294013,1.4457772812499998,1.4457772812499998,1.8123484713541664,1.2817174479166666,1.4462638771355416
6079,2,2.257,1.128,0.0,2.236,636,751,153.435,1.0,3.285599232588026,2.892836279947917,1.4457772812499998,2.865920213541667,1.2817174479166666,2.0453259898153786
6080,1,1.128,1.128,0.0,1.414,3535,751,135.0,1.0,1.642799616294013,1.4457772812499998,1.4457772812499998,1.8123484713541664,1.2817174479166666,1.4462638771355416
6081,3,3.385,1.128,0.0,3.162,3594,751,161.565,1.0,4.928398848882039,4.338613561197916,1.4457772812499998,4.0527905703125,1.2817174479166666,2.5050025163503102
6082,5,3.316,1.92,135.0,4.243,3608,751,135.0,2.828,8.213998081470065,4.250175057291666,2.4608974999999997,5.438327131510417,3.624696942708333,3.2339443426774745
6083,1,1.128,1.128,0.0,1.414,3700,751,135.0,1.0,1.642799616294013,1.4457772812499998,1.4457772812499998,1.8123484713541664,1.2817174479166666,1.4462638771355416
6084,11,5.148,2.721,114.337,5.831,3755,751,120.964,3.0,18.070795779234142,6.598281421875,3.48755317578125,7.473694438802084,3.8451523437499997,4.796714628303253
6085,9,4.038,2.838,43.939,5.0,212,756,53.13,3.536,14.785196546646118,5.1755750546875,3.6375141171875,6.408587239583333,4.532152895833334,4.338791631406624
6086,20,6.211,4.1,177.709,7.28,217,754,164.055,4.0,32.85599232588026,7.9607470690104165,5.255041536458333,9.330903020833334,5.126869791666667,6.467888685354949
6087,8,4.444,2.292,54.645,5.0,235,756,53.13,2.828,13.142396930352104,5.695952338541667,2.9376963906249998,6.408587239583333,3.624696942708333,4.090651979630757
6088,3,2.365,1.615,45.0,2.828,288,754,45.0,2.0,4.928398848882039,3.0312617643229167,2.069973678385417,3.624696942708333,2.5634348958333333,2.5050025163503102
6089,11,6.327,2.214,93.058,6.325,308,752,108.435,2.0,18.070795779234142,8.10942629296875,2.8377224296875,8.106862858072917,2.5634348958333333,4.796714628303253
6090,1,1.128,1.128,0.0,1.414,3397,752,135.0,1.0,1.642799616294013,1.4457772812499998,1.4457772812499998,1.8123484713541664,1.2817174479166666,1.4462638771355416
6091,15,5.816,3.284,33.69,7.211,3410,756,33.69,4.6,24.641994244410196,7.454468677083333,4.209160098958333,9.242464516927084,5.895900260416666,5.601355910367322
6092,2,2.257,1.128,0.0,2.236,3476,752,153.435,1.0,3.285599232588026,2.892836279947917,1.4457772812499998,2.865920213541667,1.2817174479166666,2.0453259898153786
6093,26,7.491,4.419,34.7,8.544,3642,758,20.556,5.367,42.71279002364434,9.60134540234375,5.66390940234375,10.950993875,6.87897754296875,7.374527731318484
6094,1,1.128,1.128,0.0,1.414,3651,752,135.0,1.0,1.642799616294013,1.4457772812499998,1.4457772812499998,1.8123484713541664,1.2817174479166666,1.4462638771355416
6095,5,3.144,2.025,71.565,3.606,3692,755,56.31,2.0,8.213998081470065,4.02971965625,2.59547783203125,4.6218731171875,2.5634348958333333,3.2339443426774745
6096,31,6.583,5.996,85.935,8.485,3712,754,135.0,6.0,50.926788105114404,8.437545959635417,7.685177817708333,10.875372545572915,7.690304687499999,8.052456474363645
6097,3,3.213,1.189,118.155,3.606,3763,752,123.69,1.789,4.928398848882039,4.11815816015625,1.5239620455729168,4.6218731171875,2.2929925143229166,2.5050025163503102
6098,3,3.213,1.189,61.845,3.606,262,756,56.31,1.789,4.928398848882039,4.11815816015625,1.5239620455729168,4.6218731171875,2.2929925143229166,2.5050025163503102
6099,1,1.128,1.128,0.0,1.414,329,753,135.0,1.0,1.642799616294013,1.4457772812499998,1.4457772812499998,1.8123484713541664,1.2817174479166666,1.4462638771355416
6100,268,28.245,12.081,103.008,34.205,347,753,105.255,19.379,440.2702971667955,36.20210931640625,15.48442848828125,43.84114530598958,24.838402423177083,23.676360071140802
6101,16,5.13,3.971,94.837,5.831,494,753,120.964,4.0,26.28479386070421,6.5752105078125,5.0896999856770835,7.473694438802084,5.126869791666667,5.785055508542166
6102,3,3.385,1.128,0.0,3.162,500,753,161.565,1.0,4.928398848882039,4.338613561197916,1.4457772812499998,4.0527905703125,1.2817174479166666,2.5050025163503102
6103,52,11.675,5.671,8.731,13.601,531,758,17.103,6.641,85.42558004728868,14.964051204427085,7.2686196471354165,17.432639009114585,8.511885571614583,10.429157133727092
6104,3,2.365,1.615,135.0,2.828,574,753,135.0,2.0,4.928398848882039,3.0312617643229167,2.069973678385417,3.624696942708333,2.5634348958333333,2.5050025163503102
6105,1,1.128,1.128,0.0,1.414,3472,753,135.0,1.0,1.642799616294013,1.4457772812499998,1.4457772812499998,1.8123484713541664,1.2817174479166666,1.4462638771355416
6106,1,1.128,1.128,0.0,1.414,3517,753,135.0,1.0,1.642799616294013,1.4457772812499998,1.4457772812499998,1.8123484713541664,1.2817174479166666,1.4462638771355416
6107,5,3.144,2.025,71.565,3.606,3534,756,56.31,2.0,8.213998081470065,4.02971965625,2.59547783203125,4.6218731171875,2.5634348958333333,3.2339443426774745
6108,2,2.257,1.128,90.0,2.236,3553,753,116.565,1.0,3.285599232588026,2.892836279947917,1.4457772812499998,2.865920213541667,1.2817174479166666,2.0453259898153786
6109,134,14.658,11.64,97.282,17.72,3766,770,73.61,14.0,220.13514858339775,18.7874143515625,14.919191093750001,22.71203317708333,17.944044270833334,16.74171476011807
6110,13,6.244,2.651,115.135,6.708,239,754,116.565,3.479,21.35639501182217,8.003043744791666,3.397832954427083,8.597760640625,4.459095001302083,5.214578566863546
6111,2,2.257,1.128,90.0,2.236,246,754,116.565,1.0,3.285599232588026,2.892836279947917,1.4457772812499998,2.865920213541667,1.2817174479166666,2.0453259898153786
6112,26,9.62,3.441,124.142,11.662,249,754,120.964,5.367,42.71279002364434,12.330121848958331,4.41038973828125,14.947388877604167,6.87897754296875,7.374527731318484
6113,1,1.128,1.128,0.0,1.414,295,754,135.0,1.0,1.642799616294013,1.4457772812499998,1.4457772812499998,1.8123484713541664,1.2817174479166666,1.4462638771355416
6114,4,2.734,1.863,90.0,3.162,311,754,108.435,2.0,6.571198465176052,3.5042155026041666,2.38783960546875,4.0527905703125,2.5634348958333333,2.892527754271083
6115,11,4.17,3.358,3.058,5.0,392,754,143.13,4.0,18.070795779234142,5.3447617578125,4.3040071901041665,6.408587239583333,5.126869791666667,4.796714628303253
6116,13,4.352,3.803,123.81,6.403,436,756,141.34,4.707,21.35639501182217,5.578034333333334,4.8743714544270835,8.206836819010416,6.03304402734375,5.214578566863546
6117,5,3.144,2.025,161.565,3.606,479,754,146.31,2.0,8.213998081470065,4.02971965625,2.59547783203125,4.6218731171875,2.5634348958333333,3.2339443426774745
6118,2,2.596,0.981,135.0,2.828,167,755,135.0,1.414,3.285599232588026,3.327338494791667,1.2573648164062499,3.624696942708333,1.8123484713541664,2.0453259898153786
6119,10,7.739,1.645,48.576,8.485,198,761,45.0,2.655,16.42799616294013,9.919211329427084,2.1084252018229166,10.875372545572915,3.4029598242187498,4.573487949374228
6120,2,2.596,0.981,45.0,2.828,243,757,45.0,1.414,3.285599232588026,3.327338494791667,1.2573648164062499,3.624696942708333,1.8123484713541664,2.0453259898153786
6121,1,1.128,1.128,0.0,1.414,3457,755,135.0,1.0,1.642799616294013,1.4457772812499998,1.4457772812499998,1.8123484713541664,1.2817174479166666,1.4462638771355416
6122,1,1.128,1.128,0.0,1.414,3486,755,135.0,1.0,1.642799616294013,1.4457772812499998,1.4457772812499998,1.8123484713541664,1.2817174479166666,1.4462638771355416
6123,1,1.128,1.128,0.0,1.414,3520,755,135.0,1.0,1.642799616294013,1.4457772812499998,1.4457772812499998,1.8123484713541664,1.2817174479166666,1.4462638771355416
6124,1,1.128,1.128,0.0,1.414,3527,755,135.0,1.0,1.642799616294013,1.4457772812499998,1.4457772812499998,1.8123484713541664,1.2817174479166666,1.4462638771355416
6125,14,6.019,2.962,144.864,7.81,3662,755,129.806,4.287,22.999194628116182,7.714657319010417,3.796447080729167,10.010213268229165,5.49472269921875,5.411423919108519
6126,37,11.191,4.21,164.863,12.649,3746,757,161.565,6.593,60.783585802878484,14.343699959635417,5.396030455729167,16.212443998697914,8.450363134114584,8.7972797207639
6127,1,1.128,1.128,0.0,1.414,3778,755,135.0,1.0,1.642799616294013,1.4457772812499998,1.4457772812499998,1.8123484713541664,1.2817174479166666,1.4462638771355416
6128,1,1.128,1.128,0.0,1.414,3824,755,135.0,1.0,1.642799616294013,1.4457772812499998,1.4457772812499998,1.8123484713541664,1.2817174479166666,1.4462638771355416
6129,8,5.11,1.993,81.323,5.385,209,761,68.199,2.0,13.142396930352104,6.549576158854167,2.5544628736979167,6.90204845703125,2.5634348958333333,4.090651979630757
6130,1,1.128,1.128,0.0,1.414,215,756,135.0,1.0,1.642799616294013,1.4457772812499998,1.4457772812499998,1.8123484713541664,1.2817174479166666,1.4462638771355416
6131,22,6.265,4.471,78.248,7.28,232,756,105.945,5.0,36.141591558468285,8.029959811197916,5.7305587096354165,9.330903020833334,6.408587239583333,6.78357888217988
6132,2,2.257,1.128,90.0,2.236,269,756,116.565,1.0,3.285599232588026,2.892836279947917,1.4457772812499998,2.865920213541667,1.2817174479166666,2.0453259898153786
6133,3,2.365,1.615,45.0,2.828,376,758,45.0,2.0,4.928398848882039,3.0312617643229167,2.069973678385417,3.624696942708333,2.5634348958333333,2.5050025163503102
6134,16,6.144,3.316,131.437,7.81,489,756,129.806,4.472,26.28479386070421,7.874872,4.250175057291666,10.010213268229165,5.731840427083334,5.785055508542166
6135,3,3.385,1.128,90.0,3.162,3505,756,108.435,1.0,4.928398848882039,4.338613561197916,1.4457772812499998,4.0527905703125,1.2817174479166666,2.5050025163503102
6136,25,6.402,4.972,165.878,8.062,3550,758,150.255,6.0,41.069990407350325,8.2055551015625,6.372699151041667,10.333206065104166,7.690304687499999,7.231319385677708
6137,22,6.84,4.096,68.957,8.544,3584,764,69.444,5.659,36.141591558468285,8.76694734375,5.249914666666666,10.950993875,7.253239037760416,6.78357888217988
6138,2,2.257,1.128,90.0,2.236,3626,756,116.565,1.0,3.285599232588026,2.892836279947917,1.4457772812499998,2.865920213541667,1.2817174479166666,2.0453259898153786
6139,2,2.257,1.128,90.0,2.236,3651,756,116.565,1.0,3.285599232588026,2.892836279947917,1.4457772812499998,2.865920213541667,1.2817174479166666,2.0453259898153786
6140,2,2.257,1.128,90.0,2.236,418,757,116.565,1.0,3.285599232588026,2.892836279947917,1.4457772812499998,2.865920213541667,1.2817174479166666,2.0453259898153786
6141,1,1.128,1.128,0.0,1.414,3451,757,135.0,1.0,1.642799616294013,1.4457772812499998,1.4457772812499998,1.8123484713541664,1.2817174479166666,1.4462638771355416
6142,2,2.596,0.981,45.0,2.828,3647,759,45.0,1.414,3.285599232588026,3.327338494791667,1.2573648164062499,3.624696942708333,1.8123484713541664,2.0453259898153786
6143,81,15.33,6.727,97.242,24.515,3683,757,101.768,12.0,133.06676891981505,19.6487284765625,8.622113272135417,31.421303235677083,15.380609374999999,13.016374894219874
6144,2,2.596,0.981,135.0,2.828,3738,757,135.0,1.414,3.285599232588026,3.327338494791667,1.2573648164062499,3.624696942708333,1.8123484713541664,2.0453259898153786
6145,2,2.257,1.128,0.0,2.236,159,758,153.435,1.0,3.285599232588026,2.892836279947917,1.4457772812499998,2.865920213541667,1.2817174479166666,2.0453259898153786
6146,1,1.128,1.128,0.0,1.414,263,758,135.0,1.0,1.642799616294013,1.4457772812499998,1.4457772812499998,1.8123484713541664,1.2817174479166666,1.4462638771355416
6147,36,8.302,5.521,29.161,9.22,590,764,40.601,6.261,59.14078618658447,10.640818252604166,7.076362029947917,11.817434869791667,8.02483294140625,8.677583262813249
6148,13,5.074,3.262,145.183,6.708,3498,759,153.435,4.8,21.35639501182217,6.503434330729166,4.180962315104167,8.597760640625,6.152243749999999,5.214578566863546
6149,22,9.002,3.112,28.153,11.662,3592,764,30.964,5.209,36.141591558468285,11.538020466145834,3.988704697916667,14.947388877604167,6.676466186197916,6.78357888217988
6150,4,2.257,2.257,0.0,2.828,3614,758,135.0,2.0,6.571198465176052,2.892836279947917,2.892836279947917,3.624696942708333,2.5634348958333333,2.892527754271083
6151,1,1.128,1.128,0.0,1.414,296,759,135.0,1.0,1.642799616294013,1.4457772812499998,1.4457772812499998,1.8123484713541664,1.2817174479166666,1.4462638771355416
6152,1,1.128,1.128,0.0,1.414,3453,759,135.0,1.0,1.642799616294013,1.4457772812499998,1.4457772812499998,1.8123484713541664,1.2817174479166666,1.4462638771355416
6153,2,2.257,1.128,90.0,2.236,3509,759,116.565,1.0,3.285599232588026,2.892836279947917,1.4457772812499998,2.865920213541667,1.2817174479166666,2.0453259898153786
6154,3,3.385,1.128,90.0,3.162,3545,759,108.435,1.0,4.928398848882039,4.338613561197916,1.4457772812499998,4.0527905703125,1.2817174479166666,2.5050025163503102
6155,3,3.385,1.128,90.0,3.162,3680,759,108.435,1.0,4.928398848882039,4.338613561197916,1.4457772812499998,4.0527905703125,1.2817174479166666,2.5050025163503102
6156,1,1.128,1.128,0.0,1.414,3707,759,135.0,1.0,1.642799616294013,1.4457772812499998,1.4457772812499998,1.8123484713541664,1.2817174479166666,1.4462638771355416
6157,1,1.128,1.128,0.0,1.414,3710,759,135.0,1.0,1.642799616294013,1.4457772812499998,1.4457772812499998,1.8123484713541664,1.2817174479166666,1.4462638771355416
6158,39,9.952,4.99,29.346,12.728,203,769,45.0,7.031,64.0691850354665,12.755652041666666,6.395770065104167,16.31369967708333,9.011755376302082,9.031915017867364
6159,2,2.257,1.128,90.0,2.236,267,760,116.565,1.0,3.285599232588026,2.892836279947917,1.4457772812499998,2.865920213541667,1.2817174479166666,2.0453259898153786
6160,7,4.154,2.146,81.65,4.472,276,764,63.435,2.0,11.499597314058091,5.324254278645833,2.7505656432291663,5.731840427083334,2.5634348958333333,3.826454549076717
6161,14,4.557,3.912,45.0,5.657,332,764,45.0,4.0,22.999194628116182,5.840786410156251,5.01407865625,7.250675602864583,5.126869791666667,5.411423919108519
6162,3,2.365,1.615,45.0,2.828,3636,762,45.0,2.0,4.928398848882039,3.0312617643229167,2.069973678385417,3.624696942708333,2.5634348958333333,2.5050025163503102
6163,25,6.863,4.638,126.374,9.22,3740,760,130.601,5.935,41.069990407350325,8.796426845052084,5.9446055234375,11.817434869791667,7.606993053385416,7.231319385677708
6164,1,1.128,1.128,0.0,1.414,3825,760,135.0,1.0,1.642799616294013,1.4457772812499998,1.4457772812499998,1.8123484713541664,1.2817174479166666,1.4462638771355416
6165,4,2.734,1.863,0.0,3.162,240,761,161.565,2.0,6.571198465176052,3.5042155026041666,2.38783960546875,4.0527905703125,2.5634348958333333,2.892527754271083
6166,1,1.128,1.128,0.0,1.414,255,761,135.0,1.0,1.642799616294013,1.4457772812499998,1.4457772812499998,1.8123484713541664,1.2817174479166666,1.4462638771355416
6167,54,15.621,4.401,55.937,17.493,251,776,59.036,6.656,88.7111792798767,20.02170825390625,5.64083848828125,22.421083316406246,8.531111333333333,10.62782559720402
6168,1,1.128,1.128,0.0,1.414,289,761,135.0,1.0,1.642799616294013,1.4457772812499998,1.4457772812499998,1.8123484713541664,1.2817174479166666,1.4462638771355416
6169,1,1.128,1.128,0.0,1.414,307,761,135.0,1.0,1.642799616294013,1.4457772812499998,1.4457772812499998,1.8123484713541664,1.2817174479166666,1.4462638771355416
6170,32,8.575,4.752,165.086,9.22,368,762,167.471,5.491,52.56958772140842,10.990727115885415,6.0907213124999995,11.817434869791667,7.037910506510416,8.181303959261514
6171,1,1.128,1.128,0.0,1.414,525,761,135.0,1.0,1.642799616294013,1.4457772812499998,1.4457772812499998,1.8123484713541664,1.2817174479166666,1.4462638771355416
6172,4,3.676,1.385,50.31,4.243,3564,764,45.0,2.121,6.571198465176052,4.711593338541666,1.7751786653645834,5.438327131510417,2.71852270703125,2.892527754271083
6173,2,2.596,0.981,135.0,2.828,3697,761,135.0,1.414,3.285599232588026,3.327338494791667,1.2573648164062499,3.624696942708333,1.8123484713541664,2.0453259898153786
6174,7,5.957,1.496,75.911,6.325,270,768,71.565,2.0,11.499597314058091,7.635190837239583,1.9174493020833332,8.106862858072917,2.5634348958333333,3.826454549076717
6175,1,1.128,1.128,0.0,1.414,273,762,135.0,1.0,1.642799616294013,1.4457772812499998,1.4457772812499998,1.8123484713541664,1.2817174479166666,1.4462638771355416
6176,2,2.257,1.128,90.0,2.236,3483,762,116.565,1.0,3.285599232588026,2.892836279947917,1.4457772812499998,2.865920213541667,1.2817174479166666,2.0453259898153786
6177,14,6.368,2.799,59.679,7.211,3614,768,56.31,4.025,22.999194628116182,8.161976708333334,3.58752713671875,9.242464516927084,5.158912727864584,5.411423919108519
6178,7,4.154,2.146,8.35,4.472,3626,764,26.565,2.0,11.499597314058091,5.324254278645833,2.7505656432291663,5.731840427083334,2.5634348958333333,3.826454549076717
6179,26,5.937,5.576,8.551,7.211,3648,762,123.69,6.0,42.71279002364434,7.6095564882812505,7.146856489583333,9.242464516927084,7.690304687499999,7.374527731318484
6180,13,6.559,2.524,80.287,6.708,3653,768,63.435,3.0,21.35639501182217,8.406784740885417,3.2350548385416666,8.597760640625,3.8451523437499997,5.214578566863546
6181,3,3.385,1.128,90.0,3.162,3677,762,108.435,1.0,4.928398848882039,4.338613561197916,1.4457772812499998,4.0527905703125,1.2817174479166666,2.5050025163503102
6182,49,13.3,4.691,14.208,16.492,3702,770,14.036,7.005,80.49718119840664,17.046842057291666,6.012536548177083,21.138084151041667,8.978430722656249,10.12384713994879
6183,728,34.103,27.18,64.995,59.933,3725,816,64.29,44.376,1195.9581206620414,43.71041012630209,34.837080234375,76.81717180598959,56.87749346875,39.02233282723612
6184,57,11.41,6.361,135.848,13.601,286,763,126.027,8.403,93.63957812875874,14.624396080729166,8.153004686197916,17.432639009114585,10.77027171484375,10.919052822086096
6185,1,1.128,1.128,0.0,1.414,599,763,135.0,1.0,1.642799616294013,1.4457772812499998,1.4457772812499998,1.8123484713541664,1.2817174479166666,1.4462638771355416
6186,3,2.365,1.615,45.0,2.828,3779,765,45.0,2.0,4.928398848882039,3.0312617643229167,2.069973678385417,3.624696942708333,2.5634348958333333,2.5050025163503102
6187,4,2.734,1.863,0.0,3.162,238,765,161.565,2.0,6.571198465176052,3.5042155026041666,2.38783960546875,4.0527905703125,2.5634348958333333,2.892527754271083
6188,3,2.365,1.615,45.0,2.828,304,766,45.0,2.0,4.928398848882039,3.0312617643229167,2.069973678385417,3.624696942708333,2.5634348958333333,2.5050025163503102
6189,29,8.076,4.572,92.182,10.198,314,774,78.69,5.706,47.64118887252638,10.351150109375,5.860012171875,13.070954533854167,7.313479757812501,7.788369332980218
6190,2,2.257,1.128,90.0,2.236,3506,764,116.565,1.0,3.285599232588026,2.892836279947917,1.4457772812499998,2.865920213541667,1.2817174479166666,2.0453259898153786
6191,4,3.192,1.596,161.565,3.606,3509,764,146.31,2.0,6.571198465176052,4.09124209375,2.045621046875,4.6218731171875,2.5634348958333333,2.892527754271083
6192,7,3.576,2.493,82.027,4.472,3622,764,116.565,3.0,11.499597314058091,4.58342159375,3.1953215976562497,5.731840427083334,3.8451523437499997,3.826454549076717
6193,11,5.664,2.473,143.551,6.403,3670,764,141.34,3.536,18.070795779234142,7.2596476249999995,3.1696872486979166,8.206836819010416,4.532152895833334,4.796714628303253
6194,1,1.128,1.128,0.0,1.414,3761,764,135.0,1.0,1.642799616294013,1.4457772812499998,1.4457772812499998,1.8123484713541664,1.2817174479166666,1.4462638771355416
6195,2,2.596,0.981,135.0,2.828,127,765,135.0,1.414,3.285599232588026,3.327338494791667,1.2573648164062499,3.624696942708333,1.8123484713541664,2.0453259898153786
6196,4,3.216,1.583,121.717,3.606,229,765,123.69,2.0,6.571198465176052,4.1220033125,2.028958720052083,4.6218731171875,2.5634348958333333,2.892527754271083
6197,12,4.035,3.787,63.435,5.0,273,765,126.87,4.0,19.713595395528156,5.17172990234375,4.853863975260417,6.408587239583333,5.126869791666667,5.0100050327006205
6198,9,5.168,2.217,127.477,7.071,296,765,135.0,3.536,14.785196546646118,6.623915770833333,2.8415675820312503,9.063024074218749,4.532152895833334,4.338791631406624
6199,3,2.365,1.615,135.0,2.828,330,765,135.0,2.0,4.928398848882039,3.0312617643229167,2.069973678385417,3.624696942708333,2.5634348958333333,2.5050025163503102
6200,5,3.244,1.963,90.0,3.606,506,765,123.69,2.0,8.213998081470065,4.157891401041667,2.516011350260417,4.6218731171875,2.5634348958333333,3.2339443426774745
6201,1,1.128,1.128,0.0,1.414,533,765,135.0,1.0,1.642799616294013,1.4457772812499998,1.4457772812499998,1.8123484713541664,1.2817174479166666,1.4462638771355416
6202,1,1.128,1.128,0.0,1.414,3564,765,135.0,1.0,1.642799616294013,1.4457772812499998,1.4457772812499998,1.8123484713541664,1.2817174479166666,1.4462638771355416
6203,2,2.257,1.128,90.0,2.236,3567,765,116.565,1.0,3.285599232588026,2.892836279947917,1.4457772812499998,2.865920213541667,1.2817174479166666,2.0453259898153786
6204,5,3.086,2.063,34.099,3.606,3692,768,33.69,2.683,8.213998081470065,3.955380044270833,2.6441830950520835,4.6218731171875,3.4388479127604166,3.2339443426774745
6205,6,3.718,2.055,36.87,4.243,3696,768,45.0,2.683,9.856797697764078,4.765425471354167,2.63392935546875,5.438327131510417,3.4388479127604166,3.5426085324013394
6206,1,1.128,1.128,0.0,1.414,3763,765,135.0,1.0,1.642799616294013,1.4457772812499998,1.4457772812499998,1.8123484713541664,1.2817174479166666,1.4462638771355416
6207,2,2.257,1.128,90.0,2.236,3453,766,116.565,1.0,3.285599232588026,2.892836279947917,1.4457772812499998,2.865920213541667,1.2817174479166666,2.0453259898153786
6208,2,2.257,1.128,90.0,2.236,3481,766,116.565,1.0,3.285599232588026,2.892836279947917,1.4457772812499998,2.865920213541667,1.2817174479166666,2.0453259898153786
6209,3,2.365,1.615,45.0,2.828,3577,768,45.0,2.0,4.928398848882039,3.0312617643229167,2.069973678385417,3.624696942708333,2.5634348958333333,2.5050025163503102
6210,1,1.128,1.128,0.0,1.414,3580,766,135.0,1.0,1.642799616294013,1.4457772812499998,1.4457772812499998,1.8123484713541664,1.2817174479166666,1.4462638771355416
6211,19,7.723,3.133,87.163,7.616,3666,766,113.199,3.0,31.21319270958625,9.898703850260416,4.015620764322916,9.761560083333332,3.8451523437499997,6.304118086127151
6212,342,24.478,17.79,159.56,33.734,3768,778,168.024,25.888,561.8374687725525,31.373879690104168,22.801753398437498,43.23745638802083,33.18110129166667,26.746107888607607
6213,173,18.389,11.978,171.006,23.087,458,775,162.35,14.758,284.20433361886427,23.56950214973958,15.352411591145833,29.591010720052083,18.915586096354165,19.02263131112868
6214,1,1.128,1.128,0.0,1.414,3552,767,135.0,1.0,1.642799616294013,1.4457772812499998,1.4457772812499998,1.8123484713541664,1.2817174479166666,1.4462638771355416
6215,9,6.524,1.757,34.656,7.81,3578,772,39.806,2.774,14.785196546646118,8.361924630208334,2.251977555989583,10.010213268229165,3.555484200520833,4.338791631406624
6216,1,1.128,1.128,0.0,1.414,3593,767,135.0,1.0,1.642799616294013,1.4457772812499998,1.4457772812499998,1.8123484713541664,1.2817174479166666,1.4462638771355416
6217,32,9.608,4.241,109.997,9.849,3734,767,113.962,5.295,52.56958772140842,12.314741239583334,5.435763696614583,12.62363514453125,6.78669388671875,8.181303959261514
6218,2,2.257,1.128,90.0,2.236,131,768,116.565,1.0,3.285599232588026,2.892836279947917,1.4457772812499998,2.865920213541667,1.2817174479166666,2.0453259898153786
6219,4,2.257,2.257,0.0,2.828,234,768,135.0,2.0,6.571198465176052,2.892836279947917,2.892836279947917,3.624696942708333,2.5634348958333333,2.892527754271083
6220,2,2.257,1.128,90.0,2.236,303,768,116.565,1.0,3.285599232588026,2.892836279947917,1.4457772812499998,2.865920213541667,1.2817174479166666,2.0453259898153786
6221,4,2.257,2.257,0.0,2.828,404,768,135.0,2.0,6.571198465176052,2.892836279947917,2.892836279947917,3.624696942708333,2.5634348958333333,2.892527754271083
6222,4,2.734,1.863,0.0,3.162,624,769,161.565,2.0,6.571198465176052,3.5042155026041666,2.38783960546875,4.0527905703125,2.5634348958333333,2.892527754271083
6223,3,2.365,1.615,135.0,2.828,3367,768,135.0,2.0,4.928398848882039,3.0312617643229167,2.069973678385417,3.624696942708333,2.5634348958333333,2.5050025163503102
6224,1,1.128,1.128,0.0,1.414,3585,768,135.0,1.0,1.642799616294013,1.4457772812499998,1.4457772812499998,1.8123484713541664,1.2817174479166666,1.4462638771355416
6225,19,5.762,4.198,76.717,7.211,3618,774,56.31,5.0,31.21319270958625,7.385255934895833,5.380649846354167,9.242464516927084,6.408587239583333,6.304118086127151
6226,1,1.128,1.128,0.0,1.414,3746,768,135.0,1.0,1.642799616294013,1.4457772812499998,1.4457772812499998,1.8123484713541664,1.2817174479166666,1.4462638771355416
6227,13,6.02,2.749,47.773,8.485,225,775,45.0,4.95,21.35639501182217,7.715939036458333,3.523441264322917,10.875372545572915,6.3445013671875,5.214578566863546
6228,2,2.257,1.128,0.0,2.236,239,769,153.435,1.0,3.285599232588026,2.892836279947917,1.4457772812499998,2.865920213541667,1.2817174479166666,2.0453259898153786
6229,85,13.378,8.09,76.507,15.524,242,784,75.069,11.628,139.6379673849911,17.146816018229167,10.369094153645833,19.897381661458333,14.903810484375,13.333894112227902
6230,1,1.128,1.128,0.0,1.414,393,769,135.0,1.0,1.642799616294013,1.4457772812499998,1.4457772812499998,1.8123484713541664,1.2817174479166666,1.4462638771355416
6231,1,1.128,1.128,0.0,1.414,3445,769,135.0,1.0,1.642799616294013,1.4457772812499998,1.4457772812499998,1.8123484713541664,1.2817174479166666,1.4462638771355416
6232,3,3.385,1.128,90.0,3.162,3542,769,108.435,1.0,4.928398848882039,4.338613561197916,1.4457772812499998,4.0527905703125,1.2817174479166666,2.5050025163503102
6233,15,6.935,2.754,112.743,8.062,3548,769,119.745,3.638,24.641994244410196,8.888710501302082,3.5298498515625,10.333206065104166,4.662888075520833,5.601355910367322
6234,2,2.257,1.128,0.0,2.236,3552,769,153.435,1.0,3.285599232588026,2.892836279947917,1.4457772812499998,2.865920213541667,1.2817174479166666,2.0453259898153786
6235,1,1.128,1.128,0.0,1.414,3558,769,135.0,1.0,1.642799616294013,1.4457772812499998,1.4457772812499998,1.8123484713541664,1.2817174479166666,1.4462638771355416
6236,1,1.128,1.128,0.0,1.414,3576,769,135.0,1.0,1.642799616294013,1.4457772812499998,1.4457772812499998,1.8123484713541664,1.2817174479166666,1.4462638771355416
6237,5,5.642,1.128,90.0,5.099,3589,769,101.31,1.0,8.213998081470065,7.2314498411458334,1.4457772812499998,6.535477266927083,1.2817174479166666,3.2339443426774745
6238,2,2.257,1.128,0.0,2.236,3676,769,153.435,1.0,3.285599232588026,2.892836279947917,1.4457772812499998,2.865920213541667,1.2817174479166666,2.0453259898153786
6239,128,16.111,10.115,159.356,20.0,159,770,143.13,12.0,210.27835088563367,20.64974980338542,12.964571985677082,25.634348958333334,15.380609374999999,16.36260791852303
6240,2,2.257,1.128,0.0,2.236,178,770,153.435,1.0,3.285599232588026,2.892836279947917,1.4457772812499998,2.865920213541667,1.2817174479166666,2.0453259898153786
6241,1,1.128,1.128,0.0,1.414,327,770,135.0,1.0,1.642799616294013,1.4457772812499998,1.4457772812499998,1.8123484713541664,1.2817174479166666,1.4462638771355416
6242,39,9.936,4.998,88.685,13.153,390,783,81.254,8.0,64.0691850354665,12.7351445625,6.4060238046875,16.858429592447916,10.253739583333333,9.031915017867364
6243,4,2.257,2.257,0.0,2.828,426,770,135.0,2.0,6.571198465176052,2.892836279947917,2.892836279947917,3.624696942708333,2.5634348958333333,2.892527754271083
6244,2,2.596,0.981,45.0,2.828,528,772,45.0,1.414,3.285599232588026,3.327338494791667,1.2573648164062499,3.624696942708333,1.8123484713541664,2.0453259898153786
6245,1,1.128,1.128,0.0,1.414,3517,770,135.0,1.0,1.642799616294013,1.4457772812499998,1.4457772812499998,1.8123484713541664,1.2817174479166666,1.4462638771355416
6246,1,1.128,1.128,0.0,1.414,3563,770,135.0,1.0,1.642799616294013,1.4457772812499998,1.4457772812499998,1.8123484713541664,1.2817174479166666,1.4462638771355416
6247,21,6.109,4.377,66.718,7.211,3648,776,56.31,5.0,34.49879194217427,7.8300118893229165,5.610077269531249,9.242464516927084,6.408587239583333,6.627613691853932
6248,150,25.741,7.42,166.767,31.575,3697,773,169.046,12.912,246.41994244410196,32.99268882682291,9.510343463541666,40.47022841796875,16.5495356875,17.713042662006696
6249,1,1.128,1.128,0.0,1.414,3717,770,135.0,1.0,1.642799616294013,1.4457772812499998,1.4457772812499998,1.8123484713541664,1.2817174479166666,1.4462638771355416
6250,27,8.878,3.872,7.977,10.44,3756,774,16.699,5.0,44.35558963993835,11.379087502604166,4.962809958333333,13.381130156249998,6.408587239583333,7.515007549050931
6251,62,9.446,8.357,152.894,12.806,204,772,128.66,10.0,101.85357621022881,12.107103013020833,10.711312712239582,16.413673638020832,12.817174479166667,11.387893156464104
6252,2,2.257,1.128,0.0,2.236,303,771,153.435,1.0,3.285599232588026,2.892836279947917,1.4457772812499998,2.865920213541667,1.2817174479166666,2.0453259898153786
6253,1,1.128,1.128,0.0,1.414,3587,771,135.0,1.0,1.642799616294013,1.4457772812499998,1.4457772812499998,1.8123484713541664,1.2817174479166666,1.4462638771355416
6254,7,4.254,2.095,158.801,5.385,261,773,158.199,3.0,11.499597314058091,5.452426023437499,2.6851980533854167,6.90204845703125,3.8451523437499997,3.826454549076717
6255,19,7.977,3.033,52.847,10.0,279,780,53.13,5.488,31.21319270958625,10.22426008203125,3.8874490195312497,12.817174479166667,7.034065354166667,6.304118086127151
6256,67,10.317,8.268,149.449,12.806,324,772,128.66,10.0,110.06757429169888,13.223478910156249,10.597239859375001,16.413673638020832,12.817174479166667,11.838180035570401
6257,3,3.213,1.189,151.845,3.606,3505,772,146.31,1.789,4.928398848882039,4.11815816015625,1.5239620455729168,4.6218731171875,2.2929925143229166,2.5050025163503102
6258,7,3.752,2.375,90.0,4.472,3572,772,116.565,3.0,11.499597314058091,4.809003864583333,3.0440789388020835,5.731840427083334,3.8451523437499997,3.826454549076717
6259,12,4.312,3.543,51.813,5.657,236,777,45.0,4.0,19.713595395528156,5.526765635416667,4.54112491796875,7.250675602864583,5.126869791666667,5.0100050327006205
6260,24,7.497,4.076,77.422,11.705,284,784,70.017,6.306,39.42719079105631,9.60903570703125,5.224280317708333,15.002502727864583,8.0825102265625,7.085217064802679
6261,5,3.144,2.025,71.565,3.606,414,776,56.31,2.0,8.213998081470065,4.02971965625,2.59547783203125,4.6218731171875,2.5634348958333333,3.2339443426774745
6262,3,3.385,1.128,0.0,3.162,424,773,161.565,1.0,4.928398848882039,4.338613561197916,1.4457772812499998,4.0527905703125,1.2817174479166666,2.5050025163503102
6263,1,1.128,1.128,0.0,1.414,3621,773,135.0,1.0,1.642799616294013,1.4457772812499998,1.4457772812499998,1.8123484713541664,1.2817174479166666,1.4462638771355416
6264,1,1.128,1.128,0.0,1.414,3768,773,135.0,1.0,1.642799616294013,1.4457772812499998,1.4457772812499998,1.8123484713541664,1.2817174479166666,1.4462638771355416
6265,22,7.366,3.803,46.322,8.485,294,780,45.0,4.95,36.141591558468285,9.441130721354167,4.8743714544270835,10.875372545572915,6.3445013671875,6.78357888217988
6266,1,1.128,1.128,0.0,1.414,335,774,135.0,1.0,1.642799616294013,1.4457772812499998,1.4457772812499998,1.8123484713541664,1.2817174479166666,1.4462638771355416
6267,3,3.213,1.189,28.155,3.606,561,776,33.69,1.789,4.928398848882039,4.11815816015625,1.5239620455729168,4.6218731171875,2.2929925143229166,2.5050025163503102
6268,2,2.257,1.128,90.0,2.236,3539,774,116.565,1.0,3.285599232588026,2.892836279947917,1.4457772812499998,2.865920213541667,1.2817174479166666,2.0453259898153786
6269,16,5.382,3.785,77.094,7.211,3630,780,56.31,5.0,26.28479386070421,6.8982033046875,4.8513005403645835,9.242464516927084,6.408587239583333,5.785055508542166
6270,12,5.238,2.917,14.936,5.831,255,778,30.964,3.638,19.713595395528156,6.7136359921875,3.7387697955729164,7.473694438802084,4.662888075520833,5.0100050327006205
6271,1,1.128,1.128,0.0,1.414,506,775,135.0,1.0,1.642799616294013,1.4457772812499998,1.4457772812499998,1.8123484713541664,1.2817174479166666,1.4462638771355416
6272,2,2.257,1.128,0.0,2.236,509,775,153.435,1.0,3.285599232588026,2.892836279947917,1.4457772812499998,2.865920213541667,1.2817174479166666,2.0453259898153786
6273,10,5.211,2.444,3.139,6.325,3393,777,18.435,3.0,16.42799616294013,6.6790296210937505,3.132517442708333,8.106862858072917,3.8451523437499997,4.573487949374228
6274,1,1.128,1.128,0.0,1.414,3467,775,135.0,1.0,1.642799616294013,1.4457772812499998,1.4457772812499998,1.8123484713541664,1.2817174479166666,1.4462638771355416
6275,7,3.507,2.542,120.473,4.243,3469,775,135.0,3.0,11.499597314058091,4.49498308984375,3.2581257526041663,5.438327131510417,3.8451523437499997,3.826454549076717
6276,1,1.128,1.128,0.0,1.414,3666,775,135.0,1.0,1.642799616294013,1.4457772812499998,1.4457772812499998,1.8123484713541664,1.2817174479166666,1.4462638771355416
6277,1,1.128,1.128,0.0,1.414,3759,775,135.0,1.0,1.642799616294013,1.4457772812499998,1.4457772812499998,1.8123484713541664,1.2817174479166666,1.4462638771355416
6278,7,4.633,1.924,112.5,5.0,3807,775,126.87,2.53,11.499597314058091,5.938196936197917,2.4660243697916666,6.408587239583333,3.2427451432291665,3.826454549076717
6279,1,1.128,1.128,0.0,1.414,3832,775,135.0,1.0,1.642799616294013,1.4457772812499998,1.4457772812499998,1.8123484713541664,1.2817174479166666,1.4462638771355416
6280,8,4.037,2.523,56.31,5.0,225,780,53.13,3.0,13.142396930352104,5.174293337239583,3.23377312109375,6.408587239583333,3.8451523437499997,4.090651979630757
6281,12,6.079,2.513,72.408,6.708,315,782,63.435,3.0,19.713595395528156,7.791560365885416,3.220955946614583,8.597760640625,3.8451523437499997,5.0100050327006205
6282,2,2.257,1.128,90.0,2.236,382,776,116.565,1.0,3.285599232588026,2.892836279947917,1.4457772812499998,2.865920213541667,1.2817174479166666,2.0453259898153786
6283,4,2.257,2.257,0.0,2.828,404,776,135.0,2.0,6.571198465176052,2.892836279947917,2.892836279947917,3.624696942708333,2.5634348958333333,2.892527754271083
6284,5,4.183,1.522,79.099,4.472,418,780,63.435,2.0,8.213998081470065,5.361424084635416,1.9507739557291666,5.731840427083334,2.5634348958333333,3.2339443426774745
6285,1,1.128,1.128,0.0,1.414,421,776,135.0,1.0,1.642799616294013,1.4457772812499998,1.4457772812499998,1.8123484713541664,1.2817174479166666,1.4462638771355416
6286,2,2.257,1.128,90.0,2.236,503,776,116.565,1.0,3.285599232588026,2.892836279947917,1.4457772812499998,2.865920213541667,1.2817174479166666,2.0453259898153786
6287,4,2.257,2.257,0.0,2.828,3546,776,135.0,2.0,6.571198465176052,2.892836279947917,2.892836279947917,3.624696942708333,2.5634348958333333,2.892527754271083
6288,5,4.076,1.562,69.006,4.472,3662,780,63.435,2.0,8.213998081470065,5.224280317708333,2.0020426536458333,5.731840427083334,2.5634348958333333,3.2339443426774745
6289,3,2.365,1.615,45.0,2.828,3671,778,45.0,2.0,4.928398848882039,3.0312617643229167,2.069973678385417,3.624696942708333,2.5634348958333333,2.5050025163503102
6290,1,1.128,1.128,0.0,1.414,234,777,135.0,1.0,1.642799616294013,1.4457772812499998,1.4457772812499998,1.8123484713541664,1.2817174479166666,1.4462638771355416
6291,8,4.98,2.045,146.055,5.831,264,777,149.036,2.828,13.142396930352104,6.382952890625001,2.621112180989583,7.473694438802084,3.624696942708333,4.090651979630757
6292,5,3.461,1.839,45.0,4.243,3447,780,45.0,2.683,8.213998081470065,4.436024087239583,2.35707838671875,5.438327131510417,3.4388479127604166,3.2339443426774745
6293,3,2.365,1.615,45.0,2.828,3509,779,45.0,2.0,4.928398848882039,3.0312617643229167,2.069973678385417,3.624696942708333,2.5634348958333333,2.5050025163503102
6294,26,5.869,5.641,34.389,9.899,3726,784,45.0,7.778,42.71279002364434,7.522399701822916,7.230168123697917,12.687721016927082,9.969198309895832,7.374527731318484
6295,3,3.385,1.128,90.0,3.162,3829,777,108.435,1.0,4.928398848882039,4.338613561197916,1.4457772812499998,4.0527905703125,1.2817174479166666,2.5050025163503102
6296,13,5.043,3.282,167.716,6.325,218,779,161.565,4.0,21.35639501182217,6.46370108984375,4.2065966640625,8.106862858072917,5.126869791666667,5.214578566863546
6297,2,2.596,0.981,135.0,2.828,402,778,135.0,1.414,3.285599232588026,3.327338494791667,1.2573648164062499,3.624696942708333,1.8123484713541664,2.0453259898153786
6298,4,2.257,2.257,0.0,2.828,500,778,135.0,2.0,6.571198465176052,2.892836279947917,2.892836279947917,3.624696942708333,2.5634348958333333,2.892527754271083
6299,2,2.257,1.128,90.0,2.236,547,778,116.565,1.0,3.285599232588026,2.892836279947917,1.4457772812499998,2.865920213541667,1.2817174479166666,2.0453259898153786
6300,2,2.257,1.128,90.0,2.236,593,778,116.565,1.0,3.285599232588026,2.892836279947917,1.4457772812499998,2.865920213541667,1.2817174479166666,2.0453259898153786
6301,10,7.539,1.689,37.377,8.485,3586,784,45.0,2.967,16.42799616294013,9.662867839843749,2.16482076953125,10.875372545572915,3.80285566796875,4.573487949374228
6302,9,4.274,2.681,33.224,5.831,3752,782,30.964,3.883,14.785196546646118,5.478060372395833,3.436284477864583,7.473694438802084,4.976908850260417,4.338791631406624
6303,4,2.734,1.863,0.0,3.162,259,780,161.565,2.0,6.571198465176052,3.5042155026041666,2.38783960546875,4.0527905703125,2.5634348958333333,2.892527754271083
6304,1,1.128,1.128,0.0,1.414,3391,779,135.0,1.0,1.642799616294013,1.4457772812499998,1.4457772812499998,1.8123484713541664,1.2817174479166666,1.4462638771355416
6305,2,2.596,0.981,135.0,2.828,3606,779,135.0,1.414,3.285599232588026,3.327338494791667,1.2573648164062499,3.624696942708333,1.8123484713541664,2.0453259898153786
6306,1,1.128,1.128,0.0,1.414,3792,779,135.0,1.0,1.642799616294013,1.4457772812499998,1.4457772812499998,1.8123484713541664,1.2817174479166666,1.4462638771355416
6307,8,4.135,2.463,136.788,5.0,227,780,126.87,3.536,13.142396930352104,5.299901647135417,3.15687007421875,6.408587239583333,4.532152895833334,4.090651979630757
6308,26,6.404,5.169,69.251,8.485,252,786,45.0,5.883,42.71279002364434,8.208118536458333,6.625197488281249,10.875372545572915,7.5403437460937495,7.374527731318484
6309,2,2.596,0.981,135.0,2.828,382,780,135.0,1.414,3.285599232588026,3.327338494791667,1.2573648164062499,3.624696942708333,1.8123484713541664,2.0453259898153786
6310,7,4.154,2.146,98.35,4.472,488,780,116.565,2.0,11.499597314058091,5.324254278645833,2.7505656432291663,5.731840427083334,2.5634348958333333,3.826454549076717
6311,2,2.257,1.128,90.0,2.236,496,780,116.565,1.0,3.285599232588026,2.892836279947917,1.4457772812499998,2.865920213541667,1.2817174479166666,2.0453259898153786
6312,16,5.731,3.554,8.026,6.708,548,781,153.435,4.0,26.28479386070421,7.345522694010416,4.555223809895833,8.597760640625,5.126869791666667,5.785055508542166
6313,2,2.596,0.981,45.0,2.828,3476,782,45.0,1.414,3.285599232588026,3.327338494791667,1.2573648164062499,3.624696942708333,1.8123484713541664,2.0453259898153786
6314,2,2.257,1.128,0.0,2.236,3479,780,153.435,1.0,3.285599232588026,2.892836279947917,1.4457772812499998,2.865920213541667,1.2817174479166666,2.0453259898153786
6315,2,2.257,1.128,90.0,2.236,3541,780,116.565,1.0,3.285599232588026,2.892836279947917,1.4457772812499998,2.865920213541667,1.2817174479166666,2.0453259898153786
6316,3,2.365,1.615,135.0,2.828,3604,780,135.0,2.0,4.928398848882039,3.0312617643229167,2.069973678385417,3.624696942708333,2.5634348958333333,2.5050025163503102
6317,5,3.144,2.025,108.435,3.606,3696,780,123.69,2.0,8.213998081470065,4.02971965625,2.59547783203125,4.6218731171875,2.5634348958333333,3.2339443426774745
6318,2,2.257,1.128,90.0,2.236,3705,780,116.565,1.0,3.285599232588026,2.892836279947917,1.4457772812499998,2.865920213541667,1.2817174479166666,2.0453259898153786
6319,8,4.514,2.257,0.0,4.472,3758,780,153.435,2.0,13.142396930352104,5.785672559895834,2.892836279947917,5.731840427083334,2.5634348958333333,4.090651979630757
6320,1,1.128,1.128,0.0,1.414,3341,781,135.0,1.0,1.642799616294013,1.4457772812499998,1.4457772812499998,1.8123484713541664,1.2817174479166666,1.4462638771355416
6321,1,1.128,1.128,0.0,1.414,3500,781,135.0,1.0,1.642799616294013,1.4457772812499998,1.4457772812499998,1.8123484713541664,1.2817174479166666,1.4462638771355416
6322,1,1.128,1.128,0.0,1.414,3683,781,135.0,1.0,1.642799616294013,1.4457772812499998,1.4457772812499998,1.8123484713541664,1.2817174479166666,1.4462638771355416
6323,1,1.128,1.128,0.0,1.414,152,782,135.0,1.0,1.642799616294013,1.4457772812499998,1.4457772812499998,1.8123484713541664,1.2817174479166666,1.4462638771355416
6324,1,1.128,1.128,0.0,1.414,250,782,135.0,1.0,1.642799616294013,1.4457772812499998,1.4457772812499998,1.8123484713541664,1.2817174479166666,1.4462638771355416
6325,4,2.257,2.257,0.0,2.828,454,782,135.0,2.0,6.571198465176052,2.892836279947917,2.892836279947917,3.624696942708333,2.5634348958333333,2.892527754271083
6326,1,1.128,1.128,0.0,1.414,3765,782,135.0,1.0,1.642799616294013,1.4457772812499998,1.4457772812499998,1.8123484713541664,1.2817174479166666,1.4462638771355416
6327,27,8.383,4.101,141.409,10.63,272,783,138.814,5.6,44.35558963993835,10.744637365885415,5.25632325390625,13.624656471354168,7.177617708333333,7.515007549050931
6328,8,4.104,2.482,152.412,5.0,306,783,143.13,3.0,13.142396930352104,5.26016840625,3.1812227057291667,6.408587239583333,3.8451523437499997,4.090651979630757
6329,1,1.128,1.128,0.0,1.414,573,783,135.0,1.0,1.642799616294013,1.4457772812499998,1.4457772812499998,1.8123484713541664,1.2817174479166666,1.4462638771355416
6330,1,1.128,1.128,0.0,1.414,3484,783,135.0,1.0,1.642799616294013,1.4457772812499998,1.4457772812499998,1.8123484713541664,1.2817174479166666,1.4462638771355416
6331,5,3.316,1.92,45.0,4.243,3516,786,45.0,2.828,8.213998081470065,4.250175057291666,2.4608974999999997,5.438327131510417,3.624696942708333,3.2339443426774745
6332,1,1.128,1.128,0.0,1.414,3565,783,135.0,1.0,1.642799616294013,1.4457772812499998,1.4457772812499998,1.8123484713541664,1.2817174479166666,1.4462638771355416
6333,1,1.128,1.128,0.0,1.414,3632,783,135.0,1.0,1.642799616294013,1.4457772812499998,1.4457772812499998,1.8123484713541664,1.2817174479166666,1.4462638771355416
6334,3,3.213,1.189,61.845,3.606,3660,786,56.31,1.789,4.928398848882039,4.11815816015625,1.5239620455729168,4.6218731171875,2.2929925143229166,2.5050025163503102
6335,1,1.128,1.128,0.0,1.414,3712,783,135.0,1.0,1.642799616294013,1.4457772812499998,1.4457772812499998,1.8123484713541664,1.2817174479166666,1.4462638771355416
6336,2,2.257,1.128,0.0,2.236,3756,783,153.435,1.0,3.285599232588026,2.892836279947917,1.4457772812499998,2.865920213541667,1.2817174479166666,2.0453259898153786
6337,1,1.128,1.128,0.0,1.414,3762,783,135.0,1.0,1.642799616294013,1.4457772812499998,1.4457772812499998,1.8123484713541664,1.2817174479166666,1.4462638771355416
6338,41,8.346,6.255,25.037,10.63,262,792,41.186,8.0,67.35478426805453,10.6972138203125,8.01714263671875,13.624656471354168,10.253739583333333,9.26060728541019
6339,56,9.512,7.496,65.862,12.083,507,795,65.556,9.0,91.99677851246473,12.191696364583334,9.607753989583333,15.486991923177083,11.535457031249999,10.822847838217038
6340,3,2.365,1.615,45.0,2.828,3578,786,45.0,2.0,4.928398848882039,3.0312617643229167,2.069973678385417,3.624696942708333,2.5634348958333333,2.5050025163503102
6341,4,2.257,2.257,0.0,2.828,3636,784,135.0,2.0,6.571198465176052,2.892836279947917,2.892836279947917,3.624696942708333,2.5634348958333333,2.892527754271083
6342,76,17.842,5.424,140.761,20.0,3672,786,143.13,8.45,124.852770838345,22.868402705729164,6.9520354375,25.634348958333334,10.830512434895832,12.608236172254301
6343,3,2.365,1.615,45.0,2.828,249,787,45.0,2.0,4.928398848882039,3.0312617643229167,2.069973678385417,3.624696942708333,2.5634348958333333,2.5050025163503102
6344,2,2.257,1.128,0.0,2.236,298,785,153.435,1.0,3.285599232588026,2.892836279947917,1.4457772812499998,2.865920213541667,1.2817174479166666,2.0453259898153786
6345,1,1.128,1.128,0.0,1.414,494,785,135.0,1.0,1.642799616294013,1.4457772812499998,1.4457772812499998,1.8123484713541664,1.2817174479166666,1.4462638771355416
6346,2,2.257,1.128,90.0,2.236,585,785,116.565,1.0,3.285599232588026,2.892836279947917,1.4457772812499998,2.865920213541667,1.2817174479166666,2.0453259898153786
6347,3,2.365,1.615,45.0,2.828,3503,787,45.0,2.0,4.928398848882039,3.0312617643229167,2.069973678385417,3.624696942708333,2.5634348958333333,2.5050025163503102
6348,6,3.385,2.257,90.0,3.606,3510,785,123.69,2.0,9.856797697764078,4.338613561197916,2.892836279947917,4.6218731171875,2.5634348958333333,3.5426085324013394
6349,3,3.385,1.128,90.0,3.162,3541,785,108.435,1.0,4.928398848882039,4.338613561197916,1.4457772812499998,4.0527905703125,1.2817174479166666,2.5050025163503102
6350,4,3.192,1.596,18.435,3.606,3614,787,33.69,2.0,6.571198465176052,4.09124209375,2.045621046875,4.6218731171875,2.5634348958333333,2.892527754271083
6351,2,2.257,1.128,90.0,2.236,3619,785,116.565,1.0,3.285599232588026,2.892836279947917,1.4457772812499998,2.865920213541667,1.2817174479166666,2.0453259898153786
6352,1,1.128,1.128,0.0,1.414,3695,785,135.0,1.0,1.642799616294013,1.4457772812499998,1.4457772812499998,1.8123484713541664,1.2817174479166666,1.4462638771355416
6353,1,1.128,1.128,0.0,1.414,313,786,135.0,1.0,1.642799616294013,1.4457772812499998,1.4457772812499998,1.8123484713541664,1.2817174479166666,1.4462638771355416
6354,7,4.154,2.146,8.35,4.472,382,788,26.565,2.0,11.499597314058091,5.324254278645833,2.7505656432291663,5.731840427083334,2.5634348958333333,3.826454549076717
6355,83,11.338,9.321,95.873,14.866,419,786,109.654,11.535,136.35236815240307,14.532112424479166,11.94688833203125,19.054011580729167,14.78461076171875,13.17609099055906
6356,1,1.128,1.128,0.0,1.414,3689,786,135.0,1.0,1.642799616294013,1.4457772812499998,1.4457772812499998,1.8123484713541664,1.2817174479166666,1.4462638771355416
6357,22,7.515,3.727,43.866,8.485,3704,792,45.0,4.95,36.141591558468285,9.63210662109375,4.776960928385416,10.875372545572915,6.3445013671875,6.78357888217988
6358,6,3.718,2.055,53.13,4.243,3725,789,45.0,2.683,9.856797697764078,4.765425471354167,2.63392935546875,5.438327131510417,3.4388479127604166,3.5426085324013394
6359,2,2.596,0.981,135.0,2.828,252,787,135.0,1.414,3.285599232588026,3.327338494791667,1.2573648164062499,3.624696942708333,1.8123484713541664,2.0453259898153786
6360,13,7.33,2.258,63.086,8.602,255,794,54.462,3.343,21.35639501182217,9.394988893229167,2.894117997395833,11.025333486979166,4.284781428385417,5.214578566863546
6361,67,14.906,5.723,148.282,17.804,288,787,141.843,8.321,110.06757429169888,19.105280278645832,7.335268954427083,22.819697442708332,10.665170884114582,11.838180035570401
6362,1,1.128,1.128,0.0,1.414,582,787,135.0,1.0,1.642799616294013,1.4457772812499998,1.4457772812499998,1.8123484713541664,1.2817174479166666,1.4462638771355416
6363,1,1.128,1.128,0.0,1.414,654,787,135.0,1.0,1.642799616294013,1.4457772812499998,1.4457772812499998,1.8123484713541664,1.2817174479166666,1.4462638771355416
6364,1,1.128,1.128,0.0,1.414,3694,787,135.0,1.0,1.642799616294013,1.4457772812499998,1.4457772812499998,1.8123484713541664,1.2817174479166666,1.4462638771355416
6365,1,1.128,1.128,0.0,1.414,235,788,135.0,1.0,1.642799616294013,1.4457772812499998,1.4457772812499998,1.8123484713541664,1.2817174479166666,1.4462638771355416
6366,2,2.257,1.128,90.0,2.236,529,788,116.565,1.0,3.285599232588026,2.892836279947917,1.4457772812499998,2.865920213541667,1.2817174479166666,2.0453259898153786
6367,1,1.128,1.128,0.0,1.414,595,788,135.0,1.0,1.642799616294013,1.4457772812499998,1.4457772812499998,1.8123484713541664,1.2817174479166666,1.4462638771355416
6368,4,2.734,1.863,0.0,3.162,597,788,161.565,2.0,6.571198465176052,3.5042155026041666,2.38783960546875,4.0527905703125,2.5634348958333333,2.892527754271083
6369,4,4.514,1.128,90.0,4.123,613,788,104.036,1.0,6.571198465176052,5.785672559895834,1.4457772812499998,5.284521037760417,1.2817174479166666,2.892527754271083
6370,54,9.483,7.251,179.827,17.464,1018,792,156.371,12.0,88.7111792798767,12.15452655859375,9.29373321484375,22.383913510416665,15.380609374999999,10.62782559720402
6371,6,3.753,2.035,0.0,4.472,3685,788,153.435,3.0,9.856797697764078,4.81028558203125,2.6082950065104167,5.731840427083334,3.8451523437499997,3.5426085324013394
6372,9,6.714,1.707,85.643,7.071,3711,788,98.13,2.0,14.785196546646118,8.6054509453125,2.18789168359375,9.063024074218749,2.5634348958333333,4.338791631406624
6373,8,4.659,2.186,53.955,6.708,3715,794,63.435,3.536,13.142396930352104,5.97152158984375,2.8018343411458333,8.597760640625,4.532152895833334,4.090651979630757
6374,22,6.288,4.454,160.887,7.616,3729,790,156.801,6.0,36.141591558468285,8.0594393125,5.708769513020833,9.761560083333332,7.690304687499999,6.78357888217988
6375,55,12.389,5.653,61.889,13.601,306,800,53.973,7.766,90.35397889617072,15.879197462239583,7.245548733072916,17.432639009114585,9.953817700520833,10.72577997755371
6376,1,1.128,1.128,0.0,1.414,367,789,135.0,1.0,1.642799616294013,1.4457772812499998,1.4457772812499998,1.8123484713541664,1.2817174479166666,1.4462638771355416
6377,5,3.144,2.025,18.435,3.606,396,791,33.69,2.0,8.213998081470065,4.02971965625,2.59547783203125,4.6218731171875,2.5634348958333333,3.2339443426774745
6378,1,1.128,1.128,0.0,1.414,516,789,135.0,1.0,1.642799616294013,1.4457772812499998,1.4457772812499998,1.8123484713541664,1.2817174479166666,1.4462638771355416
6379,4,2.257,2.257,0.0,2.828,584,789,135.0,2.0,6.571198465176052,2.892836279947917,2.892836279947917,3.624696942708333,2.5634348958333333,2.892527754271083
6380,984,61.726,20.297,86.012,139.832,612,926,78.449,51.3,1616.5148224333088,79.11529119010416,26.015019040364585,179.22511417708333,65.752105078125,45.36752511511086
6381,1,1.128,1.128,0.0,1.414,3838,789,135.0,1.0,1.642799616294013,1.4457772812499998,1.4457772812499998,1.8123484713541664,1.2817174479166666,1.4462638771355416
6382,2,2.257,1.128,90.0,2.236,249,790,116.565,1.0,3.285599232588026,2.892836279947917,1.4457772812499998,2.865920213541667,1.2817174479166666,2.0453259898153786
6383,5,4.183,1.522,100.901,4.472,316,790,116.565,2.0,8.213998081470065,5.361424084635416,1.9507739557291666,5.731840427083334,2.5634348958333333,3.2339443426774745
6384,4,2.257,2.257,0.0,2.828,364,790,135.0,2.0,6.571198465176052,2.892836279947917,2.892836279947917,3.624696942708333,2.5634348958333333,2.892527754271083
6385,1,1.128,1.128,0.0,1.414,3357,790,135.0,1.0,1.642799616294013,1.4457772812499998,1.4457772812499998,1.8123484713541664,1.2817174479166666,1.4462638771355416
6386,1,1.128,1.128,0.0,1.414,3405,790,135.0,1.0,1.642799616294013,1.4457772812499998,1.4457772812499998,1.8123484713541664,1.2817174479166666,1.4462638771355416
6387,1,1.128,1.128,0.0,1.414,3523,790,135.0,1.0,1.642799616294013,1.4457772812499998,1.4457772812499998,1.8123484713541664,1.2817174479166666,1.4462638771355416
6388,42,10.042,5.325,29.727,12.042,3660,799,48.366,7.318,68.99758388434854,12.871006611979166,6.82514541015625,15.4344415078125,9.379608283854166,9.372861169189449
6389,67,11.472,7.436,26.495,15.62,3717,802,50.194,10.286,110.06757429169888,14.7038625625,9.530850942708334,20.02042653645833,13.183745669270833,11.838180035570401
6390,1,1.128,1.128,0.0,1.414,252,791,135.0,1.0,1.642799616294013,1.4457772812499998,1.4457772812499998,1.8123484713541664,1.2817174479166666,1.4462638771355416
6391,2,2.257,1.128,0.0,2.236,259,791,153.435,1.0,3.285599232588026,2.892836279947917,1.4457772812499998,2.865920213541667,1.2817174479166666,2.0453259898153786
6392,4,3.216,1.583,58.283,3.606,267,794,56.31,2.0,6.571198465176052,4.1220033125,2.028958720052083,4.6218731171875,2.5634348958333333,2.892527754271083
6393,1,1.128,1.128,0.0,1.414,519,791,135.0,1.0,1.642799616294013,1.4457772812499998,1.4457772812499998,1.8123484713541664,1.2817174479166666,1.4462638771355416
6394,2,2.257,1.128,90.0,2.236,3361,791,116.565,1.0,3.285599232588026,2.892836279947917,1.4457772812499998,2.865920213541667,1.2817174479166666,2.0453259898153786
6395,1,1.128,1.128,0.0,1.414,3462,791,135.0,1.0,1.642799616294013,1.4457772812499998,1.4457772812499998,1.8123484713541664,1.2817174479166666,1.4462638771355416
6396,3,2.365,1.615,135.0,2.828,582,792,135.0,2.0,4.928398848882039,3.0312617643229167,2.069973678385417,3.624696942708333,2.5634348958333333,2.5050025163503102
6397,3,2.365,1.615,45.0,2.828,600,794,45.0,2.0,4.928398848882039,3.0312617643229167,2.069973678385417,3.624696942708333,2.5634348958333333,2.5050025163503102
6398,2,2.596,0.981,45.0,2.828,610,794,45.0,1.414,3.285599232588026,3.327338494791667,1.2573648164062499,3.624696942708333,1.8123484713541664,2.0453259898153786
6399,1,1.128,1.128,0.0,1.414,3359,792,135.0,1.0,1.642799616294013,1.4457772812499998,1.4457772812499998,1.8123484713541664,1.2817174479166666,1.4462638771355416
6400,4,2.257,2.257,0.0,2.828,3742,792,135.0,2.0,6.571198465176052,2.892836279947917,2.892836279947917,3.624696942708333,2.5634348958333333,2.892527754271083
6401,1,1.128,1.128,0.0,1.414,220,793,135.0,1.0,1.642799616294013,1.4457772812499998,1.4457772812499998,1.8123484713541664,1.2817174479166666,1.4462638771355416
6402,1,1.128,1.128,0.0,1.414,306,793,135.0,1.0,1.642799616294013,1.4457772812499998,1.4457772812499998,1.8123484713541664,1.2817174479166666,1.4462638771355416
6403,1,1.128,1.128,0.0,1.414,389,793,135.0,1.0,1.642799616294013,1.4457772812499998,1.4457772812499998,1.8123484713541664,1.2817174479166666,1.4462638771355416
6404,1,1.128,1.128,0.0,1.414,475,793,135.0,1.0,1.642799616294013,1.4457772812499998,1.4457772812499998,1.8123484713541664,1.2817174479166666,1.4462638771355416
6405,6,3.385,2.257,90.0,3.606,553,793,123.69,2.0,9.856797697764078,4.338613561197916,2.892836279947917,4.6218731171875,2.5634348958333333,3.5426085324013394
6406,10,5.29,2.407,66.576,5.831,3565,798,59.036,3.0,16.42799616294013,6.780285299479167,3.0850938971354167,7.473694438802084,3.8451523437499997,4.573487949374228
6407,11,4.192,3.341,86.544,5.385,3596,798,68.199,4.0,18.070795779234142,5.372959541666667,4.282217993489583,6.90204845703125,5.126869791666667,4.796714628303253
6408,6,3.718,2.055,53.13,4.243,3650,796,45.0,2.683,9.856797697764078,4.765425471354167,2.63392935546875,5.438327131510417,3.4388479127604166,3.5426085324013394
6409,86,14.228,7.696,126.083,22.804,3696,794,127.875,13.667,141.2807670012851,18.236275848958332,9.864097479166666,29.228284682291665,17.51723236067708,13.412099440371483
6410,205,26.342,9.909,52.898,31.623,3773,819,55.305,14.142,336.7739213402727,33.76300101302083,12.70053819140625,40.53175085546875,18.126048148437498,20.70734740310698
6411,2,2.596,0.981,135.0,2.828,249,794,135.0,1.414,3.285599232588026,3.327338494791667,1.2573648164062499,3.624696942708333,1.8123484713541664,2.0453259898153786
6412,5,3.732,1.706,95.152,4.123,259,794,104.036,2.0,8.213998081470065,4.783369515625,2.1866099661458334,5.284521037760417,2.5634348958333333,3.2339443426774745
6413,1,1.128,1.128,0.0,1.414,285,794,135.0,1.0,1.642799616294013,1.4457772812499998,1.4457772812499998,1.8123484713541664,1.2817174479166666,1.4462638771355416
6414,35,7.439,5.991,7.679,9.22,327,800,40.601,6.0,57.49798657029046,9.534696095052084,7.67876923046875,11.817434869791667,7.690304687499999,8.556212484548844
6415,1,1.128,1.128,0.0,1.414,363,794,135.0,1.0,1.642799616294013,1.4457772812499998,1.4457772812499998,1.8123484713541664,1.2817174479166666,1.4462638771355416
6416,4,2.257,2.257,0.0,2.828,438,794,135.0,2.0,6.571198465176052,2.892836279947917,2.892836279947917,3.624696942708333,2.5634348958333333,2.892527754271083
6417,4,3.192,1.596,161.565,3.606,593,794,146.31,2.0,6.571198465176052,4.09124209375,2.045621046875,4.6218731171875,2.5634348958333333,2.892527754271083
6418,2,2.257,1.128,90.0,2.236,3583,794,116.565,1.0,3.285599232588026,2.892836279947917,1.4457772812499998,2.865920213541667,1.2817174479166666,2.0453259898153786
6419,1,1.128,1.128,0.0,1.414,222,795,135.0,1.0,1.642799616294013,1.4457772812499998,1.4457772812499998,1.8123484713541664,1.2817174479166666,1.4462638771355416
6420,8,3.961,2.571,82.204,4.472,252,795,116.565,3.0,13.142396930352104,5.076882811197916,3.2952955585937502,5.731840427083334,3.8451523437499997,4.090651979630757
6421,41,8.415,6.203,35.262,10.63,317,802,41.186,7.234,67.35478426805453,10.785652324218749,7.950493329427084,13.624656471354168,9.271944018229167,9.26060728541019
6422,36,7.942,5.772,150.102,9.849,360,797,156.038,7.0,59.14078618658447,10.179399971354167,7.398073109375,12.62363514453125,8.972022135416667,8.677583262813249
6423,2,2.257,1.128,0.0,2.236,561,795,153.435,1.0,3.285599232588026,2.892836279947917,1.4457772812499998,2.865920213541667,1.2817174479166666,2.0453259898153786
6424,2,2.257,1.128,0.0,2.236,3544,795,153.435,1.0,3.285599232588026,2.892836279947917,1.4457772812499998,2.865920213541667,1.2817174479166666,2.0453259898153786
6425,36,8.928,5.134,0.381,12.083,3666,800,24.444,7.0,59.14078618658447,11.443173375,6.580337377604167,15.486991923177083,8.972022135416667,8.677583262813249
6426,1,1.128,1.128,0.0,1.414,3733,795,135.0,1.0,1.642799616294013,1.4457772812499998,1.4457772812499998,1.8123484713541664,1.2817174479166666,1.4462638771355416
6427,3,3.385,1.128,0.0,3.162,3758,795,161.565,1.0,4.928398848882039,4.338613561197916,1.4457772812499998,4.0527905703125,1.2817174479166666,2.5050025163503102
6428,1,1.128,1.128,0.0,1.414,3778,795,135.0,1.0,1.642799616294013,1.4457772812499998,1.4457772812499998,1.8123484713541664,1.2817174479166666,1.4462638771355416
6429,3,3.385,1.128,0.0,3.162,3780,795,161.565,1.0,4.928398848882039,4.338613561197916,1.4457772812499998,4.0527905703125,1.2817174479166666,2.5050025163503102
6430,1,1.128,1.128,0.0,1.414,146,796,135.0,1.0,1.642799616294013,1.4457772812499998,1.4457772812499998,1.8123484713541664,1.2817174479166666,1.4462638771355416
6431,86,14.761,7.418,176.737,18.248,214,802,9.462,12.0,141.2807670012851,18.919431248697915,9.507780028645833,23.388779989583334,15.380609374999999,13.412099440371483
6432,320,31.753,12.831,64.109,46.487,253,840,71.175,25.055,525.6958772140841,40.69837412369792,16.44571657421875,59.583199001302084,32.11343065755208,25.871554741419796
6433,1,1.128,1.128,0.0,1.414,281,796,135.0,1.0,1.642799616294013,1.4457772812499998,1.4457772812499998,1.8123484713541664,1.2817174479166666,1.4462638771355416
6434,2,2.257,1.128,0.0,2.236,372,796,153.435,1.0,3.285599232588026,2.892836279947917,1.4457772812499998,2.865920213541667,1.2817174479166666,2.0453259898153786
6435,2,2.596,0.981,135.0,2.828,567,796,135.0,1.414,3.285599232588026,3.327338494791667,1.2573648164062499,3.624696942708333,1.8123484713541664,2.0453259898153786
6436,1,1.128,1.128,0.0,1.414,577,796,135.0,1.0,1.642799616294013,1.4457772812499998,1.4457772812499998,1.8123484713541664,1.2817174479166666,1.4462638771355416
6437,1,1.128,1.128,0.0,1.414,644,796,135.0,1.0,1.642799616294013,1.4457772812499998,1.4457772812499998,1.8123484713541664,1.2817174479166666,1.4462638771355416
6438,11,4.148,3.376,53.13,5.0,3622,799,36.87,4.0,18.070795779234142,5.316563973958333,4.327078104166667,6.408587239583333,5.126869791666667,4.796714628303253
6439,1,1.128,1.128,0.0,1.414,3729,796,135.0,1.0,1.642799616294013,1.4457772812499998,1.4457772812499998,1.8123484713541664,1.2817174479166666,1.4462638771355416
6440,1,1.128,1.128,0.0,1.414,191,797,135.0,1.0,1.642799616294013,1.4457772812499998,1.4457772812499998,1.8123484713541664,1.2817174479166666,1.4462638771355416
6441,8,4.444,2.292,144.645,5.0,354,797,143.13,2.828,13.142396930352104,5.695952338541667,2.9376963906249998,6.408587239583333,3.624696942708333,4.090651979630757
6442,5,3.461,1.839,135.0,4.243,591,797,135.0,2.683,8.213998081470065,4.436024087239583,2.35707838671875,5.438327131510417,3.4388479127604166,3.2339443426774745
6443,2,2.257,1.128,0.0,2.236,3480,797,153.435,1.0,3.285599232588026,2.892836279947917,1.4457772812499998,2.865920213541667,1.2817174479166666,2.0453259898153786
6444,5,3.833,1.661,135.0,4.243,3607,797,135.0,2.121,8.213998081470065,4.912822977864583,2.128932680989583,5.438327131510417,2.71852270703125,3.2339443426774745
6445,1,1.128,1.128,0.0,1.414,3793,797,135.0,1.0,1.642799616294013,1.4457772812499998,1.4457772812499998,1.8123484713541664,1.2817174479166666,1.4462638771355416
6446,65,10.67,7.757,19.712,13.0,189,804,22.62,9.617,106.78197505911085,13.675925169270833,9.942282243489583,16.662326822916665,12.326276696614585,11.660152149520322
6447,8,4.495,2.266,126.052,5.657,290,798,135.0,3.328,13.142396930352104,5.761319928385417,2.904371736979167,7.250675602864583,4.265555666666667,4.090651979630757
6448,2,2.257,1.128,90.0,2.236,372,798,116.565,1.0,3.285599232588026,2.892836279947917,1.4457772812499998,2.865920213541667,1.2817174479166666,2.0453259898153786
6449,6,3.718,2.055,126.87,4.243,3569,798,135.0,2.683,9.856797697764078,4.765425471354167,2.63392935546875,5.438327131510417,3.4388479127604166,3.5426085324013394
6450,26,6.464,5.121,122.566,8.544,3597,801,159.444,6.517,42.71279002364434,8.285021583333334,6.56367505078125,10.950993875,8.352952608072917,7.374527731318484
6451,3,2.365,1.615,135.0,2.828,3691,798,135.0,2.0,4.928398848882039,3.0312617643229167,2.069973678385417,3.624696942708333,2.5634348958333333,2.5050025163503102
6452,1,1.128,1.128,0.0,1.414,288,799,135.0,1.0,1.642799616294013,1.4457772812499998,1.4457772812499998,1.8123484713541664,1.2817174479166666,1.4462638771355416
6453,3,3.213,1.189,118.155,3.606,644,799,123.69,1.789,4.928398848882039,4.11815816015625,1.5239620455729168,4.6218731171875,2.2929925143229166,2.5050025163503102
6454,1,1.128,1.128,0.0,1.414,3646,799,135.0,1.0,1.642799616294013,1.4457772812499998,1.4457772812499998,1.8123484713541664,1.2817174479166666,1.4462638771355416
6455,1,1.128,1.128,0.0,1.414,3699,799,135.0,1.0,1.642799616294013,1.4457772812499998,1.4457772812499998,1.8123484713541664,1.2817174479166666,1.4462638771355416
6456,6,4.134,1.848,77.067,4.472,208,804,63.435,2.0,9.856797697764078,5.298619929687501,2.36861384375,5.731840427083334,2.5634348958333333,3.5426085324013394
6457,1,1.128,1.128,0.0,1.414,235,800,135.0,1.0,1.642799616294013,1.4457772812499998,1.4457772812499998,1.8123484713541664,1.2817174479166666,1.4462638771355416
6458,25,7.806,4.078,103.191,9.055,251,800,96.34,5.0,41.069990407350325,10.0050863984375,5.226843752604167,11.605951490885417,6.408587239583333,7.231319385677708
6459,32,7.672,5.311,56.659,10.0,274,808,53.13,7.056,52.56958772140842,9.833336260416667,6.807201365885416,12.817174479166667,9.0437983125,8.181303959261514
6460,13,4.82,3.434,97.93,6.325,456,800,108.435,4.0,21.35639501182217,6.177878098958334,4.401417716145834,8.106862858072917,5.126869791666667,5.214578566863546
6461,3,2.365,1.615,45.0,2.828,492,802,45.0,2.0,4.928398848882039,3.0312617643229167,2.069973678385417,3.624696942708333,2.5634348958333333,2.5050025163503102
6462,5,4.409,1.444,49.265,5.0,495,804,53.13,2.121,8.213998081470065,5.6510922278645825,1.8507999947916665,6.408587239583333,2.71852270703125,3.2339443426774745
6463,1,1.128,1.128,0.0,1.414,3558,800,135.0,1.0,1.642799616294013,1.4457772812499998,1.4457772812499998,1.8123484713541664,1.2817174479166666,1.4462638771355416
6464,2,2.257,1.128,90.0,2.236,3561,800,116.565,1.0,3.285599232588026,2.892836279947917,1.4457772812499998,2.865920213541667,1.2817174479166666,2.0453259898153786
6465,1,1.128,1.128,0.0,1.414,274,801,135.0,1.0,1.642799616294013,1.4457772812499998,1.4457772812499998,1.8123484713541664,1.2817174479166666,1.4462638771355416
6466,5,4.183,1.522,10.901,4.472,303,803,26.565,2.0,8.213998081470065,5.361424084635416,1.9507739557291666,5.731840427083334,2.5634348958333333,3.2339443426774745
6467,1,1.128,1.128,0.0,1.414,379,801,135.0,1.0,1.642799616294013,1.4457772812499998,1.4457772812499998,1.8123484713541664,1.2817174479166666,1.4462638771355416
6468,8,4.645,2.193,175.851,5.385,429,802,158.199,3.0,13.142396930352104,5.953577545572916,2.81080636328125,6.90204845703125,3.8451523437499997,4.090651979630757
6469,4,3.192,1.596,71.565,3.606,3539,804,56.31,2.0,6.571198465176052,4.09124209375,2.045621046875,4.6218731171875,2.5634348958333333,2.892527754271083
6470,1,1.128,1.128,0.0,1.414,3642,801,135.0,1.0,1.642799616294013,1.4457772812499998,1.4457772812499998,1.8123484713541664,1.2817174479166666,1.4462638771355416
6471,4,2.257,2.257,0.0,2.828,488,802,135.0,2.0,6.571198465176052,2.892836279947917,2.892836279947917,3.624696942708333,2.5634348958333333,2.892527754271083
6472,89,12.758,8.882,21.513,17.205,3680,816,54.462,13.697,146.20916585016715,16.352151200520833,11.384214372395833,22.05194869140625,17.555683884114583,13.644026128871728
6473,3,3.385,1.128,0.0,3.162,3775,802,161.565,1.0,4.928398848882039,4.338613561197916,1.4457772812499998,4.0527905703125,1.2817174479166666,2.5050025163503102
6474,2,2.257,1.128,90.0,2.236,257,803,116.565,1.0,3.285599232588026,2.892836279947917,1.4457772812499998,2.865920213541667,1.2817174479166666,2.0453259898153786
6475,1,1.128,1.128,0.0,1.414,353,803,135.0,1.0,1.642799616294013,1.4457772812499998,1.4457772812499998,1.8123484713541664,1.2817174479166666,1.4462638771355416
6476,1,1.128,1.128,0.0,1.414,3488,803,135.0,1.0,1.642799616294013,1.4457772812499998,1.4457772812499998,1.8123484713541664,1.2817174479166666,1.4462638771355416
6477,23,6.826,4.29,41.113,8.485,3694,810,45.0,6.0,37.7843911747623,8.749003299479167,5.4985678515625,10.875372545572915,7.690304687499999,6.936037892995103
6478,1,1.128,1.128,0.0,1.414,3704,803,135.0,1.0,1.642799616294013,1.4457772812499998,1.4457772812499998,1.8123484713541664,1.2817174479166666,1.4462638771355416
6479,2,2.257,1.128,90.0,2.236,3719,803,116.565,1.0,3.285599232588026,2.892836279947917,1.4457772812499998,2.865920213541667,1.2817174479166666,2.0453259898153786
6480,45,9.665,5.928,123.061,11.662,312,804,120.964,7.6,73.92598273323058,12.387799134114582,7.59802103125,14.947388877604167,9.741052604166667,9.701833028032423
6481,1,1.128,1.128,0.0,1.414,319,804,135.0,1.0,1.642799616294013,1.4457772812499998,1.4457772812499998,1.8123484713541664,1.2817174479166666,1.4462638771355416
6482,4,3.676,1.385,50.31,4.243,331,807,45.0,2.121,6.571198465176052,4.711593338541666,1.7751786653645834,5.438327131510417,2.71852270703125,2.892527754271083
6483,7,3.131,2.846,135.0,4.243,434,805,135.0,3.536,11.499597314058091,4.013057329427083,3.6477678567708334,5.438327131510417,4.532152895833334,3.826454549076717
6484,4,2.257,2.257,0.0,2.828,528,804,135.0,2.0,6.571198465176052,2.892836279947917,2.892836279947917,3.624696942708333,2.5634348958333333,2.892527754271083
6485,1,1.128,1.128,0.0,1.414,3588,804,135.0,1.0,1.642799616294013,1.4457772812499998,1.4457772812499998,1.8123484713541664,1.2817174479166666,1.4462638771355416
6486,1,1.128,1.128,0.0,1.414,3591,804,135.0,1.0,1.642799616294013,1.4457772812499998,1.4457772812499998,1.8123484713541664,1.2817174479166666,1.4462638771355416
6487,3,2.365,1.615,135.0,2.828,3632,804,135.0,2.0,4.928398848882039,3.0312617643229167,2.069973678385417,3.624696942708333,2.5634348958333333,2.5050025163503102
6488,1,1.128,1.128,0.0,1.414,259,805,135.0,1.0,1.642799616294013,1.4457772812499998,1.4457772812499998,1.8123484713541664,1.2817174479166666,1.4462638771355416
6489,2,2.257,1.128,90.0,2.236,445,805,116.565,1.0,3.285599232588026,2.892836279947917,1.4457772812499998,2.865920213541667,1.2817174479166666,2.0453259898153786
6490,2,2.257,1.128,90.0,2.236,531,805,116.565,1.0,3.285599232588026,2.892836279947917,1.4457772812499998,2.865920213541667,1.2817174479166666,2.0453259898153786
6491,6,3.14,2.433,45.0,3.606,3517,807,33.69,2.828,9.856797697764078,4.024592786458333,3.1184185507812496,4.6218731171875,3.624696942708333,3.5426085324013394
6492,8,3.538,2.879,45.0,4.243,3791,808,45.0,3.0,13.142396930352104,4.534716330729166,3.6900645325520833,5.438327131510417,3.8451523437499997,4.090651979630757
6493,3,2.365,1.615,45.0,2.828,198,808,45.0,2.0,4.928398848882039,3.0312617643229167,2.069973678385417,3.624696942708333,2.5634348958333333,2.5050025163503102
6494,4,2.257,2.257,0.0,2.828,214,806,135.0,2.0,6.571198465176052,2.892836279947917,2.892836279947917,3.624696942708333,2.5634348958333333,2.892527754271083
6495,3,2.365,1.615,135.0,2.828,408,806,135.0,2.0,4.928398848882039,3.0312617643229167,2.069973678385417,3.624696942708333,2.5634348958333333,2.5050025163503102
6496,6,3.385,2.257,90.0,3.606,424,806,123.69,2.0,9.856797697764078,4.338613561197916,2.892836279947917,4.6218731171875,2.5634348958333333,3.5426085324013394
6497,14,6.911,2.579,34.912,9.22,3589,812,40.601,4.16,22.999194628116182,8.857949282552083,3.3055492981770835,11.817434869791667,5.331944583333334,5.411423919108519
6498,13,7.151,2.315,118.016,8.062,3656,806,119.745,3.578,21.35639501182217,9.165561470052083,2.9671758919270834,10.333206065104166,4.585985028645833,5.214578566863546
6499,5,3.144,2.025,161.565,3.606,3828,806,146.31,2.0,8.213998081470065,4.02971965625,2.59547783203125,4.6218731171875,2.5634348958333333,3.2339443426774745
6500,30,8.247,4.632,178.655,9.22,293,810,12.529,5.0,49.28398848882039,10.57032379296875,5.936915218749999,11.817434869791667,6.408587239583333,7.921513496120161
6501,4,2.257,2.257,0.0,2.828,305,807,135.0,2.0,6.571198465176052,2.892836279947917,2.892836279947917,3.624696942708333,2.5634348958333333,2.892527754271083
6502,2,2.596,0.981,135.0,2.828,336,807,135.0,1.414,3.285599232588026,3.327338494791667,1.2573648164062499,3.624696942708333,1.8123484713541664,2.0453259898153786
6503,49,8.958,6.965,94.966,11.705,374,807,109.983,8.0,80.49718119840664,11.4816248984375,8.927162024739584,15.002502727864583,10.253739583333333,10.12384713994879
6504,1,1.128,1.128,0.0,1.414,447,807,135.0,1.0,1.642799616294013,1.4457772812499998,1.4457772812499998,1.8123484713541664,1.2817174479166666,1.4462638771355416
6505,4,2.257,2.257,0.0,2.828,598,807,135.0,2.0,6.571198465176052,2.892836279947917,2.892836279947917,3.624696942708333,2.5634348958333333,2.892527754271083
6506,1,1.128,1.128,0.0,1.414,717,807,135.0,1.0,1.642799616294013,1.4457772812499998,1.4457772812499998,1.8123484713541664,1.2817174479166666,1.4462638771355416
6507,1,1.128,1.128,0.0,1.414,3431,807,135.0,1.0,1.642799616294013,1.4457772812499998,1.4457772812499998,1.8123484713541664,1.2817174479166666,1.4462638771355416
6508,8,3.538,2.879,45.0,4.243,3586,810,45.0,3.0,13.142396930352104,4.534716330729166,3.6900645325520833,5.438327131510417,3.8451523437499997,4.090651979630757
6509,1,1.128,1.128,0.0,1.414,3611,807,135.0,1.0,1.642799616294013,1.4457772812499998,1.4457772812499998,1.8123484713541664,1.2817174479166666,1.4462638771355416
6510,2,2.257,1.128,0.0,2.236,3747,807,153.435,1.0,3.285599232588026,2.892836279947917,1.4457772812499998,2.865920213541667,1.2817174479166666,2.0453259898153786
6511,6,3.385,2.257,0.0,3.606,3819,807,146.31,2.0,9.856797697764078,4.338613561197916,2.892836279947917,4.6218731171875,2.5634348958333333,3.5426085324013394
6512,1,1.128,1.128,0.0,1.414,231,808,135.0,1.0,1.642799616294013,1.4457772812499998,1.4457772812499998,1.8123484713541664,1.2817174479166666,1.4462638771355416
6513,8,5.009,2.034,70.337,5.831,253,813,59.036,2.668,13.142396930352104,6.420122696614584,2.6070132890624995,7.473694438802084,3.4196221510416667,4.090651979630757
6514,7,5.102,1.747,49.545,5.657,338,812,45.0,2.774,11.499597314058091,6.5393224192708335,2.2391603815104166,7.250675602864583,3.555484200520833,3.826454549076717
6515,3,3.385,1.128,90.0,3.162,529,808,108.435,1.0,4.928398848882039,4.338613561197916,1.4457772812499998,4.0527905703125,1.2817174479166666,2.5050025163503102
6516,1,1.128,1.128,0.0,1.414,604,808,135.0,1.0,1.642799616294013,1.4457772812499998,1.4457772812499998,1.8123484713541664,1.2817174479166666,1.4462638771355416
6517,1,1.128,1.128,0.0,1.414,3613,808,135.0,1.0,1.642799616294013,1.4457772812499998,1.4457772812499998,1.8123484713541664,1.2817174479166666,1.4462638771355416
6518,23,6.631,4.416,48.534,8.485,3622,814,45.0,6.0,37.7843911747623,8.499068397135417,5.6600642500000005,10.875372545572915,7.690304687499999,6.936037892995103
6519,1,1.128,1.128,0.0,1.414,202,809,135.0,1.0,1.642799616294013,1.4457772812499998,1.4457772812499998,1.8123484713541664,1.2817174479166666,1.4462638771355416
6520,1,1.128,1.128,0.0,1.414,207,809,135.0,1.0,1.642799616294013,1.4457772812499998,1.4457772812499998,1.8123484713541664,1.2817174479166666,1.4462638771355416
6521,1,1.128,1.128,0.0,1.414,261,809,135.0,1.0,1.642799616294013,1.4457772812499998,1.4457772812499998,1.8123484713541664,1.2817174479166666,1.4462638771355416
6522,28,8.347,4.271,126.195,10.63,322,809,138.814,5.657,45.998389256232365,10.698495537760415,5.474215220052083,13.624656471354168,7.250675602864583,7.652909098153434
6523,5,3.144,2.025,108.435,3.606,566,809,123.69,2.0,8.213998081470065,4.02971965625,2.59547783203125,4.6218731171875,2.5634348958333333,3.2339443426774745
6524,1,1.128,1.128,0.0,1.414,3839,809,135.0,1.0,1.642799616294013,1.4457772812499998,1.4457772812499998,1.8123484713541664,1.2817174479166666,1.4462638771355416
6525,3,2.365,1.615,135.0,2.828,216,810,135.0,2.0,4.928398848882039,3.0312617643229167,2.069973678385417,3.624696942708333,2.5634348958333333,2.5050025163503102
6526,1,1.128,1.128,0.0,1.414,343,810,135.0,1.0,1.642799616294013,1.4457772812499998,1.4457772812499998,1.8123484713541664,1.2817174479166666,1.4462638771355416
6527,2,2.257,1.128,90.0,2.236,3451,810,116.565,1.0,3.285599232588026,2.892836279947917,1.4457772812499998,2.865920213541667,1.2817174479166666,2.0453259898153786
6528,1,1.128,1.128,0.0,1.414,3617,810,135.0,1.0,1.642799616294013,1.4457772812499998,1.4457772812499998,1.8123484713541664,1.2817174479166666,1.4462638771355416
6529,4,2.257,2.257,0.0,2.828,3711,810,135.0,2.0,6.571198465176052,2.892836279947917,2.892836279947917,3.624696942708333,2.5634348958333333,2.892527754271083
6530,1,1.128,1.128,0.0,1.414,3801,810,135.0,1.0,1.642799616294013,1.4457772812499998,1.4457772812499998,1.8123484713541664,1.2817174479166666,1.4462638771355416
6531,3448,107.758,40.74,83.972,152.801,3789,958,75.6,66.483,5664.373076981757,138.11530875260416,52.217168828125004,195.84770775911457,85.21242108984376,84.9241419712615
6532,10,5.569,2.286,121.851,6.403,206,811,128.66,3.13,16.42799616294013,7.1378844674479165,2.9300060859375,8.206836819010416,4.011775611979166,4.573487949374228
6533,1,1.128,1.128,0.0,1.414,251,811,135.0,1.0,1.642799616294013,1.4457772812499998,1.4457772812499998,1.8123484713541664,1.2817174479166666,1.4462638771355416
6534,1,1.128,1.128,0.0,1.414,384,811,135.0,1.0,1.642799616294013,1.4457772812499998,1.4457772812499998,1.8123484713541664,1.2817174479166666,1.4462638771355416
6535,3,2.365,1.615,45.0,2.828,517,813,45.0,2.0,4.928398848882039,3.0312617643229167,2.069973678385417,3.624696942708333,2.5634348958333333,2.5050025163503102
6536,2,2.257,1.128,90.0,2.236,521,811,116.565,1.0,3.285599232588026,2.892836279947917,1.4457772812499998,2.865920213541667,1.2817174479166666,2.0453259898153786
6537,1,1.128,1.128,0.0,1.414,605,811,135.0,1.0,1.642799616294013,1.4457772812499998,1.4457772812499998,1.8123484713541664,1.2817174479166666,1.4462638771355416
6538,2,2.257,1.128,0.0,2.236,3637,811,153.435,1.0,3.285599232588026,2.892836279947917,1.4457772812499998,2.865920213541667,1.2817174479166666,2.0453259898153786
6539,1,1.128,1.128,0.0,1.414,3674,811,135.0,1.0,1.642799616294013,1.4457772812499998,1.4457772812499998,1.8123484713541664,1.2817174479166666,1.4462638771355416
6540,1,1.128,1.128,0.0,1.414,3720,811,135.0,1.0,1.642799616294013,1.4457772812499998,1.4457772812499998,1.8123484713541664,1.2817174479166666,1.4462638771355416
6541,21,7.558,3.538,119.234,10.0,3832,811,126.87,5.578,34.49879194217427,9.687220471354166,4.534716330729166,12.817174479166667,7.149419924479167,6.627613691853932
6542,8,4.514,2.257,0.0,4.472,306,812,153.435,2.0,13.142396930352104,5.785672559895834,2.892836279947917,5.731840427083334,2.5634348958333333,4.090651979630757
6543,1,1.128,1.128,0.0,1.414,419,812,135.0,1.0,1.642799616294013,1.4457772812499998,1.4457772812499998,1.8123484713541664,1.2817174479166666,1.4462638771355416
6544,2,2.257,1.128,0.0,2.236,3717,812,153.435,1.0,3.285599232588026,2.892836279947917,1.4457772812499998,2.865920213541667,1.2817174479166666,2.0453259898153786
6545,8,3.978,2.56,65.593,4.472,3732,816,63.435,3.0,13.142396930352104,5.0986720078125005,3.2811966666666668,5.731840427083334,3.8451523437499997,4.090651979630757
6546,3,2.365,1.615,45.0,2.828,158,815,45.0,2.0,4.928398848882039,3.0312617643229167,2.069973678385417,3.624696942708333,2.5634348958333333,2.5050025163503102
6547,18,7.543,3.038,132.42,8.602,218,813,125.538,4.243,29.570393093292235,9.667994709635417,3.893857606770833,11.025333486979166,5.438327131510417,6.135977969446135
6548,27,6.51,5.28,63.709,7.81,247,820,50.194,6.708,44.35558963993835,8.3439805859375,6.767468125000001,10.010213268229165,8.597760640625,7.515007549050931
6549,3,3.213,1.189,61.845,3.606,604,816,56.31,1.789,4.928398848882039,4.11815816015625,1.5239620455729168,4.6218731171875,2.2929925143229166,2.5050025163503102
6550,2,2.596,0.981,135.0,2.828,3552,813,135.0,1.414,3.285599232588026,3.327338494791667,1.2573648164062499,3.624696942708333,1.8123484713541664,2.0453259898153786
6551,1,1.128,1.128,0.0,1.414,225,814,135.0,1.0,1.642799616294013,1.4457772812499998,1.4457772812499998,1.8123484713541664,1.2817174479166666,1.4462638771355416
6552,2,2.596,0.981,45.0,2.828,273,816,45.0,1.414,3.285599232588026,3.327338494791667,1.2573648164062499,3.624696942708333,1.8123484713541664,2.0453259898153786
6553,7,3.226,2.763,45.0,5.0,650,817,36.87,3.883,11.499597314058091,4.134820486979167,3.5413853085937497,6.408587239583333,4.976908850260417,3.826454549076717
6554,7,3.644,2.446,157.5,4.472,3484,815,153.435,3.0,11.499597314058091,4.670578380208333,3.135080877604167,5.731840427083334,3.8451523437499997,3.826454549076717
6555,1,1.128,1.128,0.0,1.414,3589,814,135.0,1.0,1.642799616294013,1.4457772812499998,1.4457772812499998,1.8123484713541664,1.2817174479166666,1.4462638771355416
6556,4,2.257,2.257,0.0,2.828,3614,814,135.0,2.0,6.571198465176052,2.892836279947917,2.892836279947917,3.624696942708333,2.5634348958333333,2.892527754271083
6557,22,6.179,4.534,90.0,7.211,3718,814,123.69,4.0,36.141591558468285,7.919732110677083,5.811306908854166,9.242464516927084,5.126869791666667,6.78357888217988
6558,8,5.342,1.907,158.424,6.403,3735,814,141.34,3.13,13.142396930352104,6.846934606770833,2.4442351731770833,8.206836819010416,4.011775611979166,4.090651979630757
6559,14,4.699,3.794,35.515,5.657,3766,818,45.0,4.0,22.999194628116182,6.022790287760416,4.862835997395833,7.250675602864583,5.126869791666667,5.411423919108519
6560,1,1.128,1.128,0.0,1.414,3815,814,135.0,1.0,1.642799616294013,1.4457772812499998,1.4457772812499998,1.8123484713541664,1.2817174479166666,1.4462638771355416
6561,2,2.257,1.128,0.0,2.236,281,815,153.435,1.0,3.285599232588026,2.892836279947917,1.4457772812499998,2.865920213541667,1.2817174479166666,2.0453259898153786
6562,1,1.128,1.128,0.0,1.414,334,815,135.0,1.0,1.642799616294013,1.4457772812499998,1.4457772812499998,1.8123484713541664,1.2817174479166666,1.4462638771355416
6563,5,3.43,1.856,143.35,4.243,419,815,135.0,2.683,8.213998081470065,4.396290846354167,2.3788675833333333,5.438327131510417,3.4388479127604166,3.2339443426774745
6564,1,1.128,1.128,0.0,1.414,607,815,135.0,1.0,1.642799616294013,1.4457772812499998,1.4457772812499998,1.8123484713541664,1.2817174479166666,1.4462638771355416
6565,1,1.128,1.128,0.0,1.414,3587,815,135.0,1.0,1.642799616294013,1.4457772812499998,1.4457772812499998,1.8123484713541664,1.2817174479166666,1.4462638771355416
6566,3,3.385,1.128,0.0,3.162,3669,815,161.565,1.0,4.928398848882039,4.338613561197916,1.4457772812499998,4.0527905703125,1.2817174479166666,2.5050025163503102
6567,2,2.257,1.128,0.0,2.236,3715,815,153.435,1.0,3.285599232588026,2.892836279947917,1.4457772812499998,2.865920213541667,1.2817174479166666,2.0453259898153786
6568,50,9.631,6.61,139.701,14.866,348,818,160.346,10.6,82.13998081470065,12.344220740885417,8.472152330729166,19.054011580729167,13.586204947916666,10.226629949076893
6569,80,14.773,6.895,6.081,15.232,400,824,23.199,8.0,131.42396930352103,18.934811858072916,8.837441803385415,19.523120166666665,10.253739583333333,12.935777370709898
6570,1,1.128,1.128,0.0,1.414,433,816,135.0,1.0,1.642799616294013,1.4457772812499998,1.4457772812499998,1.8123484713541664,1.2817174479166666,1.4462638771355416
6571,4,2.257,2.257,0.0,2.828,582,816,135.0,2.0,6.571198465176052,2.892836279947917,2.892836279947917,3.624696942708333,2.5634348958333333,2.892527754271083
6572,7,4.566,1.952,33.401,5.0,3538,819,36.87,2.683,11.499597314058091,5.8523218671874995,2.5019124583333334,6.408587239583333,3.4388479127604166,3.826454549076717
6573,3,3.213,1.189,151.845,3.606,3551,816,146.31,1.789,4.928398848882039,4.11815816015625,1.5239620455729168,4.6218731171875,2.2929925143229166,2.5050025163503102
6574,3,2.365,1.615,135.0,2.828,3582,816,135.0,2.0,4.928398848882039,3.0312617643229167,2.069973678385417,3.624696942708333,2.5634348958333333,2.5050025163503102
6575,1,1.128,1.128,0.0,1.414,3761,816,135.0,1.0,1.642799616294013,1.4457772812499998,1.4457772812499998,1.8123484713541664,1.2817174479166666,1.4462638771355416
6576,1,1.128,1.128,0.0,1.414,3783,816,135.0,1.0,1.642799616294013,1.4457772812499998,1.4457772812499998,1.8123484713541664,1.2817174479166666,1.4462638771355416
6577,1,1.128,1.128,0.0,1.414,85,817,135.0,1.0,1.642799616294013,1.4457772812499998,1.4457772812499998,1.8123484713541664,1.2817174479166666,1.4462638771355416
6578,1,1.128,1.128,0.0,1.414,156,817,135.0,1.0,1.642799616294013,1.4457772812499998,1.4457772812499998,1.8123484713541664,1.2817174479166666,1.4462638771355416
6579,31,8.721,4.526,150.804,12.042,226,817,131.634,7.211,50.926788105114404,11.17785786328125,5.801053169270833,15.4344415078125,9.242464516927084,8.052456474363645
6580,4,4.514,1.128,90.0,4.123,267,817,104.036,1.0,6.571198465176052,5.785672559895834,1.4457772812499998,5.284521037760417,1.2817174479166666,2.892527754271083
6581,1,1.128,1.128,0.0,1.414,277,817,135.0,1.0,1.642799616294013,1.4457772812499998,1.4457772812499998,1.8123484713541664,1.2817174479166666,1.4462638771355416
6582,1,1.128,1.128,0.0,1.414,331,817,135.0,1.0,1.642799616294013,1.4457772812499998,1.4457772812499998,1.8123484713541664,1.2817174479166666,1.4462638771355416
6583,1,1.128,1.128,0.0,1.414,458,817,135.0,1.0,1.642799616294013,1.4457772812499998,1.4457772812499998,1.8123484713541664,1.2817174479166666,1.4462638771355416
6584,2,2.257,1.128,0.0,2.236,571,817,153.435,1.0,3.285599232588026,2.892836279947917,1.4457772812499998,2.865920213541667,1.2817174479166666,2.0453259898153786
6585,1,1.128,1.128,0.0,1.414,3569,817,135.0,1.0,1.642799616294013,1.4457772812499998,1.4457772812499998,1.8123484713541664,1.2817174479166666,1.4462638771355416
6586,62,13.572,5.817,18.074,15.652,3694,826,26.565,7.276,101.85357621022881,17.395469203125,7.45575039453125,20.061441494791666,9.325776151041666,11.387893156464104
6587,1,1.128,1.128,0.0,1.414,3788,817,135.0,1.0,1.642799616294013,1.4457772812499998,1.4457772812499998,1.8123484713541664,1.2817174479166666,1.4462638771355416
6588,9,4.425,2.59,123.401,5.0,312,818,126.87,3.13,14.785196546646118,5.67159970703125,3.3196481901041666,6.408587239583333,4.011775611979166,4.338791631406624
6589,30,10.414,3.668,90.96,12.369,319,818,104.036,6.736,49.28398848882039,13.347805502604166,4.7013395989583335,15.853563113281249,8.633648729166666,7.921513496120161
6590,3,2.365,1.615,135.0,2.828,328,818,135.0,2.0,4.928398848882039,3.0312617643229167,2.069973678385417,3.624696942708333,2.5634348958333333,2.5050025163503102
6591,86,14.76,7.419,80.077,15.264,448,832,58.392,9.0,141.2807670012851,18.91814953125,9.50906174609375,19.564135125,11.535457031249999,13.412099440371483
6592,12,7.199,2.122,168.569,9.487,3591,818,161.565,3.395,19.713595395528156,9.227083907552084,2.7198044244791664,12.159653428385417,4.351430735677083,5.0100050327006205
6593,28,8.445,4.222,111.433,10.44,3735,818,106.699,5.692,45.998389256232365,10.82410384765625,5.411411065104167,13.381130156249998,7.295535713541667,7.652909098153434
6594,4,2.257,2.257,0.0,2.828,3750,818,135.0,2.0,6.571198465176052,2.892836279947917,2.892836279947917,3.624696942708333,2.5634348958333333,2.892527754271083
6595,1,1.128,1.128,0.0,1.414,182,819,135.0,1.0,1.642799616294013,1.4457772812499998,1.4457772812499998,1.8123484713541664,1.2817174479166666,1.4462638771355416
6596,2,2.257,1.128,0.0,2.236,457,819,153.435,1.0,3.285599232588026,2.892836279947917,1.4457772812499998,2.865920213541667,1.2817174479166666,2.0453259898153786
6597,2,2.257,1.128,0.0,2.236,574,819,153.435,1.0,3.285599232588026,2.892836279947917,1.4457772812499998,2.865920213541667,1.2817174479166666,2.0453259898153786
6598,1,1.128,1.128,0.0,1.414,585,819,135.0,1.0,1.642799616294013,1.4457772812499998,1.4457772812499998,1.8123484713541664,1.2817174479166666,1.4462638771355416
6599,1,1.128,1.128,0.0,1.414,3685,819,135.0,1.0,1.642799616294013,1.4457772812499998,1.4457772812499998,1.8123484713541664,1.2817174479166666,1.4462638771355416
6600,3,2.365,1.615,135.0,2.828,3746,819,135.0,2.0,4.928398848882039,3.0312617643229167,2.069973678385417,3.624696942708333,2.5634348958333333,2.5050025163503102
6601,4,2.257,2.257,0.0,2.828,322,820,135.0,2.0,6.571198465176052,2.892836279947917,2.892836279947917,3.624696942708333,2.5634348958333333,2.892527754271083
6602,1,1.128,1.128,0.0,1.414,339,820,135.0,1.0,1.642799616294013,1.4457772812499998,1.4457772812499998,1.8123484713541664,1.2817174479166666,1.4462638771355416
6603,9,5.229,2.191,94.731,5.385,3756,820,111.801,2.0,14.785196546646118,6.70210053515625,2.8082429283854164,6.90204845703125,2.5634348958333333,4.338791631406624
6604,2,2.257,1.128,90.0,2.236,3770,820,116.565,1.0,3.285599232588026,2.892836279947917,1.4457772812499998,2.865920213541667,1.2817174479166666,2.0453259898153786
6605,2,2.257,1.128,90.0,2.236,325,821,116.565,1.0,3.285599232588026,2.892836279947917,1.4457772812499998,2.865920213541667,1.2817174479166666,2.0453259898153786
6606,1,1.128,1.128,0.0,1.414,509,821,135.0,1.0,1.642799616294013,1.4457772812499998,1.4457772812499998,1.8123484713541664,1.2817174479166666,1.4462638771355416
6607,3,2.365,1.615,45.0,2.828,642,823,45.0,2.0,4.928398848882039,3.0312617643229167,2.069973678385417,3.624696942708333,2.5634348958333333,2.5050025163503102
6608,2,2.257,1.128,90.0,2.236,3417,821,116.565,1.0,3.285599232588026,2.892836279947917,1.4457772812499998,2.865920213541667,1.2817174479166666,2.0453259898153786
6609,2,2.257,1.128,0.0,2.236,3497,821,153.435,1.0,3.285599232588026,2.892836279947917,1.4457772812499998,2.865920213541667,1.2817174479166666,2.0453259898153786
6610,5,3.316,1.92,135.0,4.243,3515,821,135.0,2.828,8.213998081470065,4.250175057291666,2.4608974999999997,5.438327131510417,3.624696942708333,3.2339443426774745
6611,5,3.144,2.025,71.565,3.606,3712,824,56.31,2.0,8.213998081470065,4.02971965625,2.59547783203125,4.6218731171875,2.5634348958333333,3.2339443426774745
6612,3,2.365,1.615,135.0,2.828,3718,821,135.0,2.0,4.928398848882039,3.0312617643229167,2.069973678385417,3.624696942708333,2.5634348958333333,2.5050025163503102
6613,5,3.144,2.025,71.565,3.606,224,825,56.31,2.0,8.213998081470065,4.02971965625,2.59547783203125,4.6218731171875,2.5634348958333333,3.2339443426774745
6614,3,2.365,1.615,135.0,2.828,237,822,135.0,2.0,4.928398848882039,3.0312617643229167,2.069973678385417,3.624696942708333,2.5634348958333333,2.5050025163503102
6615,22,6.304,4.443,95.342,7.211,294,822,123.69,4.0,36.141591558468285,8.079946791666666,5.694670621093749,9.242464516927084,5.126869791666667,6.78357888217988
6616,11,5.999,2.335,138.676,7.211,302,822,146.31,3.536,18.070795779234142,7.689022970052083,2.9928102408854165,9.242464516927084,4.532152895833334,4.796714628303253
6617,1,1.128,1.128,0.0,1.414,347,822,135.0,1.0,1.642799616294013,1.4457772812499998,1.4457772812499998,1.8123484713541664,1.2817174479166666,1.4462638771355416
6618,2,2.257,1.128,0.0,2.236,592,822,153.435,1.0,3.285599232588026,2.892836279947917,1.4457772812499998,2.865920213541667,1.2817174479166666,2.0453259898153786
6619,2,2.257,1.128,90.0,2.236,3468,822,116.565,1.0,3.285599232588026,2.892836279947917,1.4457772812499998,2.865920213541667,1.2817174479166666,2.0453259898153786
6620,4,2.257,2.257,0.0,2.828,3589,822,135.0,2.0,6.571198465176052,2.892836279947917,2.892836279947917,3.624696942708333,2.5634348958333333,2.892527754271083
6621,9,3.521,3.255,170.783,5.0,3672,823,143.13,4.0,14.785196546646118,4.512927134114583,4.17199029296875,6.408587239583333,5.126869791666667,4.338791631406624
6622,1,1.128,1.128,0.0,1.414,3753,822,135.0,1.0,1.642799616294013,1.4457772812499998,1.4457772812499998,1.8123484713541664,1.2817174479166666,1.4462638771355416
6623,8,3.583,2.843,46.193,4.472,3764,825,26.565,3.536,13.142396930352104,4.592393615885417,3.643922704427083,5.731840427083334,4.532152895833334,4.090651979630757
6624,1,1.128,1.128,0.0,1.414,3775,822,135.0,1.0,1.642799616294013,1.4457772812499998,1.4457772812499998,1.8123484713541664,1.2817174479166666,1.4462638771355416
6625,1,1.128,1.128,0.0,1.414,265,823,135.0,1.0,1.642799616294013,1.4457772812499998,1.4457772812499998,1.8123484713541664,1.2817174479166666,1.4462638771355416
6626,106,13.338,10.119,98.623,22.561,427,845,77.196,14.289,174.13675932716538,17.095547320312498,12.96969885546875,28.916827342447917,18.31446061328125,14.890197965257402
6627,1,1.128,1.128,0.0,1.414,477,823,135.0,1.0,1.642799616294013,1.4457772812499998,1.4457772812499998,1.8123484713541664,1.2817174479166666,1.4462638771355416
6628,4,3.216,1.583,121.717,3.606,590,823,123.69,2.0,6.571198465176052,4.1220033125,2.028958720052083,4.6218731171875,2.5634348958333333,2.892527754271083
6629,3,2.365,1.615,135.0,2.828,3450,823,135.0,2.0,4.928398848882039,3.0312617643229167,2.069973678385417,3.624696942708333,2.5634348958333333,2.5050025163503102
6630,1,1.128,1.128,0.0,1.414,3705,823,135.0,1.0,1.642799616294013,1.4457772812499998,1.4457772812499998,1.8123484713541664,1.2817174479166666,1.4462638771355416
6631,2,2.596,0.981,45.0,2.828,3707,825,45.0,1.414,3.285599232588026,3.327338494791667,1.2573648164062499,3.624696942708333,1.8123484713541664,2.0453259898153786
6632,1,1.128,1.128,0.0,1.414,3732,823,135.0,1.0,1.642799616294013,1.4457772812499998,1.4457772812499998,1.8123484713541664,1.2817174479166666,1.4462638771355416
6633,23,6.766,4.328,160.736,7.616,3769,824,156.801,4.919,37.7843911747623,8.672100252604167,5.547273114583334,9.761560083333332,6.304768126302083,6.936037892995103
6634,1,1.128,1.128,0.0,1.414,273,824,135.0,1.0,1.642799616294013,1.4457772812499998,1.4457772812499998,1.8123484713541664,1.2817174479166666,1.4462638771355416
6635,7,4.154,2.146,171.65,4.472,284,824,153.435,2.0,11.499597314058091,5.324254278645833,2.7505656432291663,5.731840427083334,2.5634348958333333,3.826454549076717
6636,11,4.526,3.095,113.587,5.657,344,825,135.0,4.0,18.070795779234142,5.801053169270833,3.9669155013020836,7.250675602864583,5.126869791666667,4.796714628303253
6637,2,2.257,1.128,90.0,2.236,577,824,116.565,1.0,3.285599232588026,2.892836279947917,1.4457772812499998,2.865920213541667,1.2817174479166666,2.0453259898153786
6638,4,2.257,2.257,0.0,2.828,660,824,135.0,2.0,6.571198465176052,2.892836279947917,2.892836279947917,3.624696942708333,2.5634348958333333,2.892527754271083
6639,1,1.128,1.128,0.0,1.414,3616,824,135.0,1.0,1.642799616294013,1.4457772812499998,1.4457772812499998,1.8123484713541664,1.2817174479166666,1.4462638771355416
6640,6,4.224,1.809,90.0,4.472,3632,824,116.565,2.0,9.856797697764078,5.4139745,2.3186268632812497,5.731840427083334,2.5634348958333333,3.5426085324013394
6641,3,2.365,1.615,135.0,2.828,3637,824,135.0,2.0,4.928398848882039,3.0312617643229167,2.069973678385417,3.624696942708333,2.5634348958333333,2.5050025163503102
6642,47,8.823,6.782,92.78,11.662,3660,824,120.964,8.489,77.21158196581861,11.30859304296875,8.692607731770833,14.947388877604167,10.880499415364584,9.915085602678126
6643,4,2.257,2.257,0.0,2.828,3668,824,135.0,2.0,6.571198465176052,2.892836279947917,2.892836279947917,3.624696942708333,2.5634348958333333,2.892527754271083
6644,3,3.385,1.128,90.0,3.162,3813,824,108.435,1.0,4.928398848882039,4.338613561197916,1.4457772812499998,4.0527905703125,1.2817174479166666,2.5050025163503102
6645,2,2.257,1.128,90.0,2.236,7,825,116.565,1.0,3.285599232588026,2.892836279947917,1.4457772812499998,2.865920213541667,1.2817174479166666,2.0453259898153786
6646,1,1.128,1.128,0.0,1.414,219,825,135.0,1.0,1.642799616294013,1.4457772812499998,1.4457772812499998,1.8123484713541664,1.2817174479166666,1.4462638771355416
6647,100,14.806,8.6,73.102,18.682,225,843,74.476,12.6,164.2799616294013,18.977108533854164,11.022770052083333,23.945045361979165,16.14963984375,14.462638771355415
6648,1,1.128,1.128,0.0,1.414,314,825,135.0,1.0,1.642799616294013,1.4457772812499998,1.4457772812499998,1.8123484713541664,1.2817174479166666,1.4462638771355416
6649,1,1.128,1.128,0.0,1.414,359,825,135.0,1.0,1.642799616294013,1.4457772812499998,1.4457772812499998,1.8123484713541664,1.2817174479166666,1.4462638771355416
6650,2,2.257,1.128,0.0,2.236,476,825,153.435,1.0,3.285599232588026,2.892836279947917,1.4457772812499998,2.865920213541667,1.2817174479166666,2.0453259898153786
6651,2,2.257,1.128,0.0,2.236,526,825,153.435,1.0,3.285599232588026,2.892836279947917,1.4457772812499998,2.865920213541667,1.2817174479166666,2.0453259898153786
6652,1,1.128,1.128,0.0,1.414,649,825,135.0,1.0,1.642799616294013,1.4457772812499998,1.4457772812499998,1.8123484713541664,1.2817174479166666,1.4462638771355416
6653,1,1.128,1.128,0.0,1.414,3603,825,135.0,1.0,1.642799616294013,1.4457772812499998,1.4457772812499998,1.8123484713541664,1.2817174479166666,1.4462638771355416
6654,3,2.365,1.615,45.0,2.828,132,828,45.0,2.0,4.928398848882039,3.0312617643229167,2.069973678385417,3.624696942708333,2.5634348958333333,2.5050025163503102
6655,4,2.257,2.257,0.0,2.828,213,826,135.0,2.0,6.571198465176052,2.892836279947917,2.892836279947917,3.624696942708333,2.5634348958333333,2.892527754271083
6656,1,1.128,1.128,0.0,1.414,269,826,135.0,1.0,1.642799616294013,1.4457772812499998,1.4457772812499998,1.8123484713541664,1.2817174479166666,1.4462638771355416
6657,11,4.337,3.229,45.0,5.0,323,830,36.87,4.0,18.070795779234142,5.558808571614583,4.138665639322917,6.408587239583333,5.126869791666667,4.796714628303253
6658,9,4.036,2.839,134.132,5.0,655,826,126.87,4.0,14.785196546646118,5.173011619791666,3.6387958346354163,6.408587239583333,5.126869791666667,4.338791631406624
6659,2,2.257,1.128,0.0,2.236,3570,826,153.435,1.0,3.285599232588026,2.892836279947917,1.4457772812499998,2.865920213541667,1.2817174479166666,2.0453259898153786
6660,1,1.128,1.128,0.0,1.414,3601,826,135.0,1.0,1.642799616294013,1.4457772812499998,1.4457772812499998,1.8123484713541664,1.2817174479166666,1.4462638771355416
6661,25,7.76,4.102,80.949,11.045,3607,826,95.194,6.0,41.069990407350325,9.946127395833333,5.257604971354167,14.156569212239583,7.690304687499999,7.231319385677708
6662,9,4.196,2.731,83.953,4.472,3614,826,116.565,3.0,14.785196546646118,5.378086411458333,3.5003703502604164,5.731840427083334,3.8451523437499997,4.338791631406624
6663,24,6.065,5.038,47.382,7.81,3714,832,50.194,6.0,39.42719079105631,7.7736163216145835,6.457292502604167,10.010213268229165,7.690304687499999,7.085217064802679
6664,1,1.128,1.128,0.0,1.414,3721,826,135.0,1.0,1.642799616294013,1.4457772812499998,1.4457772812499998,1.8123484713541664,1.2817174479166666,1.4462638771355416
6665,17,7.308,2.962,85.898,7.28,3750,826,105.945,3.0,27.927593476998222,9.366791109374999,3.796447080729167,9.330903020833334,3.8451523437499997,5.963098727945161
6666,5,4.076,1.562,110.994,4.472,3762,826,116.565,2.0,8.213998081470065,5.224280317708333,2.0020426536458333,5.731840427083334,2.5634348958333333,3.2339443426774745
6667,1,1.128,1.128,0.0,1.414,136,827,135.0,1.0,1.642799616294013,1.4457772812499998,1.4457772812499998,1.8123484713541664,1.2817174479166666,1.4462638771355416
6668,5,3.732,1.706,95.152,4.123,273,827,104.036,2.0,8.213998081470065,4.783369515625,2.1866099661458334,5.284521037760417,2.5634348958333333,3.2339443426774745
6669,3,3.213,1.189,28.155,3.606,303,829,33.69,1.789,4.928398848882039,4.11815816015625,1.5239620455729168,4.6218731171875,2.2929925143229166,2.5050025163503102
6670,2,2.596,0.981,135.0,2.828,3754,827,135.0,1.414,3.285599232588026,3.327338494791667,1.2573648164062499,3.624696942708333,1.8123484713541664,2.0453259898153786
6671,12,7.136,2.141,7.198,7.616,3805,830,23.199,2.959,19.713595395528156,9.146335708333334,2.744157055989583,9.761560083333332,3.792601928385417,5.0100050327006205
6672,7,4.633,1.924,112.5,5.0,232,828,126.87,2.53,11.499597314058091,5.938196936197917,2.4660243697916666,6.408587239583333,3.2427451432291665,3.826454549076717
6673,11,5.851,2.394,115.214,6.708,337,828,116.565,3.578,18.070795779234142,7.499328787760416,3.0684315703125002,8.597760640625,4.585985028645833,4.796714628303253
6674,15,5.833,3.274,60.482,6.708,367,834,63.435,4.0,24.641994244410196,7.476257873697917,4.196342924479167,8.597760640625,5.126869791666667,5.601355910367322
6675,8,4.044,2.519,19.33,4.472,402,830,26.565,3.0,13.142396930352104,5.1832653593749995,3.2286462513020835,5.731840427083334,3.8451523437499997,4.090651979630757
6676,27,7.618,4.513,12.859,8.944,527,833,26.565,5.0,44.35558963993835,9.764123518229168,5.784390842447916,11.463680854166668,6.408587239583333,7.515007549050931
6677,1,1.128,1.128,0.0,1.414,3573,828,135.0,1.0,1.642799616294013,1.4457772812499998,1.4457772812499998,1.8123484713541664,1.2817174479166666,1.4462638771355416
6678,1,1.128,1.128,0.0,1.414,3745,828,135.0,1.0,1.642799616294013,1.4457772812499998,1.4457772812499998,1.8123484713541664,1.2817174479166666,1.4462638771355416
6679,2,2.257,1.128,0.0,2.236,135,829,153.435,1.0,3.285599232588026,2.892836279947917,1.4457772812499998,2.865920213541667,1.2817174479166666,2.0453259898153786
6680,9,4.563,2.511,116.565,5.0,139,829,126.87,3.0,14.785196546646118,5.848476714843749,3.21839251171875,6.408587239583333,3.8451523437499997,4.338791631406624
6681,1,1.128,1.128,0.0,1.414,203,829,135.0,1.0,1.642799616294013,1.4457772812499998,1.4457772812499998,1.8123484713541664,1.2817174479166666,1.4462638771355416
6682,1,1.128,1.128,0.0,1.414,230,829,135.0,1.0,1.642799616294013,1.4457772812499998,1.4457772812499998,1.8123484713541664,1.2817174479166666,1.4462638771355416
6683,2,2.596,0.981,135.0,2.828,236,829,135.0,1.414,3.285599232588026,3.327338494791667,1.2573648164062499,3.624696942708333,1.8123484713541664,2.0453259898153786
6684,20,6.642,3.834,0.38,8.246,276,830,165.964,4.0,32.85599232588026,8.5131672890625,4.9141046953125,10.569042075520834,5.126869791666667,6.467888685354949
6685,4,2.734,1.863,90.0,3.162,287,829,108.435,2.0,6.571198465176052,3.5042155026041666,2.38783960546875,4.0527905703125,2.5634348958333333,2.892527754271083
6686,16,8.295,2.456,48.52,9.22,287,836,49.399,3.536,26.28479386070421,10.63184623046875,3.1478980520833333,11.817434869791667,4.532152895833334,5.785055508542166
6687,1,1.128,1.128,0.0,1.414,315,829,135.0,1.0,1.642799616294013,1.4457772812499998,1.4457772812499998,1.8123484713541664,1.2817174479166666,1.4462638771355416
6688,1,1.128,1.128,0.0,1.414,377,829,135.0,1.0,1.642799616294013,1.4457772812499998,1.4457772812499998,1.8123484713541664,1.2817174479166666,1.4462638771355416
6689,2,2.257,1.128,0.0,2.236,3447,829,153.435,1.0,3.285599232588026,2.892836279947917,1.4457772812499998,2.865920213541667,1.2817174479166666,2.0453259898153786
6690,1,1.128,1.128,0.0,1.414,3468,829,135.0,1.0,1.642799616294013,1.4457772812499998,1.4457772812499998,1.8123484713541664,1.2817174479166666,1.4462638771355416
6691,6,3.385,2.257,90.0,3.606,3628,829,123.69,2.0,9.856797697764078,4.338613561197916,2.892836279947917,4.6218731171875,2.5634348958333333,3.5426085324013394
6692,25,7.601,4.188,51.662,8.602,3677,836,54.462,5.547,41.069990407350325,9.742334321614583,5.367832671874999,11.025333486979166,7.10968668359375,7.231319385677708
6693,19,6.065,3.988,31.805,7.211,3737,834,33.69,5.0,31.21319270958625,7.7736163216145835,5.111489182291667,9.242464516927084,6.408587239583333,6.304118086127151
6694,11,6.058,2.312,166.787,6.708,3756,830,153.435,3.334,18.070795779234142,7.7646442994791665,2.9633307395833333,8.597760640625,4.273245971354167,4.796714628303253
6695,29,6.377,5.791,84.848,8.602,3768,836,35.538,7.0,47.64118887252638,8.173512165364583,7.422425740885417,11.025333486979166,8.972022135416667,7.788369332980218
6696,2,2.257,1.128,0.0,2.236,356,830,153.435,1.0,3.285599232588026,2.892836279947917,1.4457772812499998,2.865920213541667,1.2817174479166666,2.0453259898153786
6697,7,5.155,1.729,80.385,5.385,440,835,68.199,2.0,11.499597314058091,6.607253444010417,2.2160894674479166,6.90204845703125,2.5634348958333333,3.826454549076717
6698,1,1.128,1.128,0.0,1.414,553,830,135.0,1.0,1.642799616294013,1.4457772812499998,1.4457772812499998,1.8123484713541664,1.2817174479166666,1.4462638771355416
6699,4,4.514,1.128,90.0,4.123,3474,830,104.036,1.0,6.571198465176052,5.785672559895834,1.4457772812499998,5.284521037760417,1.2817174479166666,2.892527754271083
6700,9,3.81,3.008,59.527,5.0,3578,834,36.87,4.0,14.785196546646118,4.8833434765625,3.8554060833333335,6.408587239583333,5.126869791666667,4.338791631406624
6701,39,12.974,3.827,43.972,14.142,3642,840,45.0,5.55,64.0691850354665,16.629002169270834,4.905132673177083,18.126048148437498,7.1135318359375,9.031915017867364
6702,13,5.948,2.783,49.272,7.071,3721,835,45.0,4.243,21.35639501182217,7.6236553802083336,3.567019657552083,9.063024074218749,5.438327131510417,5.214578566863546
6703,1,1.128,1.128,0.0,1.414,3727,830,135.0,1.0,1.642799616294013,1.4457772812499998,1.4457772812499998,1.8123484713541664,1.2817174479166666,1.4462638771355416
6704,16,5.259,3.874,169.867,6.403,3730,830,141.34,4.0,26.28479386070421,6.74055205859375,4.965373393229167,8.206836819010416,5.126869791666667,5.785055508542166
6705,21,5.424,4.93,146.724,7.071,3744,830,135.0,5.657,34.49879194217427,6.9520354375,6.318867018229166,9.063024074218749,7.250675602864583,6.627613691853932
6706,2,2.257,1.128,90.0,2.236,299,831,116.565,1.0,3.285599232588026,2.892836279947917,1.4457772812499998,2.865920213541667,1.2817174479166666,2.0453259898153786
6707,1,1.128,1.128,0.0,1.414,333,831,135.0,1.0,1.642799616294013,1.4457772812499998,1.4457772812499998,1.8123484713541664,1.2817174479166666,1.4462638771355416
6708,2,2.596,0.981,135.0,2.828,350,831,135.0,1.414,3.285599232588026,3.327338494791667,1.2573648164062499,3.624696942708333,1.8123484713541664,2.0453259898153786
6709,1,1.128,1.128,0.0,1.414,3783,831,135.0,1.0,1.642799616294013,1.4457772812499998,1.4457772812499998,1.8123484713541664,1.2817174479166666,1.4462638771355416
6710,1,1.128,1.128,0.0,1.414,431,832,135.0,1.0,1.642799616294013,1.4457772812499998,1.4457772812499998,1.8123484713541664,1.2817174479166666,1.4462638771355416
6711,1,1.128,1.128,0.0,1.414,443,832,135.0,1.0,1.642799616294013,1.4457772812499998,1.4457772812499998,1.8123484713541664,1.2817174479166666,1.4462638771355416
6712,5,3.144,2.025,161.565,3.606,3459,832,146.31,2.0,8.213998081470065,4.02971965625,2.59547783203125,4.6218731171875,2.5634348958333333,3.2339443426774745
6713,35,11.983,3.719,99.757,13.342,3699,832,102.995,4.876,57.49798657029046,15.358820178385416,4.766707188802083,17.10067419010417,6.249654276041667,8.556212484548844
6714,1,1.128,1.128,0.0,1.414,3728,832,135.0,1.0,1.642799616294013,1.4457772812499998,1.4457772812499998,1.8123484713541664,1.2817174479166666,1.4462638771355416
6715,1,1.128,1.128,0.0,1.414,143,833,135.0,1.0,1.642799616294013,1.4457772812499998,1.4457772812499998,1.8123484713541664,1.2817174479166666,1.4462638771355416
6716,5,3.144,2.025,71.565,3.606,271,836,56.31,2.0,8.213998081470065,4.02971965625,2.59547783203125,4.6218731171875,2.5634348958333333,3.2339443426774745
6717,9,5.859,1.956,106.196,6.708,276,833,116.565,2.846,14.785196546646118,7.50958252734375,2.507039328125,8.597760640625,3.6477678567708334,4.338791631406624
6718,3,2.365,1.615,45.0,2.828,3531,835,45.0,2.0,4.928398848882039,3.0312617643229167,2.069973678385417,3.624696942708333,2.5634348958333333,2.5050025163503102
6719,3,2.365,1.615,45.0,2.828,3599,835,45.0,2.0,4.928398848882039,3.0312617643229167,2.069973678385417,3.624696942708333,2.5634348958333333,2.5050025163503102
6720,11,7.064,1.983,36.823,7.81,3808,838,39.806,3.2,18.070795779234142,9.054052052083334,2.54164569921875,10.010213268229165,4.101495833333334,4.796714628303253
6721,21,6.194,4.317,49.859,7.211,236,838,33.69,5.367,34.49879194217427,7.938957872395833,5.53317422265625,9.242464516927084,6.87897754296875,6.627613691853932
6722,1,1.128,1.128,0.0,1.414,248,834,135.0,1.0,1.642799616294013,1.4457772812499998,1.4457772812499998,1.8123484713541664,1.2817174479166666,1.4462638771355416
6723,4,3.216,1.583,58.283,3.606,518,837,56.31,2.0,6.571198465176052,4.1220033125,2.028958720052083,4.6218731171875,2.5634348958333333,2.892527754271083
6724,22,6.639,4.219,169.926,7.211,962,834,146.31,4.0,36.141591558468285,8.50932213671875,5.4075659127604165,9.242464516927084,5.126869791666667,6.78357888217988
6725,1,1.128,1.128,0.0,1.414,3583,834,135.0,1.0,1.642799616294013,1.4457772812499998,1.4457772812499998,1.8123484713541664,1.2817174479166666,1.4462638771355416
6726,1,1.128,1.128,0.0,1.414,3585,834,135.0,1.0,1.642799616294013,1.4457772812499998,1.4457772812499998,1.8123484713541664,1.2817174479166666,1.4462638771355416
6727,11,5.57,2.514,82.027,5.831,3717,839,59.036,3.0,18.070795779234142,7.139166184895833,3.2222376640624995,7.473694438802084,3.8451523437499997,4.796714628303253
6728,1,1.128,1.128,0.0,1.414,294,835,135.0,1.0,1.642799616294013,1.4457772812499998,1.4457772812499998,1.8123484713541664,1.2817174479166666,1.4462638771355416
6729,1,1.128,1.128,0.0,1.414,304,835,135.0,1.0,1.642799616294013,1.4457772812499998,1.4457772812499998,1.8123484713541664,1.2817174479166666,1.4462638771355416
6730,64,14.295,5.7,38.22,15.62,318,848,50.194,9.089,105.13917544281684,18.32215091796875,7.3057894531250005,20.02042653645833,11.649529884114584,11.570111017084333
6731,2,2.257,1.128,0.0,2.236,357,835,153.435,1.0,3.285599232588026,2.892836279947917,1.4457772812499998,2.865920213541667,1.2817174479166666,2.0453259898153786
6732,1,1.128,1.128,0.0,1.414,3454,835,135.0,1.0,1.642799616294013,1.4457772812499998,1.4457772812499998,1.8123484713541664,1.2817174479166666,1.4462638771355416
6733,1,1.128,1.128,0.0,1.414,3580,835,135.0,1.0,1.642799616294013,1.4457772812499998,1.4457772812499998,1.8123484713541664,1.2817174479166666,1.4462638771355416
6734,60,12.512,6.106,112.986,15.264,3760,835,121.608,7.589,98.56797697764078,16.036848708333334,7.826166736979166,19.564135125,9.726953712239583,11.202711820734644
6735,2,2.596,0.981,45.0,2.828,3765,837,45.0,1.414,3.285599232588026,3.327338494791667,1.2573648164062499,3.624696942708333,1.8123484713541664,2.0453259898153786
6736,5,4.183,1.522,79.099,4.472,306,840,63.435,2.0,8.213998081470065,5.361424084635416,1.9507739557291666,5.731840427083334,2.5634348958333333,3.2339443426774745
6737,6,4.134,1.848,167.067,4.472,546,836,153.435,2.0,9.856797697764078,5.298619929687501,2.36861384375,5.731840427083334,2.5634348958333333,3.5426085324013394
6738,2,2.257,1.128,90.0,2.236,605,836,116.565,1.0,3.285599232588026,2.892836279947917,1.4457772812499998,2.865920213541667,1.2817174479166666,2.0453259898153786
6739,2,2.596,0.981,45.0,2.828,3584,838,45.0,1.414,3.285599232588026,3.327338494791667,1.2573648164062499,3.624696942708333,1.8123484713541664,2.0453259898153786
6740,1,1.128,1.128,0.0,1.414,3705,836,135.0,1.0,1.642799616294013,1.4457772812499998,1.4457772812499998,1.8123484713541664,1.2817174479166666,1.4462638771355416
6741,11,4.288,3.266,125.008,5.0,3723,836,126.87,4.0,18.070795779234142,5.496004416666667,4.186089184895834,6.408587239583333,5.126869791666667,4.796714628303253
6742,2,2.257,1.128,90.0,2.236,3753,836,116.565,1.0,3.285599232588026,2.892836279947917,1.4457772812499998,2.865920213541667,1.2817174479166666,2.0453259898153786
6743,8,4.444,2.292,54.645,5.0,3804,840,53.13,2.828,13.142396930352104,5.695952338541667,2.9376963906249998,6.408587239583333,3.624696942708333,4.090651979630757
6744,249,29.307,10.818,39.001,39.115,245,864,32.471,18.667,409.0571044572093,37.56329324609375,13.865619351562499,50.13437797526042,23.925819600260418,22.821659040798835
6745,11,4.265,3.284,52.141,6.403,278,842,51.34,4.95,18.070795779234142,5.466524915364583,4.209160098958333,8.206836819010416,6.3445013671875,4.796714628303253
6746,8,4.067,2.505,135.0,5.0,285,837,126.87,3.0,13.142396930352104,5.212744860677083,3.21070220703125,6.408587239583333,3.8451523437499997,4.090651979630757
6747,1,1.128,1.128,0.0,1.414,3711,837,135.0,1.0,1.642799616294013,1.4457772812499998,1.4457772812499998,1.8123484713541664,1.2817174479166666,1.4462638771355416
6748,1,1.128,1.128,0.0,1.414,3743,837,135.0,1.0,1.642799616294013,1.4457772812499998,1.4457772812499998,1.8123484713541664,1.2817174479166666,1.4462638771355416
6749,1,1.128,1.128,0.0,1.414,249,838,135.0,1.0,1.642799616294013,1.4457772812499998,1.4457772812499998,1.8123484713541664,1.2817174479166666,1.4462638771355416
6750,4,3.216,1.583,121.717,3.606,293,838,123.69,2.0,6.571198465176052,4.1220033125,2.028958720052083,4.6218731171875,2.5634348958333333,2.892527754271083
6751,1,1.128,1.128,0.0,1.414,441,838,135.0,1.0,1.642799616294013,1.4457772812499998,1.4457772812499998,1.8123484713541664,1.2817174479166666,1.4462638771355416
6752,1,1.128,1.128,0.0,1.414,473,838,135.0,1.0,1.642799616294013,1.4457772812499998,1.4457772812499998,1.8123484713541664,1.2817174479166666,1.4462638771355416
6753,1,1.128,1.128,0.0,1.414,523,838,135.0,1.0,1.642799616294013,1.4457772812499998,1.4457772812499998,1.8123484713541664,1.2817174479166666,1.4462638771355416
6754,3,2.365,1.615,45.0,2.828,3730,840,45.0,2.0,4.928398848882039,3.0312617643229167,2.069973678385417,3.624696942708333,2.5634348958333333,2.5050025163503102
6755,17,5.037,4.298,149.036,6.403,3738,838,141.34,4.0,27.927593476998222,6.456010785156249,5.508821591145833,8.206836819010416,5.126869791666667,5.963098727945161
6756,9,3.923,2.921,101.981,4.472,3751,838,116.565,3.0,14.785196546646118,5.028177548177084,3.743896665364583,5.731840427083334,3.8451523437499997,4.338791631406624
6757,1,1.128,1.128,0.0,1.414,311,839,135.0,1.0,1.642799616294013,1.4457772812499998,1.4457772812499998,1.8123484713541664,1.2817174479166666,1.4462638771355416
6758,1,1.128,1.128,0.0,1.414,397,839,135.0,1.0,1.642799616294013,1.4457772812499998,1.4457772812499998,1.8123484713541664,1.2817174479166666,1.4462638771355416
6759,5,4.076,1.562,110.994,4.472,3484,839,116.565,2.0,8.213998081470065,5.224280317708333,2.0020426536458333,5.731840427083334,2.5634348958333333,3.2339443426774745
6760,1,1.128,1.128,0.0,1.414,3513,839,135.0,1.0,1.642799616294013,1.4457772812499998,1.4457772812499998,1.8123484713541664,1.2817174479166666,1.4462638771355416
6761,4,3.216,1.583,121.717,3.606,3534,839,123.69,2.0,6.571198465176052,4.1220033125,2.028958720052083,4.6218731171875,2.5634348958333333,2.892527754271083
6762,1,1.128,1.128,0.0,1.414,3605,839,135.0,1.0,1.642799616294013,1.4457772812499998,1.4457772812499998,1.8123484713541664,1.2817174479166666,1.4462638771355416
6763,34,10.439,4.147,173.022,11.705,246,845,19.983,5.657,55.855186953996444,13.379848438802084,5.315282256510417,15.002502727864583,7.250675602864583,8.433095094829797
6764,16,5.454,3.735,17.102,6.708,344,844,26.565,4.0,26.28479386070421,6.990486960937499,4.78721466796875,8.597760640625,5.126869791666667,5.785055508542166
6765,1,1.128,1.128,0.0,1.414,401,840,135.0,1.0,1.642799616294013,1.4457772812499998,1.4457772812499998,1.8123484713541664,1.2817174479166666,1.4462638771355416
6766,4,2.734,1.863,90.0,3.162,545,840,108.435,2.0,6.571198465176052,3.5042155026041666,2.38783960546875,4.0527905703125,2.5634348958333333,2.892527754271083
6767,2,2.596,0.981,45.0,2.828,608,842,45.0,1.414,3.285599232588026,3.327338494791667,1.2573648164062499,3.624696942708333,1.8123484713541664,2.0453259898153786
6768,3,3.385,1.128,90.0,3.162,3565,840,108.435,1.0,4.928398848882039,4.338613561197916,1.4457772812499998,4.0527905703125,1.2817174479166666,2.5050025163503102
6769,2,2.257,1.128,90.0,2.236,3591,840,116.565,1.0,3.285599232588026,2.892836279947917,1.4457772812499998,2.865920213541667,1.2817174479166666,2.0453259898153786
6770,2,2.257,1.128,0.0,2.236,3594,840,153.435,1.0,3.285599232588026,2.892836279947917,1.4457772812499998,2.865920213541667,1.2817174479166666,2.0453259898153786
6771,7,5.102,1.747,139.545,5.657,3614,840,135.0,2.774,11.499597314058091,6.5393224192708335,2.2391603815104166,7.250675602864583,3.555484200520833,3.826454549076717
6772,1,1.128,1.128,0.0,1.414,3639,840,135.0,1.0,1.642799616294013,1.4457772812499998,1.4457772812499998,1.8123484713541664,1.2817174479166666,1.4462638771355416
6773,6,3.995,1.912,99.462,4.472,3718,840,116.565,2.0,9.856797697764078,5.120461204427083,2.4506437604166664,5.731840427083334,2.5634348958333333,3.5426085324013394
6774,1,1.128,1.128,0.0,1.414,3771,840,135.0,1.0,1.642799616294013,1.4457772812499998,1.4457772812499998,1.8123484713541664,1.2817174479166666,1.4462638771355416
6775,1,1.128,1.128,0.0,1.414,168,841,135.0,1.0,1.642799616294013,1.4457772812499998,1.4457772812499998,1.8123484713541664,1.2817174479166666,1.4462638771355416
6776,2,2.257,1.128,0.0,2.236,474,841,153.435,1.0,3.285599232588026,2.892836279947917,1.4457772812499998,2.865920213541667,1.2817174479166666,2.0453259898153786
6777,1,1.128,1.128,0.0,1.414,505,841,135.0,1.0,1.642799616294013,1.4457772812499998,1.4457772812499998,1.8123484713541664,1.2817174479166666,1.4462638771355416
6778,2,2.596,0.981,135.0,2.828,664,841,135.0,1.414,3.285599232588026,3.327338494791667,1.2573648164062499,3.624696942708333,1.8123484713541664,2.0453259898153786
6779,1,1.128,1.128,0.0,1.414,3652,841,135.0,1.0,1.642799616294013,1.4457772812499998,1.4457772812499998,1.8123484713541664,1.2817174479166666,1.4462638771355416
6780,1,1.128,1.128,0.0,1.414,3711,841,135.0,1.0,1.642799616294013,1.4457772812499998,1.4457772812499998,1.8123484713541664,1.2817174479166666,1.4462638771355416
6781,2,2.257,1.128,0.0,2.236,3715,841,153.435,1.0,3.285599232588026,2.892836279947917,1.4457772812499998,2.865920213541667,1.2817174479166666,2.0453259898153786
6782,2,2.257,1.128,90.0,2.236,289,842,116.565,1.0,3.285599232588026,2.892836279947917,1.4457772812499998,2.865920213541667,1.2817174479166666,2.0453259898153786
6783,46,8.547,6.853,61.684,10.63,291,850,48.814,8.0,75.5687823495246,10.95483902734375,8.783609670572917,13.624656471354168,10.253739583333333,9.809038857407382
6784,2,2.257,1.128,90.0,2.236,401,842,116.565,1.0,3.285599232588026,2.892836279947917,1.4457772812499998,2.865920213541667,1.2817174479166666,2.0453259898153786
6785,4,4.428,1.15,53.909,5.0,483,846,53.13,1.941,6.571198465176052,5.675444859375,1.4739750651041665,6.408587239583333,2.48781356640625,2.892527754271083
6786,1,1.128,1.128,0.0,1.414,599,842,135.0,1.0,1.642799616294013,1.4457772812499998,1.4457772812499998,1.8123484713541664,1.2817174479166666,1.4462638771355416
6787,3,3.385,1.128,90.0,3.162,611,842,108.435,1.0,4.928398848882039,4.338613561197916,1.4457772812499998,4.0527905703125,1.2817174479166666,2.5050025163503102
6788,3,3.385,1.128,90.0,3.162,765,842,108.435,1.0,4.928398848882039,4.338613561197916,1.4457772812499998,4.0527905703125,1.2817174479166666,2.5050025163503102
6789,4,2.257,2.257,0.0,2.828,3654,842,135.0,2.0,6.571198465176052,2.892836279947917,2.892836279947917,3.624696942708333,2.5634348958333333,2.892527754271083
6790,1,1.128,1.128,0.0,1.414,3665,842,135.0,1.0,1.642799616294013,1.4457772812499998,1.4457772812499998,1.8123484713541664,1.2817174479166666,1.4462638771355416
6791,1,1.128,1.128,0.0,1.414,3747,842,135.0,1.0,1.642799616294013,1.4457772812499998,1.4457772812499998,1.8123484713541664,1.2817174479166666,1.4462638771355416
6792,1,1.128,1.128,0.0,1.414,114,843,135.0,1.0,1.642799616294013,1.4457772812499998,1.4457772812499998,1.8123484713541664,1.2817174479166666,1.4462638771355416
6793,1,1.128,1.128,0.0,1.414,303,843,135.0,1.0,1.642799616294013,1.4457772812499998,1.4457772812499998,1.8123484713541664,1.2817174479166666,1.4462638771355416
6794,1,1.128,1.128,0.0,1.414,418,843,135.0,1.0,1.642799616294013,1.4457772812499998,1.4457772812499998,1.8123484713541664,1.2817174479166666,1.4462638771355416
6795,1,1.128,1.128,0.0,1.414,433,843,135.0,1.0,1.642799616294013,1.4457772812499998,1.4457772812499998,1.8123484713541664,1.2817174479166666,1.4462638771355416
6796,6,2.979,2.564,0.0,3.606,660,843,123.69,3.0,9.856797697764078,3.81823627734375,3.286323536458333,4.6218731171875,3.8451523437499997,3.5426085324013394
6797,1,1.128,1.128,0.0,1.414,3437,843,135.0,1.0,1.642799616294013,1.4457772812499998,1.4457772812499998,1.8123484713541664,1.2817174479166666,1.4462638771355416
6798,3,2.365,1.615,135.0,2.828,3662,843,135.0,2.0,4.928398848882039,3.0312617643229167,2.069973678385417,3.624696942708333,2.5634348958333333,2.5050025163503102
6799,8,3.739,2.724,88.212,4.472,3722,843,116.565,3.0,13.142396930352104,4.792341537760416,3.4913983281250003,5.731840427083334,3.8451523437499997,4.090651979630757
6800,5,3.461,1.839,45.0,4.243,3748,846,45.0,2.683,8.213998081470065,4.436024087239583,2.35707838671875,5.438327131510417,3.4388479127604166,3.2339443426774745
6801,1,1.128,1.128,0.0,1.414,3825,843,135.0,1.0,1.642799616294013,1.4457772812499998,1.4457772812499998,1.8123484713541664,1.2817174479166666,1.4462638771355416
6802,25,8.15,3.906,85.371,9.487,331,844,108.435,5.0,41.069990407350325,10.445997200520834,5.0063883515625,12.159653428385417,6.408587239583333,7.231319385677708
6803,1,1.128,1.128,0.0,1.414,363,844,135.0,1.0,1.642799616294013,1.4457772812499998,1.4457772812499998,1.8123484713541664,1.2817174479166666,1.4462638771355416
6804,6,4.134,1.848,102.933,4.472,394,844,116.565,2.0,9.856797697764078,5.298619929687501,2.36861384375,5.731840427083334,2.5634348958333333,3.5426085324013394
6805,1,1.128,1.128,0.0,1.414,523,844,135.0,1.0,1.642799616294013,1.4457772812499998,1.4457772812499998,1.8123484713541664,1.2817174479166666,1.4462638771355416
6806,2,2.596,0.981,45.0,2.828,608,846,45.0,1.414,3.285599232588026,3.327338494791667,1.2573648164062499,3.624696942708333,1.8123484713541664,2.0453259898153786
6807,4,2.257,2.257,0.0,2.828,3598,844,135.0,2.0,6.571198465176052,2.892836279947917,2.892836279947917,3.624696942708333,2.5634348958333333,2.892527754271083
6808,13,5.161,3.207,106.907,6.325,3623,844,108.435,4.715,21.35639501182217,6.614943748697916,4.11046785546875,8.106862858072917,6.043297766927083,5.214578566863546
6809,16,6.799,2.996,130.792,7.81,3672,845,140.194,4.243,26.28479386070421,8.714396928385417,3.8400254739583333,10.010213268229165,5.438327131510417,5.785055508542166
6810,4,2.838,1.795,135.0,3.606,3755,844,123.69,2.683,6.571198465176052,3.6375141171875,2.3006828190104165,4.6218731171875,3.4388479127604166,2.892527754271083
6811,657,43.362,19.292,158.651,55.154,169,848,157.62,27.727,1079.3193479051665,55.5778319765625,24.726893005208336,70.69184412239584,35.53817967838542,37.070651948890564
6812,1,1.128,1.128,0.0,1.414,201,845,135.0,1.0,1.642799616294013,1.4457772812499998,1.4457772812499998,1.8123484713541664,1.2817174479166666,1.4462638771355416
6813,24,9.385,3.256,54.909,11.402,218,854,52.125,4.973,39.42719079105631,12.028918248697916,4.1732720104166665,14.614142341145833,6.373980868489583,7.085217064802679
6814,5,3.086,2.063,55.901,3.606,304,847,33.69,2.683,8.213998081470065,3.955380044270833,2.6441830950520835,4.6218731171875,3.4388479127604166,3.2339443426774745
6815,17,8.291,2.611,109.804,9.849,308,845,113.962,4.472,27.927593476998222,10.626719360677084,3.346564256510417,12.62363514453125,5.731840427083334,5.963098727945161
6816,181,24.223,9.514,90.441,27.659,476,872,77.471,12.587,297.3467305492164,31.047041740885415,12.194259799479166,35.45102289192708,16.13297751692708,19.45749047584478
6817,2,2.596,0.981,135.0,2.828,496,845,135.0,1.414,3.285599232588026,3.327338494791667,1.2573648164062499,3.624696942708333,1.8123484713541664,2.0453259898153786
6818,1,1.128,1.128,0.0,1.414,682,845,135.0,1.0,1.642799616294013,1.4457772812499998,1.4457772812499998,1.8123484713541664,1.2817174479166666,1.4462638771355416
6819,1,1.128,1.128,0.0,1.414,692,845,135.0,1.0,1.642799616294013,1.4457772812499998,1.4457772812499998,1.8123484713541664,1.2817174479166666,1.4462638771355416
6820,2,2.257,1.128,0.0,2.236,3681,845,153.435,1.0,3.285599232588026,2.892836279947917,1.4457772812499998,2.865920213541667,1.2817174479166666,2.0453259898153786
6821,2,2.257,1.128,0.0,2.236,3705,845,153.435,1.0,3.285599232588026,2.892836279947917,1.4457772812499998,2.865920213541667,1.2817174479166666,2.0453259898153786
6822,41,9.283,5.623,141.215,12.083,3732,846,155.556,8.162,67.35478426805453,11.898183069010416,7.207097209635417,15.486991923177083,10.461377809895835,9.26060728541019
6823,5,3.732,1.706,148.283,4.243,3785,845,135.0,2.236,8.213998081470065,4.783369515625,2.1866099661458334,5.438327131510417,2.865920213541667,3.2339443426774745
6824,2,2.257,1.128,90.0,2.236,468,846,116.565,1.0,3.285599232588026,2.892836279947917,1.4457772812499998,2.865920213541667,1.2817174479166666,2.0453259898153786
6825,4,2.734,1.863,90.0,3.162,587,846,108.435,2.0,6.571198465176052,3.5042155026041666,2.38783960546875,4.0527905703125,2.5634348958333333,2.892527754271083
6826,9,4.875,2.35,138.456,5.657,626,846,135.0,3.536,14.785196546646118,6.24837255859375,3.012036002604167,7.250675602864583,4.532152895833334,4.338791631406624
6827,1,1.128,1.128,0.0,1.414,687,846,135.0,1.0,1.642799616294013,1.4457772812499998,1.4457772812499998,1.8123484713541664,1.2817174479166666,1.4462638771355416
6828,1,1.128,1.128,0.0,1.414,3527,846,135.0,1.0,1.642799616294013,1.4457772812499998,1.4457772812499998,1.8123484713541664,1.2817174479166666,1.4462638771355416
6829,2,2.257,1.128,90.0,2.236,3605,846,116.565,1.0,3.285599232588026,2.892836279947917,1.4457772812499998,2.865920213541667,1.2817174479166666,2.0453259898153786
6830,3,3.385,1.128,90.0,3.162,3685,846,108.435,1.0,4.928398848882039,4.338613561197916,1.4457772812499998,4.0527905703125,1.2817174479166666,2.5050025163503102
6831,4,2.734,1.863,90.0,3.162,3703,846,108.435,2.0,6.571198465176052,3.5042155026041666,2.38783960546875,4.0527905703125,2.5634348958333333,2.892527754271083
6832,28,6.707,5.315,51.051,8.544,3716,854,69.444,6.0,45.998389256232365,8.596478923177083,6.812328235677084,10.950993875,7.690304687499999,7.652909098153434
6833,3,2.365,1.615,45.0,2.828,3727,848,45.0,2.0,4.928398848882039,3.0312617643229167,2.069973678385417,3.624696942708333,2.5634348958333333,2.5050025163503102
6834,7,3.507,2.542,30.473,4.243,3741,849,45.0,3.0,11.499597314058091,4.49498308984375,3.2581257526041663,5.438327131510417,3.8451523437499997,3.826454549076717
6835,1,1.128,1.128,0.0,1.414,3778,846,135.0,1.0,1.642799616294013,1.4457772812499998,1.4457772812499998,1.8123484713541664,1.2817174479166666,1.4462638771355416
6836,4,2.734,1.863,90.0,3.162,3792,846,108.435,2.0,6.571198465176052,3.5042155026041666,2.38783960546875,4.0527905703125,2.5634348958333333,2.892527754271083
6837,2,2.257,1.128,0.0,2.236,246,847,153.435,1.0,3.285599232588026,2.892836279947917,1.4457772812499998,2.865920213541667,1.2817174479166666,2.0453259898153786
6838,1,1.128,1.128,0.0,1.414,276,847,135.0,1.0,1.642799616294013,1.4457772812499998,1.4457772812499998,1.8123484713541664,1.2817174479166666,1.4462638771355416
6839,9,5.758,1.99,89.056,6.083,315,847,99.462,2.0,14.785196546646118,7.380129065104167,2.5506177213541665,7.7966872356770835,2.5634348958333333,4.338791631406624
6840,1,1.128,1.128,0.0,1.414,463,847,135.0,1.0,1.642799616294013,1.4457772812499998,1.4457772812499998,1.8123484713541664,1.2817174479166666,1.4462638771355416
6841,1,1.128,1.128,0.0,1.414,502,847,135.0,1.0,1.642799616294013,1.4457772812499998,1.4457772812499998,1.8123484713541664,1.2817174479166666,1.4462638771355416
6842,2,2.257,1.128,0.0,2.236,572,847,153.435,1.0,3.285599232588026,2.892836279947917,1.4457772812499998,2.865920213541667,1.2817174479166666,2.0453259898153786
6843,6,4.387,1.742,147.757,5.0,616,847,143.13,2.496,9.856797697764078,5.622894444010416,2.2327517942708335,6.408587239583333,3.19916675,3.5426085324013394
6844,2,2.257,1.128,0.0,2.236,620,847,153.435,1.0,3.285599232588026,2.892836279947917,1.4457772812499998,2.865920213541667,1.2817174479166666,2.0453259898153786
6845,1,1.128,1.128,0.0,1.414,680,847,135.0,1.0,1.642799616294013,1.4457772812499998,1.4457772812499998,1.8123484713541664,1.2817174479166666,1.4462638771355416
6846,1,1.128,1.128,0.0,1.414,685,847,135.0,1.0,1.642799616294013,1.4457772812499998,1.4457772812499998,1.8123484713541664,1.2817174479166666,1.4462638771355416
6847,1,1.128,1.128,0.0,1.414,3367,847,135.0,1.0,1.642799616294013,1.4457772812499998,1.4457772812499998,1.8123484713541664,1.2817174479166666,1.4462638771355416
6848,1,1.128,1.128,0.0,1.414,3443,847,135.0,1.0,1.642799616294013,1.4457772812499998,1.4457772812499998,1.8123484713541664,1.2817174479166666,1.4462638771355416
6849,1,1.128,1.128,0.0,1.414,3801,847,135.0,1.0,1.642799616294013,1.4457772812499998,1.4457772812499998,1.8123484713541664,1.2817174479166666,1.4462638771355416
6850,1,1.128,1.128,0.0,1.414,492,848,135.0,1.0,1.642799616294013,1.4457772812499998,1.4457772812499998,1.8123484713541664,1.2817174479166666,1.4462638771355416
6851,2,2.257,1.128,90.0,2.236,531,848,116.565,1.0,3.285599232588026,2.892836279947917,1.4457772812499998,2.865920213541667,1.2817174479166666,2.0453259898153786
6852,3,2.365,1.615,135.0,2.828,3566,848,135.0,2.0,4.928398848882039,3.0312617643229167,2.069973678385417,3.624696942708333,2.5634348958333333,2.5050025163503102
6853,2,2.596,0.981,135.0,2.828,3673,848,135.0,1.414,3.285599232588026,3.327338494791667,1.2573648164062499,3.624696942708333,1.8123484713541664,2.0453259898153786
6854,9,5.693,2.013,69.288,6.708,3679,854,63.435,3.0,14.785196546646118,7.296817430989583,2.5800972226562497,8.597760640625,3.8451523437499997,4.338791631406624
6855,1,1.128,1.128,0.0,1.414,3757,848,135.0,1.0,1.642799616294013,1.4457772812499998,1.4457772812499998,1.8123484713541664,1.2817174479166666,1.4462638771355416
6856,1326,45.144,37.398,27.487,73.062,3731,891,30.426,57.642,2178.352291205861,57.861852468749994,47.933669117187506,93.64484017968749,73.8807571328125,52.66466198751542
6857,1,1.128,1.128,0.0,1.414,3781,848,135.0,1.0,1.642799616294013,1.4457772812499998,1.4457772812499998,1.8123484713541664,1.2817174479166666,1.4462638771355416
6858,4,2.257,2.257,0.0,2.828,3836,848,135.0,2.0,6.571198465176052,2.892836279947917,2.892836279947917,3.624696942708333,2.5634348958333333,2.892527754271083
6859,2,2.596,0.981,135.0,2.828,224,849,135.0,1.414,3.285599232588026,3.327338494791667,1.2573648164062499,3.624696942708333,1.8123484713541664,2.0453259898153786
6860,6,2.93,2.607,116.565,3.606,284,849,123.69,3.0,9.856797697764078,3.7554321223958333,3.3414373867187503,4.6218731171875,3.8451523437499997,3.5426085324013394
6861,44,12.476,4.491,45.199,16.279,3684,860,42.51,7.071,72.28318311693657,15.990706880208334,5.756193058593749,20.865078334635417,9.063024074218749,9.593429256606505
6862,5,3.144,2.025,108.435,3.606,280,850,123.69,2.0,8.213998081470065,4.02971965625,2.59547783203125,4.6218731171875,2.5634348958333333,3.2339443426774745
6863,3,2.446,1.561,90.0,3.162,317,850,108.435,2.0,4.928398848882039,3.135080877604167,2.0007609361979166,4.0527905703125,2.5634348958333333,2.5050025163503102
6864,9,4.563,2.511,153.435,5.0,374,850,143.13,3.0,14.785196546646118,5.848476714843749,3.21839251171875,6.408587239583333,3.8451523437499997,4.338791631406624
6865,2,2.257,1.128,90.0,2.236,423,850,116.565,1.0,3.285599232588026,2.892836279947917,1.4457772812499998,2.865920213541667,1.2817174479166666,2.0453259898153786
6866,57,10.141,7.157,161.289,13.601,438,853,162.897,8.0,93.63957812875874,12.997896639322917,9.173251774739583,17.432639009114585,10.253739583333333,10.919052822086096
6867,1,1.128,1.128,0.0,1.414,535,850,135.0,1.0,1.642799616294013,1.4457772812499998,1.4457772812499998,1.8123484713541664,1.2817174479166666,1.4462638771355416
6868,3,2.365,1.615,135.0,2.828,3511,850,135.0,2.0,4.928398848882039,3.0312617643229167,2.069973678385417,3.624696942708333,2.5634348958333333,2.5050025163503102
6869,6,3.718,2.055,36.87,4.243,3605,853,45.0,2.683,9.856797697764078,4.765425471354167,2.63392935546875,5.438327131510417,3.4388479127604166,3.5426085324013394
6870,1,1.128,1.128,0.0,1.414,3660,850,135.0,1.0,1.642799616294013,1.4457772812499998,1.4457772812499998,1.8123484713541664,1.2817174479166666,1.4462638771355416
6871,40,10.425,4.885,39.086,13.038,3654,858,32.471,8.0,65.71198465176052,13.361904394531251,6.261189733072916,16.7110320859375,10.253739583333333,9.146975898748456
6872,2,2.257,1.128,90.0,2.236,3839,850,116.565,1.0,3.285599232588026,2.892836279947917,1.4457772812499998,2.865920213541667,1.2817174479166666,2.0453259898153786
6873,67,15.837,5.387,53.046,20.809,287,870,54.782,9.816,110.06757429169888,20.298559222656248,6.9046118919270825,26.671258373697917,12.581338468750001,11.838180035570401
6874,1,1.128,1.128,0.0,1.414,301,851,135.0,1.0,1.642799616294013,1.4457772812499998,1.4457772812499998,1.8123484713541664,1.2817174479166666,1.4462638771355416
6875,1,1.128,1.128,0.0,1.414,379,851,135.0,1.0,1.642799616294013,1.4457772812499998,1.4457772812499998,1.8123484713541664,1.2817174479166666,1.4462638771355416
6876,1,1.128,1.128,0.0,1.414,3528,851,135.0,1.0,1.642799616294013,1.4457772812499998,1.4457772812499998,1.8123484713541664,1.2817174479166666,1.4462638771355416
6877,3,2.365,1.615,45.0,2.828,3745,853,45.0,2.0,4.928398848882039,3.0312617643229167,2.069973678385417,3.624696942708333,2.5634348958333333,2.5050025163503102
6878,5,3.713,1.714,160.097,4.472,221,852,153.435,2.53,8.213998081470065,4.759016884114583,2.1968637057291667,5.731840427083334,3.2427451432291665,3.2339443426774745
6879,3,3.213,1.189,28.155,3.606,263,854,33.69,1.789,4.928398848882039,4.11815816015625,1.5239620455729168,4.6218731171875,2.2929925143229166,2.5050025163503102
6880,3,2.365,1.615,45.0,2.828,286,854,45.0,2.0,4.928398848882039,3.0312617643229167,2.069973678385417,3.624696942708333,2.5634348958333333,2.5050025163503102
6881,27,6.365,5.401,97.054,9.487,325,861,71.565,6.698,44.35558963993835,8.158131555989584,6.9225559361979165,12.159653428385417,8.584943466145834,7.515007549050931
6882,9,4.196,2.731,83.953,4.472,348,852,116.565,3.0,14.785196546646118,5.378086411458333,3.5003703502604164,5.731840427083334,3.8451523437499997,4.338791631406624
6883,12,4.071,3.753,90.0,6.083,409,852,99.462,4.0,19.713595395528156,5.217871730468749,4.81028558203125,7.7966872356770835,5.126869791666667,5.0100050327006205
6884,2,2.596,0.981,45.0,2.828,570,854,45.0,1.414,3.285599232588026,3.327338494791667,1.2573648164062499,3.624696942708333,1.8123484713541664,2.0453259898153786
6885,4,2.257,2.257,0.0,2.828,3478,852,135.0,2.0,6.571198465176052,2.892836279947917,2.892836279947917,3.624696942708333,2.5634348958333333,2.892527754271083
6886,1,1.128,1.128,0.0,1.414,3599,852,135.0,1.0,1.642799616294013,1.4457772812499998,1.4457772812499998,1.8123484713541664,1.2817174479166666,1.4462638771355416
6887,24,8.553,3.573,129.377,9.22,3670,852,130.601,4.8,39.42719079105631,10.96252933203125,4.57957644140625,11.817434869791667,6.152243749999999,7.085217064802679
6888,1,1.128,1.128,0.0,1.414,211,853,135.0,1.0,1.642799616294013,1.4457772812499998,1.4457772812499998,1.8123484713541664,1.2817174479166666,1.4462638771355416
6889,21,6.577,4.065,95.712,7.28,246,853,105.945,4.0,34.49879194217427,8.429855654947916,5.210181425781251,9.330903020833334,5.126869791666667,6.627613691853932
6890,3,3.385,1.128,90.0,3.162,427,853,108.435,1.0,4.928398848882039,4.338613561197916,1.4457772812499998,4.0527905703125,1.2817174479166666,2.5050025163503102
6891,2,2.257,1.128,90.0,2.236,449,853,116.565,1.0,3.285599232588026,2.892836279947917,1.4457772812499998,2.865920213541667,1.2817174479166666,2.0453259898153786
6892,3,3.385,1.128,0.0,3.162,492,853,161.565,1.0,4.928398848882039,4.338613561197916,1.4457772812499998,4.0527905703125,1.2817174479166666,2.5050025163503102
6893,2,2.257,1.128,0.0,2.236,548,853,153.435,1.0,3.285599232588026,2.892836279947917,1.4457772812499998,2.865920213541667,1.2817174479166666,2.0453259898153786
6894,5,3.144,2.025,71.565,3.606,606,856,56.31,2.0,8.213998081470065,4.02971965625,2.59547783203125,4.6218731171875,2.5634348958333333,3.2339443426774745
6895,1,1.128,1.128,0.0,1.414,3720,853,135.0,1.0,1.642799616294013,1.4457772812499998,1.4457772812499998,1.8123484713541664,1.2817174479166666,1.4462638771355416
6896,1,1.128,1.128,0.0,1.414,3795,853,135.0,1.0,1.642799616294013,1.4457772812499998,1.4457772812499998,1.8123484713541664,1.2817174479166666,1.4462638771355416
6897,15,5.144,3.712,10.437,7.211,226,858,33.69,4.0,24.641994244410196,6.593154552083333,4.7577351666666665,9.242464516927084,5.126869791666667,5.601355910367322
6898,9,4.62,2.48,176.709,5.385,275,855,158.199,3.0,14.785196546646118,5.921534609375,3.178659270833333,6.90204845703125,3.8451523437499997,4.338791631406624
6899,15,6.84,2.792,132.074,8.485,312,855,135.0,4.243,24.641994244410196,8.76694734375,3.578555114583333,10.875372545572915,5.438327131510417,5.601355910367322
6900,3,2.365,1.615,135.0,2.828,3593,854,135.0,2.0,4.928398848882039,3.0312617643229167,2.069973678385417,3.624696942708333,2.5634348958333333,2.5050025163503102
6901,3,2.365,1.615,135.0,2.828,3737,854,135.0,2.0,4.928398848882039,3.0312617643229167,2.069973678385417,3.624696942708333,2.5634348958333333,2.5050025163503102
6902,2,2.596,0.981,45.0,2.828,267,857,45.0,1.414,3.285599232588026,3.327338494791667,1.2573648164062499,3.624696942708333,1.8123484713541664,2.0453259898153786
6903,2,2.257,1.128,0.0,2.236,493,855,153.435,1.0,3.285599232588026,2.892836279947917,1.4457772812499998,2.865920213541667,1.2817174479166666,2.0453259898153786
6904,54,9.313,7.382,55.786,11.662,3718,863,30.964,8.538,88.7111792798767,11.936634592447918,9.461638200520833,14.947388877604167,10.9433035703125,10.62782559720402
6905,7,4.285,2.08,37.733,5.0,3731,858,36.87,2.828,11.499597314058091,5.4921592643229165,2.665972291666667,6.408587239583333,3.624696942708333,3.826454549076717
6906,178,19.01,11.922,48.907,25.0,225,878,53.13,19.036,292.4183317003343,24.365448684895835,15.2806354140625,32.04293619791667,24.39877333854167,19.295566796823277
6907,1,1.128,1.128,0.0,1.414,239,856,135.0,1.0,1.642799616294013,1.4457772812499998,1.4457772812499998,1.8123484713541664,1.2817174479166666,1.4462638771355416
6908,2,2.596,0.981,45.0,2.828,320,858,45.0,1.414,3.285599232588026,3.327338494791667,1.2573648164062499,3.624696942708333,1.8123484713541664,2.0453259898153786
6909,1,1.128,1.128,0.0,1.414,369,856,135.0,1.0,1.642799616294013,1.4457772812499998,1.4457772812499998,1.8123484713541664,1.2817174479166666,1.4462638771355416
6910,6,3.853,1.983,84.69,4.472,424,860,63.435,2.0,9.856797697764078,4.938457326822917,2.54164569921875,5.731840427083334,2.5634348958333333,3.5426085324013394
6911,8,4.98,2.045,123.945,5.831,587,856,120.964,2.828,13.142396930352104,6.382952890625001,2.621112180989583,7.473694438802084,3.624696942708333,4.090651979630757
6912,2,2.257,1.128,90.0,2.236,3487,856,116.565,1.0,3.285599232588026,2.892836279947917,1.4457772812499998,2.865920213541667,1.2817174479166666,2.0453259898153786
6913,2,2.257,1.128,0.0,2.236,3572,856,153.435,1.0,3.285599232588026,2.892836279947917,1.4457772812499998,2.865920213541667,1.2817174479166666,2.0453259898153786
6914,66,13.748,6.112,116.996,16.125,3692,856,119.745,8.321,108.42477467540486,17.62105147395833,7.833857041666667,20.66769384765625,10.665170884114582,11.749503281086843
6915,3,2.365,1.615,135.0,2.828,216,857,135.0,2.0,4.928398848882039,3.0312617643229167,2.069973678385417,3.624696942708333,2.5634348958333333,2.5050025163503102
6916,1,1.128,1.128,0.0,1.414,224,857,135.0,1.0,1.642799616294013,1.4457772812499998,1.4457772812499998,1.8123484713541664,1.2817174479166666,1.4462638771355416
6917,2,2.257,1.128,0.0,2.236,300,857,153.435,1.0,3.285599232588026,2.892836279947917,1.4457772812499998,2.865920213541667,1.2817174479166666,2.0453259898153786
6918,1,1.128,1.128,0.0,1.414,385,857,135.0,1.0,1.642799616294013,1.4457772812499998,1.4457772812499998,1.8123484713541664,1.2817174479166666,1.4462638771355416
6919,9,5.066,2.262,162.652,5.385,3575,858,158.199,2.846,14.785196546646118,6.493180591145833,2.8992448671875,6.90204845703125,3.6477678567708334,4.338791631406624
6920,1,1.128,1.128,0.0,1.414,3700,857,135.0,1.0,1.642799616294013,1.4457772812499998,1.4457772812499998,1.8123484713541664,1.2817174479166666,1.4462638771355416
6921,1,1.128,1.128,0.0,1.414,3812,857,135.0,1.0,1.642799616294013,1.4457772812499998,1.4457772812499998,1.8123484713541664,1.2817174479166666,1.4462638771355416
6922,16,5.405,3.769,25.017,6.708,160,862,26.565,4.0,26.28479386070421,6.927682805989583,4.830793061197917,8.597760640625,5.126869791666667,5.785055508542166
6923,5,3.144,2.025,18.435,3.606,309,860,33.69,2.0,8.213998081470065,4.02971965625,2.59547783203125,4.6218731171875,2.5634348958333333,3.2339443426774745
6924,1,1.128,1.128,0.0,1.414,343,858,135.0,1.0,1.642799616294013,1.4457772812499998,1.4457772812499998,1.8123484713541664,1.2817174479166666,1.4462638771355416
6925,2,2.257,1.128,90.0,2.236,505,858,116.565,1.0,3.285599232588026,2.892836279947917,1.4457772812499998,2.865920213541667,1.2817174479166666,2.0453259898153786
6926,1,1.128,1.128,0.0,1.414,3609,858,135.0,1.0,1.642799616294013,1.4457772812499998,1.4457772812499998,1.8123484713541664,1.2817174479166666,1.4462638771355416
6927,1,1.128,1.128,0.0,1.414,356,859,135.0,1.0,1.642799616294013,1.4457772812499998,1.4457772812499998,1.8123484713541664,1.2817174479166666,1.4462638771355416
6928,1,1.128,1.128,0.0,1.414,361,859,135.0,1.0,1.642799616294013,1.4457772812499998,1.4457772812499998,1.8123484713541664,1.2817174479166666,1.4462638771355416
6929,1,1.128,1.128,0.0,1.414,460,859,135.0,1.0,1.642799616294013,1.4457772812499998,1.4457772812499998,1.8123484713541664,1.2817174479166666,1.4462638771355416
6930,1,1.128,1.128,0.0,1.414,606,859,135.0,1.0,1.642799616294013,1.4457772812499998,1.4457772812499998,1.8123484713541664,1.2817174479166666,1.4462638771355416
6931,7,4.154,2.146,98.35,4.472,608,859,116.565,2.0,11.499597314058091,5.324254278645833,2.7505656432291663,5.731840427083334,2.5634348958333333,3.826454549076717
6932,4,3.216,1.583,121.717,3.606,3604,859,123.69,2.0,6.571198465176052,4.1220033125,2.028958720052083,4.6218731171875,2.5634348958333333,2.892527754271083
6933,10,7.049,1.806,60.836,8.944,3726,867,63.435,3.578,16.42799616294013,9.034826290364583,2.3147817109375,11.463680854166668,4.585985028645833,4.573487949374228
6934,1,1.128,1.128,0.0,1.414,3794,859,135.0,1.0,1.642799616294013,1.4457772812499998,1.4457772812499998,1.8123484713541664,1.2817174479166666,1.4462638771355416
6935,2,2.257,1.128,0.0,2.236,3812,859,153.435,1.0,3.285599232588026,2.892836279947917,1.4457772812499998,2.865920213541667,1.2817174479166666,2.0453259898153786
6936,1,1.128,1.128,0.0,1.414,219,860,135.0,1.0,1.642799616294013,1.4457772812499998,1.4457772812499998,1.8123484713541664,1.2817174479166666,1.4462638771355416
6937,1,1.128,1.128,0.0,1.414,241,860,135.0,1.0,1.642799616294013,1.4457772812499998,1.4457772812499998,1.8123484713541664,1.2817174479166666,1.4462638771355416
6938,3,3.385,1.128,90.0,3.162,259,860,108.435,1.0,4.928398848882039,4.338613561197916,1.4457772812499998,4.0527905703125,1.2817174479166666,2.5050025163503102
6939,64,10.277,7.929,51.145,16.401,260,873,52.431,10.0,105.13917544281684,13.172210212239582,10.16273764453125,21.02144786328125,12.817174479166667,11.570111017084333
6940,2,2.596,0.981,45.0,2.828,322,862,45.0,1.414,3.285599232588026,3.327338494791667,1.2573648164062499,3.624696942708333,1.8123484713541664,2.0453259898153786
6941,1,1.128,1.128,0.0,1.414,346,860,135.0,1.0,1.642799616294013,1.4457772812499998,1.4457772812499998,1.8123484713541664,1.2817174479166666,1.4462638771355416
6942,21,6.5,4.113,143.581,7.81,414,860,140.194,5.547,34.49879194217427,8.331163411458332,5.2717038632812505,10.010213268229165,7.10968668359375,6.627613691853932
6943,1,1.128,1.128,0.0,1.414,3429,860,135.0,1.0,1.642799616294013,1.4457772812499998,1.4457772812499998,1.8123484713541664,1.2817174479166666,1.4462638771355416
6944,1,1.128,1.128,0.0,1.414,3519,860,135.0,1.0,1.642799616294013,1.4457772812499998,1.4457772812499998,1.8123484713541664,1.2817174479166666,1.4462638771355416
6945,1,1.128,1.128,0.0,1.414,3535,860,135.0,1.0,1.642799616294013,1.4457772812499998,1.4457772812499998,1.8123484713541664,1.2817174479166666,1.4462638771355416
6946,2,2.257,1.128,90.0,2.236,3611,860,116.565,1.0,3.285599232588026,2.892836279947917,1.4457772812499998,2.865920213541667,1.2817174479166666,2.0453259898153786
6947,5,4.104,1.551,83.598,5.099,312,861,101.31,2.0,8.213998081470065,5.26016840625,1.9879437617187499,6.535477266927083,2.5634348958333333,3.2339443426774745
6948,82,16.207,6.442,2.91,20.616,324,869,14.036,10.429,134.70956853610906,20.772794678385416,8.256823799479166,26.42388690625,13.367031264322916,13.096476418838181
6949,1,1.128,1.128,0.0,1.414,459,861,135.0,1.0,1.642799616294013,1.4457772812499998,1.4457772812499998,1.8123484713541664,1.2817174479166666,1.4462638771355416
6950,2,2.257,1.128,0.0,2.236,554,861,153.435,1.0,3.285599232588026,2.892836279947917,1.4457772812499998,2.865920213541667,1.2817174479166666,2.0453259898153786
6951,1,1.128,1.128,0.0,1.414,3746,861,135.0,1.0,1.642799616294013,1.4457772812499998,1.4457772812499998,1.8123484713541664,1.2817174479166666,1.4462638771355416
6952,5,3.144,2.025,161.565,3.606,3790,861,146.31,2.0,8.213998081470065,4.02971965625,2.59547783203125,4.6218731171875,2.5634348958333333,3.2339443426774745
6953,3,2.365,1.615,45.0,2.828,314,864,45.0,2.0,4.928398848882039,3.0312617643229167,2.069973678385417,3.624696942708333,2.5634348958333333,2.5050025163503102
6954,1,1.128,1.128,0.0,1.414,317,862,135.0,1.0,1.642799616294013,1.4457772812499998,1.4457772812499998,1.8123484713541664,1.2817174479166666,1.4462638771355416
6955,2,2.257,1.128,90.0,2.236,381,862,116.565,1.0,3.285599232588026,2.892836279947917,1.4457772812499998,2.865920213541667,1.2817174479166666,2.0453259898153786
6956,2,2.257,1.128,90.0,2.236,464,862,116.565,1.0,3.285599232588026,2.892836279947917,1.4457772812499998,2.865920213541667,1.2817174479166666,2.0453259898153786
6957,5,4.183,1.522,100.901,4.472,3620,862,116.565,2.0,8.213998081470065,5.361424084635416,1.9507739557291666,5.731840427083334,2.5634348958333333,3.2339443426774745
6958,4,2.257,2.257,0.0,2.828,3630,862,135.0,2.0,6.571198465176052,2.892836279947917,2.892836279947917,3.624696942708333,2.5634348958333333,2.892527754271083
6959,1,1.128,1.128,0.0,1.414,3788,862,135.0,1.0,1.642799616294013,1.4457772812499998,1.4457772812499998,1.8123484713541664,1.2817174479166666,1.4462638771355416
6960,1,1.128,1.128,0.0,1.414,3795,862,135.0,1.0,1.642799616294013,1.4457772812499998,1.4457772812499998,1.8123484713541664,1.2817174479166666,1.4462638771355416
6961,2,2.257,1.128,90.0,2.236,3808,862,116.565,1.0,3.285599232588026,2.892836279947917,1.4457772812499998,2.865920213541667,1.2817174479166666,2.0453259898153786
6962,1,1.128,1.128,0.0,1.414,136,863,135.0,1.0,1.642799616294013,1.4457772812499998,1.4457772812499998,1.8123484713541664,1.2817174479166666,1.4462638771355416
6963,1,1.128,1.128,0.0,1.414,164,863,135.0,1.0,1.642799616294013,1.4457772812499998,1.4457772812499998,1.8123484713541664,1.2817174479166666,1.4462638771355416
6964,52,9.006,7.351,123.624,13.601,356,863,126.027,10.647,85.42558004728868,11.5431473359375,9.421904959635416,17.432639009114585,13.64644566796875,10.429157133727092
6965,3,2.365,1.615,45.0,2.828,539,865,45.0,2.0,4.928398848882039,3.0312617643229167,2.069973678385417,3.624696942708333,2.5634348958333333,2.5050025163503102
6966,1,1.128,1.128,0.0,1.414,3564,863,135.0,1.0,1.642799616294013,1.4457772812499998,1.4457772812499998,1.8123484713541664,1.2817174479166666,1.4462638771355416
6967,1,1.128,1.128,0.0,1.414,3571,863,135.0,1.0,1.642799616294013,1.4457772812499998,1.4457772812499998,1.8123484713541664,1.2817174479166666,1.4462638771355416
6968,3,2.365,1.615,135.0,2.828,167,864,135.0,2.0,4.928398848882039,3.0312617643229167,2.069973678385417,3.624696942708333,2.5634348958333333,2.5050025163503102
6969,1,1.128,1.128,0.0,1.414,257,864,135.0,1.0,1.642799616294013,1.4457772812499998,1.4457772812499998,1.8123484713541664,1.2817174479166666,1.4462638771355416
6970,5,3.144,2.025,18.435,3.606,275,866,33.69,2.0,8.213998081470065,4.02971965625,2.59547783203125,4.6218731171875,2.5634348958333333,3.2339443426774745
6971,22,6.307,4.441,139.382,7.211,296,864,123.69,5.547,36.141591558468285,8.083791944010416,5.692107186197917,9.242464516927084,7.10968668359375,6.78357888217988
6972,13,5.139,3.221,82.593,6.708,371,870,63.435,4.0,21.35639501182217,6.58674596484375,4.128411899739583,8.597760640625,5.126869791666667,5.214578566863546
6973,22,7.957,3.52,146.133,9.434,388,864,147.995,4.919,36.141591558468285,10.198625733072916,4.511645416666666,12.091722403645832,6.304768126302083,6.78357888217988
6974,4,2.257,2.257,0.0,2.828,402,864,135.0,2.0,6.571198465176052,2.892836279947917,2.892836279947917,3.624696942708333,2.5634348958333333,2.892527754271083
6975,7,4.154,2.146,98.35,4.472,408,864,116.565,2.0,11.499597314058091,5.324254278645833,2.7505656432291663,5.731840427083334,2.5634348958333333,3.826454549076717
6976,50,8.437,7.546,87.714,11.662,600,874,59.036,8.0,82.13998081470065,10.813850108072916,9.671839861979167,14.947388877604167,10.253739583333333,10.226629949076893
6977,3,3.385,1.128,90.0,3.162,3541,864,108.435,1.0,4.928398848882039,4.338613561197916,1.4457772812499998,4.0527905703125,1.2817174479166666,2.5050025163503102
6978,13,5.093,3.25,138.069,5.831,3601,864,149.036,4.0,21.35639501182217,6.527786962239583,4.165581705729166,7.473694438802084,5.126869791666667,5.214578566863546
6979,5,4.076,1.562,69.006,4.472,3638,868,63.435,2.0,8.213998081470065,5.224280317708333,2.0020426536458333,5.731840427083334,2.5634348958333333,3.2339443426774745
6980,40,8.614,5.913,40.115,12.042,243,874,48.366,8.485,65.71198465176052,11.040714096354167,7.57879526953125,15.4344415078125,10.875372545572915,9.146975898748456
6981,1,1.128,1.128,0.0,1.414,380,865,135.0,1.0,1.642799616294013,1.4457772812499998,1.4457772812499998,1.8123484713541664,1.2817174479166666,1.4462638771355416
6982,31,8.1,4.873,86.572,11.402,3564,876,74.745,8.0,50.926788105114404,10.381911328125,6.245809123697917,14.614142341145833,10.253739583333333,8.052456474363645
6983,1,1.128,1.128,0.0,1.414,3568,865,135.0,1.0,1.642799616294013,1.4457772812499998,1.4457772812499998,1.8123484713541664,1.2817174479166666,1.4462638771355416
6984,2,2.596,0.981,45.0,2.828,3643,867,45.0,1.414,3.285599232588026,3.327338494791667,1.2573648164062499,3.624696942708333,1.8123484713541664,2.0453259898153786
6985,1,1.128,1.128,0.0,1.414,3674,865,135.0,1.0,1.642799616294013,1.4457772812499998,1.4457772812499998,1.8123484713541664,1.2817174479166666,1.4462638771355416
6986,3,2.365,1.615,135.0,2.828,3703,865,135.0,2.0,4.928398848882039,3.0312617643229167,2.069973678385417,3.624696942708333,2.5634348958333333,2.5050025163503102
6987,5,5.038,1.264,49.065,5.657,3711,869,45.0,2.121,8.213998081470065,6.457292502604167,1.6200908541666668,7.250675602864583,2.71852270703125,3.2339443426774745
6988,3,2.365,1.615,135.0,2.828,3834,865,135.0,2.0,4.928398848882039,3.0312617643229167,2.069973678385417,3.624696942708333,2.5634348958333333,2.5050025163503102
6989,1,1.128,1.128,0.0,1.414,247,866,135.0,1.0,1.642799616294013,1.4457772812499998,1.4457772812499998,1.8123484713541664,1.2817174479166666,1.4462638771355416
6990,6,4.134,1.848,102.933,4.472,254,866,116.565,2.0,9.856797697764078,5.298619929687501,2.36861384375,5.731840427083334,2.5634348958333333,3.5426085324013394
6991,1,1.128,1.128,0.0,1.414,257,866,135.0,1.0,1.642799616294013,1.4457772812499998,1.4457772812499998,1.8123484713541664,1.2817174479166666,1.4462638771355416
6992,9,4.744,2.415,144.217,5.657,350,866,135.0,3.328,14.785196546646118,6.080467572916667,3.09534763671875,7.250675602864583,4.265555666666667,4.338791631406624
6993,4,4.514,1.128,90.0,4.123,355,866,104.036,1.0,6.571198465176052,5.785672559895834,1.4457772812499998,5.284521037760417,1.2817174479166666,2.892527754271083
6994,4,2.734,1.863,90.0,3.162,531,866,108.435,2.0,6.571198465176052,3.5042155026041666,2.38783960546875,4.0527905703125,2.5634348958333333,2.892527754271083
6995,21,6.881,3.886,107.68,8.602,538,867,125.538,5.0,34.49879194217427,8.819497759114583,4.980754002604167,11.025333486979166,6.408587239583333,6.627613691853932
6996,5,3.144,2.025,71.565,3.606,3572,869,56.31,2.0,8.213998081470065,4.02971965625,2.59547783203125,4.6218731171875,2.5634348958333333,3.2339443426774745
6997,6,4.134,1.848,102.933,4.472,3681,866,116.565,2.0,9.856797697764078,5.298619929687501,2.36861384375,5.731840427083334,2.5634348958333333,3.5426085324013394
6998,13,5.089,3.252,52.387,5.831,3707,871,59.036,4.0,21.35639501182217,6.522660092447917,4.168145140625,7.473694438802084,5.126869791666667,5.214578566863546
6999,38,11.924,4.058,146.373,14.422,3714,868,146.31,7.071,62.4263854191725,15.283198848958332,5.201209403645833,18.48492903385417,9.063024074218749,8.915369296202536
7000,1,1.128,1.128,0.0,1.414,291,867,135.0,1.0,1.642799616294013,1.4457772812499998,1.4457772812499998,1.8123484713541664,1.2817174479166666,1.4462638771355416
7001,1,1.128,1.128,0.0,1.414,308,867,135.0,1.0,1.642799616294013,1.4457772812499998,1.4457772812499998,1.8123484713541664,1.2817174479166666,1.4462638771355416
7002,2,2.596,0.981,45.0,2.828,311,869,45.0,1.414,3.285599232588026,3.327338494791667,1.2573648164062499,3.624696942708333,1.8123484713541664,2.0453259898153786
7003,1,1.128,1.128,0.0,1.414,3491,867,135.0,1.0,1.642799616294013,1.4457772812499998,1.4457772812499998,1.8123484713541664,1.2817174479166666,1.4462638771355416
7004,8,4.712,2.162,26.565,5.0,3728,870,36.87,2.683,13.142396930352104,6.0394526145833325,2.7710731223958334,6.408587239583333,3.4388479127604166,4.090651979630757
7005,2,2.257,1.128,0.0,2.236,3753,867,153.435,1.0,3.285599232588026,2.892836279947917,1.4457772812499998,2.865920213541667,1.2817174479166666,2.0453259898153786
7006,3,2.365,1.615,135.0,2.828,241,868,135.0,2.0,4.928398848882039,3.0312617643229167,2.069973678385417,3.624696942708333,2.5634348958333333,2.5050025163503102
7007,1,1.128,1.128,0.0,1.414,421,868,135.0,1.0,1.642799616294013,1.4457772812499998,1.4457772812499998,1.8123484713541664,1.2817174479166666,1.4462638771355416
7008,13,5.38,3.077,105.111,5.831,470,868,120.964,3.638,21.35639501182217,6.895639869791666,3.943844587239583,7.473694438802084,4.662888075520833,5.214578566863546
7009,1,1.128,1.128,0.0,1.414,519,868,135.0,1.0,1.642799616294013,1.4457772812499998,1.4457772812499998,1.8123484713541664,1.2817174479166666,1.4462638771355416
7010,1,1.128,1.128,0.0,1.414,3575,868,135.0,1.0,1.642799616294013,1.4457772812499998,1.4457772812499998,1.8123484713541664,1.2817174479166666,1.4462638771355416
7011,4,3.192,1.596,161.565,3.606,3618,868,146.31,2.0,6.571198465176052,4.09124209375,2.045621046875,4.6218731171875,2.5634348958333333,2.892527754271083
7012,21,6.415,4.168,15.128,7.211,3684,872,33.69,4.0,34.49879194217427,8.222217428385417,5.3421983229166665,9.242464516927084,5.126869791666667,6.627613691853932
7013,1,1.128,1.128,0.0,1.414,147,869,135.0,1.0,1.642799616294013,1.4457772812499998,1.4457772812499998,1.8123484713541664,1.2817174479166666,1.4462638771355416
7014,42,12.039,4.442,46.725,15.0,169,881,53.13,6.8,68.99758388434854,15.430596355468749,5.693388903645833,19.22576171875,8.715678645833332,9.372861169189449
7015,2,2.257,1.128,90.0,2.236,257,869,116.565,1.0,3.285599232588026,2.892836279947917,1.4457772812499998,2.865920213541667,1.2817174479166666,2.0453259898153786
7016,2,2.596,0.981,135.0,2.828,272,869,135.0,1.414,3.285599232588026,3.327338494791667,1.2573648164062499,3.624696942708333,1.8123484713541664,2.0453259898153786
7017,1,1.128,1.128,0.0,1.414,282,869,135.0,1.0,1.642799616294013,1.4457772812499998,1.4457772812499998,1.8123484713541664,1.2817174479166666,1.4462638771355416
7018,1,1.128,1.128,0.0,1.414,317,869,135.0,1.0,1.642799616294013,1.4457772812499998,1.4457772812499998,1.8123484713541664,1.2817174479166666,1.4462638771355416
7019,3,3.385,1.128,90.0,3.162,425,869,108.435,1.0,4.928398848882039,4.338613561197916,1.4457772812499998,4.0527905703125,1.2817174479166666,2.5050025163503102
7020,1,1.128,1.128,0.0,1.414,437,869,135.0,1.0,1.642799616294013,1.4457772812499998,1.4457772812499998,1.8123484713541664,1.2817174479166666,1.4462638771355416
7021,12,4.466,3.421,96.473,5.385,497,869,111.801,4.0,19.713595395528156,5.724150122395834,4.384755389322916,6.90204845703125,5.126869791666667,5.0100050327006205
7022,1,1.128,1.128,0.0,1.414,517,869,135.0,1.0,1.642799616294013,1.4457772812499998,1.4457772812499998,1.8123484713541664,1.2817174479166666,1.4462638771355416
7023,3,2.365,1.615,135.0,2.828,3428,869,135.0,2.0,4.928398848882039,3.0312617643229167,2.069973678385417,3.624696942708333,2.5634348958333333,2.5050025163503102
7024,1,1.128,1.128,0.0,1.414,3496,869,135.0,1.0,1.642799616294013,1.4457772812499998,1.4457772812499998,1.8123484713541664,1.2817174479166666,1.4462638771355416
7025,1,1.128,1.128,0.0,1.414,3634,869,135.0,1.0,1.642799616294013,1.4457772812499998,1.4457772812499998,1.8123484713541664,1.2817174479166666,1.4462638771355416
7026,2,2.257,1.128,0.0,2.236,3646,869,153.435,1.0,3.285599232588026,2.892836279947917,1.4457772812499998,2.865920213541667,1.2817174479166666,2.0453259898153786
7027,1,1.128,1.128,0.0,1.414,3726,869,135.0,1.0,1.642799616294013,1.4457772812499998,1.4457772812499998,1.8123484713541664,1.2817174479166666,1.4462638771355416
7028,10,4.075,3.124,126.323,5.0,219,871,143.13,3.578,16.42799616294013,5.222998600260417,4.004085307291667,6.408587239583333,4.585985028645833,4.573487949374228
7029,48,12.57,4.862,85.098,17.117,237,870,96.71,8.0,78.85438158211262,16.1111883203125,6.231710231770833,21.939157555989585,10.253739583333333,10.020010065401241
7030,8,4.514,2.257,90.0,4.472,290,870,116.565,2.0,13.142396930352104,5.785672559895834,2.892836279947917,5.731840427083334,2.5634348958333333,4.090651979630757
7031,9,6.124,1.871,7.628,6.325,300,872,18.435,2.0,14.785196546646118,7.849237651041666,2.398093345052083,8.106862858072917,2.5634348958333333,4.338791631406624
7032,2,2.257,1.128,0.0,2.236,420,870,153.435,1.0,3.285599232588026,2.892836279947917,1.4457772812499998,2.865920213541667,1.2817174479166666,2.0453259898153786
7033,1,1.128,1.128,0.0,1.414,490,870,135.0,1.0,1.642799616294013,1.4457772812499998,1.4457772812499998,1.8123484713541664,1.2817174479166666,1.4462638771355416
7034,3,2.365,1.615,45.0,2.828,554,872,45.0,2.0,4.928398848882039,3.0312617643229167,2.069973678385417,3.624696942708333,2.5634348958333333,2.5050025163503102
7035,1,1.128,1.128,0.0,1.414,3493,870,135.0,1.0,1.642799616294013,1.4457772812499998,1.4457772812499998,1.8123484713541664,1.2817174479166666,1.4462638771355416
7036,1,1.128,1.128,0.0,1.414,3507,870,135.0,1.0,1.642799616294013,1.4457772812499998,1.4457772812499998,1.8123484713541664,1.2817174479166666,1.4462638771355416
7037,3,2.365,1.615,135.0,2.828,3662,870,135.0,2.0,4.928398848882039,3.0312617643229167,2.069973678385417,3.624696942708333,2.5634348958333333,2.5050025163503102
7038,1,1.128,1.128,0.0,1.414,3667,870,135.0,1.0,1.642799616294013,1.4457772812499998,1.4457772812499998,1.8123484713541664,1.2817174479166666,1.4462638771355416
7039,29,8.921,4.139,76.406,10.296,212,880,60.945,5.515,47.64118887252638,11.434201352864582,5.305028516927083,13.19656284375,7.068671725260416,7.788369332980218
7040,14,5.328,3.346,95.796,6.325,266,877,71.565,4.0,22.999194628116182,6.8289905625000005,4.288626580729167,8.106862858072917,5.126869791666667,5.411423919108519
7041,3,2.365,1.615,135.0,2.828,280,871,135.0,2.0,4.928398848882039,3.0312617643229167,2.069973678385417,3.624696942708333,2.5634348958333333,2.5050025163503102
7042,1,1.128,1.128,0.0,1.414,311,871,135.0,1.0,1.642799616294013,1.4457772812499998,1.4457772812499998,1.8123484713541664,1.2817174479166666,1.4462638771355416
7043,1,1.128,1.128,0.0,1.414,352,871,135.0,1.0,1.642799616294013,1.4457772812499998,1.4457772812499998,1.8123484713541664,1.2817174479166666,1.4462638771355416
7044,10,5.79,2.199,177.421,7.28,447,871,164.055,2.959,16.42799616294013,7.4211440234375,2.8184966679687498,9.330903020833334,3.792601928385417,4.573487949374228
7045,1,1.128,1.128,0.0,1.414,3541,871,135.0,1.0,1.642799616294013,1.4457772812499998,1.4457772812499998,1.8123484713541664,1.2817174479166666,1.4462638771355416
7046,1,1.128,1.128,0.0,1.414,3757,871,135.0,1.0,1.642799616294013,1.4457772812499998,1.4457772812499998,1.8123484713541664,1.2817174479166666,1.4462638771355416
7047,16,6.641,3.068,57.824,8.485,3789,877,45.0,4.6,26.28479386070421,8.511885571614583,3.9323091302083335,10.875372545572915,5.895900260416666,5.785055508542166
7048,14,6.324,2.818,95.098,6.708,256,872,116.565,3.726,22.999194628116182,8.105581140625,3.6118797682291666,8.597760640625,4.7756792109375,5.411423919108519
7049,11,5.389,2.599,94.321,6.325,270,872,108.435,3.0,18.070795779234142,6.907175326822917,3.331183647135417,8.106862858072917,3.8451523437499997,4.796714628303253
7050,1,1.128,1.128,0.0,1.414,273,872,135.0,1.0,1.642799616294013,1.4457772812499998,1.4457772812499998,1.8123484713541664,1.2817174479166666,1.4462638771355416
7051,8,4.34,2.347,117.704,5.0,283,872,126.87,3.0,13.142396930352104,5.562653723958333,3.0081908502604167,6.408587239583333,3.8451523437499997,4.090651979630757
7052,2,2.257,1.128,90.0,2.236,423,872,116.565,1.0,3.285599232588026,2.892836279947917,1.4457772812499998,2.865920213541667,1.2817174479166666,2.0453259898153786
7053,1,1.128,1.128,0.0,1.414,515,872,135.0,1.0,1.642799616294013,1.4457772812499998,1.4457772812499998,1.8123484713541664,1.2817174479166666,1.4462638771355416
7054,1,1.128,1.128,0.0,1.414,3405,872,135.0,1.0,1.642799616294013,1.4457772812499998,1.4457772812499998,1.8123484713541664,1.2817174479166666,1.4462638771355416
7055,8,4.503,2.262,153.014,5.385,3583,873,158.199,3.0,13.142396930352104,5.77157366796875,2.8992448671875,6.90204845703125,3.8451523437499997,4.090651979630757
7056,4,2.734,1.863,0.0,3.162,277,874,161.565,2.0,6.571198465176052,3.5042155026041666,2.38783960546875,4.0527905703125,2.5634348958333333,2.892527754271083
7057,1,1.128,1.128,0.0,1.414,294,873,135.0,1.0,1.642799616294013,1.4457772812499998,1.4457772812499998,1.8123484713541664,1.2817174479166666,1.4462638771355416
7058,32,7.669,5.313,35.69,10.0,414,880,36.87,7.428,52.56958772140842,9.829491108072917,6.80976480078125,12.817174479166667,9.520597203125,8.181303959261514
7059,1,1.128,1.128,0.0,1.414,475,873,135.0,1.0,1.642799616294013,1.4457772812499998,1.4457772812499998,1.8123484713541664,1.2817174479166666,1.4462638771355416
7060,2,2.257,1.128,90.0,2.236,585,873,116.565,1.0,3.285599232588026,2.892836279947917,1.4457772812499998,2.865920213541667,1.2817174479166666,2.0453259898153786
7061,1,1.128,1.128,0.0,1.414,765,873,135.0,1.0,1.642799616294013,1.4457772812499998,1.4457772812499998,1.8123484713541664,1.2817174479166666,1.4462638771355416
7062,8,5.609,1.816,170.538,6.325,3554,873,161.565,2.0,13.142396930352104,7.1891531653645835,2.3275988854166667,8.106862858072917,2.5634348958333333,4.090651979630757
7063,4,2.734,1.863,0.0,3.162,3670,873,161.565,2.0,6.571198465176052,3.5042155026041666,2.38783960546875,4.0527905703125,2.5634348958333333,2.892527754271083
7064,3,2.365,1.615,45.0,2.828,3699,875,45.0,2.0,4.928398848882039,3.0312617643229167,2.069973678385417,3.624696942708333,2.5634348958333333,2.5050025163503102
7065,1,1.128,1.128,0.0,1.414,205,874,135.0,1.0,1.642799616294013,1.4457772812499998,1.4457772812499998,1.8123484713541664,1.2817174479166666,1.4462638771355416
7066,3,2.365,1.615,135.0,2.828,273,874,135.0,2.0,4.928398848882039,3.0312617643229167,2.069973678385417,3.624696942708333,2.5634348958333333,2.5050025163503102
7067,1,1.128,1.128,0.0,1.414,311,874,135.0,1.0,1.642799616294013,1.4457772812499998,1.4457772812499998,1.8123484713541664,1.2817174479166666,1.4462638771355416
7068,1,1.128,1.128,0.0,1.414,317,874,135.0,1.0,1.642799616294013,1.4457772812499998,1.4457772812499998,1.8123484713541664,1.2817174479166666,1.4462638771355416
7069,44,14.987,3.738,13.821,16.553,313,881,25.017,5.494,72.28318311693657,19.209099391927083,4.7910598203125,21.216268915364584,7.041755658854166,9.593429256606505
7070,4,3.676,1.385,39.69,4.243,341,877,45.0,2.121,6.571198465176052,4.711593338541666,1.7751786653645834,5.438327131510417,2.71852270703125,2.892527754271083
7071,14,5.905,3.019,104.451,7.211,380,874,123.69,4.0,22.999194628116182,7.568541529947916,3.869504975260417,9.242464516927084,5.126869791666667,5.411423919108519
7072,56,10.364,6.88,164.351,13.601,398,878,162.897,9.171,91.99677851246473,13.283719630208335,8.818216041666666,17.432639009114585,11.75463071484375,10.822847838217038
7073,1,1.128,1.128,0.0,1.414,407,874,135.0,1.0,1.642799616294013,1.4457772812499998,1.4457772812499998,1.8123484713541664,1.2817174479166666,1.4462638771355416
7074,3,2.365,1.615,45.0,2.828,492,876,45.0,2.0,4.928398848882039,3.0312617643229167,2.069973678385417,3.624696942708333,2.5634348958333333,2.5050025163503102
7075,4,2.257,2.257,0.0,2.828,502,874,135.0,2.0,6.571198465176052,2.892836279947917,2.892836279947917,3.624696942708333,2.5634348958333333,2.892527754271083
7076,7,4.154,2.146,81.65,4.472,602,878,63.435,2.0,11.499597314058091,5.324254278645833,2.7505656432291663,5.731840427083334,2.5634348958333333,3.826454549076717
7077,12,6.205,2.462,118.511,7.211,3626,874,123.69,3.578,19.713595395528156,7.953056764322916,3.1555883567708336,9.242464516927084,4.585985028645833,5.0100050327006205
7078,1,1.128,1.128,0.0,1.414,3702,874,135.0,1.0,1.642799616294013,1.4457772812499998,1.4457772812499998,1.8123484713541664,1.2817174479166666,1.4462638771355416
7079,1,1.128,1.128,0.0,1.414,182,875,135.0,1.0,1.642799616294013,1.4457772812499998,1.4457772812499998,1.8123484713541664,1.2817174479166666,1.4462638771355416
7080,1,1.128,1.128,0.0,1.414,221,875,135.0,1.0,1.642799616294013,1.4457772812499998,1.4457772812499998,1.8123484713541664,1.2817174479166666,1.4462638771355416
7081,1,1.128,1.128,0.0,1.414,3582,875,135.0,1.0,1.642799616294013,1.4457772812499998,1.4457772812499998,1.8123484713541664,1.2817174479166666,1.4462638771355416
7082,4,2.257,2.257,0.0,2.828,3606,875,135.0,2.0,6.571198465176052,2.892836279947917,2.892836279947917,3.624696942708333,2.5634348958333333,2.892527754271083
7083,18,5.626,4.074,33.049,7.211,3688,880,33.69,5.0,29.570393093292235,7.210942361979167,5.221716882812499,9.242464516927084,6.408587239583333,6.135977969446135
7084,3,2.365,1.615,45.0,2.828,204,878,45.0,2.0,4.928398848882039,3.0312617643229167,2.069973678385417,3.624696942708333,2.5634348958333333,2.5050025163503102
7085,3,3.385,1.128,90.0,3.162,361,876,108.435,1.0,4.928398848882039,4.338613561197916,1.4457772812499998,4.0527905703125,1.2817174479166666,2.5050025163503102
7086,1,1.128,1.128,0.0,1.414,465,876,135.0,1.0,1.642799616294013,1.4457772812499998,1.4457772812499998,1.8123484713541664,1.2817174479166666,1.4462638771355416
7087,4,3.192,1.596,18.435,3.606,618,878,33.69,2.0,6.571198465176052,4.09124209375,2.045621046875,4.6218731171875,2.5634348958333333,2.892527754271083
7088,1,1.128,1.128,0.0,1.414,3575,876,135.0,1.0,1.642799616294013,1.4457772812499998,1.4457772812499998,1.8123484713541664,1.2817174479166666,1.4462638771355416
7089,10,4.324,2.944,142.93,5.657,3586,876,135.0,4.0,16.42799616294013,5.542146244791667,3.7733761666666665,7.250675602864583,5.126869791666667,4.573487949374228
7090,10,4.456,2.857,161.778,5.0,3596,876,143.13,3.0,16.42799616294013,5.7113329479166675,3.661866748697917,6.408587239583333,3.8451523437499997,4.573487949374228
7091,55,12.374,5.659,173.567,15.524,3641,877,165.069,7.649,90.35397889617072,15.859971700520834,7.253239037760416,19.897381661458333,9.803856759114582,10.72577997755371
7092,12,4.189,3.648,71.275,5.657,3662,876,135.0,4.0,19.713595395528156,5.369114389322917,4.67570525,7.250675602864583,5.126869791666667,5.0100050327006205
7093,36,8.215,5.58,147.288,10.0,3696,876,143.13,6.0,59.14078618658447,10.529308834635417,7.1519833593749995,12.817174479166667,7.690304687499999,8.677583262813249
7094,2,2.257,1.128,0.0,2.236,422,877,153.435,1.0,3.285599232588026,2.892836279947917,1.4457772812499998,2.865920213541667,1.2817174479166666,2.0453259898153786
7095,1,1.128,1.128,0.0,1.414,427,877,135.0,1.0,1.642799616294013,1.4457772812499998,1.4457772812499998,1.8123484713541664,1.2817174479166666,1.4462638771355416
7096,1,1.128,1.128,0.0,1.414,502,877,135.0,1.0,1.642799616294013,1.4457772812499998,1.4457772812499998,1.8123484713541664,1.2817174479166666,1.4462638771355416
7097,1,1.128,1.128,0.0,1.414,507,877,135.0,1.0,1.642799616294013,1.4457772812499998,1.4457772812499998,1.8123484713541664,1.2817174479166666,1.4462638771355416
7098,1,1.128,1.128,0.0,1.414,3584,877,135.0,1.0,1.642799616294013,1.4457772812499998,1.4457772812499998,1.8123484713541664,1.2817174479166666,1.4462638771355416
7099,83,11.956,8.839,9.412,15.811,172,879,161.565,12.0,136.35236815240307,15.324213807291665,11.329100522135416,20.265234569010417,15.380609374999999,13.17609099055906
7100,9,4.436,2.583,138.17,5.657,186,878,135.0,3.536,14.785196546646118,5.685698598958333,3.31067616796875,7.250675602864583,4.532152895833334,4.338791631406624
7101,113,18.64,7.719,78.402,22.561,277,900,77.196,11.876,185.63635664122347,23.891213229166667,9.893576980468751,28.916827342447917,15.221676411458333,15.373995897641755
7102,2,2.257,1.128,0.0,2.236,289,878,153.435,1.0,3.285599232588026,2.892836279947917,1.4457772812499998,2.865920213541667,1.2817174479166666,2.0453259898153786
7103,7,4.389,2.03,6.362,5.099,3570,879,168.69,2.846,11.499597314058091,5.62545787890625,2.601886419270833,6.535477266927083,3.6477678567708334,3.826454549076717
7104,1,1.128,1.128,0.0,1.414,3683,878,135.0,1.0,1.642799616294013,1.4457772812499998,1.4457772812499998,1.8123484713541664,1.2817174479166666,1.4462638771355416
7105,21,6.487,4.122,56.057,8.944,3727,885,26.565,6.261,34.49879194217427,8.314501084635417,5.2832393203125,11.463680854166668,8.02483294140625,6.627613691853932
7106,1,1.128,1.128,0.0,1.414,224,879,135.0,1.0,1.642799616294013,1.4457772812499998,1.4457772812499998,1.8123484713541664,1.2817174479166666,1.4462638771355416
7107,1,1.128,1.128,0.0,1.414,264,879,135.0,1.0,1.642799616294013,1.4457772812499998,1.4457772812499998,1.8123484713541664,1.2817174479166666,1.4462638771355416
7108,4,3.192,1.596,108.435,3.606,295,879,123.69,2.0,6.571198465176052,4.09124209375,2.045621046875,4.6218731171875,2.5634348958333333,2.892527754271083
7109,5,4.356,1.462,25.67,5.0,302,882,36.87,2.214,8.213998081470065,5.583161203125,1.8738709088541665,6.408587239583333,2.8377224296875,3.2339443426774745
7110,1,1.128,1.128,0.0,1.414,563,879,135.0,1.0,1.642799616294013,1.4457772812499998,1.4457772812499998,1.8123484713541664,1.2817174479166666,1.4462638771355416
7111,1,1.128,1.128,0.0,1.414,600,879,135.0,1.0,1.642799616294013,1.4457772812499998,1.4457772812499998,1.8123484713541664,1.2817174479166666,1.4462638771355416
7112,1,1.128,1.128,0.0,1.414,674,879,135.0,1.0,1.642799616294013,1.4457772812499998,1.4457772812499998,1.8123484713541664,1.2817174479166666,1.4462638771355416
7113,2,2.257,1.128,90.0,2.236,3606,879,116.565,1.0,3.285599232588026,2.892836279947917,1.4457772812499998,2.865920213541667,1.2817174479166666,2.0453259898153786
7114,1,1.128,1.128,0.0,1.414,3681,879,135.0,1.0,1.642799616294013,1.4457772812499998,1.4457772812499998,1.8123484713541664,1.2817174479166666,1.4462638771355416
7115,1,1.128,1.128,0.0,1.414,219,880,135.0,1.0,1.642799616294013,1.4457772812499998,1.4457772812499998,1.8123484713541664,1.2817174479166666,1.4462638771355416
7116,9,4.825,2.375,5.31,5.385,287,880,158.199,3.0,14.785196546646118,6.184286686197916,3.0440789388020835,6.90204845703125,3.8451523437499997,4.338791631406624
7117,42,8.766,6.1,148.129,10.63,323,880,131.186,7.562,68.99758388434854,11.2355351484375,7.818476432291666,13.624656471354168,9.692347341145833,9.372861169189449
7118,4,2.257,2.257,0.0,2.828,462,880,135.0,2.0,6.571198465176052,2.892836279947917,2.892836279947917,3.624696942708333,2.5634348958333333,2.892527754271083
7119,5,3.244,1.963,0.0,3.606,473,880,146.31,2.0,8.213998081470065,4.157891401041667,2.516011350260417,4.6218731171875,2.5634348958333333,3.2339443426774745
7120,1,1.128,1.128,0.0,1.414,537,880,135.0,1.0,1.642799616294013,1.4457772812499998,1.4457772812499998,1.8123484713541664,1.2817174479166666,1.4462638771355416
7121,1,1.128,1.128,0.0,1.414,3611,880,135.0,1.0,1.642799616294013,1.4457772812499998,1.4457772812499998,1.8123484713541664,1.2817174479166666,1.4462638771355416
7122,1,1.128,1.128,0.0,1.414,353,881,135.0,1.0,1.642799616294013,1.4457772812499998,1.4457772812499998,1.8123484713541664,1.2817174479166666,1.4462638771355416
7123,1,1.128,1.128,0.0,1.414,376,881,135.0,1.0,1.642799616294013,1.4457772812499998,1.4457772812499998,1.8123484713541664,1.2817174479166666,1.4462638771355416
7124,11,5.383,2.602,46.647,7.211,392,885,33.69,4.0,18.070795779234142,6.8994850221354165,3.3350287994791663,9.242464516927084,5.126869791666667,4.796714628303253
7125,1,1.128,1.128,0.0,1.414,421,881,135.0,1.0,1.642799616294013,1.4457772812499998,1.4457772812499998,1.8123484713541664,1.2817174479166666,1.4462638771355416
7126,1,1.128,1.128,0.0,1.414,658,881,135.0,1.0,1.642799616294013,1.4457772812499998,1.4457772812499998,1.8123484713541664,1.2817174479166666,1.4462638771355416
7127,1,1.128,1.128,0.0,1.414,3683,881,135.0,1.0,1.642799616294013,1.4457772812499998,1.4457772812499998,1.8123484713541664,1.2817174479166666,1.4462638771355416
7128,8,5.009,2.034,70.337,5.831,265,887,59.036,2.668,13.142396930352104,6.420122696614584,2.6070132890624995,7.473694438802084,3.4196221510416667,4.090651979630757
7129,1,1.128,1.128,0.0,1.414,381,882,135.0,1.0,1.642799616294013,1.4457772812499998,1.4457772812499998,1.8123484713541664,1.2817174479166666,1.4462638771355416
7130,2,2.257,1.128,0.0,2.236,615,882,153.435,1.0,3.285599232588026,2.892836279947917,1.4457772812499998,2.865920213541667,1.2817174479166666,2.0453259898153786
7131,1,1.128,1.128,0.0,1.414,653,882,135.0,1.0,1.642799616294013,1.4457772812499998,1.4457772812499998,1.8123484713541664,1.2817174479166666,1.4462638771355416
7132,21,6.326,4.226,95.113,6.708,3710,882,116.565,4.0,34.49879194217427,8.108144575520832,5.416537934895834,8.597760640625,5.126869791666667,6.627613691853932
7133,2,2.257,1.128,0.0,2.236,221,883,153.435,1.0,3.285599232588026,2.892836279947917,1.4457772812499998,2.865920213541667,1.2817174479166666,2.0453259898153786
7134,24,8.457,3.613,14.768,10.77,245,887,21.801,4.768,39.42719079105631,10.83948445703125,4.630845139322917,13.8040969140625,6.111228791666666,7.085217064802679
7135,1,1.128,1.128,0.0,1.414,291,883,135.0,1.0,1.642799616294013,1.4457772812499998,1.4457772812499998,1.8123484713541664,1.2817174479166666,1.4462638771355416
7136,5,3.316,1.92,135.0,4.243,651,883,135.0,2.828,8.213998081470065,4.250175057291666,2.4608974999999997,5.438327131510417,3.624696942708333,3.2339443426774745
7137,5,3.998,1.592,53.677,5.0,3715,887,53.13,2.496,8.213998081470065,5.124306356770833,2.0404941770833336,6.408587239583333,3.19916675,3.2339443426774745
7138,19,7.78,3.109,148.0,9.434,3808,883,147.995,4.919,31.21319270958625,9.971761744791667,3.9848595455729168,12.091722403645832,6.304768126302083,6.304118086127151
7139,20,5.812,4.382,69.502,7.211,225,884,123.69,6.0,32.85599232588026,7.449341807291667,5.616485856770833,9.242464516927084,7.690304687499999,6.467888685354949
7140,10,5.29,2.407,66.576,5.831,303,889,59.036,3.0,16.42799616294013,6.780285299479167,3.0850938971354167,7.473694438802084,3.8451523437499997,4.573487949374228
7141,14,5.194,3.432,149.62,5.831,331,885,149.036,4.0,22.999194628116182,6.657240424479166,4.39885428125,7.473694438802084,5.126869791666667,5.411423919108519
7142,61,13.704,5.667,0.333,18.248,476,888,9.462,7.0,100.2107765939348,17.56465590625,7.26349277734375,23.388779989583334,8.972022135416667,11.295681977673365
7143,2,2.257,1.128,0.0,2.236,602,884,153.435,1.0,3.285599232588026,2.892836279947917,1.4457772812499998,2.865920213541667,1.2817174479166666,2.0453259898153786
7144,32,9.686,4.207,79.898,10.77,674,894,68.199,4.0,52.56958772140842,12.414715200520833,5.392185303385417,13.8040969140625,5.126869791666667,8.181303959261514
7145,1,1.128,1.128,0.0,1.414,3537,884,135.0,1.0,1.642799616294013,1.4457772812499998,1.4457772812499998,1.8123484713541664,1.2817174479166666,1.4462638771355416
7146,5,3.144,2.025,18.435,3.606,3706,886,33.69,2.0,8.213998081470065,4.02971965625,2.59547783203125,4.6218731171875,2.5634348958333333,3.2339443426774745
7147,1,1.128,1.128,0.0,1.414,3759,884,135.0,1.0,1.642799616294013,1.4457772812499998,1.4457772812499998,1.8123484713541664,1.2817174479166666,1.4462638771355416
7148,9,4.005,2.861,35.783,5.0,3789,888,36.87,3.883,14.785196546646118,5.13327837890625,3.6669936184895837,6.408587239583333,4.976908850260417,4.338791631406624
7149,6,4.968,1.538,33.353,5.831,215,888,30.964,2.496,9.856797697764078,6.36757228125,1.9712814348958334,7.473694438802084,3.19916675,3.5426085324013394
7150,4,3.192,1.596,71.565,3.606,380,888,56.31,2.0,6.571198465176052,4.09124209375,2.045621046875,4.6218731171875,2.5634348958333333,2.892527754271083
7151,1,1.128,1.128,0.0,1.414,383,885,135.0,1.0,1.642799616294013,1.4457772812499998,1.4457772812499998,1.8123484713541664,1.2817174479166666,1.4462638771355416
7152,1,1.128,1.128,0.0,1.414,422,885,135.0,1.0,1.642799616294013,1.4457772812499998,1.4457772812499998,1.8123484713541664,1.2817174479166666,1.4462638771355416
7153,9,4.488,2.553,166.717,5.0,438,885,143.13,3.0,14.785196546646118,5.752347906250001,3.2722246445312497,6.408587239583333,3.8451523437499997,4.338791631406624
7154,1,1.128,1.128,0.0,1.414,3529,885,135.0,1.0,1.642799616294013,1.4457772812499998,1.4457772812499998,1.8123484713541664,1.2817174479166666,1.4462638771355416
7155,4,3.192,1.596,161.565,3.606,3685,885,146.31,2.0,6.571198465176052,4.09124209375,2.045621046875,4.6218731171875,2.5634348958333333,2.892527754271083
7156,2,2.257,1.128,90.0,2.236,3763,885,116.565,1.0,3.285599232588026,2.892836279947917,1.4457772812499998,2.865920213541667,1.2817174479166666,2.0453259898153786
7157,5,3.221,1.977,26.565,4.472,3783,887,26.565,2.846,8.213998081470065,4.128411899739583,2.53395539453125,5.731840427083334,3.6477678567708334,3.2339443426774745
7158,1,1.128,1.128,0.0,1.414,231,886,135.0,1.0,1.642799616294013,1.4457772812499998,1.4457772812499998,1.8123484713541664,1.2817174479166666,1.4462638771355416
7159,6,4.387,1.742,122.243,5.0,613,886,126.87,2.496,9.856797697764078,5.622894444010416,2.2327517942708335,6.408587239583333,3.19916675,3.5426085324013394
7160,11,6.114,2.291,67.857,7.211,3624,892,56.31,3.479,18.070795779234142,7.8364204765625,2.936414673177083,9.242464516927084,4.459095001302083,4.796714628303253
7161,1,1.128,1.128,0.0,1.414,3701,886,135.0,1.0,1.642799616294013,1.4457772812499998,1.4457772812499998,1.8123484713541664,1.2817174479166666,1.4462638771355416
7162,1,1.128,1.128,0.0,1.414,233,887,135.0,1.0,1.642799616294013,1.4457772812499998,1.4457772812499998,1.8123484713541664,1.2817174479166666,1.4462638771355416
7163,4,3.216,1.583,31.717,3.606,239,889,33.69,2.0,6.571198465176052,4.1220033125,2.028958720052083,4.6218731171875,2.5634348958333333,2.892527754271083
7164,6,3.14,2.433,45.0,3.606,292,890,33.69,2.828,9.856797697764078,4.024592786458333,3.1184185507812496,4.6218731171875,3.624696942708333,3.5426085324013394
7165,21,10.465,2.555,84.728,11.402,339,898,74.745,3.644,34.49879194217427,13.413173092447916,3.2747880794270836,14.614142341145833,4.670578380208333,6.627613691853932
7166,2,2.257,1.128,0.0,2.236,392,887,153.435,1.0,3.285599232588026,2.892836279947917,1.4457772812499998,2.865920213541667,1.2817174479166666,2.0453259898153786
7167,1,1.128,1.128,0.0,1.414,428,887,135.0,1.0,1.642799616294013,1.4457772812499998,1.4457772812499998,1.8123484713541664,1.2817174479166666,1.4462638771355416
7168,1,1.128,1.128,0.0,1.414,603,887,135.0,1.0,1.642799616294013,1.4457772812499998,1.4457772812499998,1.8123484713541664,1.2817174479166666,1.4462638771355416
7169,2,2.257,1.128,0.0,2.236,3602,887,153.435,1.0,3.285599232588026,2.892836279947917,1.4457772812499998,2.865920213541667,1.2817174479166666,2.0453259898153786
7170,1,1.128,1.128,0.0,1.414,3616,887,135.0,1.0,1.642799616294013,1.4457772812499998,1.4457772812499998,1.8123484713541664,1.2817174479166666,1.4462638771355416
7171,1,1.128,1.128,0.0,1.414,3693,887,135.0,1.0,1.642799616294013,1.4457772812499998,1.4457772812499998,1.8123484713541664,1.2817174479166666,1.4462638771355416
7172,16,5.492,3.709,121.498,7.211,237,888,123.69,5.0,26.28479386070421,7.0391922239583335,4.753890014322916,9.242464516927084,6.408587239583333,5.785055508542166
7173,2,2.257,1.128,90.0,2.236,565,888,116.565,1.0,3.285599232588026,2.892836279947917,1.4457772812499998,2.865920213541667,1.2817174479166666,2.0453259898153786
7174,15,5.722,3.338,43.619,7.81,594,894,39.806,4.828,24.641994244410196,7.333987236979167,4.278372841145833,10.010213268229165,6.188131838541667,5.601355910367322
7175,1,1.128,1.128,0.0,1.414,3592,888,135.0,1.0,1.642799616294013,1.4457772812499998,1.4457772812499998,1.8123484713541664,1.2817174479166666,1.4462638771355416
7176,15,5.924,3.224,124.667,7.211,3656,888,123.69,4.243,24.641994244410196,7.592894161458334,4.132257052083333,9.242464516927084,5.438327131510417,5.601355910367322
7177,1,1.128,1.128,0.0,1.414,3709,888,135.0,1.0,1.642799616294013,1.4457772812499998,1.4457772812499998,1.8123484713541664,1.2817174479166666,1.4462638771355416
7178,2,2.596,0.981,45.0,2.828,3726,890,45.0,1.414,3.285599232588026,3.327338494791667,1.2573648164062499,3.624696942708333,1.8123484713541664,2.0453259898153786
7179,14,4.84,3.683,62.03,6.403,3756,893,38.66,4.6,22.999194628116182,6.203512447916666,4.720565360677083,8.206836819010416,5.895900260416666,5.411423919108519
7180,1,1.128,1.128,0.0,1.414,173,889,135.0,1.0,1.642799616294013,1.4457772812499998,1.4457772812499998,1.8123484713541664,1.2817174479166666,1.4462638771355416
7181,1,1.128,1.128,0.0,1.414,285,889,135.0,1.0,1.642799616294013,1.4457772812499998,1.4457772812499998,1.8123484713541664,1.2817174479166666,1.4462638771355416
7182,27,10.657,3.226,91.22,11.402,297,889,105.255,4.0,44.35558963993835,13.659262842447916,4.134820486979167,14.614142341145833,5.126869791666667,7.515007549050931
7183,3,3.213,1.189,61.845,3.606,498,892,56.31,1.789,4.928398848882039,4.11815816015625,1.5239620455729168,4.6218731171875,2.2929925143229166,2.5050025163503102
7184,5,3.144,2.025,71.565,3.606,3554,892,56.31,2.0,8.213998081470065,4.02971965625,2.59547783203125,4.6218731171875,2.5634348958333333,3.2339443426774745
7185,2,2.257,1.128,0.0,2.236,3562,889,153.435,1.0,3.285599232588026,2.892836279947917,1.4457772812499998,2.865920213541667,1.2817174479166666,2.0453259898153786
7186,1,1.128,1.128,0.0,1.414,3713,889,135.0,1.0,1.642799616294013,1.4457772812499998,1.4457772812499998,1.8123484713541664,1.2817174479166666,1.4462638771355416
7187,1,1.128,1.128,0.0,1.414,3809,889,135.0,1.0,1.642799616294013,1.4457772812499998,1.4457772812499998,1.8123484713541664,1.2817174479166666,1.4462638771355416
7188,1,1.128,1.128,0.0,1.414,217,890,135.0,1.0,1.642799616294013,1.4457772812499998,1.4457772812499998,1.8123484713541664,1.2817174479166666,1.4462638771355416
7189,57,13.358,5.433,100.013,15.232,246,890,113.199,8.0,93.63957812875874,17.121181669270833,6.96357089453125,19.523120166666665,10.253739583333333,10.919052822086096
7190,1,1.128,1.128,0.0,1.414,259,890,135.0,1.0,1.642799616294013,1.4457772812499998,1.4457772812499998,1.8123484713541664,1.2817174479166666,1.4462638771355416
7191,8,4.84,2.105,34.294,5.657,346,894,45.0,3.051,13.142396930352104,6.203512447916666,2.6980152278645835,7.250675602864583,3.91051993359375,4.090651979630757
7192,4,2.257,2.257,0.0,2.828,360,890,135.0,2.0,6.571198465176052,2.892836279947917,2.892836279947917,3.624696942708333,2.5634348958333333,2.892527754271083
7193,2,2.257,1.128,90.0,2.236,644,890,116.565,1.0,3.285599232588026,2.892836279947917,1.4457772812499998,2.865920213541667,1.2817174479166666,2.0453259898153786
7194,3,2.365,1.615,45.0,2.828,662,892,45.0,2.0,4.928398848882039,3.0312617643229167,2.069973678385417,3.624696942708333,2.5634348958333333,2.5050025163503102
7195,5,3.461,1.839,45.0,4.243,3635,893,45.0,2.683,8.213998081470065,4.436024087239583,2.35707838671875,5.438327131510417,3.4388479127604166,3.2339443426774745
7196,2,2.257,1.128,90.0,2.236,3665,890,116.565,1.0,3.285599232588026,2.892836279947917,1.4457772812499998,2.865920213541667,1.2817174479166666,2.0453259898153786
7197,19,6.632,3.648,169.603,8.544,3696,891,159.444,4.0,31.21319270958625,8.500350114583332,4.67570525,10.950993875,5.126869791666667,6.304118086127151
7198,53,13.212,5.108,27.518,15.556,3713,901,45.0,7.382,87.06837966358269,16.934050921875,6.547012723958333,19.938396619791664,9.461638200520833,10.528959954443641
7199,2,2.257,1.128,90.0,2.236,3786,890,116.565,1.0,3.285599232588026,2.892836279947917,1.4457772812499998,2.865920213541667,1.2817174479166666,2.0453259898153786
7200,24,8.119,3.764,149.082,10.296,227,891,150.945,5.657,39.42719079105631,10.406263959635416,4.824384473958333,13.19656284375,7.250675602864583,7.085217064802679
7201,1,1.128,1.128,0.0,1.414,266,891,135.0,1.0,1.642799616294013,1.4457772812499998,1.4457772812499998,1.8123484713541664,1.2817174479166666,1.4462638771355416
7202,11,6.327,2.214,93.058,6.325,308,891,108.435,2.0,18.070795779234142,8.10942629296875,2.8377224296875,8.106862858072917,2.5634348958333333,4.796714628303253
7203,1,1.128,1.128,0.0,1.414,459,891,135.0,1.0,1.642799616294013,1.4457772812499998,1.4457772812499998,1.8123484713541664,1.2817174479166666,1.4462638771355416
7204,30,6.683,5.716,107.184,9.22,3724,895,167.471,7.766,49.28398848882039,8.565717704427083,7.326296932291667,11.817434869791667,9.953817700520833,7.921513496120161
7205,1,1.128,1.128,0.0,1.414,3790,891,135.0,1.0,1.642799616294013,1.4457772812499998,1.4457772812499998,1.8123484713541664,1.2817174479166666,1.4462638771355416
7206,1,1.128,1.128,0.0,1.414,3810,891,135.0,1.0,1.642799616294013,1.4457772812499998,1.4457772812499998,1.8123484713541664,1.2817174479166666,1.4462638771355416
7207,9,5.109,2.243,105.325,5.385,205,892,111.801,2.846,14.785196546646118,6.54829444140625,2.874892235677083,6.90204845703125,3.6477678567708334,4.338791631406624
7208,3,2.365,1.615,45.0,2.828,208,894,45.0,2.0,4.928398848882039,3.0312617643229167,2.069973678385417,3.624696942708333,2.5634348958333333,2.5050025163503102
7209,30,7.376,5.178,37.618,9.22,216,898,40.601,6.86,49.28398848882039,9.453947895833334,6.6367329453125,11.817434869791667,8.792581692708334,7.921513496120161
7210,1,1.128,1.128,0.0,1.414,321,892,135.0,1.0,1.642799616294013,1.4457772812499998,1.4457772812499998,1.8123484713541664,1.2817174479166666,1.4462638771355416
7211,7,3.507,2.542,149.527,4.243,3557,892,135.0,3.0,11.499597314058091,4.49498308984375,3.2581257526041663,5.438327131510417,3.8451523437499997,3.826454549076717
7212,6,3.931,1.943,30.964,4.472,3582,894,26.565,2.683,9.856797697764078,5.0384312877604165,2.4903770013020834,5.731840427083334,3.4388479127604166,3.5426085324013394
7213,3,3.385,1.128,0.0,3.162,3711,892,161.565,1.0,4.928398848882039,4.338613561197916,1.4457772812499998,4.0527905703125,1.2817174479166666,2.5050025163503102
7214,3,2.365,1.615,135.0,2.828,3751,892,135.0,2.0,4.928398848882039,3.0312617643229167,2.069973678385417,3.624696942708333,2.5634348958333333,2.5050025163503102
7215,1,1.128,1.128,0.0,1.414,348,893,135.0,1.0,1.642799616294013,1.4457772812499998,1.4457772812499998,1.8123484713541664,1.2817174479166666,1.4462638771355416
7216,8,4.501,2.263,98.677,5.385,681,893,111.801,3.0,13.142396930352104,5.769010233072917,2.9005265846354167,6.90204845703125,3.8451523437499997,4.090651979630757
7217,1,1.128,1.128,0.0,1.414,3415,893,135.0,1.0,1.642799616294013,1.4457772812499998,1.4457772812499998,1.8123484713541664,1.2817174479166666,1.4462638771355416
7218,1,1.128,1.128,0.0,1.414,3784,893,135.0,1.0,1.642799616294013,1.4457772812499998,1.4457772812499998,1.8123484713541664,1.2817174479166666,1.4462638771355416
7219,2,2.257,1.128,0.0,2.236,3787,893,153.435,1.0,3.285599232588026,2.892836279947917,1.4457772812499998,2.865920213541667,1.2817174479166666,2.0453259898153786
7220,2,2.596,0.981,135.0,2.828,167,894,135.0,1.414,3.285599232588026,3.327338494791667,1.2573648164062499,3.624696942708333,1.8123484713541664,2.0453259898153786
7221,3,2.365,1.615,45.0,2.828,264,896,45.0,2.0,4.928398848882039,3.0312617643229167,2.069973678385417,3.624696942708333,2.5634348958333333,2.5050025163503102
7222,133,16.811,10.073,177.15,22.361,352,894,153.435,12.0,218.49234896710374,21.546952016927083,12.910739852864584,28.660483852864584,15.380609374999999,16.679128691476905
7223,6,3.14,2.433,135.0,3.606,428,894,123.69,2.828,9.856797697764078,4.024592786458333,3.1184185507812496,4.6218731171875,3.624696942708333,3.5426085324013394
7224,6,4.134,1.848,12.933,4.472,3630,896,26.565,2.0,9.856797697764078,5.298619929687501,2.36861384375,5.731840427083334,2.5634348958333333,3.5426085324013394
7225,33,10.415,4.034,159.603,11.662,3648,894,149.036,5.336,54.21238733770243,13.349087220052082,5.170448184895833,14.947388877604167,6.839244302083333,8.308153445630097
7226,40,8.528,5.972,41.356,11.662,202,902,30.964,8.05,65.71198465176052,10.930486395833334,7.654416598958334,14.947388877604167,10.317825455729167,9.146975898748456
7227,1,1.128,1.128,0.0,1.414,301,895,135.0,1.0,1.642799616294013,1.4457772812499998,1.4457772812499998,1.8123484713541664,1.2817174479166666,1.4462638771355416
7228,3,3.385,1.128,90.0,3.162,459,895,108.435,1.0,4.928398848882039,4.338613561197916,1.4457772812499998,4.0527905703125,1.2817174479166666,2.5050025163503102
7229,9,6.208,1.846,153.06,7.81,3568,895,140.194,3.13,14.785196546646118,7.956901916666666,2.3660504088541665,10.010213268229165,4.011775611979166,4.338791631406624
7230,7,4.439,2.008,119.872,5.0,3697,895,126.87,2.683,11.499597314058091,5.689543751302083,2.5736886354166666,6.408587239583333,3.4388479127604166,3.826454549076717
7231,1,1.128,1.128,0.0,1.414,3750,895,135.0,1.0,1.642799616294013,1.4457772812499998,1.4457772812499998,1.8123484713541664,1.2817174479166666,1.4462638771355416
7232,207,18.064,14.59,58.373,25.807,3756,918,35.538,20.882,340.0595205728607,23.152943979166665,18.700257565104167,33.07728217838542,26.764823747395834,20.80811367898531
7233,10,6.789,1.875,44.06,7.81,3785,901,50.194,2.828,16.42799616294013,8.70157975390625,2.40322021484375,10.010213268229165,3.624696942708333,4.573487949374228
7234,6,2.93,2.607,26.565,3.606,121,896,146.31,3.0,9.856797697764078,3.7554321223958333,3.3414373867187503,4.6218731171875,3.8451523437499997,3.5426085324013394
7235,1,1.128,1.128,0.0,1.414,257,896,135.0,1.0,1.642799616294013,1.4457772812499998,1.4457772812499998,1.8123484713541664,1.2817174479166666,1.4462638771355416
7236,1,1.128,1.128,0.0,1.414,261,896,135.0,1.0,1.642799616294013,1.4457772812499998,1.4457772812499998,1.8123484713541664,1.2817174479166666,1.4462638771355416
7237,4,2.257,2.257,0.0,2.828,286,896,135.0,2.0,6.571198465176052,2.892836279947917,2.892836279947917,3.624696942708333,2.5634348958333333,2.892527754271083
7238,194,23.248,10.625,130.471,32.527,316,897,135.0,16.292,318.7031255610385,29.797367229166667,13.618247884114583,41.690423428385415,20.881740661458334,20.14412483200953
7239,4,2.257,2.257,0.0,2.828,418,896,135.0,2.0,6.571198465176052,2.892836279947917,2.892836279947917,3.624696942708333,2.5634348958333333,2.892527754271083
7240,1,1.128,1.128,0.0,1.414,431,896,135.0,1.0,1.642799616294013,1.4457772812499998,1.4457772812499998,1.8123484713541664,1.2817174479166666,1.4462638771355416
7241,3,2.365,1.615,45.0,2.828,538,898,45.0,2.0,4.928398848882039,3.0312617643229167,2.069973678385417,3.624696942708333,2.5634348958333333,2.5050025163503102
7242,2,2.257,1.128,90.0,2.236,3639,896,116.565,1.0,3.285599232588026,2.892836279947917,1.4457772812499998,2.865920213541667,1.2817174479166666,2.0453259898153786
7243,3,2.365,1.615,45.0,2.828,3736,898,45.0,2.0,4.928398848882039,3.0312617643229167,2.069973678385417,3.624696942708333,2.5634348958333333,2.5050025163503102
7244,1,1.128,1.128,0.0,1.414,3753,896,135.0,1.0,1.642799616294013,1.4457772812499998,1.4457772812499998,1.8123484713541664,1.2817174479166666,1.4462638771355416
7245,14,6.859,2.599,168.35,7.616,237,897,156.801,3.0,22.999194628116182,8.791299975260417,3.331183647135417,9.761560083333332,3.8451523437499997,5.411423919108519
7246,5,3.144,2.025,161.565,3.606,267,897,146.31,2.0,8.213998081470065,4.02971965625,2.59547783203125,4.6218731171875,2.5634348958333333,3.2339443426774745
7247,3,3.385,1.128,90.0,3.162,305,897,108.435,1.0,4.928398848882039,4.338613561197916,1.4457772812499998,4.0527905703125,1.2817174479166666,2.5050025163503102
7248,1,1.128,1.128,0.0,1.414,566,897,135.0,1.0,1.642799616294013,1.4457772812499998,1.4457772812499998,1.8123484713541664,1.2817174479166666,1.4462638771355416
7249,5,3.144,2.025,161.565,3.606,3794,897,146.31,2.0,8.213998081470065,4.02971965625,2.59547783203125,4.6218731171875,2.5634348958333333,3.2339443426774745
7250,30,8.788,4.346,27.114,9.434,386,904,32.005,5.376,49.28398848882039,11.263732932291667,5.570344028645834,12.091722403645832,6.890513,7.921513496120161
7251,7,5.135,1.736,126.175,5.657,398,898,135.0,2.496,11.499597314058091,6.5816190950520825,2.225061489583333,7.250675602864583,3.19916675,3.826454549076717
7252,7,3.49,2.554,137.199,4.472,503,898,116.565,3.536,11.499597314058091,4.473193893229167,3.2735063619791664,5.731840427083334,4.532152895833334,3.826454549076717
7253,1,1.128,1.128,0.0,1.414,577,898,135.0,1.0,1.642799616294013,1.4457772812499998,1.4457772812499998,1.8123484713541664,1.2817174479166666,1.4462638771355416
7254,6,3.14,2.433,135.0,3.606,3527,898,123.69,2.828,9.856797697764078,4.024592786458333,3.1184185507812496,4.6218731171875,3.624696942708333,3.5426085324013394
7255,2,2.257,1.128,0.0,2.236,3598,898,153.435,1.0,3.285599232588026,2.892836279947917,1.4457772812499998,2.865920213541667,1.2817174479166666,2.0453259898153786
7256,2,2.257,1.128,0.0,2.236,3690,898,153.435,1.0,3.285599232588026,2.892836279947917,1.4457772812499998,2.865920213541667,1.2817174479166666,2.0453259898153786
7257,1,1.128,1.128,0.0,1.414,106,899,135.0,1.0,1.642799616294013,1.4457772812499998,1.4457772812499998,1.8123484713541664,1.2817174479166666,1.4462638771355416
7258,1,1.128,1.128,0.0,1.414,211,899,135.0,1.0,1.642799616294013,1.4457772812499998,1.4457772812499998,1.8123484713541664,1.2817174479166666,1.4462638771355416
7259,102,16.948,7.663,150.839,24.207,227,899,141.71,11.311,167.56556086198933,21.722547307291666,9.821800803385417,31.02653426171875,14.497506053385417,14.606549169305087
7260,1,1.128,1.128,0.0,1.414,255,899,135.0,1.0,1.642799616294013,1.4457772812499998,1.4457772812499998,1.8123484713541664,1.2817174479166666,1.4462638771355416
7261,1,1.128,1.128,0.0,1.414,409,899,135.0,1.0,1.642799616294013,1.4457772812499998,1.4457772812499998,1.8123484713541664,1.2817174479166666,1.4462638771355416
7262,1,1.128,1.128,0.0,1.414,575,899,135.0,1.0,1.642799616294013,1.4457772812499998,1.4457772812499998,1.8123484713541664,1.2817174479166666,1.4462638771355416
7263,1,1.128,1.128,0.0,1.414,3357,899,135.0,1.0,1.642799616294013,1.4457772812499998,1.4457772812499998,1.8123484713541664,1.2817174479166666,1.4462638771355416
7264,1,1.128,1.128,0.0,1.414,3638,899,135.0,1.0,1.642799616294013,1.4457772812499998,1.4457772812499998,1.8123484713541664,1.2817174479166666,1.4462638771355416
7265,12,6.77,2.257,90.0,6.325,3664,899,108.435,2.0,19.713595395528156,8.677227122395832,2.892836279947917,8.106862858072917,2.5634348958333333,5.0100050327006205
7266,5,3.713,1.715,96.047,4.472,216,900,116.565,2.0,8.213998081470065,4.759016884114583,2.1981454231770834,5.731840427083334,2.5634348958333333,3.2339443426774745
7267,16,5.485,3.714,101.84,6.708,222,900,116.565,5.0,26.28479386070421,7.0302202018229165,4.7602986015625,8.597760640625,6.408587239583333,5.785055508542166
7268,4,3.969,1.283,162.391,4.472,335,900,153.435,1.897,6.571198465176052,5.08713655078125,1.644443485677083,5.731840427083334,2.4314179986979165,2.892527754271083
7269,10,6.268,2.031,95.239,7.071,489,900,98.13,2.91,16.42799616294013,8.033804963541666,2.6031681367187502,9.063024074218749,3.7297977734375003,4.573487949374228
7270,3,2.365,1.615,135.0,2.828,553,900,135.0,2.0,4.928398848882039,3.0312617643229167,2.069973678385417,3.624696942708333,2.5634348958333333,2.5050025163503102
7271,5,3.086,2.063,34.099,3.606,3559,903,33.69,2.683,8.213998081470065,3.955380044270833,2.6441830950520835,4.6218731171875,3.4388479127604166,3.2339443426774745
7272,20,5.718,4.453,57.222,7.071,3617,906,45.0,5.0,32.85599232588026,7.3288603671875,5.707487795572917,9.063024074218749,6.408587239583333,6.467888685354949
7273,44,12.038,4.654,40.857,14.213,3624,911,39.289,7.526,72.28318311693657,15.429314638020834,5.965113002604166,18.21705008723958,9.646205513020833,9.593429256606505
7274,8,6.211,1.64,146.003,7.211,3709,900,146.31,2.774,13.142396930352104,7.9607470690104165,2.102016614583333,9.242464516927084,3.555484200520833,4.090651979630757
7275,8,4.501,2.263,68.645,5.0,237,905,53.13,2.846,13.142396930352104,5.769010233072917,2.9005265846354167,6.408587239583333,3.6477678567708334,4.090651979630757
7276,1,1.128,1.128,0.0,1.414,288,901,135.0,1.0,1.642799616294013,1.4457772812499998,1.4457772812499998,1.8123484713541664,1.2817174479166666,1.4462638771355416
7277,37,11.195,4.208,81.515,13.342,290,914,77.005,5.0,60.783585802878484,14.348826829427084,5.3934670208333335,17.10067419010417,6.408587239583333,8.7972797207639
7278,1,1.128,1.128,0.0,1.414,438,901,135.0,1.0,1.642799616294013,1.4457772812499998,1.4457772812499998,1.8123484713541664,1.2817174479166666,1.4462638771355416
7279,2,2.257,1.128,0.0,2.236,770,901,153.435,1.0,3.285599232588026,2.892836279947917,1.4457772812499998,2.865920213541667,1.2817174479166666,2.0453259898153786
7280,3,2.365,1.615,45.0,2.828,3521,903,45.0,2.0,4.928398848882039,3.0312617643229167,2.069973678385417,3.624696942708333,2.5634348958333333,2.5050025163503102
7281,1,1.128,1.128,0.0,1.414,3538,901,135.0,1.0,1.642799616294013,1.4457772812499998,1.4457772812499998,1.8123484713541664,1.2817174479166666,1.4462638771355416
7282,6,4.524,1.689,158.109,5.385,3687,902,158.199,2.53,9.856797697764078,5.798489734375,2.16482076953125,6.90204845703125,3.2427451432291665,3.5426085324013394
7283,8,5.621,1.812,105.679,5.831,3739,901,120.964,2.425,13.142396930352104,7.204533774739584,2.322472015625,7.473694438802084,3.1081648111979163,4.090651979630757
7284,51,11.519,5.637,66.172,16.279,3749,917,79.38,10.2,83.78278043099466,14.764103282552083,7.225041253906249,20.865078334635417,13.073517968749998,10.32838996735036
7285,5,3.144,2.025,108.435,3.606,242,902,123.69,2.0,8.213998081470065,4.02971965625,2.59547783203125,4.6218731171875,2.5634348958333333,3.2339443426774745
7286,2,2.257,1.128,90.0,2.236,263,902,116.565,1.0,3.285599232588026,2.892836279947917,1.4457772812499998,2.865920213541667,1.2817174479166666,2.0453259898153786
7287,9,5.229,2.191,94.731,5.385,270,902,111.801,2.0,14.785196546646118,6.70210053515625,2.8082429283854164,6.90204845703125,2.5634348958333333,4.338791631406624
7288,5,3.144,2.025,18.435,3.606,297,904,33.69,2.0,8.213998081470065,4.02971965625,2.59547783203125,4.6218731171875,2.5634348958333333,3.2339443426774745
7289,20,8.312,3.064,59.944,9.434,304,910,57.995,4.4,32.85599232588026,10.653635427083332,3.9271822604166666,12.091722403645832,5.639556770833334,6.467888685354949
7290,6,3.489,2.19,45.0,4.243,313,905,45.0,2.828,9.856797697764078,4.47191217578125,2.8069612109374997,5.438327131510417,3.624696942708333,3.5426085324013394
7291,10,4.456,2.857,108.222,5.0,492,902,126.87,3.0,16.42799616294013,5.7113329479166675,3.661866748697917,6.408587239583333,3.8451523437499997,4.573487949374228
7292,3,2.365,1.615,45.0,2.828,524,904,45.0,2.0,4.928398848882039,3.0312617643229167,2.069973678385417,3.624696942708333,2.5634348958333333,2.5050025163503102
7293,6,3.385,2.257,0.0,3.606,608,902,146.31,2.0,9.856797697764078,4.338613561197916,2.892836279947917,4.6218731171875,2.5634348958333333,3.5426085324013394
7294,1,1.128,1.128,0.0,1.414,3463,902,135.0,1.0,1.642799616294013,1.4457772812499998,1.4457772812499998,1.8123484713541664,1.2817174479166666,1.4462638771355416
7295,3,2.365,1.615,45.0,2.828,3518,904,45.0,2.0,4.928398848882039,3.0312617643229167,2.069973678385417,3.624696942708333,2.5634348958333333,2.5050025163503102
7296,16,6.218,3.276,20.767,7.211,3650,906,33.69,4.0,26.28479386070421,7.9697190911458335,4.198906359375,9.242464516927084,5.126869791666667,5.785055508542166
7297,1,1.128,1.128,0.0,1.414,3723,902,135.0,1.0,1.642799616294013,1.4457772812499998,1.4457772812499998,1.8123484713541664,1.2817174479166666,1.4462638771355416
7298,1,1.128,1.128,0.0,1.414,253,903,135.0,1.0,1.642799616294013,1.4457772812499998,1.4457772812499998,1.8123484713541664,1.2817174479166666,1.4462638771355416
7299,1,1.128,1.128,0.0,1.414,432,903,135.0,1.0,1.642799616294013,1.4457772812499998,1.4457772812499998,1.8123484713541664,1.2817174479166666,1.4462638771355416
7300,1,1.128,1.128,0.0,1.414,3396,903,135.0,1.0,1.642799616294013,1.4457772812499998,1.4457772812499998,1.8123484713541664,1.2817174479166666,1.4462638771355416
7301,3,3.385,1.128,0.0,3.162,3447,903,161.565,1.0,4.928398848882039,4.338613561197916,1.4457772812499998,4.0527905703125,1.2817174479166666,2.5050025163503102
7302,1,1.128,1.128,0.0,1.414,3530,903,135.0,1.0,1.642799616294013,1.4457772812499998,1.4457772812499998,1.8123484713541664,1.2817174479166666,1.4462638771355416
7303,5,3.732,1.706,84.848,4.123,3677,903,104.036,2.0,8.213998081470065,4.783369515625,2.1866099661458334,5.284521037760417,2.5634348958333333,3.2339443426774745
7304,31,8.062,4.896,69.666,9.849,3696,912,66.038,6.0,50.926788105114404,10.333206065104166,6.275288625,12.62363514453125,7.690304687499999,8.052456474363645
7305,1,1.128,1.128,0.0,1.414,3756,903,135.0,1.0,1.642799616294013,1.4457772812499998,1.4457772812499998,1.8123484713541664,1.2817174479166666,1.4462638771355416
7306,1,1.128,1.128,0.0,1.414,197,904,135.0,1.0,1.642799616294013,1.4457772812499998,1.4457772812499998,1.8123484713541664,1.2817174479166666,1.4462638771355416
7307,6,3.385,2.257,0.0,3.606,259,904,146.31,2.0,9.856797697764078,4.338613561197916,2.892836279947917,4.6218731171875,2.5634348958333333,3.5426085324013394
7308,2,2.257,1.128,0.0,2.236,332,904,153.435,1.0,3.285599232588026,2.892836279947917,1.4457772812499998,2.865920213541667,1.2817174479166666,2.0453259898153786
7309,12,4.786,3.192,126.918,5.385,381,904,111.801,4.16,19.713595395528156,6.134299705729166,4.09124209375,6.90204845703125,5.331944583333334,5.0100050327006205
7310,2,2.596,0.981,135.0,2.828,3565,904,135.0,1.414,3.285599232588026,3.327338494791667,1.2573648164062499,3.624696942708333,1.8123484713541664,2.0453259898153786
7311,12,4.346,3.516,113.424,5.385,3658,904,111.801,4.0,19.713595395528156,5.570344028645834,4.506518546875,6.90204845703125,5.126869791666667,5.0100050327006205
7312,82,15.498,6.737,10.587,18.439,3674,912,12.529,9.751,134.70956853610906,19.864057007812498,8.634930446614582,23.633588022135417,12.498026834635416,13.096476418838181
7313,2,2.257,1.128,90.0,2.236,3703,904,116.565,1.0,3.285599232588026,2.892836279947917,1.4457772812499998,2.865920213541667,1.2817174479166666,2.0453259898153786
7314,1,1.128,1.128,0.0,1.414,268,905,135.0,1.0,1.642799616294013,1.4457772812499998,1.4457772812499998,1.8123484713541664,1.2817174479166666,1.4462638771355416
7315,14,5.639,3.161,123.782,7.211,310,905,123.69,4.0,22.999194628116182,7.227604688802083,4.0515088528645835,9.242464516927084,5.126869791666667,5.411423919108519
7316,2,2.596,0.981,45.0,2.828,3399,907,45.0,1.414,3.285599232588026,3.327338494791667,1.2573648164062499,3.624696942708333,1.8123484713541664,2.0453259898153786
7317,1,1.128,1.128,0.0,1.414,3815,905,135.0,1.0,1.642799616294013,1.4457772812499998,1.4457772812499998,1.8123484713541664,1.2817174479166666,1.4462638771355416
7318,5,4.833,1.317,62.108,5.831,193,911,59.036,2.236,8.213998081470065,6.19454042578125,1.68802187890625,7.473694438802084,2.865920213541667,3.2339443426774745
7319,4,2.734,1.863,0.0,3.162,220,907,161.565,2.0,6.571198465176052,3.5042155026041666,2.38783960546875,4.0527905703125,2.5634348958333333,2.892527754271083
7320,8,4.044,2.519,109.33,4.472,246,906,116.565,3.0,13.142396930352104,5.1832653593749995,3.2286462513020835,5.731840427083334,3.8451523437499997,4.090651979630757
7321,15,6.967,2.741,114.096,8.062,298,906,119.745,3.795,24.641994244410196,8.929725459635415,3.513187524739583,10.333206065104166,4.86411771484375,5.601355910367322
7322,1,1.128,1.128,0.0,1.414,447,906,135.0,1.0,1.642799616294013,1.4457772812499998,1.4457772812499998,1.8123484713541664,1.2817174479166666,1.4462638771355416
7323,14,6.019,2.962,26.365,7.211,3662,910,33.69,4.0,22.999194628116182,7.714657319010417,3.796447080729167,9.242464516927084,5.126869791666667,5.411423919108519
7324,1,1.128,1.128,0.0,1.414,261,907,135.0,1.0,1.642799616294013,1.4457772812499998,1.4457772812499998,1.8123484713541664,1.2817174479166666,1.4462638771355416
7325,8,3.726,2.734,0.0,4.472,280,907,153.435,3.0,13.142396930352104,4.7756792109375,3.5042155026041666,5.731840427083334,3.8451523437499997,4.090651979630757
7326,3,3.213,1.189,61.845,3.606,420,910,56.31,1.789,4.928398848882039,4.11815816015625,1.5239620455729168,4.6218731171875,2.2929925143229166,2.5050025163503102
7327,3,3.385,1.128,0.0,3.162,426,907,161.565,1.0,4.928398848882039,4.338613561197916,1.4457772812499998,4.0527905703125,1.2817174479166666,2.5050025163503102
7328,10,4.111,3.097,90.0,4.472,532,907,116.565,3.0,16.42799616294013,5.269140428385416,3.9694789361979166,5.731840427083334,3.8451523437499997,4.573487949374228
7329,2,2.257,1.128,0.0,2.236,3602,907,153.435,1.0,3.285599232588026,2.892836279947917,1.4457772812499998,2.865920213541667,1.2817174479166666,2.0453259898153786
7330,1,1.128,1.128,0.0,1.414,3742,907,135.0,1.0,1.642799616294013,1.4457772812499998,1.4457772812499998,1.8123484713541664,1.2817174479166666,1.4462638771355416
7331,2,2.257,1.128,0.0,2.236,252,908,153.435,1.0,3.285599232588026,2.892836279947917,1.4457772812499998,2.865920213541667,1.2817174479166666,2.0453259898153786
7332,46,10.43,5.615,127.742,12.207,256,908,124.992,7.071,75.5687823495246,13.368312981770833,7.196843470052084,15.64592488671875,9.063024074218749,9.809038857407382
7333,1,1.128,1.128,0.0,1.414,3555,908,135.0,1.0,1.642799616294013,1.4457772812499998,1.4457772812499998,1.8123484713541664,1.2817174479166666,1.4462638771355416
7334,1,1.128,1.128,0.0,1.414,3783,908,135.0,1.0,1.642799616294013,1.4457772812499998,1.4457772812499998,1.8123484713541664,1.2817174479166666,1.4462638771355416
7335,21,5.983,4.469,89.016,7.616,3808,915,66.801,5.821,34.49879194217427,7.668515490885416,5.727995274739584,9.761560083333332,7.460877264322916,6.627613691853932
7336,1,1.128,1.128,0.0,1.414,130,909,135.0,1.0,1.642799616294013,1.4457772812499998,1.4457772812499998,1.8123484713541664,1.2817174479166666,1.4462638771355416
7337,1,1.128,1.128,0.0,1.414,197,909,135.0,1.0,1.642799616294013,1.4457772812499998,1.4457772812499998,1.8123484713541664,1.2817174479166666,1.4462638771355416
7338,1,1.128,1.128,0.0,1.414,205,909,135.0,1.0,1.642799616294013,1.4457772812499998,1.4457772812499998,1.8123484713541664,1.2817174479166666,1.4462638771355416
7339,1,1.128,1.128,0.0,1.414,295,909,135.0,1.0,1.642799616294013,1.4457772812499998,1.4457772812499998,1.8123484713541664,1.2817174479166666,1.4462638771355416
7340,3,2.365,1.615,135.0,2.828,454,909,135.0,2.0,4.928398848882039,3.0312617643229167,2.069973678385417,3.624696942708333,2.5634348958333333,2.5050025163503102
7341,2,2.257,1.128,0.0,2.236,461,909,153.435,1.0,3.285599232588026,2.892836279947917,1.4457772812499998,2.865920213541667,1.2817174479166666,2.0453259898153786
7342,1,1.128,1.128,0.0,1.414,3713,909,135.0,1.0,1.642799616294013,1.4457772812499998,1.4457772812499998,1.8123484713541664,1.2817174479166666,1.4462638771355416
7343,106,18.699,7.218,173.331,22.804,3716,912,164.745,12.289,174.13675932716538,23.966834558593753,9.2514365390625,29.228284682291665,15.751025717447916,14.890197965257402
7344,5,3.713,1.715,122.612,4.472,267,910,116.565,2.683,8.213998081470065,4.759016884114583,2.1981454231770834,5.731840427083334,3.4388479127604166,3.2339443426774745
7345,6,3.385,2.257,0.0,3.606,355,910,146.31,2.0,9.856797697764078,4.338613561197916,2.892836279947917,4.6218731171875,2.5634348958333333,3.5426085324013394
7346,2,2.257,1.128,90.0,2.236,3529,910,116.565,1.0,3.285599232588026,2.892836279947917,1.4457772812499998,2.865920213541667,1.2817174479166666,2.0453259898153786
7347,4,3.192,1.596,108.435,3.606,3636,910,123.69,2.0,6.571198465176052,4.09124209375,2.045621046875,4.6218731171875,2.5634348958333333,2.892527754271083
7348,1,1.128,1.128,0.0,1.414,3789,910,135.0,1.0,1.642799616294013,1.4457772812499998,1.4457772812499998,1.8123484713541664,1.2817174479166666,1.4462638771355416
7349,1,1.128,1.128,0.0,1.414,309,911,135.0,1.0,1.642799616294013,1.4457772812499998,1.4457772812499998,1.8123484713541664,1.2817174479166666,1.4462638771355416
7350,1,1.128,1.128,0.0,1.414,3398,911,135.0,1.0,1.642799616294013,1.4457772812499998,1.4457772812499998,1.8123484713541664,1.2817174479166666,1.4462638771355416
7351,1,1.128,1.128,0.0,1.414,3511,911,135.0,1.0,1.642799616294013,1.4457772812499998,1.4457772812499998,1.8123484713541664,1.2817174479166666,1.4462638771355416
7352,1,1.128,1.128,0.0,1.414,3709,911,135.0,1.0,1.642799616294013,1.4457772812499998,1.4457772812499998,1.8123484713541664,1.2817174479166666,1.4462638771355416
7353,4,2.257,2.257,0.0,2.828,3783,911,135.0,2.0,6.571198465176052,2.892836279947917,2.892836279947917,3.624696942708333,2.5634348958333333,2.892527754271083
7354,3,3.213,1.189,28.155,3.606,189,914,33.69,1.789,4.928398848882039,4.11815816015625,1.5239620455729168,4.6218731171875,2.2929925143229166,2.5050025163503102
7355,2,2.257,1.128,90.0,2.236,201,912,116.565,1.0,3.285599232588026,2.892836279947917,1.4457772812499998,2.865920213541667,1.2817174479166666,2.0453259898153786
7356,521,38.559,17.204,3.148,57.871,199,939,9.951,33.209,855.8986000891808,49.421743074218746,22.050666973958332,74.17427042838541,42.56455472786459,33.01158682041829
7357,1,1.128,1.128,0.0,1.414,219,912,135.0,1.0,1.642799616294013,1.4457772812499998,1.4457772812499998,1.8123484713541664,1.2817174479166666,1.4462638771355416
7358,1,1.128,1.128,0.0,1.414,319,912,135.0,1.0,1.642799616294013,1.4457772812499998,1.4457772812499998,1.8123484713541664,1.2817174479166666,1.4462638771355416
7359,1,1.128,1.128,0.0,1.414,475,912,135.0,1.0,1.642799616294013,1.4457772812499998,1.4457772812499998,1.8123484713541664,1.2817174479166666,1.4462638771355416
7360,7,4.35,2.049,92.043,4.472,481,912,116.565,2.0,11.499597314058091,5.5754708984375,2.62623905078125,5.731840427083334,2.5634348958333333,3.826454549076717
7361,2,2.257,1.128,90.0,2.236,3672,912,116.565,1.0,3.285599232588026,2.892836279947917,1.4457772812499998,2.865920213541667,1.2817174479166666,2.0453259898153786
7362,10,5.648,2.255,66.255,6.708,3691,918,63.435,3.343,16.42799616294013,7.239140145833333,2.890272845052083,8.597760640625,4.284781428385417,4.573487949374228
7363,1,1.128,1.128,0.0,1.414,3705,912,135.0,1.0,1.642799616294013,1.4457772812499998,1.4457772812499998,1.8123484713541664,1.2817174479166666,1.4462638771355416
7364,18,6.363,3.602,67.285,8.062,192,920,60.255,5.0,29.570393093292235,8.15556812109375,4.616746247395833,10.333206065104166,6.408587239583333,6.135977969446135
7365,4,2.887,1.764,104.872,3.606,216,913,123.69,2.0,6.571198465176052,3.7003182721354166,2.260949578125,4.6218731171875,2.5634348958333333,2.892527754271083
7366,2,2.257,1.128,0.0,2.236,3410,913,153.435,1.0,3.285599232588026,2.892836279947917,1.4457772812499998,2.865920213541667,1.2817174479166666,2.0453259898153786
7367,2,2.257,1.128,90.0,2.236,3656,913,116.565,1.0,3.285599232588026,2.892836279947917,1.4457772812499998,2.865920213541667,1.2817174479166666,2.0453259898153786
7368,6,3.489,2.19,135.0,4.243,3663,913,135.0,2.828,9.856797697764078,4.47191217578125,2.8069612109374997,5.438327131510417,3.624696942708333,3.5426085324013394
7369,3,2.365,1.615,45.0,2.828,3699,915,45.0,2.0,4.928398848882039,3.0312617643229167,2.069973678385417,3.624696942708333,2.5634348958333333,2.5050025163503102
7370,1,1.128,1.128,0.0,1.414,3745,913,135.0,1.0,1.642799616294013,1.4457772812499998,1.4457772812499998,1.8123484713541664,1.2817174479166666,1.4462638771355416
7371,2,2.257,1.128,90.0,2.236,3775,913,116.565,1.0,3.285599232588026,2.892836279947917,1.4457772812499998,2.865920213541667,1.2817174479166666,2.0453259898153786
7372,2,2.257,1.128,0.0,2.236,3779,913,153.435,1.0,3.285599232588026,2.892836279947917,1.4457772812499998,2.865920213541667,1.2817174479166666,2.0453259898153786
7373,42,13.277,4.028,84.438,15.811,277,929,71.565,6.0,68.99758388434854,17.017362555989582,5.162757880208333,20.265234569010417,7.690304687499999,9.372861169189449
7374,35,10.29,4.331,100.188,11.18,298,925,79.695,5.578,57.49798657029046,13.1888725390625,5.551118266927084,14.329601067708333,7.149419924479167,8.556212484548844
7375,1,1.128,1.128,0.0,1.414,363,914,135.0,1.0,1.642799616294013,1.4457772812499998,1.4457772812499998,1.8123484713541664,1.2817174479166666,1.4462638771355416
7376,28,8.526,4.181,38.476,11.314,408,922,45.0,6.002,45.998389256232365,10.927922960937499,5.358860649739583,14.501351205729167,7.692868122395833,7.652909098153434
7377,1,1.128,1.128,0.0,1.414,457,914,135.0,1.0,1.642799616294013,1.4457772812499998,1.4457772812499998,1.8123484713541664,1.2817174479166666,1.4462638771355416
7378,3,2.365,1.615,135.0,2.828,3681,914,135.0,2.0,4.928398848882039,3.0312617643229167,2.069973678385417,3.624696942708333,2.5634348958333333,2.5050025163503102
7379,4,4.428,1.15,53.909,5.0,139,919,53.13,1.941,6.571198465176052,5.675444859375,1.4739750651041665,6.408587239583333,2.48781356640625,2.892527754271083
7380,1,1.128,1.128,0.0,1.414,313,915,135.0,1.0,1.642799616294013,1.4457772812499998,1.4457772812499998,1.8123484713541664,1.2817174479166666,1.4462638771355416
7381,2,2.257,1.128,90.0,2.236,459,915,116.565,1.0,3.285599232588026,2.892836279947917,1.4457772812499998,2.865920213541667,1.2817174479166666,2.0453259898153786
7382,2,2.257,1.128,0.0,2.236,597,915,153.435,1.0,3.285599232588026,2.892836279947917,1.4457772812499998,2.865920213541667,1.2817174479166666,2.0453259898153786
7383,1,1.128,1.128,0.0,1.414,629,915,135.0,1.0,1.642799616294013,1.4457772812499998,1.4457772812499998,1.8123484713541664,1.2817174479166666,1.4462638771355416
7384,7,3.086,2.888,0.0,3.606,3568,915,123.69,3.0,11.499597314058091,3.955380044270833,3.701599989583333,4.6218731171875,3.8451523437499997,3.826454549076717
7385,1,1.128,1.128,0.0,1.414,3622,915,135.0,1.0,1.642799616294013,1.4457772812499998,1.4457772812499998,1.8123484713541664,1.2817174479166666,1.4462638771355416
7386,26,7.209,4.592,9.553,8.944,3636,920,26.565,5.0,42.71279002364434,9.239901082031249,5.885646520833332,11.463680854166668,6.408587239583333,7.374527731318484
7387,11,5.604,2.499,65.505,6.708,3673,921,63.435,3.638,18.070795779234142,7.182744578125,3.20301190234375,8.597760640625,4.662888075520833,4.796714628303253
7388,11,3.994,3.507,18.435,4.472,3742,916,153.435,4.0,18.070795779234142,5.119179486979167,4.49498308984375,5.731840427083334,5.126869791666667,4.796714628303253
7389,3,2.365,1.615,135.0,2.828,183,916,135.0,2.0,4.928398848882039,3.0312617643229167,2.069973678385417,3.624696942708333,2.5634348958333333,2.5050025163503102
7390,19,5.825,4.153,74.351,6.708,251,922,63.435,4.0,31.21319270958625,7.466004134114583,5.322972561197916,8.597760640625,5.126869791666667,6.304118086127151
7391,1,1.128,1.128,0.0,1.414,293,916,135.0,1.0,1.642799616294013,1.4457772812499998,1.4457772812499998,1.8123484713541664,1.2817174479166666,1.4462638771355416
7392,5,3.144,2.025,18.435,3.606,452,918,33.69,2.0,8.213998081470065,4.02971965625,2.59547783203125,4.6218731171875,2.5634348958333333,3.2339443426774745
7393,1,1.128,1.128,0.0,1.414,465,916,135.0,1.0,1.642799616294013,1.4457772812499998,1.4457772812499998,1.8123484713541664,1.2817174479166666,1.4462638771355416
7394,9,4.56,2.513,125.783,5.657,674,916,135.0,3.479,14.785196546646118,5.844631562499999,3.220955946614583,7.250675602864583,4.459095001302083,4.338791631406624
7395,16,6.207,3.282,40.33,7.81,3599,922,50.194,4.472,26.28479386070421,7.95562019921875,4.2065966640625,10.010213268229165,5.731840427083334,5.785055508542166
7396,4,2.257,2.257,0.0,2.828,3806,916,135.0,2.0,6.571198465176052,2.892836279947917,2.892836279947917,3.624696942708333,2.5634348958333333,2.892527754271083
7397,1,1.128,1.128,0.0,1.414,143,917,135.0,1.0,1.642799616294013,1.4457772812499998,1.4457772812499998,1.8123484713541664,1.2817174479166666,1.4462638771355416
7398,13,4.717,3.509,0.0,5.831,265,917,149.036,4.0,21.35639501182217,6.045861201822916,4.497546524739583,7.473694438802084,5.126869791666667,5.214578566863546
7399,1,1.128,1.128,0.0,1.414,273,917,135.0,1.0,1.642799616294013,1.4457772812499998,1.4457772812499998,1.8123484713541664,1.2817174479166666,1.4462638771355416
7400,1,1.128,1.128,0.0,1.414,3699,917,135.0,1.0,1.642799616294013,1.4457772812499998,1.4457772812499998,1.8123484713541664,1.2817174479166666,1.4462638771355416
7401,2,2.257,1.128,0.0,2.236,3739,917,153.435,1.0,3.285599232588026,2.892836279947917,1.4457772812499998,2.865920213541667,1.2817174479166666,2.0453259898153786
7402,1,1.128,1.128,0.0,1.414,255,918,135.0,1.0,1.642799616294013,1.4457772812499998,1.4457772812499998,1.8123484713541664,1.2817174479166666,1.4462638771355416
7403,9,4.488,2.553,103.283,5.0,291,918,126.87,3.0,14.785196546646118,5.752347906250001,3.2722246445312497,6.408587239583333,3.8451523437499997,4.338791631406624
7404,1,1.128,1.128,0.0,1.414,373,918,135.0,1.0,1.642799616294013,1.4457772812499998,1.4457772812499998,1.8123484713541664,1.2817174479166666,1.4462638771355416
7405,12,4.729,3.231,135.0,5.657,426,918,135.0,4.0,19.713595395528156,6.061241811197917,4.141229074218749,7.250675602864583,5.126869791666667,5.0100050327006205
7406,141,17.2,10.438,83.914,21.378,3704,939,79.216,13.0,231.63474589745584,22.045540104166665,13.378566721354167,27.4005556015625,16.662326822916665,17.173432025233197
7407,7,3.086,2.888,0.0,3.606,3762,918,123.69,3.0,11.499597314058091,3.955380044270833,3.701599989583333,4.6218731171875,3.8451523437499997,3.826454549076717
7408,6,4.986,1.532,75.345,5.385,3803,923,68.199,2.0,9.856797697764078,6.390643195312499,1.9635911302083333,6.90204845703125,2.5634348958333333,3.5426085324013394
7409,1,1.128,1.128,0.0,1.414,216,919,135.0,1.0,1.642799616294013,1.4457772812499998,1.4457772812499998,1.8123484713541664,1.2817174479166666,1.4462638771355416
7410,3,2.365,1.615,135.0,2.828,260,919,135.0,2.0,4.928398848882039,3.0312617643229167,2.069973678385417,3.624696942708333,2.5634348958333333,2.5050025163503102
7411,1,1.128,1.128,0.0,1.414,286,919,135.0,1.0,1.642799616294013,1.4457772812499998,1.4457772812499998,1.8123484713541664,1.2817174479166666,1.4462638771355416
7412,2,2.257,1.128,0.0,2.236,3668,919,153.435,1.0,3.285599232588026,2.892836279947917,1.4457772812499998,2.865920213541667,1.2817174479166666,2.0453259898153786
7413,2,2.257,1.128,0.0,2.236,3682,919,153.435,1.0,3.285599232588026,2.892836279947917,1.4457772812499998,2.865920213541667,1.2817174479166666,2.0453259898153786
7414,4,2.734,1.863,0.0,3.162,304,921,161.565,2.0,6.571198465176052,3.5042155026041666,2.38783960546875,4.0527905703125,2.5634348958333333,2.892527754271083
7415,29,9.286,3.976,40.235,10.0,330,928,36.87,5.622,47.64118887252638,11.902028221354167,5.096108572916666,12.817174479166667,7.2058154921875,7.788369332980218
7416,28,10.706,3.33,149.371,12.042,415,920,138.366,5.28,45.998389256232365,13.722066997395832,4.2681191015625,15.4344415078125,6.767468125000001,7.652909098153434
7417,1,1.128,1.128,0.0,1.414,463,920,135.0,1.0,1.642799616294013,1.4457772812499998,1.4457772812499998,1.8123484713541664,1.2817174479166666,1.4462638771355416
7418,13,4.515,3.666,146.851,5.657,3650,920,135.0,4.0,21.35639501182217,5.7869542773437495,4.6987761640625,7.250675602864583,5.126869791666667,5.214578566863546
7419,20,6.042,4.215,162.112,7.211,3688,920,146.31,4.0,32.85599232588026,7.7441368203125,5.40243904296875,9.242464516927084,5.126869791666667,6.467888685354949
7420,1,1.128,1.128,0.0,1.414,3722,920,135.0,1.0,1.642799616294013,1.4457772812499998,1.4457772812499998,1.8123484713541664,1.2817174479166666,1.4462638771355416
7421,5,3.833,1.661,45.0,4.243,3741,923,45.0,2.121,8.213998081470065,4.912822977864583,2.128932680989583,5.438327131510417,2.71852270703125,3.2339443426774745
7422,1,1.128,1.128,0.0,1.414,3751,920,135.0,1.0,1.642799616294013,1.4457772812499998,1.4457772812499998,1.8123484713541664,1.2817174479166666,1.4462638771355416
7423,1,1.128,1.128,0.0,1.414,3783,920,135.0,1.0,1.642799616294013,1.4457772812499998,1.4457772812499998,1.8123484713541664,1.2817174479166666,1.4462638771355416
7424,2,2.257,1.128,90.0,2.236,237,921,116.565,1.0,3.285599232588026,2.892836279947917,1.4457772812499998,2.865920213541667,1.2817174479166666,2.0453259898153786
7425,1,1.128,1.128,0.0,1.414,282,921,135.0,1.0,1.642799616294013,1.4457772812499998,1.4457772812499998,1.8123484713541664,1.2817174479166666,1.4462638771355416
7426,2,2.257,1.128,0.0,2.236,329,921,153.435,1.0,3.285599232588026,2.892836279947917,1.4457772812499998,2.865920213541667,1.2817174479166666,2.0453259898153786
7427,1,1.128,1.128,0.0,1.414,451,921,135.0,1.0,1.642799616294013,1.4457772812499998,1.4457772812499998,1.8123484713541664,1.2817174479166666,1.4462638771355416
7428,1,1.128,1.128,0.0,1.414,3557,921,135.0,1.0,1.642799616294013,1.4457772812499998,1.4457772812499998,1.8123484713541664,1.2817174479166666,1.4462638771355416
7429,4,2.838,1.795,135.0,3.606,3753,921,123.69,2.683,6.571198465176052,3.6375141171875,2.3006828190104165,4.6218731171875,3.4388479127604166,2.892527754271083
7430,134,19.778,8.626,41.159,31.145,266,944,42.397,16.994,220.13514858339775,25.349807684895833,11.056094705729166,39.91908991536458,21.781506309895832,16.74171476011807
7431,9,4.919,2.33,14.991,5.831,317,925,30.964,2.91,14.785196546646118,6.304768126302083,2.9864016536458333,7.473694438802084,3.7297977734375003,4.338791631406624
7432,2,2.257,1.128,0.0,2.236,422,922,153.435,1.0,3.285599232588026,2.892836279947917,1.4457772812499998,2.865920213541667,1.2817174479166666,2.0453259898153786
7433,1,1.128,1.128,0.0,1.414,439,922,135.0,1.0,1.642799616294013,1.4457772812499998,1.4457772812499998,1.8123484713541664,1.2817174479166666,1.4462638771355416
7434,2,2.257,1.128,90.0,2.236,497,922,116.565,1.0,3.285599232588026,2.892836279947917,1.4457772812499998,2.865920213541667,1.2817174479166666,2.0453259898153786
7435,6,4.134,1.848,77.067,4.472,3682,926,63.435,2.0,9.856797697764078,5.298619929687501,2.36861384375,5.731840427083334,2.5634348958333333,3.5426085324013394
7436,28,7.538,4.73,76.63,8.246,3722,922,104.036,5.821,45.998389256232365,9.661586122395834,6.062523528645833,10.569042075520834,7.460877264322916,7.652909098153434
7437,1,1.128,1.128,0.0,1.414,3727,922,135.0,1.0,1.642799616294013,1.4457772812499998,1.4457772812499998,1.8123484713541664,1.2817174479166666,1.4462638771355416
7438,1,1.128,1.128,0.0,1.414,85,923,135.0,1.0,1.642799616294013,1.4457772812499998,1.4457772812499998,1.8123484713541664,1.2817174479166666,1.4462638771355416
7439,9,5.15,2.225,139.731,5.657,225,923,135.0,2.828,14.785196546646118,6.600844856770833,2.8518213216145836,7.250675602864583,3.624696942708333,4.338791631406624
7440,1,1.128,1.128,0.0,1.414,259,923,135.0,1.0,1.642799616294013,1.4457772812499998,1.4457772812499998,1.8123484713541664,1.2817174479166666,1.4462638771355416
7441,1,1.128,1.128,0.0,1.414,324,923,135.0,1.0,1.642799616294013,1.4457772812499998,1.4457772812499998,1.8123484713541664,1.2817174479166666,1.4462638771355416
7442,3,2.365,1.615,135.0,2.828,453,923,135.0,2.0,4.928398848882039,3.0312617643229167,2.069973678385417,3.624696942708333,2.5634348958333333,2.5050025163503102
7443,5,3.144,2.025,71.565,3.606,3676,926,56.31,2.0,8.213998081470065,4.02971965625,2.59547783203125,4.6218731171875,2.5634348958333333,3.2339443426774745
7444,5,3.144,2.025,18.435,3.606,3758,925,33.69,2.0,8.213998081470065,4.02971965625,2.59547783203125,4.6218731171875,2.5634348958333333,3.2339443426774745
7445,1,1.128,1.128,0.0,1.414,251,924,135.0,1.0,1.642799616294013,1.4457772812499998,1.4457772812499998,1.8123484713541664,1.2817174479166666,1.4462638771355416
7446,52,10.903,6.073,174.862,14.036,395,927,175.914,9.121,85.42558004728868,13.974565334635416,7.783870061197917,17.990186098958333,11.690544842447917,10.429157133727092
7447,1,1.128,1.128,0.0,1.414,407,924,135.0,1.0,1.642799616294013,1.4457772812499998,1.4457772812499998,1.8123484713541664,1.2817174479166666,1.4462638771355416
7448,2,2.257,1.128,90.0,2.236,507,924,116.565,1.0,3.285599232588026,2.892836279947917,1.4457772812499998,2.865920213541667,1.2817174479166666,2.0453259898153786
7449,9,4.204,2.726,125.783,5.0,3563,924,126.87,3.0,14.785196546646118,5.388340151041667,3.4939617630208333,6.408587239583333,3.8451523437499997,4.338791631406624
7450,26,11.355,2.915,93.364,13.601,3638,924,107.103,4.603,42.71279002364434,14.55390162109375,3.7362063606770834,17.432639009114585,5.899745412760416,7.374527731318484
7451,6,3.718,2.055,53.13,4.243,3711,927,45.0,2.683,9.856797697764078,4.765425471354167,2.63392935546875,5.438327131510417,3.4388479127604166,3.5426085324013394
7452,1,1.128,1.128,0.0,1.414,3735,924,135.0,1.0,1.642799616294013,1.4457772812499998,1.4457772812499998,1.8123484713541664,1.2817174479166666,1.4462638771355416
7453,9,5.066,2.262,125.783,5.657,3746,924,135.0,3.051,14.785196546646118,6.493180591145833,2.8992448671875,7.250675602864583,3.91051993359375,4.338791631406624
7454,1,1.128,1.128,0.0,1.414,3621,925,135.0,1.0,1.642799616294013,1.4457772812499998,1.4457772812499998,1.8123484713541664,1.2817174479166666,1.4462638771355416
7455,6,3.14,2.433,135.0,3.606,3731,925,123.69,2.828,9.856797697764078,4.024592786458333,3.1184185507812496,4.6218731171875,3.624696942708333,3.5426085324013394
7456,2,2.257,1.128,90.0,2.236,3737,925,116.565,1.0,3.285599232588026,2.892836279947917,1.4457772812499998,2.865920213541667,1.2817174479166666,2.0453259898153786
7457,2,2.257,1.128,90.0,2.236,3821,925,116.565,1.0,3.285599232588026,2.892836279947917,1.4457772812499998,2.865920213541667,1.2817174479166666,2.0453259898153786
7458,2,2.257,1.128,90.0,2.236,113,926,116.565,1.0,3.285599232588026,2.892836279947917,1.4457772812499998,2.865920213541667,1.2817174479166666,2.0453259898153786
7459,1,1.128,1.128,0.0,1.414,293,926,135.0,1.0,1.642799616294013,1.4457772812499998,1.4457772812499998,1.8123484713541664,1.2817174479166666,1.4462638771355416
7460,2,2.257,1.128,90.0,2.236,319,926,116.565,1.0,3.285599232588026,2.892836279947917,1.4457772812499998,2.865920213541667,1.2817174479166666,2.0453259898153786
7461,45,10.274,5.577,159.619,12.806,370,926,141.34,7.603,73.92598273323058,13.168365059895832,7.14813820703125,16.413673638020832,9.744897756510417,9.701833028032423
7462,6,3.853,1.983,5.31,4.472,3668,928,26.565,2.0,9.856797697764078,4.938457326822917,2.54164569921875,5.731840427083334,2.5634348958333333,3.5426085324013394
7463,1,1.128,1.128,0.0,1.414,3735,926,135.0,1.0,1.642799616294013,1.4457772812499998,1.4457772812499998,1.8123484713541664,1.2817174479166666,1.4462638771355416
7464,2,2.257,1.128,0.0,2.236,313,927,153.435,1.0,3.285599232588026,2.892836279947917,1.4457772812499998,2.865920213541667,1.2817174479166666,2.0453259898153786
7465,1,1.128,1.128,0.0,1.414,536,927,135.0,1.0,1.642799616294013,1.4457772812499998,1.4457772812499998,1.8123484713541664,1.2817174479166666,1.4462638771355416
7466,5,3.144,2.025,18.435,3.606,3550,929,33.69,2.0,8.213998081470065,4.02971965625,2.59547783203125,4.6218731171875,2.5634348958333333,3.2339443426774745
7467,5,3.144,2.025,108.435,3.606,3690,927,123.69,2.0,8.213998081470065,4.02971965625,2.59547783203125,4.6218731171875,2.5634348958333333,3.2339443426774745
7468,4,3.676,1.385,140.31,4.243,3715,927,135.0,2.121,6.571198465176052,4.711593338541666,1.7751786653645834,5.438327131510417,2.71852270703125,2.892527754271083
7469,2,2.257,1.128,0.0,2.236,3755,927,153.435,1.0,3.285599232588026,2.892836279947917,1.4457772812499998,2.865920213541667,1.2817174479166666,2.0453259898153786
7470,20,7.378,3.452,37.606,8.062,290,933,29.745,4.685,32.85599232588026,9.456511330729167,4.424488630208333,10.333206065104166,6.004846243489583,6.467888685354949
7471,7,4.154,2.146,81.65,4.472,324,932,63.435,2.0,11.499597314058091,5.324254278645833,2.7505656432291663,5.731840427083334,2.5634348958333333,3.826454549076717
7472,7,3.644,2.446,112.5,4.472,3575,928,116.565,3.0,11.499597314058091,4.670578380208333,3.135080877604167,5.731840427083334,3.8451523437499997,3.826454549076717
7473,2,2.596,0.981,135.0,2.828,3593,928,135.0,1.414,3.285599232588026,3.327338494791667,1.2573648164062499,3.624696942708333,1.8123484713541664,2.0453259898153786
7474,1,1.128,1.128,0.0,1.414,3623,928,135.0,1.0,1.642799616294013,1.4457772812499998,1.4457772812499998,1.8123484713541664,1.2817174479166666,1.4462638771355416
7475,1,1.128,1.128,0.0,1.414,3737,928,135.0,1.0,1.642799616294013,1.4457772812499998,1.4457772812499998,1.8123484713541664,1.2817174479166666,1.4462638771355416
7476,41,10.318,5.059,137.951,12.728,3758,928,135.0,7.071,67.35478426805453,13.224760627604166,6.484208569010416,16.31369967708333,9.063024074218749,9.26060728541019
7477,3,2.365,1.615,45.0,2.828,3767,930,45.0,2.0,4.928398848882039,3.0312617643229167,2.069973678385417,3.624696942708333,2.5634348958333333,2.5050025163503102
7478,1,1.128,1.128,0.0,1.414,257,929,135.0,1.0,1.642799616294013,1.4457772812499998,1.4457772812499998,1.8123484713541664,1.2817174479166666,1.4462638771355416
7479,4,3.589,1.419,135.0,4.243,261,929,135.0,2.121,6.571198465176052,4.600083920572916,1.81875705859375,5.438327131510417,2.71852270703125,2.892527754271083
7480,4,2.734,1.863,90.0,3.162,364,929,108.435,2.0,6.571198465176052,3.5042155026041666,2.38783960546875,4.0527905703125,2.5634348958333333,2.892527754271083
7481,1,1.128,1.128,0.0,1.414,424,929,135.0,1.0,1.642799616294013,1.4457772812499998,1.4457772812499998,1.8123484713541664,1.2817174479166666,1.4462638771355416
7482,1,1.128,1.128,0.0,1.414,448,929,135.0,1.0,1.642799616294013,1.4457772812499998,1.4457772812499998,1.8123484713541664,1.2817174479166666,1.4462638771355416
7483,1,1.128,1.128,0.0,1.414,556,929,135.0,1.0,1.642799616294013,1.4457772812499998,1.4457772812499998,1.8123484713541664,1.2817174479166666,1.4462638771355416
7484,3,2.365,1.615,45.0,2.828,3571,931,45.0,2.0,4.928398848882039,3.0312617643229167,2.069973678385417,3.624696942708333,2.5634348958333333,2.5050025163503102
7485,5,3.833,1.661,135.0,4.243,3589,929,135.0,2.121,8.213998081470065,4.912822977864583,2.128932680989583,5.438327131510417,2.71852270703125,3.2339443426774745
7486,2,2.257,1.128,90.0,2.236,3615,929,116.565,1.0,3.285599232588026,2.892836279947917,1.4457772812499998,2.865920213541667,1.2817174479166666,2.0453259898153786
7487,8,4.98,2.045,146.055,5.831,3618,929,149.036,2.828,13.142396930352104,6.382952890625001,2.621112180989583,7.473694438802084,3.624696942708333,4.090651979630757
7488,1,1.128,1.128,0.0,1.414,3625,929,135.0,1.0,1.642799616294013,1.4457772812499998,1.4457772812499998,1.8123484713541664,1.2817174479166666,1.4462638771355416
7489,1,1.128,1.128,0.0,1.414,3634,929,135.0,1.0,1.642799616294013,1.4457772812499998,1.4457772812499998,1.8123484713541664,1.2817174479166666,1.4462638771355416
7490,75,14.276,6.689,131.197,21.024,3749,929,115.346,10.733,123.20997122205098,18.29779828645833,8.573408009114583,26.946827625,13.756673368489583,12.52501258175155
7491,7,5.155,1.729,9.615,5.385,301,932,21.801,2.0,11.499597314058091,6.607253444010417,2.2160894674479166,6.90204845703125,2.5634348958333333,3.826454549076717
7492,2,2.257,1.128,90.0,2.236,451,930,116.565,1.0,3.285599232588026,2.892836279947917,1.4457772812499998,2.865920213541667,1.2817174479166666,2.0453259898153786
7493,3,3.213,1.189,151.845,3.606,591,930,146.31,1.789,4.928398848882039,4.11815816015625,1.5239620455729168,4.6218731171875,2.2929925143229166,2.5050025163503102
7494,1,1.128,1.128,0.0,1.414,455,931,135.0,1.0,1.642799616294013,1.4457772812499998,1.4457772812499998,1.8123484713541664,1.2817174479166666,1.4462638771355416
7495,3,3.213,1.189,61.845,3.606,535,934,56.31,1.789,4.928398848882039,4.11815816015625,1.5239620455729168,4.6218731171875,2.2929925143229166,2.5050025163503102
7496,2,2.257,1.128,0.0,2.236,3554,931,153.435,1.0,3.285599232588026,2.892836279947917,1.4457772812499998,2.865920213541667,1.2817174479166666,2.0453259898153786
7497,6,3.718,2.055,0.0,4.123,3629,931,165.964,2.0,9.856797697764078,4.765425471354167,2.63392935546875,5.284521037760417,2.5634348958333333,3.5426085324013394
7498,3,2.446,1.561,90.0,3.162,3716,931,108.435,2.0,4.928398848882039,3.135080877604167,2.0007609361979166,4.0527905703125,2.5634348958333333,2.5050025163503102
7499,3,2.365,1.615,135.0,2.828,3746,931,135.0,2.0,4.928398848882039,3.0312617643229167,2.069973678385417,3.624696942708333,2.5634348958333333,2.5050025163503102
7500,6,3.385,2.257,0.0,3.606,295,932,146.31,2.0,9.856797697764078,4.338613561197916,2.892836279947917,4.6218731171875,2.5634348958333333,3.5426085324013394
7501,2,2.596,0.981,135.0,2.828,427,932,135.0,1.414,3.285599232588026,3.327338494791667,1.2573648164062499,3.624696942708333,1.8123484713541664,2.0453259898153786
7502,10,4.456,2.857,71.778,5.0,3606,936,53.13,3.0,16.42799616294013,5.7113329479166675,3.661866748697917,6.408587239583333,3.8451523437499997,4.573487949374228
7503,8,4.084,2.494,146.153,5.657,3612,932,135.0,3.883,13.142396930352104,5.234534057291666,3.196603315104167,7.250675602864583,4.976908850260417,4.090651979630757
7504,38,12.102,3.998,54.703,15.62,3648,944,50.194,6.517,62.4263854191725,15.5113445546875,5.124306356770833,20.02042653645833,8.352952608072917,8.915369296202536
7505,2,2.257,1.128,90.0,2.236,3733,932,116.565,1.0,3.285599232588026,2.892836279947917,1.4457772812499998,2.865920213541667,1.2817174479166666,2.0453259898153786
7506,4,3.676,1.385,50.31,4.243,3735,935,45.0,2.121,6.571198465176052,4.711593338541666,1.7751786653645834,5.438327131510417,2.71852270703125,2.892527754271083
7507,2,2.257,1.128,0.0,2.236,267,933,153.435,1.0,3.285599232588026,2.892836279947917,1.4457772812499998,2.865920213541667,1.2817174479166666,2.0453259898153786
7508,5,4.521,1.408,58.879,5.0,298,937,53.13,2.219,8.213998081470065,5.79464458203125,1.8046581666666666,6.408587239583333,2.8441310169270833,3.2339443426774745
7509,1,1.128,1.128,0.0,1.414,324,933,135.0,1.0,1.642799616294013,1.4457772812499998,1.4457772812499998,1.8123484713541664,1.2817174479166666,1.4462638771355416
7510,4,2.734,1.863,90.0,3.162,340,933,108.435,2.0,6.571198465176052,3.5042155026041666,2.38783960546875,4.0527905703125,2.5634348958333333,2.892527754271083
7511,4,2.78,1.832,34.722,3.606,351,936,33.69,2.683,6.571198465176052,3.563174505208333,2.3481063645833333,4.6218731171875,3.4388479127604166,2.892527754271083
7512,1,1.128,1.128,0.0,1.414,371,933,135.0,1.0,1.642799616294013,1.4457772812499998,1.4457772812499998,1.8123484713541664,1.2817174479166666,1.4462638771355416
7513,1,1.128,1.128,0.0,1.414,3622,933,135.0,1.0,1.642799616294013,1.4457772812499998,1.4457772812499998,1.8123484713541664,1.2817174479166666,1.4462638771355416
7514,4,2.257,2.257,0.0,2.828,3777,933,135.0,2.0,6.571198465176052,2.892836279947917,2.892836279947917,3.624696942708333,2.5634348958333333,2.892527754271083
7515,2,2.257,1.128,0.0,2.236,3786,933,153.435,1.0,3.285599232588026,2.892836279947917,1.4457772812499998,2.865920213541667,1.2817174479166666,2.0453259898153786
7516,2,2.257,1.128,0.0,2.236,258,934,153.435,1.0,3.285599232588026,2.892836279947917,1.4457772812499998,2.865920213541667,1.2817174479166666,2.0453259898153786
7517,12,4.314,3.542,34.722,5.0,392,938,36.87,4.0,19.713595395528156,5.5293290703124995,4.539843200520833,6.408587239583333,5.126869791666667,5.0100050327006205
7518,51,12.056,5.386,153.747,13.416,402,936,153.435,7.022,83.78278043099466,15.452385552083332,6.903330174479167,17.19552128125,9.000219919270833,10.32838996735036
7519,5,3.679,1.73,64.33,4.472,452,938,63.435,2.53,8.213998081470065,4.7154384908854166,2.2173711848958333,5.731840427083334,3.2427451432291665,3.2339443426774745
7520,11,4.638,3.02,48.736,5.657,3688,938,45.0,4.0,18.070795779234142,5.9446055234375,3.870786692708333,7.250675602864583,5.126869791666667,4.796714628303253
7521,12,5.064,3.017,53.877,6.403,3723,938,38.66,4.427,19.713595395528156,6.49061715625,3.866941540364583,8.206836819010416,5.674163141927083,5.0100050327006205
7522,6,3.988,1.916,71.565,4.472,3740,938,63.435,2.0,9.856797697764078,5.111489182291667,2.4557706302083333,5.731840427083334,2.5634348958333333,3.5426085324013394
7523,26,8.92,3.711,165.658,14.318,3773,934,155.225,6.0,42.71279002364434,11.432919635416667,4.75645344921875,18.351630419270833,7.690304687499999,7.374527731318484
7524,8,4.769,2.136,90.0,5.099,241,935,101.31,2.0,13.142396930352104,6.112510509114584,2.73774846875,6.535477266927083,2.5634348958333333,4.090651979630757
7525,8,3.538,2.879,135.0,4.243,283,935,135.0,3.0,13.142396930352104,4.534716330729166,3.6900645325520833,5.438327131510417,3.8451523437499997,4.090651979630757
7526,1,1.128,1.128,0.0,1.414,296,935,135.0,1.0,1.642799616294013,1.4457772812499998,1.4457772812499998,1.8123484713541664,1.2817174479166666,1.4462638771355416
7527,4,2.257,2.257,0.0,2.828,3679,935,135.0,2.0,6.571198465176052,2.892836279947917,2.892836279947917,3.624696942708333,2.5634348958333333,2.892527754271083
7528,3,3.385,1.128,90.0,3.162,115,936,108.435,1.0,4.928398848882039,4.338613561197916,1.4457772812499998,4.0527905703125,1.2817174479166666,2.5050025163503102
7529,6,3.385,2.257,0.0,3.606,313,936,146.31,2.0,9.856797697764078,4.338613561197916,2.892836279947917,4.6218731171875,2.5634348958333333,3.5426085324013394
7530,5,4.183,1.522,100.901,4.472,474,936,116.565,2.0,8.213998081470065,5.361424084635416,1.9507739557291666,5.731840427083334,2.5634348958333333,3.2339443426774745
7531,5,3.144,2.025,71.565,3.606,3648,939,56.31,2.0,8.213998081470065,4.02971965625,2.59547783203125,4.6218731171875,2.5634348958333333,3.2339443426774745
7532,3,2.365,1.615,135.0,2.828,3757,936,135.0,2.0,4.928398848882039,3.0312617643229167,2.069973678385417,3.624696942708333,2.5634348958333333,2.5050025163503102
7533,1,1.128,1.128,0.0,1.414,3770,936,135.0,1.0,1.642799616294013,1.4457772812499998,1.4457772812499998,1.8123484713541664,1.2817174479166666,1.4462638771355416
7534,2,2.596,0.981,45.0,2.828,233,939,45.0,1.414,3.285599232588026,3.327338494791667,1.2573648164062499,3.624696942708333,1.8123484713541664,2.0453259898153786
7535,13,5.115,3.236,101.826,7.211,250,937,123.69,4.919,21.35639501182217,6.55598474609375,4.147637661458334,9.242464516927084,6.304768126302083,5.214578566863546
7536,2,2.257,1.128,90.0,2.236,319,937,116.565,1.0,3.285599232588026,2.892836279947917,1.4457772812499998,2.865920213541667,1.2817174479166666,2.0453259898153786
7537,15,6.676,2.861,77.799,8.544,333,945,69.444,4.603,24.641994244410196,8.556745682291666,3.6669936184895837,10.950993875,5.899745412760416,5.601355910367322
7538,45,8.749,6.549,69.769,9.487,435,946,71.565,7.6,73.92598273323058,11.213745951822917,8.39396756640625,12.159653428385417,9.741052604166667,9.701833028032423
7539,1,1.128,1.128,0.0,1.414,641,937,135.0,1.0,1.642799616294013,1.4457772812499998,1.4457772812499998,1.8123484713541664,1.2817174479166666,1.4462638771355416
7540,1,1.128,1.128,0.0,1.414,3519,937,135.0,1.0,1.642799616294013,1.4457772812499998,1.4457772812499998,1.8123484713541664,1.2817174479166666,1.4462638771355416
7541,17,7.183,3.013,25.576,9.434,3578,942,32.005,4.439,27.927593476998222,9.206576428385416,3.8618146705729166,12.091722403645832,5.689543751302083,5.963098727945161
7542,3,2.365,1.615,45.0,2.828,3735,939,45.0,2.0,4.928398848882039,3.0312617643229167,2.069973678385417,3.624696942708333,2.5634348958333333,2.5050025163503102
7543,4,3.216,1.583,148.283,3.606,3787,937,146.31,2.0,6.571198465176052,4.1220033125,2.028958720052083,4.6218731171875,2.5634348958333333,2.892527754271083
7544,1,1.128,1.128,0.0,1.414,79,938,135.0,1.0,1.642799616294013,1.4457772812499998,1.4457772812499998,1.8123484713541664,1.2817174479166666,1.4462638771355416
7545,14,9.054,1.969,101.226,10.198,238,938,101.31,2.885,22.999194628116182,11.6046697734375,2.5237016549479168,13.070954533854167,3.697754837239583,5.411423919108519
7546,4,2.257,2.257,0.0,2.828,298,938,135.0,2.0,6.571198465176052,2.892836279947917,2.892836279947917,3.624696942708333,2.5634348958333333,2.892527754271083
7547,3,2.365,1.615,45.0,2.828,3574,940,45.0,2.0,4.928398848882039,3.0312617643229167,2.069973678385417,3.624696942708333,2.5634348958333333,2.5050025163503102
7548,1,1.128,1.128,0.0,1.414,3609,938,135.0,1.0,1.642799616294013,1.4457772812499998,1.4457772812499998,1.8123484713541664,1.2817174479166666,1.4462638771355416
7549,138,15.718,11.178,25.933,18.682,3710,944,164.476,14.311,226.7063470485738,20.146034846354166,14.3270376328125,23.945045361979165,18.342658397135416,16.989753674446952
7550,27,8.431,4.078,18.899,10.296,3762,943,29.055,5.0,44.35558963993835,10.806159803385416,5.226843752604167,13.19656284375,6.408587239583333,7.515007549050931
7551,3,3.385,1.128,90.0,3.162,366,939,108.435,1.0,4.928398848882039,4.338613561197916,1.4457772812499998,4.0527905703125,1.2817174479166666,2.5050025163503102
7552,1,1.128,1.128,0.0,1.414,388,939,135.0,1.0,1.642799616294013,1.4457772812499998,1.4457772812499998,1.8123484713541664,1.2817174479166666,1.4462638771355416
7553,5,5.642,1.128,0.0,5.099,446,939,168.69,1.0,8.213998081470065,7.2314498411458334,1.4457772812499998,6.535477266927083,1.2817174479166666,3.2339443426774745
7554,2,2.257,1.128,0.0,2.236,520,939,153.435,1.0,3.285599232588026,2.892836279947917,1.4457772812499998,2.865920213541667,1.2817174479166666,2.0453259898153786
7555,1,1.128,1.128,0.0,1.414,598,939,135.0,1.0,1.642799616294013,1.4457772812499998,1.4457772812499998,1.8123484713541664,1.2817174479166666,1.4462638771355416
7556,2,2.257,1.128,0.0,2.236,3518,939,153.435,1.0,3.285599232588026,2.892836279947917,1.4457772812499998,2.865920213541667,1.2817174479166666,2.0453259898153786
7557,4,2.734,1.863,90.0,3.162,185,940,108.435,2.0,6.571198465176052,3.5042155026041666,2.38783960546875,4.0527905703125,2.5634348958333333,2.892527754271083
7558,5,3.144,2.025,161.565,3.606,420,940,146.31,2.0,8.213998081470065,4.02971965625,2.59547783203125,4.6218731171875,2.5634348958333333,3.2339443426774745
7559,1,1.128,1.128,0.0,1.414,483,940,135.0,1.0,1.642799616294013,1.4457772812499998,1.4457772812499998,1.8123484713541664,1.2817174479166666,1.4462638771355416
7560,2,2.257,1.128,90.0,2.236,3372,940,116.565,1.0,3.285599232588026,2.892836279947917,1.4457772812499998,2.865920213541667,1.2817174479166666,2.0453259898153786
7561,2,2.257,1.128,0.0,2.236,3591,940,153.435,1.0,3.285599232588026,2.892836279947917,1.4457772812499998,2.865920213541667,1.2817174479166666,2.0453259898153786
7562,48,11.447,5.339,174.644,14.318,3730,943,167.905,8.0,78.85438158211262,14.671819626302081,6.8430894544270835,18.351630419270833,10.253739583333333,10.020010065401241
7563,46,9.626,6.084,154.072,13.601,247,942,143.973,9.803,75.5687823495246,12.337812153645832,7.797968953124999,17.432639009114585,12.564676141927084,9.809038857407382
7564,1,1.128,1.128,0.0,1.414,250,941,135.0,1.0,1.642799616294013,1.4457772812499998,1.4457772812499998,1.8123484713541664,1.2817174479166666,1.4462638771355416
7565,1,1.128,1.128,0.0,1.414,565,941,135.0,1.0,1.642799616294013,1.4457772812499998,1.4457772812499998,1.8123484713541664,1.2817174479166666,1.4462638771355416
7566,2,2.257,1.128,0.0,2.236,612,941,153.435,1.0,3.285599232588026,2.892836279947917,1.4457772812499998,2.865920213541667,1.2817174479166666,2.0453259898153786
7567,2,2.596,0.981,45.0,2.828,3679,943,45.0,1.414,3.285599232588026,3.327338494791667,1.2573648164062499,3.624696942708333,1.8123484713541664,2.0453259898153786
7568,1,1.128,1.128,0.0,1.414,3715,941,135.0,1.0,1.642799616294013,1.4457772812499998,1.4457772812499998,1.8123484713541664,1.2817174479166666,1.4462638771355416
7569,1,1.128,1.128,0.0,1.414,3749,941,135.0,1.0,1.642799616294013,1.4457772812499998,1.4457772812499998,1.8123484713541664,1.2817174479166666,1.4462638771355416
7570,14,6.409,2.781,165.56,7.211,378,942,146.31,4.0,22.999194628116182,8.214527123697916,3.56445622265625,9.242464516927084,5.126869791666667,5.411423919108519
7571,2,2.257,1.128,90.0,2.236,3613,942,116.565,1.0,3.285599232588026,2.892836279947917,1.4457772812499998,2.865920213541667,1.2817174479166666,2.0453259898153786
7572,7,3.855,2.312,30.964,4.472,3630,944,26.565,2.828,11.499597314058091,4.94102076171875,2.9633307395833333,5.731840427083334,3.624696942708333,3.826454549076717
7573,10,4.11,3.098,137.746,5.0,3682,942,143.13,3.536,16.42799616294013,5.2678587109375,3.970760653645833,6.408587239583333,4.532152895833334,4.573487949374228
7574,2,2.257,1.128,0.0,2.236,243,943,153.435,1.0,3.285599232588026,2.892836279947917,1.4457772812499998,2.865920213541667,1.2817174479166666,2.0453259898153786
7575,5,3.144,2.025,18.435,3.606,287,945,33.69,2.0,8.213998081470065,4.02971965625,2.59547783203125,4.6218731171875,2.5634348958333333,3.2339443426774745
7576,1,1.128,1.128,0.0,1.414,300,943,135.0,1.0,1.642799616294013,1.4457772812499998,1.4457772812499998,1.8123484713541664,1.2817174479166666,1.4462638771355416
7577,1,1.128,1.128,0.0,1.414,304,943,135.0,1.0,1.642799616294013,1.4457772812499998,1.4457772812499998,1.8123484713541664,1.2817174479166666,1.4462638771355416
7578,2,2.596,0.981,135.0,2.828,336,943,135.0,1.414,3.285599232588026,3.327338494791667,1.2573648164062499,3.624696942708333,1.8123484713541664,2.0453259898153786
7579,1,1.128,1.128,0.0,1.414,480,943,135.0,1.0,1.642799616294013,1.4457772812499998,1.4457772812499998,1.8123484713541664,1.2817174479166666,1.4462638771355416
7580,2,2.257,1.128,0.0,2.236,3654,943,153.435,1.0,3.285599232588026,2.892836279947917,1.4457772812499998,2.865920213541667,1.2817174479166666,2.0453259898153786
7581,20,6.31,4.036,45.0,7.81,3801,949,39.806,5.367,32.85599232588026,8.087637096354166,5.173011619791666,10.010213268229165,6.87897754296875,6.467888685354949
7582,1,1.128,1.128,0.0,1.414,207,944,135.0,1.0,1.642799616294013,1.4457772812499998,1.4457772812499998,1.8123484713541664,1.2817174479166666,1.4462638771355416
7583,3,2.365,1.615,135.0,2.828,231,944,135.0,2.0,4.928398848882039,3.0312617643229167,2.069973678385417,3.624696942708333,2.5634348958333333,2.5050025163503102
7584,7,4.044,2.204,116.063,5.0,327,944,126.87,2.846,11.499597314058091,5.1832653593749995,2.8249052552083334,6.408587239583333,3.6477678567708334,3.826454549076717
7585,4,3.216,1.583,121.717,3.606,348,944,123.69,2.0,6.571198465176052,4.1220033125,2.028958720052083,4.6218731171875,2.5634348958333333,2.892527754271083
7586,3,2.365,1.615,45.0,2.828,412,946,45.0,2.0,4.928398848882039,3.0312617643229167,2.069973678385417,3.624696942708333,2.5634348958333333,2.5050025163503102
7587,3,2.365,1.615,135.0,2.828,464,944,135.0,2.0,4.928398848882039,3.0312617643229167,2.069973678385417,3.624696942708333,2.5634348958333333,2.5050025163503102
7588,3,2.365,1.615,135.0,2.828,577,944,135.0,2.0,4.928398848882039,3.0312617643229167,2.069973678385417,3.624696942708333,2.5634348958333333,2.5050025163503102
7589,43,13.265,4.127,168.812,15.811,3480,944,161.565,6.0,70.64038350064256,17.001981946614585,5.289647907552083,20.265234569010417,7.690304687499999,9.483786464234974
7590,9,6.092,1.881,130.986,7.81,3588,944,129.806,3.28,14.785196546646118,7.808222692708333,2.41091051953125,10.010213268229165,4.204033229166666,4.338791631406624
7591,7,4.154,2.146,8.35,4.472,3608,946,26.565,2.0,11.499597314058091,5.324254278645833,2.7505656432291663,5.731840427083334,2.5634348958333333,3.826454549076717
7592,3,3.385,1.128,90.0,3.162,3635,944,108.435,1.0,4.928398848882039,4.338613561197916,1.4457772812499998,4.0527905703125,1.2817174479166666,2.5050025163503102
7593,1,1.128,1.128,0.0,1.414,3697,944,135.0,1.0,1.642799616294013,1.4457772812499998,1.4457772812499998,1.8123484713541664,1.2817174479166666,1.4462638771355416
7594,9,4.883,2.347,154.645,5.657,3748,944,135.0,3.479,14.785196546646118,6.2586262981770835,3.0081908502604167,7.250675602864583,4.459095001302083,4.338791631406624
7595,6,3.385,2.257,90.0,3.606,198,945,123.69,2.0,9.856797697764078,4.338613561197916,2.892836279947917,4.6218731171875,2.5634348958333333,3.5426085324013394
7596,12,4.986,3.064,125.783,5.657,292,945,135.0,3.578,19.713595395528156,6.390643195312499,3.9271822604166666,7.250675602864583,4.585985028645833,5.0100050327006205
7597,2,2.257,1.128,0.0,2.236,344,945,153.435,1.0,3.285599232588026,2.892836279947917,1.4457772812499998,2.865920213541667,1.2817174479166666,2.0453259898153786
7598,1,1.128,1.128,0.0,1.414,557,945,135.0,1.0,1.642799616294013,1.4457772812499998,1.4457772812499998,1.8123484713541664,1.2817174479166666,1.4462638771355416
7599,1,1.128,1.128,0.0,1.414,3575,945,135.0,1.0,1.642799616294013,1.4457772812499998,1.4457772812499998,1.8123484713541664,1.2817174479166666,1.4462638771355416
7600,6,3.145,2.429,35.783,4.243,3583,948,45.0,3.0,9.856797697764078,4.031001373697917,3.113291680989583,5.438327131510417,3.8451523437499997,3.5426085324013394
7601,1,1.128,1.128,0.0,1.414,3690,945,135.0,1.0,1.642799616294013,1.4457772812499998,1.4457772812499998,1.8123484713541664,1.2817174479166666,1.4462638771355416
7602,6,3.931,1.943,149.036,4.472,3760,945,153.435,2.683,9.856797697764078,5.0384312877604165,2.4903770013020834,5.731840427083334,3.4388479127604166,3.5426085324013394
7603,1,1.128,1.128,0.0,1.414,3772,945,135.0,1.0,1.642799616294013,1.4457772812499998,1.4457772812499998,1.8123484713541664,1.2817174479166666,1.4462638771355416
7604,3,3.385,1.128,90.0,3.162,259,946,108.435,1.0,4.928398848882039,4.338613561197916,1.4457772812499998,4.0527905703125,1.2817174479166666,2.5050025163503102
7605,5,3.144,2.025,108.435,3.606,276,946,123.69,2.0,8.213998081470065,4.02971965625,2.59547783203125,4.6218731171875,2.5634348958333333,3.2339443426774745
7606,1,1.128,1.128,0.0,1.414,281,946,135.0,1.0,1.642799616294013,1.4457772812499998,1.4457772812499998,1.8123484713541664,1.2817174479166666,1.4462638771355416
7607,75,11.461,8.332,107.309,15.232,288,946,113.199,12.0,123.20997122205098,14.689763670572917,10.679269776041668,19.523120166666665,15.380609374999999,12.52501258175155
7608,11,6.721,2.084,152.061,7.211,332,946,146.31,3.13,18.070795779234142,8.614422967447917,2.6710991614583333,9.242464516927084,4.011775611979166,4.796714628303253
7609,10,4.456,2.857,161.778,5.0,352,946,143.13,3.0,16.42799616294013,5.7113329479166675,3.661866748697917,6.408587239583333,3.8451523437499997,4.573487949374228
7610,10,5.865,2.171,105.384,6.708,371,946,116.565,2.91,16.42799616294013,7.51727283203125,2.782608579427083,8.597760640625,3.7297977734375003,4.573487949374228
7611,3,3.213,1.189,118.155,3.606,566,946,123.69,1.789,4.928398848882039,4.11815816015625,1.5239620455729168,4.6218731171875,2.2929925143229166,2.5050025163503102
7612,2,2.257,1.128,90.0,2.236,3377,946,116.565,1.0,3.285599232588026,2.892836279947917,1.4457772812499998,2.865920213541667,1.2817174479166666,2.0453259898153786
7613,33,8.581,4.897,30.739,11.402,3627,955,37.875,7.155,54.21238733770243,10.998417420572915,6.276570342447917,14.614142341145833,9.17068833984375,8.308153445630097
7614,1,1.128,1.128,0.0,1.414,205,947,135.0,1.0,1.642799616294013,1.4457772812499998,1.4457772812499998,1.8123484713541664,1.2817174479166666,1.4462638771355416
7615,11,6.909,2.027,134.869,7.81,435,947,129.806,2.828,18.070795779234142,8.85538584765625,2.5980412669270834,10.010213268229165,3.624696942708333,4.796714628303253
7616,2,2.257,1.128,0.0,2.236,3608,947,153.435,1.0,3.285599232588026,2.892836279947917,1.4457772812499998,2.865920213541667,1.2817174479166666,2.0453259898153786
7617,14,6.173,2.888,90.0,6.325,280,948,108.435,3.0,22.999194628116182,7.912041805989583,3.701599989583333,8.106862858072917,3.8451523437499997,5.411423919108519
7618,18,5.36,4.276,22.59,6.403,364,952,38.66,4.0,29.570393093292235,6.870005520833334,5.480623807291666,8.206836819010416,5.126869791666667,6.135977969446135
7619,10,4.456,2.857,108.222,5.0,375,948,126.87,3.0,16.42799616294013,5.7113329479166675,3.661866748697917,6.408587239583333,3.8451523437499997,4.573487949374228
7620,2,2.257,1.128,0.0,2.236,510,948,153.435,1.0,3.285599232588026,2.892836279947917,1.4457772812499998,2.865920213541667,1.2817174479166666,2.0453259898153786
7621,4,3.192,1.596,108.435,3.606,3435,948,123.69,2.0,6.571198465176052,4.09124209375,2.045621046875,4.6218731171875,2.5634348958333333,2.892527754271083
7622,1,1.128,1.128,0.0,1.414,3579,948,135.0,1.0,1.642799616294013,1.4457772812499998,1.4457772812499998,1.8123484713541664,1.2817174479166666,1.4462638771355416
7623,1,1.128,1.128,0.0,1.414,3581,948,135.0,1.0,1.642799616294013,1.4457772812499998,1.4457772812499998,1.8123484713541664,1.2817174479166666,1.4462638771355416
7624,1,1.128,1.128,0.0,1.414,3618,948,135.0,1.0,1.642799616294013,1.4457772812499998,1.4457772812499998,1.8123484713541664,1.2817174479166666,1.4462638771355416
7625,59,12.488,6.016,68.451,15.652,197,963,63.435,8.0,96.92517736134677,16.006087489583333,7.710812166666667,20.061441494791666,10.253739583333333,11.108963630155632
7626,48,11.308,5.405,172.175,13.342,231,954,167.005,7.62,78.85438158211262,14.493660901041666,6.927682805989583,17.10067419010417,9.766686953125,10.020010065401241
7627,1,1.128,1.128,0.0,1.414,330,949,135.0,1.0,1.642799616294013,1.4457772812499998,1.4457772812499998,1.8123484713541664,1.2817174479166666,1.4462638771355416
7628,2,2.257,1.128,0.0,2.236,3596,949,153.435,1.0,3.285599232588026,2.892836279947917,1.4457772812499998,2.865920213541667,1.2817174479166666,2.0453259898153786
7629,3,2.365,1.615,45.0,2.828,3671,951,45.0,2.0,4.928398848882039,3.0312617643229167,2.069973678385417,3.624696942708333,2.5634348958333333,2.5050025163503102
7630,1,1.128,1.128,0.0,1.414,3710,949,135.0,1.0,1.642799616294013,1.4457772812499998,1.4457772812499998,1.8123484713541664,1.2817174479166666,1.4462638771355416
7631,14,5.278,3.377,30.525,5.831,3751,952,30.964,4.0,22.999194628116182,6.764904690104166,4.328359821614583,7.473694438802084,5.126869791666667,5.411423919108519
7632,1,1.128,1.128,0.0,1.414,3759,949,135.0,1.0,1.642799616294013,1.4457772812499998,1.4457772812499998,1.8123484713541664,1.2817174479166666,1.4462638771355416
7633,1,1.128,1.128,0.0,1.414,3764,949,135.0,1.0,1.642799616294013,1.4457772812499998,1.4457772812499998,1.8123484713541664,1.2817174479166666,1.4462638771355416
7634,1,1.128,1.128,0.0,1.414,196,950,135.0,1.0,1.642799616294013,1.4457772812499998,1.4457772812499998,1.8123484713541664,1.2817174479166666,1.4462638771355416
7635,1,1.128,1.128,0.0,1.414,266,950,135.0,1.0,1.642799616294013,1.4457772812499998,1.4457772812499998,1.8123484713541664,1.2817174479166666,1.4462638771355416
7636,1,1.128,1.128,0.0,1.414,583,950,135.0,1.0,1.642799616294013,1.4457772812499998,1.4457772812499998,1.8123484713541664,1.2817174479166666,1.4462638771355416
7637,1,1.128,1.128,0.0,1.414,3625,950,135.0,1.0,1.642799616294013,1.4457772812499998,1.4457772812499998,1.8123484713541664,1.2817174479166666,1.4462638771355416
7638,4,3.192,1.596,161.565,3.606,3638,950,146.31,2.0,6.571198465176052,4.09124209375,2.045621046875,4.6218731171875,2.5634348958333333,2.892527754271083
7639,23,6.509,4.499,122.823,7.81,3642,950,140.194,5.367,37.7843911747623,8.342698868489583,5.766446798177083,10.010213268229165,6.87897754296875,6.936037892995103
7640,8,4.514,2.257,90.0,4.472,3676,950,116.565,2.0,13.142396930352104,5.785672559895834,2.892836279947917,5.731840427083334,2.5634348958333333,4.090651979630757
7641,31,9.009,4.381,80.374,10.44,3683,950,106.699,6.008,50.926788105114404,11.54699248828125,5.615204139322917,13.381130156249998,7.700558427083333,8.052456474363645
7642,2,2.257,1.128,90.0,2.236,3769,950,116.565,1.0,3.285599232588026,2.892836279947917,1.4457772812499998,2.865920213541667,1.2817174479166666,2.0453259898153786
7643,1,1.128,1.128,0.0,1.414,3803,950,135.0,1.0,1.642799616294013,1.4457772812499998,1.4457772812499998,1.8123484713541664,1.2817174479166666,1.4462638771355416
7644,11,4.513,3.103,165.286,5.385,177,951,158.199,3.0,18.070795779234142,5.784390842447916,3.977169240885417,6.90204845703125,3.8451523437499997,4.796714628303253
7645,1,1.128,1.128,0.0,1.414,208,951,135.0,1.0,1.642799616294013,1.4457772812499998,1.4457772812499998,1.8123484713541664,1.2817174479166666,1.4462638771355416
7646,68,13.902,6.228,154.673,16.155,213,953,158.199,8.692,111.71037390799289,17.8184359609375,7.982536265625,20.70614537109375,11.140688057291667,11.926197455890321
7647,1,1.128,1.128,0.0,1.414,257,951,135.0,1.0,1.642799616294013,1.4457772812499998,1.4457772812499998,1.8123484713541664,1.2817174479166666,1.4462638771355416
7648,1,1.128,1.128,0.0,1.414,334,951,135.0,1.0,1.642799616294013,1.4457772812499998,1.4457772812499998,1.8123484713541664,1.2817174479166666,1.4462638771355416
7649,2,2.257,1.128,0.0,2.236,383,951,153.435,1.0,3.285599232588026,2.892836279947917,1.4457772812499998,2.865920213541667,1.2817174479166666,2.0453259898153786
7650,2,2.596,0.981,135.0,2.828,400,951,135.0,1.414,3.285599232588026,3.327338494791667,1.2573648164062499,3.624696942708333,1.8123484713541664,2.0453259898153786
7651,2,2.257,1.128,0.0,2.236,510,951,153.435,1.0,3.285599232588026,2.892836279947917,1.4457772812499998,2.865920213541667,1.2817174479166666,2.0453259898153786
7652,1,1.128,1.128,0.0,1.414,523,951,135.0,1.0,1.642799616294013,1.4457772812499998,1.4457772812499998,1.8123484713541664,1.2817174479166666,1.4462638771355416
7653,1,1.128,1.128,0.0,1.414,538,951,135.0,1.0,1.642799616294013,1.4457772812499998,1.4457772812499998,1.8123484713541664,1.2817174479166666,1.4462638771355416
7654,2,2.257,1.128,90.0,2.236,3493,951,116.565,1.0,3.285599232588026,2.892836279947917,1.4457772812499998,2.865920213541667,1.2817174479166666,2.0453259898153786
7655,1,1.128,1.128,0.0,1.414,3513,951,135.0,1.0,1.642799616294013,1.4457772812499998,1.4457772812499998,1.8123484713541664,1.2817174479166666,1.4462638771355416
7656,17,7.885,2.745,142.007,9.434,3580,951,147.995,4.243,27.927593476998222,10.106342076822916,3.51831439453125,12.091722403645832,5.438327131510417,5.963098727945161
7657,3,2.365,1.615,135.0,2.828,3726,951,135.0,2.0,4.928398848882039,3.0312617643229167,2.069973678385417,3.624696942708333,2.5634348958333333,2.5050025163503102
7658,9,4.204,2.726,35.783,5.0,187,955,36.87,3.0,14.785196546646118,5.388340151041667,3.4939617630208333,6.408587239583333,3.8451523437499997,4.338791631406624
7659,11,6.62,2.116,90.488,6.325,192,952,108.435,2.0,18.070795779234142,8.484969505208333,2.712114119791667,8.106862858072917,2.5634348958333333,4.796714628303253
7660,3,2.365,1.615,135.0,2.828,329,952,135.0,2.0,4.928398848882039,3.0312617643229167,2.069973678385417,3.624696942708333,2.5634348958333333,2.5050025163503102
7661,6,4.134,1.848,12.933,4.472,3590,954,26.565,2.0,9.856797697764078,5.298619929687501,2.36861384375,5.731840427083334,2.5634348958333333,3.5426085324013394
7662,3,3.213,1.189,28.155,3.606,3700,954,33.69,1.789,4.928398848882039,4.11815816015625,1.5239620455729168,4.6218731171875,2.2929925143229166,2.5050025163503102
7663,5,3.144,2.025,18.435,3.606,3796,954,33.69,2.0,8.213998081470065,4.02971965625,2.59547783203125,4.6218731171875,2.5634348958333333,3.2339443426774745
7664,92,17.736,6.605,118.454,21.26,3802,952,131.186,10.213,151.1375646990492,22.732540656250002,8.465743743489584,27.249312942708336,13.090180295572916,13.872075785990207
7665,3,3.385,1.128,0.0,3.162,259,953,161.565,1.0,4.928398848882039,4.338613561197916,1.4457772812499998,4.0527905703125,1.2817174479166666,2.5050025163503102
7666,8,4.287,2.376,164.726,5.0,272,953,143.13,3.0,13.142396930352104,5.49472269921875,3.0453606562499997,6.408587239583333,3.8451523437499997,4.090651979630757
7667,5,3.144,2.025,108.435,3.606,300,953,123.69,2.0,8.213998081470065,4.02971965625,2.59547783203125,4.6218731171875,2.5634348958333333,3.2339443426774745
7668,1,1.128,1.128,0.0,1.414,372,953,135.0,1.0,1.642799616294013,1.4457772812499998,1.4457772812499998,1.8123484713541664,1.2817174479166666,1.4462638771355416
7669,1,1.128,1.128,0.0,1.414,674,953,135.0,1.0,1.642799616294013,1.4457772812499998,1.4457772812499998,1.8123484713541664,1.2817174479166666,1.4462638771355416
7670,1,1.128,1.128,0.0,1.414,3443,953,135.0,1.0,1.642799616294013,1.4457772812499998,1.4457772812499998,1.8123484713541664,1.2817174479166666,1.4462638771355416
7671,2,2.257,1.128,0.0,2.236,3638,953,153.435,1.0,3.285599232588026,2.892836279947917,1.4457772812499998,2.865920213541667,1.2817174479166666,2.0453259898153786
7672,3,3.385,1.128,0.0,3.162,3755,953,161.565,1.0,4.928398848882039,4.338613561197916,1.4457772812499998,4.0527905703125,1.2817174479166666,2.5050025163503102
7673,21,8.384,3.189,82.862,9.487,3764,962,71.565,4.0,34.49879194217427,10.745919083333334,4.08739694140625,12.159653428385417,5.126869791666667,6.627613691853932
7674,3,2.365,1.615,135.0,2.828,137,954,135.0,2.0,4.928398848882039,3.0312617643229167,2.069973678385417,3.624696942708333,2.5634348958333333,2.5050025163503102
7675,2,2.257,1.128,90.0,2.236,390,954,116.565,1.0,3.285599232588026,2.892836279947917,1.4457772812499998,2.865920213541667,1.2817174479166666,2.0453259898153786
7676,3,3.385,1.128,90.0,3.162,525,954,108.435,1.0,4.928398848882039,4.338613561197916,1.4457772812499998,4.0527905703125,1.2817174479166666,2.5050025163503102
7677,3,2.365,1.615,135.0,2.828,3580,954,135.0,2.0,4.928398848882039,3.0312617643229167,2.069973678385417,3.624696942708333,2.5634348958333333,2.5050025163503102
7678,47,9.361,6.393,132.496,10.63,326,957,138.814,8.0,77.21158196581861,11.998157029947917,8.194019644531249,13.624656471354168,10.253739583333333,9.915085602678126
7679,2,2.257,1.128,90.0,2.236,336,955,116.565,1.0,3.285599232588026,2.892836279947917,1.4457772812499998,2.865920213541667,1.2817174479166666,2.0453259898153786
7680,1,1.128,1.128,0.0,1.414,338,955,135.0,1.0,1.642799616294013,1.4457772812499998,1.4457772812499998,1.8123484713541664,1.2817174479166666,1.4462638771355416
7681,1,1.128,1.128,0.0,1.414,538,955,135.0,1.0,1.642799616294013,1.4457772812499998,1.4457772812499998,1.8123484713541664,1.2817174479166666,1.4462638771355416
7682,30,6.598,5.789,108.254,11.402,2168,956,127.875,9.0,49.28398848882039,8.456771721354166,7.419862305989583,14.614142341145833,11.535457031249999,7.921513496120161
7683,5,3.144,2.025,108.435,3.606,3522,955,123.69,2.0,8.213998081470065,4.02971965625,2.59547783203125,4.6218731171875,2.5634348958333333,3.2339443426774745
7684,8,3.538,2.879,45.0,4.243,3710,958,45.0,3.0,13.142396930352104,4.534716330729166,3.6900645325520833,5.438327131510417,3.8451523437499997,4.090651979630757
7685,3,3.385,1.128,0.0,3.162,3748,955,161.565,1.0,4.928398848882039,4.338613561197916,1.4457772812499998,4.0527905703125,1.2817174479166666,2.5050025163503102
7686,8,4.529,2.249,50.884,5.0,3759,958,36.87,2.828,13.142396930352104,5.8048983216145835,2.8825825403645835,6.408587239583333,3.624696942708333,4.090651979630757
7687,326,24.451,16.976,69.853,36.401,175,956,110.925,26.508,535.5526749118483,31.339273319010417,21.75843539583333,46.65579682161459,33.975766109375,26.112974169024177
7688,2,2.257,1.128,90.0,2.236,205,956,116.565,1.0,3.285599232588026,2.892836279947917,1.4457772812499998,2.865920213541667,1.2817174479166666,2.0453259898153786
7689,49,11.238,5.551,165.4,12.166,255,960,170.538,7.143,80.49718119840664,14.4039406796875,7.114813553385416,15.593374471354167,9.15530773046875,10.12384713994879
7690,19,7.046,3.433,110.111,8.544,269,956,110.556,4.851,31.21319270958625,9.030981138020833,4.400135998697916,10.950993875,6.21761133984375,6.304118086127151
7691,17,5.179,4.179,8.323,6.403,358,960,38.66,4.0,27.927593476998222,6.638014662760417,5.35629721484375,8.206836819010416,5.126869791666667,5.963098727945161
7692,1,1.128,1.128,0.0,1.414,3561,956,135.0,1.0,1.642799616294013,1.4457772812499998,1.4457772812499998,1.8123484713541664,1.2817174479166666,1.4462638771355416
7693,7,3.855,2.312,59.036,4.472,3572,960,63.435,2.828,11.499597314058091,4.94102076171875,2.9633307395833333,5.731840427083334,3.624696942708333,3.826454549076717
7694,2,2.596,0.981,135.0,2.828,3579,956,135.0,1.414,3.285599232588026,3.327338494791667,1.2573648164062499,3.624696942708333,1.8123484713541664,2.0453259898153786
7695,4,3.192,1.596,108.435,3.606,3650,956,123.69,2.0,6.571198465176052,4.09124209375,2.045621046875,4.6218731171875,2.5634348958333333,2.892527754271083
7696,4,2.257,2.257,0.0,2.828,3696,956,135.0,2.0,6.571198465176052,2.892836279947917,2.892836279947917,3.624696942708333,2.5634348958333333,2.892527754271083
7697,19,6.621,3.654,99.547,7.211,3743,956,123.69,4.0,31.21319270958625,8.48625122265625,4.6833955546874995,9.242464516927084,5.126869791666667,6.304118086127151
7698,7,4.566,1.952,56.599,5.0,3751,960,53.13,2.683,11.499597314058091,5.8523218671874995,2.5019124583333334,6.408587239583333,3.4388479127604166,3.826454549076717
7699,68,10.797,8.019,37.886,13.0,210,969,67.38,10.243,111.71037390799289,13.838703285156251,10.27809221484375,16.662326822916665,13.128631819010417,11.926197455890321
7700,2,2.257,1.128,0.0,2.236,216,957,153.435,1.0,3.285599232588026,2.892836279947917,1.4457772812499998,2.865920213541667,1.2817174479166666,2.0453259898153786
7701,3,3.213,1.189,28.155,3.606,230,959,33.69,1.789,4.928398848882039,4.11815816015625,1.5239620455729168,4.6218731171875,2.2929925143229166,2.5050025163503102
7702,2,2.257,1.128,90.0,2.236,273,957,116.565,1.0,3.285599232588026,2.892836279947917,1.4457772812499998,2.865920213541667,1.2817174479166666,2.0453259898153786
7703,4,3.192,1.596,108.435,3.606,323,957,123.69,2.0,6.571198465176052,4.09124209375,2.045621046875,4.6218731171875,2.5634348958333333,2.892527754271083
7704,7,4.35,2.049,177.957,4.472,424,957,153.435,2.0,11.499597314058091,5.5754708984375,2.62623905078125,5.731840427083334,2.5634348958333333,3.826454549076717
7705,1,1.128,1.128,0.0,1.414,578,957,135.0,1.0,1.642799616294013,1.4457772812499998,1.4457772812499998,1.8123484713541664,1.2817174479166666,1.4462638771355416
7706,2,2.257,1.128,90.0,2.236,3542,957,116.565,1.0,3.285599232588026,2.892836279947917,1.4457772812499998,2.865920213541667,1.2817174479166666,2.0453259898153786
7707,1,1.128,1.128,0.0,1.414,3577,957,135.0,1.0,1.642799616294013,1.4457772812499998,1.4457772812499998,1.8123484713541664,1.2817174479166666,1.4462638771355416
7708,3,3.213,1.189,61.845,3.606,3637,960,56.31,1.789,4.928398848882039,4.11815816015625,1.5239620455729168,4.6218731171875,2.2929925143229166,2.5050025163503102
7709,1,1.128,1.128,0.0,1.414,3739,957,135.0,1.0,1.642799616294013,1.4457772812499998,1.4457772812499998,1.8123484713541664,1.2817174479166666,1.4462638771355416
7710,1473,50.29,37.293,91.254,79.404,3814,1034,73.163,48.0,2419.8438348010814,64.45757045572917,47.79908878515625,101.773492234375,61.522437499999995,55.50714787302984
7711,16,6.26,3.254,0.0,6.708,276,958,153.435,4.0,26.28479386070421,8.023551223958332,4.170708575520833,8.597760640625,5.126869791666667,5.785055508542166
7712,23,7.917,3.699,7.375,8.944,400,962,26.565,4.0,37.7843911747623,10.147357035156249,4.74107283984375,11.463680854166668,5.126869791666667,6.936037892995103
7713,4,2.257,2.257,0.0,2.828,468,958,135.0,2.0,6.571198465176052,2.892836279947917,2.892836279947917,3.624696942708333,2.5634348958333333,2.892527754271083
7714,9,4.204,2.726,125.783,5.0,495,958,126.87,3.0,14.785196546646118,5.388340151041667,3.4939617630208333,6.408587239583333,3.8451523437499997,4.338791631406624
7715,1,1.128,1.128,0.0,1.414,525,958,135.0,1.0,1.642799616294013,1.4457772812499998,1.4457772812499998,1.8123484713541664,1.2817174479166666,1.4462638771355416
7716,6,2.93,2.607,153.435,3.606,3610,958,123.69,3.0,9.856797697764078,3.7554321223958333,3.3414373867187503,4.6218731171875,3.8451523437499997,3.5426085324013394
7717,3,2.365,1.615,135.0,2.828,3693,958,135.0,2.0,4.928398848882039,3.0312617643229167,2.069973678385417,3.624696942708333,2.5634348958333333,2.5050025163503102
7718,5,3.144,2.025,161.565,3.606,3731,958,146.31,2.0,8.213998081470065,4.02971965625,2.59547783203125,4.6218731171875,2.5634348958333333,3.2339443426774745
7719,8,3.254,3.13,90.0,4.243,3767,959,135.0,3.0,13.142396930352104,4.170708575520833,4.011775611979166,5.438327131510417,3.8451523437499997,4.090651979630757
7720,1,1.128,1.128,0.0,1.414,3832,958,135.0,1.0,1.642799616294013,1.4457772812499998,1.4457772812499998,1.8123484713541664,1.2817174479166666,1.4462638771355416
7721,1,1.128,1.128,0.0,1.414,236,959,135.0,1.0,1.642799616294013,1.4457772812499998,1.4457772812499998,1.8123484713541664,1.2817174479166666,1.4462638771355416
7722,1,1.128,1.128,0.0,1.414,238,959,135.0,1.0,1.642799616294013,1.4457772812499998,1.4457772812499998,1.8123484713541664,1.2817174479166666,1.4462638771355416
7723,2,2.596,0.981,135.0,2.828,306,959,135.0,1.414,3.285599232588026,3.327338494791667,1.2573648164062499,3.624696942708333,1.8123484713541664,2.0453259898153786
7724,1,1.128,1.128,0.0,1.414,354,959,135.0,1.0,1.642799616294013,1.4457772812499998,1.4457772812499998,1.8123484713541664,1.2817174479166666,1.4462638771355416
7725,1,1.128,1.128,0.0,1.414,411,959,135.0,1.0,1.642799616294013,1.4457772812499998,1.4457772812499998,1.8123484713541664,1.2817174479166666,1.4462638771355416
7726,1,1.128,1.128,0.0,1.414,609,959,135.0,1.0,1.642799616294013,1.4457772812499998,1.4457772812499998,1.8123484713541664,1.2817174479166666,1.4462638771355416
7727,3,3.385,1.128,90.0,3.162,3545,959,108.435,1.0,4.928398848882039,4.338613561197916,1.4457772812499998,4.0527905703125,1.2817174479166666,2.5050025163503102
7728,1,1.128,1.128,0.0,1.414,3561,959,135.0,1.0,1.642799616294013,1.4457772812499998,1.4457772812499998,1.8123484713541664,1.2817174479166666,1.4462638771355416
7729,6,3.14,2.433,45.0,3.606,3706,961,33.69,2.828,9.856797697764078,4.024592786458333,3.1184185507812496,4.6218731171875,3.624696942708333,3.5426085324013394
7730,1,1.128,1.128,0.0,1.414,3758,959,135.0,1.0,1.642799616294013,1.4457772812499998,1.4457772812499998,1.8123484713541664,1.2817174479166666,1.4462638771355416
7731,14,5.794,3.077,60.965,6.403,3816,964,51.34,3.795,22.999194628116182,7.426270893229166,3.943844587239583,8.206836819010416,4.86411771484375,5.411423919108519
7732,107,19.773,6.89,69.593,25.962,223,985,74.358,11.628,175.7795589434594,25.34339909765625,8.831033216145833,33.2759483828125,14.903810484375,14.960269872126732
7733,12,7.219,2.116,0.317,8.246,231,960,165.964,3.0,19.713595395528156,9.252718256510416,2.712114119791667,10.569042075520834,3.8451523437499997,5.0100050327006205
7734,5,3.732,1.706,174.848,4.123,249,961,165.964,2.0,8.213998081470065,4.783369515625,2.1866099661458334,5.284521037760417,2.5634348958333333,3.2339443426774745
7735,11,4.994,2.804,171.87,5.385,309,961,158.199,3.0,18.070795779234142,6.400896934895833,3.593935723958333,6.90204845703125,3.8451523437499997,4.796714628303253
7736,2,2.257,1.128,90.0,2.236,3499,960,116.565,1.0,3.285599232588026,2.892836279947917,1.4457772812499998,2.865920213541667,1.2817174479166666,2.0453259898153786
7737,8,4.514,2.257,0.0,4.472,3574,960,153.435,2.0,13.142396930352104,5.785672559895834,2.892836279947917,5.731840427083334,2.5634348958333333,4.090651979630757
7738,3,2.365,1.615,135.0,2.828,3584,960,135.0,2.0,4.928398848882039,3.0312617643229167,2.069973678385417,3.624696942708333,2.5634348958333333,2.5050025163503102
7739,1,1.128,1.128,0.0,1.414,3727,960,135.0,1.0,1.642799616294013,1.4457772812499998,1.4457772812499998,1.8123484713541664,1.2817174479166666,1.4462638771355416
7740,14,5.983,2.979,125.146,7.81,3774,960,129.806,4.63,22.999194628116182,7.668515490885416,3.81823627734375,10.010213268229165,5.934351783854167,5.411423919108519
7741,39,10.624,4.674,98.276,12.369,3787,972,75.964,5.94,64.0691850354665,13.616966166666668,5.990747351562501,15.853563113281249,7.613401640625001,9.031915017867364
7742,11,3.934,3.56,65.994,5.099,219,961,101.31,4.0,18.070795779234142,5.042276440104167,4.562914114583333,6.535477266927083,5.126869791666667,4.796714628303253
7743,1,1.128,1.128,0.0,1.414,335,961,135.0,1.0,1.642799616294013,1.4457772812499998,1.4457772812499998,1.8123484713541664,1.2817174479166666,1.4462638771355416
7744,42,9.841,5.434,40.176,12.207,3754,970,34.992,7.484,68.99758388434854,12.613381404947916,6.9648526119791665,15.64592488671875,9.592373380208333,9.372861169189449
7745,1,1.128,1.128,0.0,1.414,3802,961,135.0,1.0,1.642799616294013,1.4457772812499998,1.4457772812499998,1.8123484713541664,1.2817174479166666,1.4462638771355416
7746,1,1.128,1.128,0.0,1.414,3828,961,135.0,1.0,1.642799616294013,1.4457772812499998,1.4457772812499998,1.8123484713541664,1.2817174479166666,1.4462638771355416
7747,4,2.257,2.257,0.0,2.828,306,962,135.0,2.0,6.571198465176052,2.892836279947917,2.892836279947917,3.624696942708333,2.5634348958333333,2.892527754271083
7748,1,1.128,1.128,0.0,1.414,3711,962,135.0,1.0,1.642799616294013,1.4457772812499998,1.4457772812499998,1.8123484713541664,1.2817174479166666,1.4462638771355416
7749,17,5.991,3.613,164.402,6.708,3720,962,153.435,4.0,27.927593476998222,7.67876923046875,4.630845139322917,8.597760640625,5.126869791666667,5.963098727945161
7750,4,2.257,2.257,0.0,2.828,3780,962,135.0,2.0,6.571198465176052,2.892836279947917,2.892836279947917,3.624696942708333,2.5634348958333333,2.892527754271083
7751,6,4.633,1.649,140.31,5.0,193,963,143.13,2.121,9.856797697764078,5.938196936197917,2.1135520716145835,6.408587239583333,2.71852270703125,3.5426085324013394
7752,2,2.257,1.128,0.0,2.236,302,963,153.435,1.0,3.285599232588026,2.892836279947917,1.4457772812499998,2.865920213541667,1.2817174479166666,2.0453259898153786
7753,1,1.128,1.128,0.0,1.414,3497,963,135.0,1.0,1.642799616294013,1.4457772812499998,1.4457772812499998,1.8123484713541664,1.2817174479166666,1.4462638771355416
7754,1,1.128,1.128,0.0,1.414,3540,963,135.0,1.0,1.642799616294013,1.4457772812499998,1.4457772812499998,1.8123484713541664,1.2817174479166666,1.4462638771355416
7755,16,6.395,3.185,21.031,7.211,3608,968,33.69,4.366,26.28479386070421,8.196583079427082,4.082270071614583,9.242464516927084,5.595978377604166,5.785055508542166
7756,31,7.877,5.011,176.628,10.77,3662,968,21.801,6.822,50.926788105114404,10.096088337239582,6.4226861315104165,13.8040969140625,8.7438764296875,8.052456474363645
7757,1,1.128,1.128,0.0,1.414,3696,963,135.0,1.0,1.642799616294013,1.4457772812499998,1.4457772812499998,1.8123484713541664,1.2817174479166666,1.4462638771355416
7758,15,4.745,4.025,131.203,6.403,3708,963,128.66,4.743,24.641994244410196,6.081749290364583,5.158912727864584,8.206836819010416,6.07918585546875,5.601355910367322
7759,7,3.086,2.888,90.0,3.606,159,964,123.69,3.0,11.499597314058091,3.955380044270833,3.701599989583333,4.6218731171875,3.8451523437499997,3.826454549076717
7760,8,4.514,2.257,0.0,4.472,239,964,153.435,2.0,13.142396930352104,5.785672559895834,2.892836279947917,5.731840427083334,2.5634348958333333,4.090651979630757
7761,3,2.365,1.615,135.0,2.828,374,964,135.0,2.0,4.928398848882039,3.0312617643229167,2.069973678385417,3.624696942708333,2.5634348958333333,2.5050025163503102
7762,6,4.134,1.848,12.933,4.472,398,966,26.565,2.0,9.856797697764078,5.298619929687501,2.36861384375,5.731840427083334,2.5634348958333333,3.5426085324013394
7763,2,2.257,1.128,0.0,2.236,3500,964,153.435,1.0,3.285599232588026,2.892836279947917,1.4457772812499998,2.865920213541667,1.2817174479166666,2.0453259898153786
7764,29,6.361,5.805,16.496,8.602,279,970,35.538,6.957,47.64118887252638,8.153004686197916,7.44036978515625,11.025333486979166,8.91690828515625,7.788369332980218
7765,37,8.29,5.683,99.17,9.22,291,974,77.471,6.668,60.783585802878484,10.625437643229166,7.284000256510416,11.817434869791667,8.546491942708334,8.7972797207639
7766,1,1.128,1.128,0.0,1.414,325,965,135.0,1.0,1.642799616294013,1.4457772812499998,1.4457772812499998,1.8123484713541664,1.2817174479166666,1.4462638771355416
7767,2,2.257,1.128,0.0,2.236,360,965,153.435,1.0,3.285599232588026,2.892836279947917,1.4457772812499998,2.865920213541667,1.2817174479166666,2.0453259898153786
7768,1,1.128,1.128,0.0,1.414,3389,965,135.0,1.0,1.642799616294013,1.4457772812499998,1.4457772812499998,1.8123484713541664,1.2817174479166666,1.4462638771355416
7769,4,2.257,2.257,0.0,2.828,3735,965,135.0,2.0,6.571198465176052,2.892836279947917,2.892836279947917,3.624696942708333,2.5634348958333333,2.892527754271083
7770,135,19.177,8.963,102.964,24.083,3782,965,94.764,12.0,221.77794819969176,24.579495498697916,11.488033485677082,30.86760129817708,15.380609374999999,16.804067731101966
7771,11,4.384,3.195,105.071,5.0,259,966,126.87,3.0,18.070795779234142,5.619049291666667,4.095087246093749,6.408587239583333,3.8451523437499997,4.796714628303253
7772,5,3.144,2.025,108.435,3.606,350,966,123.69,2.0,8.213998081470065,4.02971965625,2.59547783203125,4.6218731171875,2.5634348958333333,3.2339443426774745
7773,8,4.271,2.385,56.981,5.0,369,970,53.13,3.0,13.142396930352104,5.474215220052083,3.0568961132812498,6.408587239583333,3.8451523437499997,4.090651979630757
7774,2,2.257,1.128,90.0,2.236,3570,966,116.565,1.0,3.285599232588026,2.892836279947917,1.4457772812499998,2.865920213541667,1.2817174479166666,2.0453259898153786
7775,3,3.385,1.128,90.0,3.162,3575,966,108.435,1.0,4.928398848882039,4.338613561197916,1.4457772812499998,4.0527905703125,1.2817174479166666,2.5050025163503102
7776,4,2.257,2.257,0.0,2.828,3594,966,135.0,2.0,6.571198465176052,2.892836279947917,2.892836279947917,3.624696942708333,2.5634348958333333,2.892527754271083
7777,20,10.214,2.493,85.754,10.44,3765,976,73.301,3.0,32.85599232588026,13.091462013020834,3.1953215976562497,13.381130156249998,3.8451523437499997,6.467888685354949
7778,43,8.906,6.147,20.787,12.083,207,969,155.556,8.489,70.64038350064256,11.414975591145835,7.87871715234375,15.486991923177083,10.880499415364584,9.483786464234974
7779,12,5.963,2.562,0.764,6.325,244,968,161.565,3.0,19.713595395528156,7.6428811419270835,3.2837601015624998,8.106862858072917,3.8451523437499997,5.0100050327006205
7780,1,1.128,1.128,0.0,1.414,266,967,135.0,1.0,1.642799616294013,1.4457772812499998,1.4457772812499998,1.8123484713541664,1.2817174479166666,1.4462638771355416
7781,14,6.751,2.64,173.884,7.28,267,970,15.945,3.0,22.999194628116182,8.652874490885416,3.3837340625000003,9.330903020833334,3.8451523437499997,5.411423919108519
7782,10,4.644,2.742,1.07,5.385,399,968,158.199,3.0,16.42799616294013,5.952295828125,3.5144692421875,6.90204845703125,3.8451523437499997,4.573487949374228
7783,1,1.128,1.128,0.0,1.414,575,967,135.0,1.0,1.642799616294013,1.4457772812499998,1.4457772812499998,1.8123484713541664,1.2817174479166666,1.4462638771355416
7784,1,1.128,1.128,0.0,1.414,3703,967,135.0,1.0,1.642799616294013,1.4457772812499998,1.4457772812499998,1.8123484713541664,1.2817174479166666,1.4462638771355416
7785,2,2.257,1.128,0.0,2.236,3751,967,153.435,1.0,3.285599232588026,2.892836279947917,1.4457772812499998,2.865920213541667,1.2817174479166666,2.0453259898153786
7786,2,2.257,1.128,90.0,2.236,3775,967,116.565,1.0,3.285599232588026,2.892836279947917,1.4457772812499998,2.865920213541667,1.2817174479166666,2.0453259898153786
7787,1,1.128,1.128,0.0,1.414,92,968,135.0,1.0,1.642799616294013,1.4457772812499998,1.4457772812499998,1.8123484713541664,1.2817174479166666,1.4462638771355416
7788,1,1.128,1.128,0.0,1.414,149,968,135.0,1.0,1.642799616294013,1.4457772812499998,1.4457772812499998,1.8123484713541664,1.2817174479166666,1.4462638771355416
7789,7,4.996,1.784,176.964,5.385,196,968,158.199,2.0,11.499597314058091,6.403460369791667,2.2865839270833335,6.90204845703125,2.5634348958333333,3.826454549076717
7790,1,1.128,1.128,0.0,1.414,256,968,135.0,1.0,1.642799616294013,1.4457772812499998,1.4457772812499998,1.8123484713541664,1.2817174479166666,1.4462638771355416
7791,1,1.128,1.128,0.0,1.414,405,968,135.0,1.0,1.642799616294013,1.4457772812499998,1.4457772812499998,1.8123484713541664,1.2817174479166666,1.4462638771355416
7792,4,2.257,2.257,0.0,2.828,408,968,135.0,2.0,6.571198465176052,2.892836279947917,2.892836279947917,3.624696942708333,2.5634348958333333,2.892527754271083
7793,9,5.16,2.221,164.285,6.325,428,969,161.565,3.0,14.785196546646118,6.61366203125,2.8466944518229167,8.106862858072917,3.8451523437499997,4.338791631406624
7794,13,5.782,2.863,14.46,7.211,486,972,33.69,4.0,21.35639501182217,7.410890283854166,3.6695570533854167,9.242464516927084,5.126869791666667,5.214578566863546
7795,3,3.213,1.189,151.845,3.606,3547,968,146.31,1.789,4.928398848882039,4.11815816015625,1.5239620455729168,4.6218731171875,2.2929925143229166,2.5050025163503102
7796,2,2.596,0.981,45.0,2.828,3620,970,45.0,1.414,3.285599232588026,3.327338494791667,1.2573648164062499,3.624696942708333,1.8123484713541664,2.0453259898153786
7797,18,6.173,3.713,111.471,7.211,3674,968,123.69,4.0,29.570393093292235,7.912041805989583,4.759016884114583,9.242464516927084,5.126869791666667,6.135977969446135
7798,58,12.541,5.888,91.143,14.318,3731,968,102.095,7.0,95.28237774505276,16.074018514322916,7.546752333333333,18.351630419270833,8.972022135416667,11.01441753947132
7799,1,1.128,1.128,0.0,1.414,163,969,135.0,1.0,1.642799616294013,1.4457772812499998,1.4457772812499998,1.8123484713541664,1.2817174479166666,1.4462638771355416
7800,3,3.385,1.128,90.0,3.162,396,969,108.435,1.0,4.928398848882039,4.338613561197916,1.4457772812499998,4.0527905703125,1.2817174479166666,2.5050025163503102
7801,1,1.128,1.128,0.0,1.414,484,969,135.0,1.0,1.642799616294013,1.4457772812499998,1.4457772812499998,1.8123484713541664,1.2817174479166666,1.4462638771355416
7802,2,2.257,1.128,0.0,2.236,3751,969,153.435,1.0,3.285599232588026,2.892836279947917,1.4457772812499998,2.865920213541667,1.2817174479166666,2.0453259898153786
7803,30,8.265,4.622,140.311,10.296,157,971,150.945,7.071,49.28398848882039,10.593394707031251,5.924098044270833,13.19656284375,9.063024074218749,7.921513496120161
7804,12,5.023,3.042,135.0,5.657,230,970,135.0,3.536,19.713595395528156,6.438066740885416,3.8989844765624997,7.250675602864583,4.532152895833334,5.0100050327006205
7805,19,7.2,3.36,106.142,8.246,257,970,104.036,4.603,31.21319270958625,9.228365625,4.306570625,10.569042075520834,5.899745412760416,6.304118086127151
7806,4,2.257,2.257,0.0,2.828,338,970,135.0,2.0,6.571198465176052,2.892836279947917,2.892836279947917,3.624696942708333,2.5634348958333333,2.892527754271083
7807,22,7.715,3.631,80.362,8.246,364,970,104.036,4.0,36.141591558468285,9.888450110677082,4.653916053385417,10.569042075520834,5.126869791666667,6.78357888217988
7808,3,2.365,1.615,45.0,2.828,370,972,45.0,2.0,4.928398848882039,3.0312617643229167,2.069973678385417,3.624696942708333,2.5634348958333333,2.5050025163503102
7809,4,3.192,1.596,161.565,3.606,3489,970,146.31,2.0,6.571198465176052,4.09124209375,2.045621046875,4.6218731171875,2.5634348958333333,2.892527754271083
7810,3,2.365,1.615,135.0,2.828,3570,970,135.0,2.0,4.928398848882039,3.0312617643229167,2.069973678385417,3.624696942708333,2.5634348958333333,2.5050025163503102
7811,1,1.128,1.128,0.0,1.414,3616,970,135.0,1.0,1.642799616294013,1.4457772812499998,1.4457772812499998,1.8123484713541664,1.2817174479166666,1.4462638771355416
7812,12,7.979,1.915,90.522,8.246,3640,970,104.036,2.0,19.713595395528156,10.226823516927084,2.4544889127604166,10.569042075520834,2.5634348958333333,5.0100050327006205
7813,1,1.128,1.128,0.0,1.414,3716,970,135.0,1.0,1.642799616294013,1.4457772812499998,1.4457772812499998,1.8123484713541664,1.2817174479166666,1.4462638771355416
7814,2,2.257,1.128,90.0,2.236,3719,970,116.565,1.0,3.285599232588026,2.892836279947917,1.4457772812499998,2.865920213541667,1.2817174479166666,2.0453259898153786
7815,1,1.128,1.128,0.0,1.414,3727,970,135.0,1.0,1.642799616294013,1.4457772812499998,1.4457772812499998,1.8123484713541664,1.2817174479166666,1.4462638771355416
7816,3,2.365,1.615,135.0,2.828,270,971,135.0,2.0,4.928398848882039,3.0312617643229167,2.069973678385417,3.624696942708333,2.5634348958333333,2.5050025163503102
7817,10,5.383,2.365,8.551,6.325,396,974,18.435,3.0,16.42799616294013,6.8994850221354165,3.0312617643229167,8.106862858072917,3.8451523437499997,4.573487949374228
7818,1,1.128,1.128,0.0,1.414,505,971,135.0,1.0,1.642799616294013,1.4457772812499998,1.4457772812499998,1.8123484713541664,1.2817174479166666,1.4462638771355416
7819,1,1.128,1.128,0.0,1.414,619,971,135.0,1.0,1.642799616294013,1.4457772812499998,1.4457772812499998,1.8123484713541664,1.2817174479166666,1.4462638771355416
7820,1,1.128,1.128,0.0,1.414,3531,971,135.0,1.0,1.642799616294013,1.4457772812499998,1.4457772812499998,1.8123484713541664,1.2817174479166666,1.4462638771355416
7821,1,1.128,1.128,0.0,1.414,3672,971,135.0,1.0,1.642799616294013,1.4457772812499998,1.4457772812499998,1.8123484713541664,1.2817174479166666,1.4462638771355416
7822,1,1.128,1.128,0.0,1.414,3682,971,135.0,1.0,1.642799616294013,1.4457772812499998,1.4457772812499998,1.8123484713541664,1.2817174479166666,1.4462638771355416
7823,11,5.763,2.43,169.695,6.325,3758,972,161.565,3.0,18.070795779234142,7.386537652343749,3.1145733984375004,8.106862858072917,3.8451523437499997,4.796714628303253
7824,58,10.7,6.902,176.367,15.133,181,976,172.405,11.494,95.28237774505276,13.714376692708331,8.846413825520834,19.396230139322917,14.732060346354166,11.01441753947132
7825,6,4.134,1.848,77.067,4.472,238,976,63.435,2.0,9.856797697764078,5.298619929687501,2.36861384375,5.731840427083334,2.5634348958333333,3.5426085324013394
7826,16,6.404,3.181,163.851,7.616,305,973,156.801,4.459,26.28479386070421,8.208118536458333,4.077143201822917,9.761560083333332,5.715178100260416,5.785055508542166
7827,6,3.853,1.983,5.31,4.472,344,974,26.565,2.0,9.856797697764078,4.938457326822917,2.54164569921875,5.731840427083334,2.5634348958333333,3.5426085324013394
7828,3,2.365,1.615,45.0,2.828,416,974,45.0,2.0,4.928398848882039,3.0312617643229167,2.069973678385417,3.624696942708333,2.5634348958333333,2.5050025163503102
7829,5,3.144,2.025,161.565,3.606,451,972,146.31,2.0,8.213998081470065,4.02971965625,2.59547783203125,4.6218731171875,2.5634348958333333,3.2339443426774745
7830,2,2.257,1.128,90.0,2.236,569,972,116.565,1.0,3.285599232588026,2.892836279947917,1.4457772812499998,2.865920213541667,1.2817174479166666,2.0453259898153786
7831,32,7.274,5.602,59.757,8.944,3702,980,63.435,6.0,52.56958772140842,9.323212716145834,7.180181143229167,11.463680854166668,7.690304687499999,8.181303959261514
7832,5,3.732,1.706,84.848,4.123,3711,972,104.036,2.0,8.213998081470065,4.783369515625,2.1866099661458334,5.284521037760417,2.5634348958333333,3.2339443426774745
7833,5,3.144,2.025,108.435,3.606,3724,972,123.69,2.0,8.213998081470065,4.02971965625,2.59547783203125,4.6218731171875,2.5634348958333333,3.2339443426774745
7834,8,3.961,2.571,7.796,4.472,3769,972,153.435,3.0,13.142396930352104,5.076882811197916,3.2952955585937502,5.731840427083334,3.8451523437499997,4.090651979630757
7835,2,2.257,1.128,90.0,2.236,67,973,116.565,1.0,3.285599232588026,2.892836279947917,1.4457772812499998,2.865920213541667,1.2817174479166666,2.0453259898153786
7836,1,1.128,1.128,0.0,1.414,139,973,135.0,1.0,1.642799616294013,1.4457772812499998,1.4457772812499998,1.8123484713541664,1.2817174479166666,1.4462638771355416
7837,1,1.128,1.128,0.0,1.414,228,973,135.0,1.0,1.642799616294013,1.4457772812499998,1.4457772812499998,1.8123484713541664,1.2817174479166666,1.4462638771355416
7838,5,3.713,1.715,96.047,4.472,244,973,116.565,2.0,8.213998081470065,4.759016884114583,2.1981454231770834,5.731840427083334,2.5634348958333333,3.2339443426774745
7839,3,2.365,1.615,135.0,2.828,325,973,135.0,2.0,4.928398848882039,3.0312617643229167,2.069973678385417,3.624696942708333,2.5634348958333333,2.5050025163503102
7840,1,1.128,1.128,0.0,1.414,541,973,135.0,1.0,1.642799616294013,1.4457772812499998,1.4457772812499998,1.8123484713541664,1.2817174479166666,1.4462638771355416
7841,1,1.128,1.128,0.0,1.414,618,973,135.0,1.0,1.642799616294013,1.4457772812499998,1.4457772812499998,1.8123484713541664,1.2817174479166666,1.4462638771355416
7842,1,1.128,1.128,0.0,1.414,3528,973,135.0,1.0,1.642799616294013,1.4457772812499998,1.4457772812499998,1.8123484713541664,1.2817174479166666,1.4462638771355416
7843,8,4.444,2.292,144.645,5.0,3628,973,143.13,2.828,13.142396930352104,5.695952338541667,2.9376963906249998,6.408587239583333,3.624696942708333,4.090651979630757
7844,3,2.365,1.615,45.0,2.828,3717,975,45.0,2.0,4.928398848882039,3.0312617643229167,2.069973678385417,3.624696942708333,2.5634348958333333,2.5050025163503102
7845,1,1.128,1.128,0.0,1.414,3721,973,135.0,1.0,1.642799616294013,1.4457772812499998,1.4457772812499998,1.8123484713541664,1.2817174479166666,1.4462638771355416
7846,2,2.257,1.128,0.0,2.236,3754,973,153.435,1.0,3.285599232588026,2.892836279947917,1.4457772812499998,2.865920213541667,1.2817174479166666,2.0453259898153786
7847,26,8.168,4.053,51.572,10.0,260,980,36.87,5.547,42.71279002364434,10.469068114583331,5.19480081640625,12.817174479166667,7.10968668359375,7.374527731318484
7848,16,4.514,4.514,0.0,5.657,314,974,135.0,4.0,26.28479386070421,5.785672559895834,5.785672559895834,7.250675602864583,5.126869791666667,5.785055508542166
7849,3,2.365,1.615,135.0,2.828,354,974,135.0,2.0,4.928398848882039,3.0312617643229167,2.069973678385417,3.624696942708333,2.5634348958333333,2.5050025163503102
7850,1,1.128,1.128,0.0,1.414,3161,974,135.0,1.0,1.642799616294013,1.4457772812499998,1.4457772812499998,1.8123484713541664,1.2817174479166666,1.4462638771355416
7851,2,2.257,1.128,90.0,2.236,3643,974,116.565,1.0,3.285599232588026,2.892836279947917,1.4457772812499998,2.865920213541667,1.2817174479166666,2.0453259898153786
7852,19,5.825,4.153,105.649,6.708,3696,974,116.565,4.0,31.21319270958625,7.466004134114583,5.322972561197916,8.597760640625,5.126869791666667,6.304118086127151
7853,4,2.734,1.863,0.0,3.162,3739,974,161.565,2.0,6.571198465176052,3.5042155026041666,2.38783960546875,4.0527905703125,2.5634348958333333,2.892527754271083
7854,2,2.257,1.128,90.0,2.236,64,975,116.565,1.0,3.285599232588026,2.892836279947917,1.4457772812499998,2.865920213541667,1.2817174479166666,2.0453259898153786
7855,1,1.128,1.128,0.0,1.414,119,975,135.0,1.0,1.642799616294013,1.4457772812499998,1.4457772812499998,1.8123484713541664,1.2817174479166666,1.4462638771355416
7856,13,5.293,3.127,169.938,6.708,206,975,153.435,4.0,21.35639501182217,6.784130451822917,4.007930459635416,8.597760640625,5.126869791666667,5.214578566863546
7857,4,3.192,1.596,161.565,3.606,270,975,146.31,2.0,6.571198465176052,4.09124209375,2.045621046875,4.6218731171875,2.5634348958333333,2.892527754271083
7858,1,1.128,1.128,0.0,1.414,329,975,135.0,1.0,1.642799616294013,1.4457772812499998,1.4457772812499998,1.8123484713541664,1.2817174479166666,1.4462638771355416
7859,2,2.257,1.128,0.0,2.236,3466,975,153.435,1.0,3.285599232588026,2.892836279947917,1.4457772812499998,2.865920213541667,1.2817174479166666,2.0453259898153786
7860,1,1.128,1.128,0.0,1.414,3743,975,135.0,1.0,1.642799616294013,1.4457772812499998,1.4457772812499998,1.8123484713541664,1.2817174479166666,1.4462638771355416
7861,70,13.347,6.678,101.966,16.553,3754,975,115.017,8.854,114.99597314058092,17.10708277734375,8.5593091171875,21.216268915364584,11.348326283854165,12.100311738194971
7862,2,2.257,1.128,0.0,2.236,141,976,153.435,1.0,3.285599232588026,2.892836279947917,1.4457772812499998,2.865920213541667,1.2817174479166666,2.0453259898153786
7863,4,2.734,1.863,90.0,3.162,159,976,108.435,2.0,6.571198465176052,3.5042155026041666,2.38783960546875,4.0527905703125,2.5634348958333333,2.892527754271083
7864,3,3.385,1.128,90.0,3.162,275,976,108.435,1.0,4.928398848882039,4.338613561197916,1.4457772812499998,4.0527905703125,1.2817174479166666,2.5050025163503102
7865,7,3.507,2.542,30.473,4.243,424,979,45.0,3.0,11.499597314058091,4.49498308984375,3.2581257526041663,5.438327131510417,3.8451523437499997,3.826454549076717
7866,4,3.192,1.596,18.435,3.606,453,978,33.69,2.0,6.571198465176052,4.09124209375,2.045621046875,4.6218731171875,2.5634348958333333,2.892527754271083
7867,8,4.044,2.519,109.33,4.472,3622,976,116.565,3.0,13.142396930352104,5.1832653593749995,3.2286462513020835,5.731840427083334,3.8451523437499997,4.090651979630757
7868,4,2.734,1.863,90.0,3.162,3795,976,108.435,2.0,6.571198465176052,3.5042155026041666,2.38783960546875,4.0527905703125,2.5634348958333333,2.892527754271083
7869,14,5.267,3.384,71.063,5.831,148,982,59.036,4.0,22.999194628116182,6.750805798177083,4.3373318437499995,7.473694438802084,5.126869791666667,5.411423919108519
7870,3,3.385,1.128,0.0,3.162,338,977,161.565,1.0,4.928398848882039,4.338613561197916,1.4457772812499998,4.0527905703125,1.2817174479166666,2.5050025163503102
7871,1,1.128,1.128,0.0,1.414,354,977,135.0,1.0,1.642799616294013,1.4457772812499998,1.4457772812499998,1.8123484713541664,1.2817174479166666,1.4462638771355416
7872,2,2.257,1.128,0.0,2.236,450,977,153.435,1.0,3.285599232588026,2.892836279947917,1.4457772812499998,2.865920213541667,1.2817174479166666,2.0453259898153786
7873,5,3.144,2.025,108.435,3.606,3605,977,123.69,2.0,8.213998081470065,4.02971965625,2.59547783203125,4.6218731171875,2.5634348958333333,3.2339443426774745
7874,1,1.128,1.128,0.0,1.414,3744,977,135.0,1.0,1.642799616294013,1.4457772812499998,1.4457772812499998,1.8123484713541664,1.2817174479166666,1.4462638771355416
7875,19,7.589,3.188,43.184,8.602,137,983,35.538,4.95,31.21319270958625,9.726953712239583,4.086115223958333,11.025333486979166,6.3445013671875,6.304118086127151
7876,144,16.539,11.085,116.598,23.77,155,978,112.249,16.0,236.56314474633788,21.198324871093753,14.20783791015625,30.466423736979166,20.507479166666666,17.355166525626498
7877,2,2.257,1.128,90.0,2.236,267,978,116.565,1.0,3.285599232588026,2.892836279947917,1.4457772812499998,2.865920213541667,1.2817174479166666,2.0453259898153786
7878,4,2.257,2.257,0.0,2.828,271,978,135.0,2.0,6.571198465176052,2.892836279947917,2.892836279947917,3.624696942708333,2.5634348958333333,2.892527754271083
7879,16,7.626,2.671,106.913,8.544,290,978,110.556,3.881,26.28479386070421,9.7743772578125,3.4234673033854164,10.950993875,4.974345415364583,5.785055508542166
7880,15,6.03,3.167,133.776,7.211,300,978,123.69,4.243,24.641994244410196,7.7287562109375,4.059199157552083,9.242464516927084,5.438327131510417,5.601355910367322
7881,15,6.237,3.062,44.236,8.485,327,984,45.0,4.243,24.641994244410196,7.99407172265625,3.924618825520833,10.875372545572915,5.438327131510417,5.601355910367322
7882,6,3.385,2.257,0.0,3.606,3635,978,146.31,2.0,9.856797697764078,4.338613561197916,2.892836279947917,4.6218731171875,2.5634348958333333,3.5426085324013394
7883,14,5.221,3.414,119.144,6.403,3714,978,128.66,4.0,22.999194628116182,6.691846795572917,4.3757833671875,8.206836819010416,5.126869791666667,5.411423919108519
7884,4,2.734,1.863,90.0,3.162,3739,978,108.435,2.0,6.571198465176052,3.5042155026041666,2.38783960546875,4.0527905703125,2.5634348958333333,2.892527754271083
7885,1,1.128,1.128,0.0,1.414,119,979,135.0,1.0,1.642799616294013,1.4457772812499998,1.4457772812499998,1.8123484713541664,1.2817174479166666,1.4462638771355416
7886,60,9.869,7.741,154.962,15.264,238,983,148.392,11.508,98.56797697764078,12.649269493489582,9.921774764322915,19.564135125,14.750004390624998,11.202711820734644
7887,2,2.257,1.128,0.0,2.236,594,979,153.435,1.0,3.285599232588026,2.892836279947917,1.4457772812499998,2.865920213541667,1.2817174479166666,2.0453259898153786
7888,8,5.143,1.981,20.593,5.831,3609,982,30.964,2.846,13.142396930352104,6.591872834635416,2.539082264322917,7.473694438802084,3.6477678567708334,4.090651979630757
7889,1,1.128,1.128,0.0,1.414,3615,979,135.0,1.0,1.642799616294013,1.4457772812499998,1.4457772812499998,1.8123484713541664,1.2817174479166666,1.4462638771355416
7890,1,1.128,1.128,0.0,1.414,3770,979,135.0,1.0,1.642799616294013,1.4457772812499998,1.4457772812499998,1.8123484713541664,1.2817174479166666,1.4462638771355416
7891,4,2.257,2.257,0.0,2.828,362,980,135.0,2.0,6.571198465176052,2.892836279947917,2.892836279947917,3.624696942708333,2.5634348958333333,2.892527754271083
7892,3,2.365,1.615,45.0,2.828,3624,982,45.0,2.0,4.928398848882039,3.0312617643229167,2.069973678385417,3.624696942708333,2.5634348958333333,2.5050025163503102
7893,2,2.257,1.128,90.0,2.236,3645,980,116.565,1.0,3.285599232588026,2.892836279947917,1.4457772812499998,2.865920213541667,1.2817174479166666,2.0453259898153786
7894,3,2.365,1.615,135.0,2.828,3725,980,135.0,2.0,4.928398848882039,3.0312617643229167,2.069973678385417,3.624696942708333,2.5634348958333333,2.5050025163503102
7895,3,2.365,1.615,45.0,2.828,122,983,45.0,2.0,4.928398848882039,3.0312617643229167,2.069973678385417,3.624696942708333,2.5634348958333333,2.5050025163503102
7896,8,5.11,1.993,81.323,5.385,472,986,68.199,2.0,13.142396930352104,6.549576158854167,2.5544628736979167,6.90204845703125,2.5634348958333333,4.090651979630757
7897,1,1.128,1.128,0.0,1.414,632,981,135.0,1.0,1.642799616294013,1.4457772812499998,1.4457772812499998,1.8123484713541664,1.2817174479166666,1.4462638771355416
7898,1,1.128,1.128,0.0,1.414,3737,981,135.0,1.0,1.642799616294013,1.4457772812499998,1.4457772812499998,1.8123484713541664,1.2817174479166666,1.4462638771355416
7899,37,11.087,4.249,144.806,15.62,3771,982,140.194,7.656,60.783585802878484,14.210401345052082,5.446017436197916,20.02042653645833,9.81282878125,8.7972797207639
7900,2,2.257,1.128,90.0,2.236,3791,981,116.565,1.0,3.285599232588026,2.892836279947917,1.4457772812499998,2.865920213541667,1.2817174479166666,2.0453259898153786
7901,8,4.249,2.397,102.557,5.0,207,982,126.87,3.0,13.142396930352104,5.446017436197916,3.0722767226562495,6.408587239583333,3.8451523437499997,4.090651979630757
7902,2,2.257,1.128,90.0,2.236,251,982,116.565,1.0,3.285599232588026,2.892836279947917,1.4457772812499998,2.865920213541667,1.2817174479166666,2.0453259898153786
7903,17,6.309,3.431,15.434,7.211,306,986,33.69,4.0,27.927593476998222,8.08635537890625,4.3975725638020835,9.242464516927084,5.126869791666667,5.963098727945161
7904,4,2.734,1.863,0.0,3.162,320,983,161.565,2.0,6.571198465176052,3.5042155026041666,2.38783960546875,4.0527905703125,2.5634348958333333,2.892527754271083
7905,5,3.144,2.025,161.565,3.606,346,982,146.31,2.0,8.213998081470065,4.02971965625,2.59547783203125,4.6218731171875,2.5634348958333333,3.2339443426774745
7906,7,4.154,2.146,81.65,4.472,350,986,63.435,2.0,11.499597314058091,5.324254278645833,2.7505656432291663,5.731840427083334,2.5634348958333333,3.826454549076717
7907,12,5.512,2.772,150.724,6.708,372,982,153.435,4.0,19.713595395528156,7.064826572916666,3.5529207656249997,8.597760640625,5.126869791666667,5.0100050327006205
7908,3,2.365,1.615,45.0,2.828,440,984,45.0,2.0,4.928398848882039,3.0312617643229167,2.069973678385417,3.624696942708333,2.5634348958333333,2.5050025163503102
7909,5,3.144,2.025,108.435,3.606,3514,982,123.69,2.0,8.213998081470065,4.02971965625,2.59547783203125,4.6218731171875,2.5634348958333333,3.2339443426774745
7910,2,2.257,1.128,90.0,2.236,3573,982,116.565,1.0,3.285599232588026,2.892836279947917,1.4457772812499998,2.865920213541667,1.2817174479166666,2.0453259898153786
7911,4,3.192,1.596,161.565,3.606,3606,982,146.31,2.0,6.571198465176052,4.09124209375,2.045621046875,4.6218731171875,2.5634348958333333,2.892527754271083
7912,2,2.257,1.128,90.0,2.236,3697,982,116.565,1.0,3.285599232588026,2.892836279947917,1.4457772812499998,2.865920213541667,1.2817174479166666,2.0453259898153786
7913,11,4.384,3.195,105.071,5.0,3701,982,126.87,3.0,18.070795779234142,5.619049291666667,4.095087246093749,6.408587239583333,3.8451523437499997,4.796714628303253
7914,2,2.257,1.128,0.0,2.236,3722,982,153.435,1.0,3.285599232588026,2.892836279947917,1.4457772812499998,2.865920213541667,1.2817174479166666,2.0453259898153786
7915,1,1.128,1.128,0.0,1.414,165,983,135.0,1.0,1.642799616294013,1.4457772812499998,1.4457772812499998,1.8123484713541664,1.2817174479166666,1.4462638771355416
7916,2,2.257,1.128,0.0,2.236,170,983,153.435,1.0,3.285599232588026,2.892836279947917,1.4457772812499998,2.865920213541667,1.2817174479166666,2.0453259898153786
7917,1,1.128,1.128,0.0,1.414,285,983,135.0,1.0,1.642799616294013,1.4457772812499998,1.4457772812499998,1.8123484713541664,1.2817174479166666,1.4462638771355416
7918,6,3.385,2.257,90.0,3.606,428,983,123.69,2.0,9.856797697764078,4.338613561197916,2.892836279947917,4.6218731171875,2.5634348958333333,3.5426085324013394
7919,10,4.223,3.015,170.924,5.0,458,983,143.13,3.0,16.42799616294013,5.412692782552083,3.86437810546875,6.408587239583333,3.8451523437499997,4.573487949374228
7920,16,5.488,3.712,49.373,7.211,3343,989,56.31,5.547,26.28479386070421,7.034065354166667,4.7577351666666665,9.242464516927084,7.10968668359375,5.785055508542166
7921,2,2.257,1.128,0.0,2.236,3553,983,153.435,1.0,3.285599232588026,2.892836279947917,1.4457772812499998,2.865920213541667,1.2817174479166666,2.0453259898153786
7922,2,2.257,1.128,0.0,2.236,3582,983,153.435,1.0,3.285599232588026,2.892836279947917,1.4457772812499998,2.865920213541667,1.2817174479166666,2.0453259898153786
7923,1,1.128,1.128,0.0,1.414,3629,983,135.0,1.0,1.642799616294013,1.4457772812499998,1.4457772812499998,1.8123484713541664,1.2817174479166666,1.4462638771355416
7924,10,4.538,2.806,90.0,5.385,3632,988,68.199,3.0,16.42799616294013,5.816433778645833,3.596499158854167,6.90204845703125,3.8451523437499997,4.573487949374228
7925,2,2.257,1.128,0.0,2.236,3727,983,153.435,1.0,3.285599232588026,2.892836279947917,1.4457772812499998,2.865920213541667,1.2817174479166666,2.0453259898153786
7926,3,3.213,1.189,151.845,3.606,141,984,146.31,1.789,4.928398848882039,4.11815816015625,1.5239620455729168,4.6218731171875,2.2929925143229166,2.5050025163503102
7927,8,4.514,2.257,90.0,4.472,194,984,116.565,2.0,13.142396930352104,5.785672559895834,2.892836279947917,5.731840427083334,2.5634348958333333,4.090651979630757
7928,4,2.734,1.863,90.0,3.162,273,984,108.435,2.0,6.571198465176052,3.5042155026041666,2.38783960546875,4.0527905703125,2.5634348958333333,2.892527754271083
7929,16,5.015,4.062,27.99,5.831,295,987,30.964,4.0,26.28479386070421,6.427813001302082,5.2063362734375005,7.473694438802084,5.126869791666667,5.785055508542166
7930,3,2.365,1.615,45.0,2.828,3342,986,45.0,2.0,4.928398848882039,3.0312617643229167,2.069973678385417,3.624696942708333,2.5634348958333333,2.5050025163503102
7931,6,3.14,2.433,135.0,3.606,3791,984,123.69,2.828,9.856797697764078,4.024592786458333,3.1184185507812496,4.6218731171875,3.624696942708333,3.5426085324013394
7932,102,21.69,5.987,29.38,29.206,195,1004,38.047,11.255,167.56556086198933,27.8004514453125,7.673642360677083,37.43383978385417,14.425729876302084,14.606549169305087
7933,2,2.257,1.128,0.0,2.236,396,985,153.435,1.0,3.285599232588026,2.892836279947917,1.4457772812499998,2.865920213541667,1.2817174479166666,2.0453259898153786
7934,1,1.128,1.128,0.0,1.414,536,985,135.0,1.0,1.642799616294013,1.4457772812499998,1.4457772812499998,1.8123484713541664,1.2817174479166666,1.4462638771355416
7935,1,1.128,1.128,0.0,1.414,3557,985,135.0,1.0,1.642799616294013,1.4457772812499998,1.4457772812499998,1.8123484713541664,1.2817174479166666,1.4462638771355416
7936,2,2.257,1.128,0.0,2.236,3645,985,153.435,1.0,3.285599232588026,2.892836279947917,1.4457772812499998,2.865920213541667,1.2817174479166666,2.0453259898153786
7937,1,1.128,1.128,0.0,1.414,3780,985,135.0,1.0,1.642799616294013,1.4457772812499998,1.4457772812499998,1.8123484713541664,1.2817174479166666,1.4462638771355416
7938,17,5.804,3.729,119.343,8.062,192,986,119.745,5.0,27.927593476998222,7.439088067708334,4.77952436328125,10.333206065104166,6.408587239583333,5.963098727945161
7939,4,3.192,1.596,18.435,3.606,197,988,33.69,2.0,6.571198465176052,4.09124209375,2.045621046875,4.6218731171875,2.5634348958333333,2.892527754271083
7940,14,4.398,4.053,22.955,5.657,222,986,135.0,4.0,22.999194628116182,5.6369933359374995,5.19480081640625,7.250675602864583,5.126869791666667,5.411423919108519
7941,5,4.076,1.562,110.994,4.472,230,986,116.565,2.0,8.213998081470065,5.224280317708333,2.0020426536458333,5.731840427083334,2.5634348958333333,3.2339443426774745
7942,6,3.995,1.912,80.538,4.472,3588,990,63.435,2.0,9.856797697764078,5.120461204427083,2.4506437604166664,5.731840427083334,2.5634348958333333,3.5426085324013394
7943,3,3.385,1.128,0.0,3.162,3591,986,161.565,1.0,4.928398848882039,4.338613561197916,1.4457772812499998,4.0527905703125,1.2817174479166666,2.5050025163503102
7944,49,11.486,5.432,163.938,13.416,3682,986,153.435,7.589,80.49718119840664,14.721806606770834,6.962289177083334,17.19552128125,9.726953712239583,10.12384713994879
7945,69,12.968,6.775,42.377,17.205,3730,998,35.538,12.005,113.3531735242869,16.621311864583333,8.683635709635418,22.05194869140625,15.387017962239584,12.013570033890504
7946,25,8.732,3.645,27.295,12.207,252,994,34.992,5.367,41.069990407350325,11.191956755208333,4.67186009765625,15.64592488671875,6.87897754296875,7.231319385677708
7947,5,3.144,2.025,161.565,3.606,276,987,146.31,2.0,8.213998081470065,4.02971965625,2.59547783203125,4.6218731171875,2.5634348958333333,3.2339443426774745
7948,1,1.128,1.128,0.0,1.414,3547,987,135.0,1.0,1.642799616294013,1.4457772812499998,1.4457772812499998,1.8123484713541664,1.2817174479166666,1.4462638771355416
7949,1,1.128,1.128,0.0,1.414,3625,987,135.0,1.0,1.642799616294013,1.4457772812499998,1.4457772812499998,1.8123484713541664,1.2817174479166666,1.4462638771355416
7950,1,1.128,1.128,0.0,1.414,3679,987,135.0,1.0,1.642799616294013,1.4457772812499998,1.4457772812499998,1.8123484713541664,1.2817174479166666,1.4462638771355416
7951,3,2.365,1.615,45.0,2.828,3762,989,45.0,2.0,4.928398848882039,3.0312617643229167,2.069973678385417,3.624696942708333,2.5634348958333333,2.5050025163503102
7952,1,1.128,1.128,0.0,1.414,0,988,135.0,1.0,1.642799616294013,1.4457772812499998,1.4457772812499998,1.8123484713541664,1.2817174479166666,1.4462638771355416
7953,98,12.239,10.195,112.374,18.601,276,993,143.746,15.508,160.99436239681327,15.686939845052084,13.067109381510416,23.841226248697915,19.876874182291665,14.317281928707649
7954,35,8.744,5.096,119.506,10.0,324,988,126.87,6.0,57.49798657029046,11.207337364583333,6.531632114583333,12.817174479166667,7.690304687499999,8.556212484548844
7955,8,4.514,2.257,90.0,4.472,432,988,116.565,2.0,13.142396930352104,5.785672559895834,2.892836279947917,5.731840427083334,2.5634348958333333,4.090651979630757
7956,1,1.128,1.128,0.0,1.414,447,988,135.0,1.0,1.642799616294013,1.4457772812499998,1.4457772812499998,1.8123484713541664,1.2817174479166666,1.4462638771355416
7957,16,4.854,4.197,170.702,5.831,3616,988,149.036,4.0,26.28479386070421,6.2214564921875,5.37936812890625,7.473694438802084,5.126869791666667,5.785055508542166
7958,1,1.128,1.128,0.0,1.414,3639,988,135.0,1.0,1.642799616294013,1.4457772812499998,1.4457772812499998,1.8123484713541664,1.2817174479166666,1.4462638771355416
7959,1,1.128,1.128,0.0,1.414,3641,988,135.0,1.0,1.642799616294013,1.4457772812499998,1.4457772812499998,1.8123484713541664,1.2817174479166666,1.4462638771355416
7960,6,4.224,1.809,0.0,4.472,3666,988,153.435,2.0,9.856797697764078,5.4139745,2.3186268632812497,5.731840427083334,2.5634348958333333,3.5426085324013394
7961,5,3.927,1.621,76.717,4.472,3705,992,63.435,2.0,8.213998081470065,5.03330441796875,2.0776639830729167,5.731840427083334,2.5634348958333333,3.2339443426774745
7962,3,2.365,1.615,45.0,2.828,3708,990,45.0,2.0,4.928398848882039,3.0312617643229167,2.069973678385417,3.624696942708333,2.5634348958333333,2.5050025163503102
7963,72,17.507,5.236,109.988,21.84,3750,988,105.945,10.246,118.28157237316894,22.439027360677084,6.711072557291666,27.992709062499998,13.132476971354167,12.27195593889227
7964,1,1.128,1.128,0.0,1.414,171,989,135.0,1.0,1.642799616294013,1.4457772812499998,1.4457772812499998,1.8123484713541664,1.2817174479166666,1.4462638771355416
7965,11,5.875,2.384,118.284,6.403,178,989,128.66,3.13,18.070795779234142,7.530090006510417,3.055614395833333,8.206836819010416,4.011775611979166,4.796714628303253
7966,132,16.107,10.434,69.335,20.0,228,1006,53.13,14.708,216.84954935080972,20.644622933593748,13.373439851562498,25.634348958333334,18.851500223958332,16.616306891260194
7967,2,2.257,1.128,90.0,2.236,273,989,116.565,1.0,3.285599232588026,2.892836279947917,1.4457772812499998,2.865920213541667,1.2817174479166666,2.0453259898153786
7968,1,1.128,1.128,0.0,1.414,381,989,135.0,1.0,1.642799616294013,1.4457772812499998,1.4457772812499998,1.8123484713541664,1.2817174479166666,1.4462638771355416
7969,3,2.365,1.615,135.0,2.828,2670,989,135.0,2.0,4.928398848882039,3.0312617643229167,2.069973678385417,3.624696942708333,2.5634348958333333,2.5050025163503102
7970,1,1.128,1.128,0.0,1.414,3591,989,135.0,1.0,1.642799616294013,1.4457772812499998,1.4457772812499998,1.8123484713541664,1.2817174479166666,1.4462638771355416
7971,1,1.128,1.128,0.0,1.414,3700,989,135.0,1.0,1.642799616294013,1.4457772812499998,1.4457772812499998,1.8123484713541664,1.2817174479166666,1.4462638771355416
7972,1,1.128,1.128,0.0,1.414,3748,989,135.0,1.0,1.642799616294013,1.4457772812499998,1.4457772812499998,1.8123484713541664,1.2817174479166666,1.4462638771355416
7973,4,2.257,2.257,0.0,2.828,168,990,135.0,2.0,6.571198465176052,2.892836279947917,2.892836279947917,3.624696942708333,2.5634348958333333,2.892527754271083
7974,1,1.128,1.128,0.0,1.414,219,990,135.0,1.0,1.642799616294013,1.4457772812499998,1.4457772812499998,1.8123484713541664,1.2817174479166666,1.4462638771355416
7975,4,2.734,1.863,90.0,3.162,265,990,108.435,2.0,6.571198465176052,3.5042155026041666,2.38783960546875,4.0527905703125,2.5634348958333333,2.892527754271083
7976,3,2.365,1.615,45.0,2.828,270,992,45.0,2.0,4.928398848882039,3.0312617643229167,2.069973678385417,3.624696942708333,2.5634348958333333,2.5050025163503102
7977,2,2.257,1.128,0.0,2.236,302,990,153.435,1.0,3.285599232588026,2.892836279947917,1.4457772812499998,2.865920213541667,1.2817174479166666,2.0453259898153786
7978,5,3.145,2.025,40.935,4.243,443,993,45.0,2.828,8.213998081470065,4.031001373697917,2.59547783203125,5.438327131510417,3.624696942708333,3.2339443426774745
7979,9,5.229,2.191,175.269,5.385,498,990,158.199,2.0,14.785196546646118,6.70210053515625,2.8082429283854164,6.90204845703125,2.5634348958333333,4.338791631406624
7980,5,3.144,2.025,108.435,3.606,3638,990,123.69,2.0,8.213998081470065,4.02971965625,2.59547783203125,4.6218731171875,2.5634348958333333,3.2339443426774745
7981,3,2.365,1.615,135.0,2.828,3675,990,135.0,2.0,4.928398848882039,3.0312617643229167,2.069973678385417,3.624696942708333,2.5634348958333333,2.5050025163503102
7982,14,5.36,3.326,163.109,6.708,3720,991,153.435,4.0,22.999194628116182,6.870005520833334,4.262992231770833,8.597760640625,5.126869791666667,5.411423919108519
7983,1,1.128,1.128,0.0,1.414,123,991,135.0,1.0,1.642799616294013,1.4457772812499998,1.4457772812499998,1.8123484713541664,1.2817174479166666,1.4462638771355416
7984,3,3.213,1.189,28.155,3.606,183,993,33.69,1.789,4.928398848882039,4.11815816015625,1.5239620455729168,4.6218731171875,2.2929925143229166,2.5050025163503102
7985,4,3.216,1.583,148.283,3.606,295,991,146.31,2.0,6.571198465176052,4.1220033125,2.028958720052083,4.6218731171875,2.5634348958333333,2.892527754271083
7986,5,3.144,2.025,108.435,3.606,532,991,123.69,2.0,8.213998081470065,4.02971965625,2.59547783203125,4.6218731171875,2.5634348958333333,3.2339443426774745
7987,2,2.257,1.128,0.0,2.236,3764,991,153.435,1.0,3.285599232588026,2.892836279947917,1.4457772812499998,2.865920213541667,1.2817174479166666,2.0453259898153786
7988,1,1.128,1.128,0.0,1.414,3790,991,135.0,1.0,1.642799616294013,1.4457772812499998,1.4457772812499998,1.8123484713541664,1.2817174479166666,1.4462638771355416
7989,1,1.128,1.128,0.0,1.414,3804,991,135.0,1.0,1.642799616294013,1.4457772812499998,1.4457772812499998,1.8123484713541664,1.2817174479166666,1.4462638771355416
7990,1,1.128,1.128,0.0,1.414,173,992,135.0,1.0,1.642799616294013,1.4457772812499998,1.4457772812499998,1.8123484713541664,1.2817174479166666,1.4462638771355416
7991,6,4.339,1.761,54.751,5.0,291,996,53.13,2.683,9.856797697764078,5.5613720065104175,2.25710442578125,6.408587239583333,3.4388479127604166,3.5426085324013394
7992,1,1.128,1.128,0.0,1.414,3609,992,135.0,1.0,1.642799616294013,1.4457772812499998,1.4457772812499998,1.8123484713541664,1.2817174479166666,1.4462638771355416
7993,5,3.144,2.025,18.435,3.606,3641,994,33.69,2.0,8.213998081470065,4.02971965625,2.59547783203125,4.6218731171875,2.5634348958333333,3.2339443426774745
7994,4,2.257,2.257,0.0,2.828,3656,992,135.0,2.0,6.571198465176052,2.892836279947917,2.892836279947917,3.624696942708333,2.5634348958333333,2.892527754271083
7995,10,4.456,2.857,108.222,5.0,3708,992,126.87,3.0,16.42799616294013,5.7113329479166675,3.661866748697917,6.408587239583333,3.8451523437499997,4.573487949374228
7996,23,6.418,4.563,79.988,7.211,3783,998,56.31,5.0,37.7843911747623,8.226062580729167,5.848476714843749,9.242464516927084,6.408587239583333,6.936037892995103
7997,7,3.086,2.888,0.0,3.606,3826,992,123.69,3.0,11.499597314058091,3.955380044270833,3.701599989583333,4.6218731171875,3.8451523437499997,3.826454549076717
7998,23,6.632,4.416,173.773,8.544,168,994,159.444,6.0,37.7843911747623,8.500350114583332,5.6600642500000005,10.950993875,7.690304687499999,6.936037892995103
7999,11,4.826,2.902,60.051,6.403,247,998,51.34,4.0,18.070795779234142,6.185568403645833,3.719544033854167,8.206836819010416,5.126869791666667,4.796714628303253
8000,10,4.839,2.631,61.003,6.403,300,998,51.34,3.883,16.42799616294013,6.2022307304687505,3.37219860546875,8.206836819010416,4.976908850260417,4.573487949374228
8001,2,2.257,1.128,0.0,2.236,504,993,153.435,1.0,3.285599232588026,2.892836279947917,1.4457772812499998,2.865920213541667,1.2817174479166666,2.0453259898153786
8002,1,1.128,1.128,0.0,1.414,3630,993,135.0,1.0,1.642799616294013,1.4457772812499998,1.4457772812499998,1.8123484713541664,1.2817174479166666,1.4462638771355416
8003,295,33.497,11.213,112.17,46.84,3763,993,106.113,21.701,484.62588680673383,42.93368935286458,14.371897743489582,60.03564526041667,27.814550337239584,24.840397836600825
8004,8,5.666,1.798,4.731,6.083,218,995,170.538,2.0,13.142396930352104,7.262211059895834,2.3045279713541666,7.7966872356770835,2.5634348958333333,4.090651979630757
8005,5,3.144,2.025,18.435,3.606,298,996,33.69,2.0,8.213998081470065,4.02971965625,2.59547783203125,4.6218731171875,2.5634348958333333,3.2339443426774745
8006,1,1.128,1.128,0.0,1.414,311,994,135.0,1.0,1.642799616294013,1.4457772812499998,1.4457772812499998,1.8123484713541664,1.2817174479166666,1.4462638771355416
8007,13,4.484,3.691,148.575,5.657,316,994,135.0,4.0,21.35639501182217,5.747221036458333,4.730819100260416,7.250675602864583,5.126869791666667,5.214578566863546
8008,13,4.359,3.797,13.776,5.0,426,994,143.13,4.0,21.35639501182217,5.58700635546875,4.866681149739583,6.408587239583333,5.126869791666667,5.214578566863546
8009,2,2.257,1.128,90.0,2.236,3713,994,116.565,1.0,3.285599232588026,2.892836279947917,1.4457772812499998,2.865920213541667,1.2817174479166666,2.0453259898153786
8010,5,3.144,2.025,71.565,3.606,254,998,56.31,2.0,8.213998081470065,4.02971965625,2.59547783203125,4.6218731171875,2.5634348958333333,3.2339443426774745
8011,2,2.257,1.128,0.0,2.236,260,995,153.435,1.0,3.285599232588026,2.892836279947917,1.4457772812499998,2.865920213541667,1.2817174479166666,2.0453259898153786
8012,1,1.128,1.128,0.0,1.414,305,995,135.0,1.0,1.642799616294013,1.4457772812499998,1.4457772812499998,1.8123484713541664,1.2817174479166666,1.4462638771355416
8013,2,2.257,1.128,0.0,2.236,3600,995,153.435,1.0,3.285599232588026,2.892836279947917,1.4457772812499998,2.865920213541667,1.2817174479166666,2.0453259898153786
8014,1,1.128,1.128,0.0,1.414,3682,995,135.0,1.0,1.642799616294013,1.4457772812499998,1.4457772812499998,1.8123484713541664,1.2817174479166666,1.4462638771355416
8015,3,2.365,1.615,45.0,2.828,3725,997,45.0,2.0,4.928398848882039,3.0312617643229167,2.069973678385417,3.624696942708333,2.5634348958333333,2.5050025163503102
8016,1,1.128,1.128,0.0,1.414,3760,995,135.0,1.0,1.642799616294013,1.4457772812499998,1.4457772812499998,1.8123484713541664,1.2817174479166666,1.4462638771355416
8017,16,4.514,4.514,0.0,5.657,3775,995,135.0,4.0,26.28479386070421,5.785672559895834,5.785672559895834,7.250675602864583,5.126869791666667,5.785055508542166
8018,47,12.618,4.743,87.745,14.142,104,996,98.13,6.0,77.21158196581861,16.1727107578125,6.07918585546875,18.126048148437498,7.690304687499999,9.915085602678126
8019,7,4.566,1.952,123.401,5.0,113,996,126.87,2.683,11.499597314058091,5.8523218671874995,2.5019124583333334,6.408587239583333,3.4388479127604166,3.826454549076717
8020,15,5.114,3.735,27.376,5.831,265,999,30.964,4.0,24.641994244410196,6.554703028645833,4.78721466796875,7.473694438802084,5.126869791666667,5.601355910367322
8021,6,3.416,2.236,90.0,4.123,409,996,104.036,3.0,9.856797697764078,4.378346802083333,2.865920213541667,5.284521037760417,3.8451523437499997,3.5426085324013394
8022,5,3.144,2.025,108.435,3.606,504,996,123.69,2.0,8.213998081470065,4.02971965625,2.59547783203125,4.6218731171875,2.5634348958333333,3.2339443426774745
8023,1,1.128,1.128,0.0,1.414,3389,996,135.0,1.0,1.642799616294013,1.4457772812499998,1.4457772812499998,1.8123484713541664,1.2817174479166666,1.4462638771355416
8024,11,5.197,2.695,109.736,6.083,3583,996,99.462,3.638,18.070795779234142,6.6610855768229165,3.4542285221354163,7.7966872356770835,4.662888075520833,4.796714628303253
8025,1,1.128,1.128,0.0,1.414,3597,996,135.0,1.0,1.642799616294013,1.4457772812499998,1.4457772812499998,1.8123484713541664,1.2817174479166666,1.4462638771355416
8026,2,2.596,0.981,135.0,2.828,3659,996,135.0,1.414,3.285599232588026,3.327338494791667,1.2573648164062499,3.624696942708333,1.8123484713541664,2.0453259898153786
8027,27,8.055,4.268,114.413,11.18,3743,996,116.565,5.754,44.35558963993835,10.32423404296875,5.470370067708333,14.329601067708333,7.375002195312499,7.515007549050931
8028,4,2.257,2.257,0.0,2.828,242,997,135.0,2.0,6.571198465176052,2.892836279947917,2.892836279947917,3.624696942708333,2.5634348958333333,2.892527754271083
8029,1,1.128,1.128,0.0,1.414,399,997,135.0,1.0,1.642799616294013,1.4457772812499998,1.4457772812499998,1.8123484713541664,1.2817174479166666,1.4462638771355416
8030,1,1.128,1.128,0.0,1.414,519,997,135.0,1.0,1.642799616294013,1.4457772812499998,1.4457772812499998,1.8123484713541664,1.2817174479166666,1.4462638771355416
8031,2,2.257,1.128,0.0,2.236,3628,997,153.435,1.0,3.285599232588026,2.892836279947917,1.4457772812499998,2.865920213541667,1.2817174479166666,2.0453259898153786
8032,9,4.196,2.731,173.953,4.472,3648,998,153.435,3.0,14.785196546646118,5.378086411458333,3.5003703502604164,5.731840427083334,3.8451523437499997,4.338791631406624
8033,3,2.365,1.615,135.0,2.828,3668,997,135.0,2.0,4.928398848882039,3.0312617643229167,2.069973678385417,3.624696942708333,2.5634348958333333,2.5050025163503102
8034,1,1.128,1.128,0.0,1.414,3791,997,135.0,1.0,1.642799616294013,1.4457772812499998,1.4457772812499998,1.8123484713541664,1.2817174479166666,1.4462638771355416
8035,1,1.128,1.128,0.0,1.414,295,998,135.0,1.0,1.642799616294013,1.4457772812499998,1.4457772812499998,1.8123484713541664,1.2817174479166666,1.4462638771355416
8036,5,3.144,2.025,71.565,3.606,449,1001,56.31,2.0,8.213998081470065,4.02971965625,2.59547783203125,4.6218731171875,2.5634348958333333,3.2339443426774745
8037,1,1.128,1.128,0.0,1.414,3562,998,135.0,1.0,1.642799616294013,1.4457772812499998,1.4457772812499998,1.8123484713541664,1.2817174479166666,1.4462638771355416
8038,1,1.128,1.128,0.0,1.414,3693,998,135.0,1.0,1.642799616294013,1.4457772812499998,1.4457772812499998,1.8123484713541664,1.2817174479166666,1.4462638771355416
8039,11,3.921,3.572,78.69,5.0,3709,998,126.87,4.0,18.070795779234142,5.025614113281249,4.578294723958333,6.408587239583333,5.126869791666667,4.796714628303253
8040,1,1.128,1.128,0.0,1.414,3727,998,135.0,1.0,1.642799616294013,1.4457772812499998,1.4457772812499998,1.8123484713541664,1.2817174479166666,1.4462638771355416
8041,9,3.685,3.109,82.372,4.472,3737,1002,63.435,3.0,14.785196546646118,4.723128795572917,3.9848595455729168,5.731840427083334,3.8451523437499997,4.338791631406624
8042,1,1.128,1.128,0.0,1.414,126,999,135.0,1.0,1.642799616294013,1.4457772812499998,1.4457772812499998,1.8123484713541664,1.2817174479166666,1.4462638771355416
8043,106,16.469,8.195,114.129,23.431,139,1002,129.806,13.864,174.13675932716538,21.108604649739583,10.503674485677083,30.031921522135416,17.769730697916668,14.890197965257402
8044,4,4.514,1.128,0.0,4.123,3630,999,165.964,1.0,6.571198465176052,5.785672559895834,1.4457772812499998,5.284521037760417,1.2817174479166666,2.892527754271083
8045,1,1.128,1.128,0.0,1.414,101,1000,135.0,1.0,1.642799616294013,1.4457772812499998,1.4457772812499998,1.8123484713541664,1.2817174479166666,1.4462638771355416
8046,1,1.128,1.128,0.0,1.414,177,1000,135.0,1.0,1.642799616294013,1.4457772812499998,1.4457772812499998,1.8123484713541664,1.2817174479166666,1.4462638771355416
8047,1,1.128,1.128,0.0,1.414,214,1000,135.0,1.0,1.642799616294013,1.4457772812499998,1.4457772812499998,1.8123484713541664,1.2817174479166666,1.4462638771355416
8048,3,3.213,1.189,151.845,3.606,3471,1000,146.31,1.789,4.928398848882039,4.11815816015625,1.5239620455729168,4.6218731171875,2.2929925143229166,2.5050025163503102
8049,2,2.257,1.128,0.0,2.236,3640,1000,153.435,1.0,3.285599232588026,2.892836279947917,1.4457772812499998,2.865920213541667,1.2817174479166666,2.0453259898153786
8050,15,6.15,3.106,58.057,7.211,3640,1006,56.31,4.0,24.641994244410196,7.8825623046875,3.9810143932291666,9.242464516927084,5.126869791666667,5.601355910367322
8051,2,2.257,1.128,0.0,2.236,3715,1000,153.435,1.0,3.285599232588026,2.892836279947917,1.4457772812499998,2.865920213541667,1.2817174479166666,2.0453259898153786
8052,29,7.119,5.187,36.316,8.602,3722,1006,35.538,6.0,47.64118887252638,9.12454651171875,6.64826840234375,11.025333486979166,7.690304687499999,7.788369332980218
8053,2,2.257,1.128,90.0,2.236,3777,1000,116.565,1.0,3.285599232588026,2.892836279947917,1.4457772812499998,2.865920213541667,1.2817174479166666,2.0453259898153786
8054,3,2.365,1.615,45.0,2.828,3786,1002,45.0,2.0,4.928398848882039,3.0312617643229167,2.069973678385417,3.624696942708333,2.5634348958333333,2.5050025163503102
8055,1,1.128,1.128,0.0,1.414,3795,1000,135.0,1.0,1.642799616294013,1.4457772812499998,1.4457772812499998,1.8123484713541664,1.2817174479166666,1.4462638771355416
8056,2,2.257,1.128,0.0,2.236,112,1001,153.435,1.0,3.285599232588026,2.892836279947917,1.4457772812499998,2.865920213541667,1.2817174479166666,2.0453259898153786
8057,11,5.412,2.588,167.035,6.708,171,1001,153.435,3.638,18.070795779234142,6.936654828125,3.3170847552083336,8.597760640625,4.662888075520833,4.796714628303253
8058,1,1.128,1.128,0.0,1.414,182,1001,135.0,1.0,1.642799616294013,1.4457772812499998,1.4457772812499998,1.8123484713541664,1.2817174479166666,1.4462638771355416
8059,2,2.257,1.128,0.0,2.236,184,1001,153.435,1.0,3.285599232588026,2.892836279947917,1.4457772812499998,2.865920213541667,1.2817174479166666,2.0453259898153786
8060,1,1.128,1.128,0.0,1.414,199,1001,135.0,1.0,1.642799616294013,1.4457772812499998,1.4457772812499998,1.8123484713541664,1.2817174479166666,1.4462638771355416
8061,2,2.257,1.128,0.0,2.236,606,1001,153.435,1.0,3.285599232588026,2.892836279947917,1.4457772812499998,2.865920213541667,1.2817174479166666,2.0453259898153786
8062,1,1.128,1.128,0.0,1.414,3476,1001,135.0,1.0,1.642799616294013,1.4457772812499998,1.4457772812499998,1.8123484713541664,1.2817174479166666,1.4462638771355416
8063,4,2.257,2.257,0.0,2.828,3695,1001,135.0,2.0,6.571198465176052,2.892836279947917,2.892836279947917,3.624696942708333,2.5634348958333333,2.892527754271083
8064,9,5.251,2.182,160.536,5.831,98,1002,149.036,2.846,14.785196546646118,6.730298319010417,2.7967074713541664,7.473694438802084,3.6477678567708334,4.338791631406624
8065,1,1.128,1.128,0.0,1.414,123,1002,135.0,1.0,1.642799616294013,1.4457772812499998,1.4457772812499998,1.8123484713541664,1.2817174479166666,1.4462638771355416
8066,1,1.128,1.128,0.0,1.414,223,1002,135.0,1.0,1.642799616294013,1.4457772812499998,1.4457772812499998,1.8123484713541664,1.2817174479166666,1.4462638771355416
8067,1,1.128,1.128,0.0,1.414,243,1002,135.0,1.0,1.642799616294013,1.4457772812499998,1.4457772812499998,1.8123484713541664,1.2817174479166666,1.4462638771355416
8068,3,3.385,1.128,90.0,3.162,345,1002,108.435,1.0,4.928398848882039,4.338613561197916,1.4457772812499998,4.0527905703125,1.2817174479166666,2.5050025163503102
8069,1,1.128,1.128,0.0,1.414,507,1002,135.0,1.0,1.642799616294013,1.4457772812499998,1.4457772812499998,1.8123484713541664,1.2817174479166666,1.4462638771355416
8070,1,1.128,1.128,0.0,1.414,3563,1002,135.0,1.0,1.642799616294013,1.4457772812499998,1.4457772812499998,1.8123484713541664,1.2817174479166666,1.4462638771355416
8071,18,5.336,4.295,0.0,6.325,3654,1004,161.565,5.0,29.570393093292235,6.839244302083333,5.504976438802083,8.106862858072917,6.408587239583333,6.135977969446135
8072,5,3.144,2.025,161.565,3.606,3671,1002,146.31,2.0,8.213998081470065,4.02971965625,2.59547783203125,4.6218731171875,2.5634348958333333,3.2339443426774745
8073,4,4.514,1.128,90.0,4.123,3749,1002,104.036,1.0,6.571198465176052,5.785672559895834,1.4457772812499998,5.284521037760417,1.2817174479166666,2.892527754271083
8074,1,1.128,1.128,0.0,1.414,16,1003,135.0,1.0,1.642799616294013,1.4457772812499998,1.4457772812499998,1.8123484713541664,1.2817174479166666,1.4462638771355416
8075,1,1.128,1.128,0.0,1.414,137,1003,135.0,1.0,1.642799616294013,1.4457772812499998,1.4457772812499998,1.8123484713541664,1.2817174479166666,1.4462638771355416
8076,83,13.914,7.595,45.73,20.0,156,1020,53.13,12.164,136.35236815240307,17.8338165703125,9.734644016927083,25.634348958333334,15.590811036458332,13.17609099055906
8077,2,2.257,1.128,0.0,2.236,204,1003,153.435,1.0,3.285599232588026,2.892836279947917,1.4457772812499998,2.865920213541667,1.2817174479166666,2.0453259898153786
8078,11,4.794,2.922,15.862,5.831,215,1006,30.964,3.0,18.070795779234142,6.144553445312499,3.7451783828125,7.473694438802084,3.8451523437499997,4.796714628303253
8079,16,6.558,3.107,60.672,7.616,223,1010,66.801,4.025,26.28479386070421,8.4055030234375,3.9822961106770833,9.761560083333332,5.158912727864584,5.785055508542166
8080,9,4.919,2.33,14.991,5.831,299,1006,30.964,2.91,14.785196546646118,6.304768126302083,2.9864016536458333,7.473694438802084,3.7297977734375003,4.338791631406624
8081,1,1.128,1.128,0.0,1.414,316,1003,135.0,1.0,1.642799616294013,1.4457772812499998,1.4457772812499998,1.8123484713541664,1.2817174479166666,1.4462638771355416
8082,2,2.257,1.128,0.0,2.236,384,1003,153.435,1.0,3.285599232588026,2.892836279947917,1.4457772812499998,2.865920213541667,1.2817174479166666,2.0453259898153786
8083,2,2.257,1.128,90.0,2.236,487,1003,116.565,1.0,3.285599232588026,2.892836279947917,1.4457772812499998,2.865920213541667,1.2817174479166666,2.0453259898153786
8084,4,3.192,1.596,108.435,3.606,514,1003,123.69,2.0,6.571198465176052,4.09124209375,2.045621046875,4.6218731171875,2.5634348958333333,2.892527754271083
8085,2,2.257,1.128,0.0,2.236,3602,1003,153.435,1.0,3.285599232588026,2.892836279947917,1.4457772812499998,2.865920213541667,1.2817174479166666,2.0453259898153786
8086,2,2.596,0.981,45.0,2.828,3677,1005,45.0,1.414,3.285599232588026,3.327338494791667,1.2573648164062499,3.624696942708333,1.8123484713541664,2.0453259898153786
8087,30,7.161,5.334,169.237,9.487,3728,1007,18.435,7.761,49.28398848882039,9.17837864453125,6.836680867187499,12.159653428385417,9.94740911328125,7.921513496120161
8088,112,13.673,10.43,177.616,19.235,111,1020,27.897,15.598,183.99355702492946,17.52492266536458,13.368312981770833,24.653835110677083,19.992228752604166,15.305818196306868
8089,3,2.365,1.615,45.0,2.828,120,1006,45.0,2.0,4.928398848882039,3.0312617643229167,2.069973678385417,3.624696942708333,2.5634348958333333,2.5050025163503102
8090,6,4.134,1.848,77.067,4.472,124,1008,63.435,2.0,9.856797697764078,5.298619929687501,2.36861384375,5.731840427083334,2.5634348958333333,3.5426085324013394
8091,8,4.514,2.257,0.0,4.472,209,1004,153.435,2.0,13.142396930352104,5.785672559895834,2.892836279947917,5.731840427083334,2.5634348958333333,4.090651979630757
8092,23,7.3,4.012,46.27,8.602,251,1011,35.538,5.488,37.7843911747623,9.356537369791667,5.142250401041666,11.025333486979166,7.034065354166667,6.936037892995103
8093,15,4.659,4.099,135.0,5.657,274,1004,135.0,4.0,24.641994244410196,5.97152158984375,5.253759819010416,7.250675602864583,5.126869791666667,5.601355910367322
8094,1,1.128,1.128,0.0,1.414,285,1004,135.0,1.0,1.642799616294013,1.4457772812499998,1.4457772812499998,1.8123484713541664,1.2817174479166666,1.4462638771355416
8095,5,3.732,1.706,84.848,4.123,381,1004,104.036,2.0,8.213998081470065,4.783369515625,2.1866099661458334,5.284521037760417,2.5634348958333333,3.2339443426774745
8096,4,2.257,2.257,0.0,2.828,466,1004,135.0,2.0,6.571198465176052,2.892836279947917,2.892836279947917,3.624696942708333,2.5634348958333333,2.892527754271083
8097,1,1.128,1.128,0.0,1.414,3379,1004,135.0,1.0,1.642799616294013,1.4457772812499998,1.4457772812499998,1.8123484713541664,1.2817174479166666,1.4462638771355416
8098,1,1.128,1.128,0.0,1.414,3683,1004,135.0,1.0,1.642799616294013,1.4457772812499998,1.4457772812499998,1.8123484713541664,1.2817174479166666,1.4462638771355416
8099,48,10.686,5.719,130.871,12.806,3708,1004,128.66,8.485,78.85438158211262,13.696432648437499,7.330142084635417,16.413673638020832,10.875372545572915,10.020010065401241
8100,523,50.802,13.108,128.893,67.201,3777,1006,126.529,25.478,859.1841993217688,65.1138097890625,16.800752307291667,86.1326942174479,32.65559713802084,33.07488809968415
8101,1,1.128,1.128,0.0,1.414,16,1005,135.0,1.0,1.642799616294013,1.4457772812499998,1.4457772812499998,1.8123484713541664,1.2817174479166666,1.4462638771355416
8102,1,1.128,1.128,0.0,1.414,409,1005,135.0,1.0,1.642799616294013,1.4457772812499998,1.4457772812499998,1.8123484713541664,1.2817174479166666,1.4462638771355416
8103,1,1.128,1.128,0.0,1.414,506,1005,135.0,1.0,1.642799616294013,1.4457772812499998,1.4457772812499998,1.8123484713541664,1.2817174479166666,1.4462638771355416
8104,2,2.257,1.128,0.0,2.236,508,1005,153.435,1.0,3.285599232588026,2.892836279947917,1.4457772812499998,2.865920213541667,1.2817174479166666,2.0453259898153786
8105,5,3.144,2.025,108.435,3.606,3608,1005,123.69,2.0,8.213998081470065,4.02971965625,2.59547783203125,4.6218731171875,2.5634348958333333,3.2339443426774745
8106,4,3.216,1.583,121.717,3.606,3719,1005,123.69,2.0,6.571198465176052,4.1220033125,2.028958720052083,4.6218731171875,2.5634348958333333,2.892527754271083
8107,3,2.365,1.615,135.0,2.828,132,1006,135.0,2.0,4.928398848882039,3.0312617643229167,2.069973678385417,3.624696942708333,2.5634348958333333,2.5050025163503102
8108,3,2.365,1.615,45.0,2.828,172,1008,45.0,2.0,4.928398848882039,3.0312617643229167,2.069973678385417,3.624696942708333,2.5634348958333333,2.5050025163503102
8109,19,6.93,3.491,102.219,8.944,190,1006,116.565,5.692,31.21319270958625,8.882301914062499,4.474475610677083,11.463680854166668,7.295535713541667,6.304118086127151
8110,32,7.51,5.425,54.014,9.434,197,1014,32.005,7.727,52.56958772140842,9.625698033854166,6.953317154947916,12.091722403645832,9.903830720052083,8.181303959261514
8111,1,1.128,1.128,0.0,1.414,205,1006,135.0,1.0,1.642799616294013,1.4457772812499998,1.4457772812499998,1.8123484713541664,1.2817174479166666,1.4462638771355416
8112,3,2.365,1.615,45.0,2.828,270,1008,45.0,2.0,4.928398848882039,3.0312617643229167,2.069973678385417,3.624696942708333,2.5634348958333333,2.5050025163503102
8113,2,2.257,1.128,90.0,2.236,361,1006,116.565,1.0,3.285599232588026,2.892836279947917,1.4457772812499998,2.865920213541667,1.2817174479166666,2.0453259898153786
8114,3,2.365,1.615,135.0,2.828,376,1006,135.0,2.0,4.928398848882039,3.0312617643229167,2.069973678385417,3.624696942708333,2.5634348958333333,2.5050025163503102
8115,5,3.086,2.063,145.901,3.606,443,1006,123.69,2.683,8.213998081470065,3.955380044270833,2.6441830950520835,4.6218731171875,3.4388479127604166,3.2339443426774745
8116,1,1.128,1.128,0.0,1.414,571,1006,135.0,1.0,1.642799616294013,1.4457772812499998,1.4457772812499998,1.8123484713541664,1.2817174479166666,1.4462638771355416
8117,1,1.128,1.128,0.0,1.414,3663,1006,135.0,1.0,1.642799616294013,1.4457772812499998,1.4457772812499998,1.8123484713541664,1.2817174479166666,1.4462638771355416
8118,34,9.169,4.721,26.16,10.817,3787,1012,33.69,6.0,55.855186953996444,11.752067279947918,6.050988071614583,13.864337634114584,7.690304687499999,8.433095094829797
8119,89,15.326,7.394,62.113,21.471,236,1026,62.241,13.619,146.20916585016715,19.643601606770833,9.477018809895833,27.51975532421875,17.455709923177082,13.644026128871728
8120,2,2.257,1.128,0.0,2.236,530,1007,153.435,1.0,3.285599232588026,2.892836279947917,1.4457772812499998,2.865920213541667,1.2817174479166666,2.0453259898153786
8121,1,1.128,1.128,0.0,1.414,3604,1007,135.0,1.0,1.642799616294013,1.4457772812499998,1.4457772812499998,1.8123484713541664,1.2817174479166666,1.4462638771355416
8122,1,1.128,1.128,0.0,1.414,3611,1007,135.0,1.0,1.642799616294013,1.4457772812499998,1.4457772812499998,1.8123484713541664,1.2817174479166666,1.4462638771355416
8123,2,2.257,1.128,90.0,2.236,3675,1007,116.565,1.0,3.285599232588026,2.892836279947917,1.4457772812499998,2.865920213541667,1.2817174479166666,2.0453259898153786
8124,32,6.819,5.975,100.72,8.246,3701,1015,75.964,6.0,52.56958772140842,8.74003127734375,7.658261751302082,10.569042075520834,7.690304687499999,8.181303959261514
8125,4,3.192,1.596,108.435,3.606,128,1008,123.69,2.0,6.571198465176052,4.09124209375,2.045621046875,4.6218731171875,2.5634348958333333,2.892527754271083
8126,3,2.365,1.615,45.0,2.828,226,1010,45.0,2.0,4.928398848882039,3.0312617643229167,2.069973678385417,3.624696942708333,2.5634348958333333,2.5050025163503102
8127,7,3.742,2.382,14.872,4.472,338,1010,26.565,3.0,11.499597314058091,4.796186690104166,3.0530509609375,5.731840427083334,3.8451523437499997,3.826454549076717
8128,5,3.144,2.025,71.565,3.606,3426,1011,56.31,2.0,8.213998081470065,4.02971965625,2.59547783203125,4.6218731171875,2.5634348958333333,3.2339443426774745
8129,7,4.154,2.146,81.65,4.472,3624,1012,63.435,2.0,11.499597314058091,5.324254278645833,2.7505656432291663,5.731840427083334,2.5634348958333333,3.826454549076717
8130,2,2.596,0.981,45.0,2.828,3632,1010,45.0,1.414,3.285599232588026,3.327338494791667,1.2573648164062499,3.624696942708333,1.8123484713541664,2.0453259898153786
8131,2,2.257,1.128,90.0,2.236,3728,1008,116.565,1.0,3.285599232588026,2.892836279947917,1.4457772812499998,2.865920213541667,1.2817174479166666,2.0453259898153786
8132,4,2.734,1.863,0.0,3.162,131,1010,161.565,2.0,6.571198465176052,3.5042155026041666,2.38783960546875,4.0527905703125,2.5634348958333333,2.892527754271083
8133,8,5.056,2.014,96.558,5.385,502,1009,111.801,2.0,13.142396930352104,6.480363416666667,2.5813789401041665,6.90204845703125,2.5634348958333333,4.090651979630757
8134,2,2.257,1.128,0.0,2.236,3654,1009,153.435,1.0,3.285599232588026,2.892836279947917,1.4457772812499998,2.865920213541667,1.2817174479166666,2.0453259898153786
8135,1,1.128,1.128,0.0,1.414,3694,1009,135.0,1.0,1.642799616294013,1.4457772812499998,1.4457772812499998,1.8123484713541664,1.2817174479166666,1.4462638771355416
8136,1,1.128,1.128,0.0,1.414,3721,1009,135.0,1.0,1.642799616294013,1.4457772812499998,1.4457772812499998,1.8123484713541664,1.2817174479166666,1.4462638771355416
8137,1,1.128,1.128,0.0,1.414,3725,1009,135.0,1.0,1.642799616294013,1.4457772812499998,1.4457772812499998,1.8123484713541664,1.2817174479166666,1.4462638771355416
8138,1,1.128,1.128,0.0,1.414,3738,1009,135.0,1.0,1.642799616294013,1.4457772812499998,1.4457772812499998,1.8123484713541664,1.2817174479166666,1.4462638771355416
8139,3,3.385,1.128,90.0,3.162,217,1010,108.435,1.0,4.928398848882039,4.338613561197916,1.4457772812499998,4.0527905703125,1.2817174479166666,2.5050025163503102
8140,1,1.128,1.128,0.0,1.414,233,1010,135.0,1.0,1.642799616294013,1.4457772812499998,1.4457772812499998,1.8123484713541664,1.2817174479166666,1.4462638771355416
8141,23,7.839,3.736,43.998,11.314,302,1018,45.0,6.102,37.7843911747623,10.04738307421875,4.788496385416667,14.501351205729167,7.8210398671875,6.936037892995103
8142,2,2.257,1.128,90.0,2.236,3627,1010,116.565,1.0,3.285599232588026,2.892836279947917,1.4457772812499998,2.865920213541667,1.2817174479166666,2.0453259898153786
8143,18,8.636,2.654,111.838,9.434,3648,1010,122.005,3.795,29.570393093292235,11.068911880208333,3.401678106770833,12.091722403645832,4.86411771484375,6.135977969446135
8144,4,3.969,1.283,72.391,4.472,3665,1014,63.435,1.897,6.571198465176052,5.08713655078125,1.644443485677083,5.731840427083334,2.4314179986979165,2.892527754271083
8145,1328,51.714,32.697,61.098,76.922,106,1080,63.768,50.096,2181.637890438449,66.28273610156249,41.90831539453125,98.59226952864583,64.20891727083333,52.70436396223624
8146,1,1.128,1.128,0.0,1.414,226,1011,135.0,1.0,1.642799616294013,1.4457772812499998,1.4457772812499998,1.8123484713541664,1.2817174479166666,1.4462638771355416
8147,6,3.99,1.915,37.69,5.0,228,1014,36.87,2.828,9.856797697764078,5.1140526171875,2.4544889127604166,6.408587239583333,3.624696942708333,3.5426085324013394
8148,1,1.128,1.128,0.0,1.414,281,1011,135.0,1.0,1.642799616294013,1.4457772812499998,1.4457772812499998,1.8123484713541664,1.2817174479166666,1.4462638771355416
8149,1,1.128,1.128,0.0,1.414,431,1011,135.0,1.0,1.642799616294013,1.4457772812499998,1.4457772812499998,1.8123484713541664,1.2817174479166666,1.4462638771355416
8150,4,3.192,1.596,71.565,3.606,3482,1014,56.31,2.0,6.571198465176052,4.09124209375,2.045621046875,4.6218731171875,2.5634348958333333,2.892527754271083
8151,1,1.128,1.128,0.0,1.414,3511,1011,135.0,1.0,1.642799616294013,1.4457772812499998,1.4457772812499998,1.8123484713541664,1.2817174479166666,1.4462638771355416
8152,5,4.409,1.444,139.265,5.0,3644,1011,143.13,2.121,8.213998081470065,5.6510922278645825,1.8507999947916665,6.408587239583333,2.71852270703125,3.2339443426774745
8153,6,3.718,2.055,126.87,4.243,3795,1011,135.0,2.683,9.856797697764078,4.765425471354167,2.63392935546875,5.438327131510417,3.4388479127604166,3.5426085324013394
8154,2,2.257,1.128,0.0,2.236,65,1012,153.435,1.0,3.285599232588026,2.892836279947917,1.4457772812499998,2.865920213541667,1.2817174479166666,2.0453259898153786
8155,8,5.675,1.795,95.152,6.325,144,1012,108.435,2.0,13.142396930352104,7.2737465169270825,2.3006828190104165,8.106862858072917,2.5634348958333333,4.090651979630757
8156,1,1.128,1.128,0.0,1.414,168,1012,135.0,1.0,1.642799616294013,1.4457772812499998,1.4457772812499998,1.8123484713541664,1.2817174479166666,1.4462638771355416
8157,2,2.596,0.981,45.0,2.828,180,1014,45.0,1.414,3.285599232588026,3.327338494791667,1.2573648164062499,3.624696942708333,1.8123484713541664,2.0453259898153786
8158,2,2.257,1.128,90.0,2.236,235,1012,116.565,1.0,3.285599232588026,2.892836279947917,1.4457772812499998,2.865920213541667,1.2817174479166666,2.0453259898153786
8159,10,3.732,3.412,73.997,5.0,260,1016,36.87,4.0,16.42799616294013,4.783369515625,4.373219932291667,6.408587239583333,5.126869791666667,4.573487949374228
8160,1,1.128,1.128,0.0,1.414,273,1012,135.0,1.0,1.642799616294013,1.4457772812499998,1.4457772812499998,1.8123484713541664,1.2817174479166666,1.4462638771355416
8161,1,1.128,1.128,0.0,1.414,389,1012,135.0,1.0,1.642799616294013,1.4457772812499998,1.4457772812499998,1.8123484713541664,1.2817174479166666,1.4462638771355416
8162,2,2.257,1.128,90.0,2.236,444,1012,116.565,1.0,3.285599232588026,2.892836279947917,1.4457772812499998,2.865920213541667,1.2817174479166666,2.0453259898153786
8163,66,12.773,6.579,63.666,15.811,3602,1027,71.565,9.717,108.42477467540486,16.371376962239584,8.43241908984375,20.265234569010417,12.454448441406251,11.749503281086843
8164,5,4.183,1.522,100.901,4.472,3684,1012,116.565,2.0,8.213998081470065,5.361424084635416,1.9507739557291666,5.731840427083334,2.5634348958333333,3.2339443426774745
8165,1,1.128,1.128,0.0,1.414,3741,1012,135.0,1.0,1.642799616294013,1.4457772812499998,1.4457772812499998,1.8123484713541664,1.2817174479166666,1.4462638771355416
8166,1,1.128,1.128,0.0,1.414,92,1013,135.0,1.0,1.642799616294013,1.4457772812499998,1.4457772812499998,1.8123484713541664,1.2817174479166666,1.4462638771355416
8167,1,1.128,1.128,0.0,1.414,241,1013,135.0,1.0,1.642799616294013,1.4457772812499998,1.4457772812499998,1.8123484713541664,1.2817174479166666,1.4462638771355416
8168,4,2.257,2.257,0.0,2.828,290,1013,135.0,2.0,6.571198465176052,2.892836279947917,2.892836279947917,3.624696942708333,2.5634348958333333,2.892527754271083
8169,5,3.144,2.025,71.565,3.606,330,1016,56.31,2.0,8.213998081470065,4.02971965625,2.59547783203125,4.6218731171875,2.5634348958333333,3.2339443426774745
8170,4,2.257,2.257,0.0,2.828,3722,1013,135.0,2.0,6.571198465176052,2.892836279947917,2.892836279947917,3.624696942708333,2.5634348958333333,2.892527754271083
8171,7,5.471,1.629,69.699,5.831,3743,1018,59.036,2.214,11.499597314058091,7.012276157552083,2.08791772265625,7.473694438802084,2.8377224296875,3.826454549076717
8172,1,1.128,1.128,0.0,1.414,3758,1013,135.0,1.0,1.642799616294013,1.4457772812499998,1.4457772812499998,1.8123484713541664,1.2817174479166666,1.4462638771355416
8173,1,1.128,1.128,0.0,1.414,171,1014,135.0,1.0,1.642799616294013,1.4457772812499998,1.4457772812499998,1.8123484713541664,1.2817174479166666,1.4462638771355416
8174,5,3.732,1.706,174.848,4.123,194,1015,165.964,2.0,8.213998081470065,4.783369515625,2.1866099661458334,5.284521037760417,2.5634348958333333,3.2339443426774745
8175,4,2.257,2.257,0.0,2.828,208,1014,135.0,2.0,6.571198465176052,2.892836279947917,2.892836279947917,3.624696942708333,2.5634348958333333,2.892527754271083
8176,5,3.144,2.025,18.435,3.606,215,1016,33.69,2.0,8.213998081470065,4.02971965625,2.59547783203125,4.6218731171875,2.5634348958333333,3.2339443426774745
8177,1,1.128,1.128,0.0,1.414,253,1014,135.0,1.0,1.642799616294013,1.4457772812499998,1.4457772812499998,1.8123484713541664,1.2817174479166666,1.4462638771355416
8178,1,1.128,1.128,0.0,1.414,257,1014,135.0,1.0,1.642799616294013,1.4457772812499998,1.4457772812499998,1.8123484713541664,1.2817174479166666,1.4462638771355416
8179,15,5.604,3.408,93.132,6.325,272,1014,108.435,4.0,24.641994244410196,7.182744578125,4.3680930625,8.106862858072917,5.126869791666667,5.601355910367322
8180,3,2.365,1.615,135.0,2.828,390,1014,135.0,2.0,4.928398848882039,3.0312617643229167,2.069973678385417,3.624696942708333,2.5634348958333333,2.5050025163503102
8181,22,6.083,4.605,170.008,8.062,3463,1016,150.255,5.821,36.141591558468285,7.7966872356770835,5.902308847656251,10.333206065104166,7.460877264322916,6.78357888217988
8182,6,4.134,1.848,77.067,4.472,3590,1018,63.435,2.0,9.856797697764078,5.298619929687501,2.36861384375,5.731840427083334,2.5634348958333333,3.5426085324013394
8183,4,2.257,2.257,0.0,2.828,3734,1014,135.0,2.0,6.571198465176052,2.892836279947917,2.892836279947917,3.624696942708333,2.5634348958333333,2.892527754271083
8184,1,1.128,1.128,0.0,1.414,3751,1014,135.0,1.0,1.642799616294013,1.4457772812499998,1.4457772812499998,1.8123484713541664,1.2817174479166666,1.4462638771355416
8185,7,4.154,2.146,98.35,4.472,166,1015,116.565,2.0,11.499597314058091,5.324254278645833,2.7505656432291663,5.731840427083334,2.5634348958333333,3.826454549076717
8186,3,2.365,1.615,45.0,2.828,190,1017,45.0,2.0,4.928398848882039,3.0312617643229167,2.069973678385417,3.624696942708333,2.5634348958333333,2.5050025163503102
8187,8,3.538,2.879,45.0,4.243,238,1018,45.0,3.0,13.142396930352104,4.534716330729166,3.6900645325520833,5.438327131510417,3.8451523437499997,4.090651979630757
8188,8,3.739,2.724,178.212,4.472,360,1018,26.565,3.0,13.142396930352104,4.792341537760416,3.4913983281250003,5.731840427083334,3.8451523437499997,4.090651979630757
8189,19,6.316,3.83,33.204,7.81,396,1020,39.806,4.715,31.21319270958625,8.095327401041667,4.908977825520833,10.010213268229165,6.043297766927083,6.304118086127151
8190,4,2.257,2.257,0.0,2.828,3583,1015,135.0,2.0,6.571198465176052,2.892836279947917,2.892836279947917,3.624696942708333,2.5634348958333333,2.892527754271083
8191,15,7.403,2.58,58.436,8.602,3644,1022,54.462,3.578,24.641994244410196,9.488554266927082,3.306831015625,11.025333486979166,4.585985028645833,5.601355910367322
8192,1,1.128,1.128,0.0,1.414,3663,1015,135.0,1.0,1.642799616294013,1.4457772812499998,1.4457772812499998,1.8123484713541664,1.2817174479166666,1.4462638771355416
8193,2,2.257,1.128,0.0,2.236,3696,1015,153.435,1.0,3.285599232588026,2.892836279947917,1.4457772812499998,2.865920213541667,1.2817174479166666,2.0453259898153786
8194,1,1.128,1.128,0.0,1.414,3747,1015,135.0,1.0,1.642799616294013,1.4457772812499998,1.4457772812499998,1.8123484713541664,1.2817174479166666,1.4462638771355416
8195,5,3.144,2.025,108.435,3.606,128,1016,123.69,2.0,8.213998081470065,4.02971965625,2.59547783203125,4.6218731171875,2.5634348958333333,3.2339443426774745
8196,1,1.128,1.128,0.0,1.414,256,1016,135.0,1.0,1.642799616294013,1.4457772812499998,1.4457772812499998,1.8123484713541664,1.2817174479166666,1.4462638771355416
8197,33,10.031,4.189,29.169,12.207,342,1023,34.992,6.8,54.21238733770243,12.856907720052083,5.369114389322917,15.64592488671875,8.715678645833332,8.308153445630097
8198,2,2.257,1.128,90.0,2.236,441,1016,116.565,1.0,3.285599232588026,2.892836279947917,1.4457772812499998,2.865920213541667,1.2817174479166666,2.0453259898153786
8199,3,2.365,1.615,45.0,2.828,3702,1018,45.0,2.0,4.928398848882039,3.0312617643229167,2.069973678385417,3.624696942708333,2.5634348958333333,2.5050025163503102
8200,1,1.128,1.128,0.0,1.414,163,1017,135.0,1.0,1.642799616294013,1.4457772812499998,1.4457772812499998,1.8123484713541664,1.2817174479166666,1.4462638771355416
8201,3,3.385,1.128,0.0,3.162,214,1017,161.565,1.0,4.928398848882039,4.338613561197916,1.4457772812499998,4.0527905703125,1.2817174479166666,2.5050025163503102
8202,2,2.596,0.981,45.0,2.828,233,1019,45.0,1.414,3.285599232588026,3.327338494791667,1.2573648164062499,3.624696942708333,1.8123484713541664,2.0453259898153786
8203,17,5.852,3.699,109.255,8.062,378,1017,119.745,4.0,27.927593476998222,7.500610505208334,4.74107283984375,10.333206065104166,5.126869791666667,5.963098727945161
8204,3,2.365,1.615,135.0,2.828,416,1017,135.0,2.0,4.928398848882039,3.0312617643229167,2.069973678385417,3.624696942708333,2.5634348958333333,2.5050025163503102
8205,3,3.213,1.189,61.845,3.606,533,1020,56.31,1.789,4.928398848882039,4.11815816015625,1.5239620455729168,4.6218731171875,2.2929925143229166,2.5050025163503102
8206,1,1.128,1.128,0.0,1.414,3494,1017,135.0,1.0,1.642799616294013,1.4457772812499998,1.4457772812499998,1.8123484713541664,1.2817174479166666,1.4462638771355416
8207,5,3.086,2.063,145.901,3.606,3671,1017,123.69,2.683,8.213998081470065,3.955380044270833,2.6441830950520835,4.6218731171875,3.4388479127604166,3.2339443426774745
8208,3,3.385,1.128,0.0,3.162,3722,1017,161.565,1.0,4.928398848882039,4.338613561197916,1.4457772812499998,4.0527905703125,1.2817174479166666,2.5050025163503102
8209,9,3.919,2.924,69.699,4.472,3733,1021,63.435,3.0,14.785196546646118,5.023050678385417,3.747741817708333,5.731840427083334,3.8451523437499997,4.338791631406624
8210,8,5.088,2.002,24.8,5.831,119,1021,30.964,2.846,13.142396930352104,6.521378375,2.5659983307291663,7.473694438802084,3.6477678567708334,4.090651979630757
8211,4,2.257,2.257,0.0,2.828,173,1018,135.0,2.0,6.571198465176052,2.892836279947917,2.892836279947917,3.624696942708333,2.5634348958333333,2.892527754271083
8212,11,4.214,3.323,110.118,5.657,186,1018,135.0,4.0,18.070795779234142,5.401157325520834,4.259147079427083,7.250675602864583,5.126869791666667,4.796714628303253
8213,4,2.734,1.863,90.0,3.162,281,1018,108.435,2.0,6.571198465176052,3.5042155026041666,2.38783960546875,4.0527905703125,2.5634348958333333,2.892527754271083
8214,2,2.257,1.128,90.0,2.236,500,1018,116.565,1.0,3.285599232588026,2.892836279947917,1.4457772812499998,2.865920213541667,1.2817174479166666,2.0453259898153786
8215,7,3.772,2.363,135.0,4.243,3592,1018,135.0,2.828,11.499597314058091,4.834638213541666,3.0286983294270833,5.438327131510417,3.624696942708333,3.826454549076717
8216,1,1.128,1.128,0.0,1.414,3769,1018,135.0,1.0,1.642799616294013,1.4457772812499998,1.4457772812499998,1.8123484713541664,1.2817174479166666,1.4462638771355416
8217,4,3.192,1.596,161.565,3.606,3801,1018,146.31,2.0,6.571198465176052,4.09124209375,2.045621046875,4.6218731171875,2.5634348958333333,2.892527754271083
8218,17,5.244,4.128,71.718,7.211,3804,1024,56.31,5.0,27.927593476998222,6.721326296875,5.290929625,9.242464516927084,6.408587239583333,5.963098727945161
8219,4,4.218,1.207,22.5,4.472,181,1021,26.565,1.789,6.571198465176052,5.4062841953125,1.5470329596354166,5.731840427083334,2.2929925143229166,2.892527754271083
8220,4,2.257,2.257,0.0,2.828,193,1019,135.0,2.0,6.571198465176052,2.892836279947917,2.892836279947917,3.624696942708333,2.5634348958333333,2.892527754271083
8221,37,12.575,3.746,75.722,15.652,195,1033,63.435,5.46,60.783585802878484,16.11759690755208,4.801313559895833,20.061441494791666,6.998177265624999,8.7972797207639
8222,1,1.128,1.128,0.0,1.414,309,1019,135.0,1.0,1.642799616294013,1.4457772812499998,1.4457772812499998,1.8123484713541664,1.2817174479166666,1.4462638771355416
8223,1,1.128,1.128,0.0,1.414,316,1019,135.0,1.0,1.642799616294013,1.4457772812499998,1.4457772812499998,1.8123484713541664,1.2817174479166666,1.4462638771355416
8224,3,3.385,1.128,90.0,3.162,365,1019,108.435,1.0,4.928398848882039,4.338613561197916,1.4457772812499998,4.0527905703125,1.2817174479166666,2.5050025163503102
8225,2,2.257,1.128,0.0,2.236,3742,1019,153.435,1.0,3.285599232588026,2.892836279947917,1.4457772812499998,2.865920213541667,1.2817174479166666,2.0453259898153786
8226,1,1.128,1.128,0.0,1.414,3748,1019,135.0,1.0,1.642799616294013,1.4457772812499998,1.4457772812499998,1.8123484713541664,1.2817174479166666,1.4462638771355416
8227,2,2.257,1.128,0.0,2.236,3811,1019,153.435,1.0,3.285599232588026,2.892836279947917,1.4457772812499998,2.865920213541667,1.2817174479166666,2.0453259898153786
8228,8,4.444,2.292,35.355,5.0,162,1023,36.87,2.828,13.142396930352104,5.695952338541667,2.9376963906249998,6.408587239583333,3.624696942708333,4.090651979630757
8229,59,12.19,6.163,67.973,16.155,207,1035,68.199,8.538,96.92517736134677,15.624135690104167,7.899224631510417,20.70614537109375,10.9433035703125,11.108963630155632
8230,3,2.365,1.615,135.0,2.828,3616,1020,135.0,2.0,4.928398848882039,3.0312617643229167,2.069973678385417,3.624696942708333,2.5634348958333333,2.5050025163503102
8231,16,5.468,3.726,90.0,6.325,3652,1020,108.435,4.0,26.28479386070421,7.008431005208333,4.7756792109375,8.106862858072917,5.126869791666667,5.785055508542166
8232,4,2.257,2.257,0.0,2.828,3666,1020,135.0,2.0,6.571198465176052,2.892836279947917,2.892836279947917,3.624696942708333,2.5634348958333333,2.892527754271083
8233,6,3.718,2.055,0.0,4.123,3690,1021,165.964,2.0,9.856797697764078,4.765425471354167,2.63392935546875,5.284521037760417,2.5634348958333333,3.5426085324013394
8234,14,5.272,3.381,109.392,6.403,3712,1020,128.66,4.0,22.999194628116182,6.757214385416667,4.333486691406249,8.206836819010416,5.126869791666667,5.411423919108519
8235,6,4.134,1.848,167.067,4.472,3728,1020,153.435,2.0,9.856797697764078,5.298619929687501,2.36861384375,5.731840427083334,2.5634348958333333,3.5426085324013394
8236,1,1.128,1.128,0.0,1.414,3759,1020,135.0,1.0,1.642799616294013,1.4457772812499998,1.4457772812499998,1.8123484713541664,1.2817174479166666,1.4462638771355416
8237,1,1.128,1.128,0.0,1.414,3831,1020,135.0,1.0,1.642799616294013,1.4457772812499998,1.4457772812499998,1.8123484713541664,1.2817174479166666,1.4462638771355416
8238,1,1.128,1.128,0.0,1.414,221,1021,135.0,1.0,1.642799616294013,1.4457772812499998,1.4457772812499998,1.8123484713541664,1.2817174479166666,1.4462638771355416
8239,1,1.128,1.128,0.0,1.414,562,1021,135.0,1.0,1.642799616294013,1.4457772812499998,1.4457772812499998,1.8123484713541664,1.2817174479166666,1.4462638771355416
8240,2,2.257,1.128,0.0,2.236,3702,1021,153.435,1.0,3.285599232588026,2.892836279947917,1.4457772812499998,2.865920213541667,1.2817174479166666,2.0453259898153786
8241,6,3.385,2.257,90.0,3.606,3735,1021,123.69,2.0,9.856797697764078,4.338613561197916,2.892836279947917,4.6218731171875,2.5634348958333333,3.5426085324013394
8242,2,2.257,1.128,0.0,2.236,3826,1021,153.435,1.0,3.285599232588026,2.892836279947917,1.4457772812499998,2.865920213541667,1.2817174479166666,2.0453259898153786
8243,363,27.44,16.843,79.797,39.0,3825,1058,67.38,23.0,596.3362607147268,35.170326770833334,21.587966975260418,49.98698046875,29.47950130208333,27.555027679853414
8244,1,1.128,1.128,0.0,1.414,65,1022,135.0,1.0,1.642799616294013,1.4457772812499998,1.4457772812499998,1.8123484713541664,1.2817174479166666,1.4462638771355416
8245,4,2.257,2.257,0.0,2.828,112,1022,135.0,2.0,6.571198465176052,2.892836279947917,2.892836279947917,3.624696942708333,2.5634348958333333,2.892527754271083
8246,10,4.253,2.993,78.348,5.099,167,1022,101.31,3.795,16.42799616294013,5.451144305989583,3.836180321614583,6.535477266927083,4.86411771484375,4.573487949374228
8247,5,3.144,2.025,18.435,3.606,205,1024,33.69,2.0,8.213998081470065,4.02971965625,2.59547783203125,4.6218731171875,2.5634348958333333,3.2339443426774745
8248,1,1.128,1.128,0.0,1.414,223,1022,135.0,1.0,1.642799616294013,1.4457772812499998,1.4457772812499998,1.8123484713541664,1.2817174479166666,1.4462638771355416
8249,2,2.596,0.981,45.0,2.828,302,1024,45.0,1.414,3.285599232588026,3.327338494791667,1.2573648164062499,3.624696942708333,1.8123484713541664,2.0453259898153786
8250,1,1.128,1.128,0.0,1.414,3637,1022,135.0,1.0,1.642799616294013,1.4457772812499998,1.4457772812499998,1.8123484713541664,1.2817174479166666,1.4462638771355416
8251,12,6.523,2.342,119.828,8.944,3741,1022,116.565,3.578,19.713595395528156,8.360642912760417,3.0017822630208335,11.463680854166668,4.585985028645833,5.0100050327006205
8252,16,5.428,3.753,81.066,6.708,3747,1028,63.435,4.0,26.28479386070421,6.957162307291666,4.81028558203125,8.597760640625,5.126869791666667,5.785055508542166
8253,1,1.128,1.128,0.0,1.414,216,1023,135.0,1.0,1.642799616294013,1.4457772812499998,1.4457772812499998,1.8123484713541664,1.2817174479166666,1.4462638771355416
8254,3,2.365,1.615,45.0,2.828,282,1025,45.0,2.0,4.928398848882039,3.0312617643229167,2.069973678385417,3.624696942708333,2.5634348958333333,2.5050025163503102
8255,2,2.596,0.981,135.0,2.828,306,1023,135.0,1.414,3.285599232588026,3.327338494791667,1.2573648164062499,3.624696942708333,1.8123484713541664,2.0453259898153786
8256,2,2.257,1.128,90.0,2.236,351,1023,116.565,1.0,3.285599232588026,2.892836279947917,1.4457772812499998,2.865920213541667,1.2817174479166666,2.0453259898153786
8257,12,4.154,3.678,42.855,5.0,3594,1023,126.87,4.0,19.713595395528156,5.324254278645833,4.7141567734375,6.408587239583333,5.126869791666667,5.0100050327006205
8258,18,9.794,2.34,117.094,10.817,3676,1023,123.69,3.578,29.570393093292235,12.553140684895833,2.9992188281249996,13.864337634114584,4.585985028645833,6.135977969446135
8259,13,4.806,3.444,123.348,5.657,3682,1024,135.0,4.0,21.35639501182217,6.1599340546875,4.414234890625,7.250675602864583,5.126869791666667,5.214578566863546
8260,17,6.573,3.293,136.135,9.22,180,1024,139.399,4.95,27.927593476998222,8.424728785156251,4.220695555989583,11.817434869791667,6.3445013671875,5.963098727945161
8261,2,2.257,1.128,90.0,2.236,268,1024,116.565,1.0,3.285599232588026,2.892836279947917,1.4457772812499998,2.865920213541667,1.2817174479166666,2.0453259898153786
8262,4,3.969,1.283,17.609,4.472,320,1026,26.565,1.897,6.571198465176052,5.08713655078125,1.644443485677083,5.731840427083334,2.4314179986979165,2.892527754271083
8263,2,2.257,1.128,90.0,2.236,340,1024,116.565,1.0,3.285599232588026,2.892836279947917,1.4457772812499998,2.865920213541667,1.2817174479166666,2.0453259898153786
8264,1,1.128,1.128,0.0,1.414,481,1024,135.0,1.0,1.642799616294013,1.4457772812499998,1.4457772812499998,1.8123484713541664,1.2817174479166666,1.4462638771355416
8265,5,4.076,1.562,20.994,4.472,3526,1026,26.565,2.0,8.213998081470065,5.224280317708333,2.0020426536458333,5.731840427083334,2.5634348958333333,3.2339443426774745
8266,1,1.128,1.128,0.0,1.414,3609,1024,135.0,1.0,1.642799616294013,1.4457772812499998,1.4457772812499998,1.8123484713541664,1.2817174479166666,1.4462638771355416
8267,6,4.167,1.833,70.032,5.385,3613,1029,68.199,2.846,9.856797697764078,5.34091660546875,2.34938808203125,6.90204845703125,3.6477678567708334,3.5426085324013394
8268,1,1.128,1.128,0.0,1.414,3725,1024,135.0,1.0,1.642799616294013,1.4457772812499998,1.4457772812499998,1.8123484713541664,1.2817174479166666,1.4462638771355416
8269,1,1.128,1.128,0.0,1.414,3727,1024,135.0,1.0,1.642799616294013,1.4457772812499998,1.4457772812499998,1.8123484713541664,1.2817174479166666,1.4462638771355416
8270,4,2.257,2.257,0.0,2.828,3760,1024,135.0,2.0,6.571198465176052,2.892836279947917,2.892836279947917,3.624696942708333,2.5634348958333333,2.892527754271083
8271,6,3.988,1.916,18.435,4.472,152,1027,26.565,2.0,9.856797697764078,5.111489182291667,2.4557706302083333,5.731840427083334,2.5634348958333333,3.5426085324013394
8272,7,4.566,1.952,33.401,5.0,159,1028,36.87,2.683,11.499597314058091,5.8523218671874995,2.5019124583333334,6.408587239583333,3.4388479127604166,3.826454549076717
8273,1,1.128,1.128,0.0,1.414,219,1025,135.0,1.0,1.642799616294013,1.4457772812499998,1.4457772812499998,1.8123484713541664,1.2817174479166666,1.4462638771355416
8274,2,2.257,1.128,0.0,2.236,224,1025,153.435,1.0,3.285599232588026,2.892836279947917,1.4457772812499998,2.865920213541667,1.2817174479166666,2.0453259898153786
8275,11,4.748,2.95,0.0,6.403,227,1026,141.34,5.0,18.070795779234142,6.0855944427083335,3.781066471354167,8.206836819010416,6.408587239583333,4.796714628303253
8276,1,1.128,1.128,0.0,1.414,261,1025,135.0,1.0,1.642799616294013,1.4457772812499998,1.4457772812499998,1.8123484713541664,1.2817174479166666,1.4462638771355416
8277,1,1.128,1.128,0.0,1.414,744,1025,135.0,1.0,1.642799616294013,1.4457772812499998,1.4457772812499998,1.8123484713541664,1.2817174479166666,1.4462638771355416
8278,1,1.128,1.128,0.0,1.414,3395,1025,135.0,1.0,1.642799616294013,1.4457772812499998,1.4457772812499998,1.8123484713541664,1.2817174479166666,1.4462638771355416
8279,1,1.128,1.128,0.0,1.414,3534,1025,135.0,1.0,1.642799616294013,1.4457772812499998,1.4457772812499998,1.8123484713541664,1.2817174479166666,1.4462638771355416
8280,3,2.365,1.615,45.0,2.828,169,1028,45.0,2.0,4.928398848882039,3.0312617643229167,2.069973678385417,3.624696942708333,2.5634348958333333,2.5050025163503102
8281,1,1.128,1.128,0.0,1.414,193,1026,135.0,1.0,1.642799616294013,1.4457772812499998,1.4457772812499998,1.8123484713541664,1.2817174479166666,1.4462638771355416
8282,3,2.365,1.615,135.0,2.828,255,1026,135.0,2.0,4.928398848882039,3.0312617643229167,2.069973678385417,3.624696942708333,2.5634348958333333,2.5050025163503102
8283,5,4.094,1.555,135.0,5.0,279,1026,126.87,2.774,8.213998081470065,5.247351231770834,1.9930706315104165,6.408587239583333,3.555484200520833,3.2339443426774745
8284,4,2.257,2.257,0.0,2.828,390,1026,135.0,2.0,6.571198465176052,2.892836279947917,2.892836279947917,3.624696942708333,2.5634348958333333,2.892527754271083
8285,1,1.128,1.128,0.0,1.414,393,1026,135.0,1.0,1.642799616294013,1.4457772812499998,1.4457772812499998,1.8123484713541664,1.2817174479166666,1.4462638771355416
8286,1,1.128,1.128,0.0,1.414,3735,1026,135.0,1.0,1.642799616294013,1.4457772812499998,1.4457772812499998,1.8123484713541664,1.2817174479166666,1.4462638771355416
8287,13,5.067,3.267,90.0,5.385,163,1027,111.801,3.0,21.35639501182217,6.49446230859375,4.1873709023437495,6.90204845703125,3.8451523437499997,5.214578566863546
8288,1,1.128,1.128,0.0,1.414,575,1027,135.0,1.0,1.642799616294013,1.4457772812499998,1.4457772812499998,1.8123484713541664,1.2817174479166666,1.4462638771355416
8289,3,2.365,1.615,135.0,2.828,3758,1027,135.0,2.0,4.928398848882039,3.0312617643229167,2.069973678385417,3.624696942708333,2.5634348958333333,2.5050025163503102
8290,9,4.488,2.553,76.717,5.0,223,1032,53.13,3.0,14.785196546646118,5.752347906250001,3.2722246445312497,6.408587239583333,3.8451523437499997,4.338791631406624
8291,3,2.365,1.615,45.0,2.828,260,1030,45.0,2.0,4.928398848882039,3.0312617643229167,2.069973678385417,3.624696942708333,2.5634348958333333,2.5050025163503102
8292,8,3.961,2.571,82.204,4.472,267,1028,116.565,3.0,13.142396930352104,5.076882811197916,3.2952955585937502,5.731840427083334,3.8451523437499997,4.090651979630757
8293,2,2.596,0.981,135.0,2.828,291,1028,135.0,1.414,3.285599232588026,3.327338494791667,1.2573648164062499,3.624696942708333,1.8123484713541664,2.0453259898153786
8294,29,6.822,5.413,98.13,8.246,324,1028,104.036,6.0,47.64118887252638,8.7438764296875,6.937936545572917,10.569042075520834,7.690304687499999,7.788369332980218
8295,6,5.232,1.46,65.712,5.831,427,1033,59.036,2.236,9.856797697764078,6.7059456875,1.8713074739583333,7.473694438802084,2.865920213541667,3.5426085324013394
8296,13,5.071,3.264,103.936,6.325,3706,1034,71.565,4.0,21.35639501182217,6.499589178385416,4.183525749999999,8.106862858072917,5.126869791666667,5.214578566863546
8297,21,6.647,4.022,65.636,7.81,3719,1034,50.194,5.0,34.49879194217427,8.519575876302083,5.1550675755208335,10.010213268229165,6.408587239583333,6.627613691853932
8298,1,1.128,1.128,0.0,1.414,3729,1028,135.0,1.0,1.642799616294013,1.4457772812499998,1.4457772812499998,1.8123484713541664,1.2817174479166666,1.4462638771355416
8299,15,5.227,3.654,23.832,7.211,3730,1032,33.69,5.0,24.641994244410196,6.699537100260417,4.6833955546874995,9.242464516927084,6.408587239583333,5.601355910367322
8300,1,1.128,1.128,0.0,1.414,3751,1028,135.0,1.0,1.642799616294013,1.4457772812499998,1.4457772812499998,1.8123484713541664,1.2817174479166666,1.4462638771355416
8301,3,2.365,1.615,135.0,2.828,218,1029,135.0,2.0,4.928398848882039,3.0312617643229167,2.069973678385417,3.624696942708333,2.5634348958333333,2.5050025163503102
8302,5,3.144,2.025,161.565,3.606,247,1029,146.31,2.0,8.213998081470065,4.02971965625,2.59547783203125,4.6218731171875,2.5634348958333333,3.2339443426774745
8303,1,1.128,1.128,0.0,1.414,253,1029,135.0,1.0,1.642799616294013,1.4457772812499998,1.4457772812499998,1.8123484713541664,1.2817174479166666,1.4462638771355416
8304,1,1.128,1.128,0.0,1.414,295,1029,135.0,1.0,1.642799616294013,1.4457772812499998,1.4457772812499998,1.8123484713541664,1.2817174479166666,1.4462638771355416
8305,2,2.257,1.128,90.0,2.236,527,1029,116.565,1.0,3.285599232588026,2.892836279947917,1.4457772812499998,2.865920213541667,1.2817174479166666,2.0453259898153786
8306,1,1.128,1.128,0.0,1.414,3641,1029,135.0,1.0,1.642799616294013,1.4457772812499998,1.4457772812499998,1.8123484713541664,1.2817174479166666,1.4462638771355416
8307,4,3.192,1.596,108.435,3.606,3664,1029,123.69,2.0,6.571198465176052,4.09124209375,2.045621046875,4.6218731171875,2.5634348958333333,2.892527754271083
8308,4,3.589,1.419,135.0,4.243,167,1030,135.0,2.121,6.571198465176052,4.600083920572916,1.81875705859375,5.438327131510417,2.71852270703125,2.892527754271083
8309,9,4.041,2.836,105.482,5.099,3659,1030,101.31,3.0,14.785196546646118,5.17942020703125,3.6349506822916666,6.535477266927083,3.8451523437499997,4.338791631406624
8310,4,2.257,2.257,0.0,2.828,3746,1030,135.0,2.0,6.571198465176052,2.892836279947917,2.892836279947917,3.624696942708333,2.5634348958333333,2.892527754271083
8311,24,6.867,4.45,81.443,8.544,3791,1038,69.444,6.74,39.42719079105631,8.80155371484375,5.703642643229167,10.950993875,8.638775598958333,7.085217064802679
8312,1,1.128,1.128,0.0,1.414,171,1031,135.0,1.0,1.642799616294013,1.4457772812499998,1.4457772812499998,1.8123484713541664,1.2817174479166666,1.4462638771355416
8313,1,1.128,1.128,0.0,1.414,204,1031,135.0,1.0,1.642799616294013,1.4457772812499998,1.4457772812499998,1.8123484713541664,1.2817174479166666,1.4462638771355416
8314,3,2.365,1.615,45.0,2.828,257,1033,45.0,2.0,4.928398848882039,3.0312617643229167,2.069973678385417,3.624696942708333,2.5634348958333333,2.5050025163503102
8315,2,2.257,1.128,0.0,2.236,293,1031,153.435,1.0,3.285599232588026,2.892836279947917,1.4457772812499998,2.865920213541667,1.2817174479166666,2.0453259898153786
8316,1,1.128,1.128,0.0,1.414,312,1031,135.0,1.0,1.642799616294013,1.4457772812499998,1.4457772812499998,1.8123484713541664,1.2817174479166666,1.4462638771355416
8317,2,2.596,0.981,45.0,2.828,355,1033,45.0,1.414,3.285599232588026,3.327338494791667,1.2573648164062499,3.624696942708333,1.8123484713541664,2.0453259898153786
8318,1,1.128,1.128,0.0,1.414,359,1031,135.0,1.0,1.642799616294013,1.4457772812499998,1.4457772812499998,1.8123484713541664,1.2817174479166666,1.4462638771355416
8319,1,1.128,1.128,0.0,1.414,393,1031,135.0,1.0,1.642799616294013,1.4457772812499998,1.4457772812499998,1.8123484713541664,1.2817174479166666,1.4462638771355416
8320,4,3.216,1.583,58.283,3.606,424,1034,56.31,2.0,6.571198465176052,4.1220033125,2.028958720052083,4.6218731171875,2.5634348958333333,2.892527754271083
8321,3,2.365,1.615,135.0,2.828,3500,1031,135.0,2.0,4.928398848882039,3.0312617643229167,2.069973678385417,3.624696942708333,2.5634348958333333,2.5050025163503102
8322,1,1.128,1.128,0.0,1.414,3704,1031,135.0,1.0,1.642799616294013,1.4457772812499998,1.4457772812499998,1.8123484713541664,1.2817174479166666,1.4462638771355416
8323,1,1.128,1.128,0.0,1.414,157,1032,135.0,1.0,1.642799616294013,1.4457772812499998,1.4457772812499998,1.8123484713541664,1.2817174479166666,1.4462638771355416
8324,4,2.734,1.863,90.0,3.162,167,1032,108.435,2.0,6.571198465176052,3.5042155026041666,2.38783960546875,4.0527905703125,2.5634348958333333,2.892527754271083
8325,131,18.56,8.987,40.321,27.203,156,1048,36.027,16.994,215.2067497345157,23.788675833333333,11.518794704427084,34.86655973567708,21.781506309895832,16.553246675568932
8326,1,1.128,1.128,0.0,1.414,3695,1032,135.0,1.0,1.642799616294013,1.4457772812499998,1.4457772812499998,1.8123484713541664,1.2817174479166666,1.4462638771355416
8327,21,7.324,3.651,161.286,9.487,3695,1035,161.565,5.22,34.49879194217427,9.387298588541666,4.679550402343749,12.159653428385417,6.690565078124999,6.627613691853932
8328,1,1.128,1.128,0.0,1.414,3711,1032,135.0,1.0,1.642799616294013,1.4457772812499998,1.4457772812499998,1.8123484713541664,1.2817174479166666,1.4462638771355416
8329,15,6.881,2.776,109.219,7.211,3739,1032,123.69,3.395,24.641994244410196,8.819497759114583,3.558047635416666,9.242464516927084,4.351430735677083,5.601355910367322
8330,1,1.128,1.128,0.0,1.414,25,1033,135.0,1.0,1.642799616294013,1.4457772812499998,1.4457772812499998,1.8123484713541664,1.2817174479166666,1.4462638771355416
8331,3,3.385,1.128,90.0,3.162,155,1033,108.435,1.0,4.928398848882039,4.338613561197916,1.4457772812499998,4.0527905703125,1.2817174479166666,2.5050025163503102
8332,34,10.912,3.967,176.973,12.649,182,1034,161.565,5.0,55.855186953996444,13.986100791666667,5.084573115885417,16.212443998697914,6.408587239583333,8.433095094829797
8333,3,2.365,1.615,135.0,2.828,272,1033,135.0,2.0,4.928398848882039,3.0312617643229167,2.069973678385417,3.624696942708333,2.5634348958333333,2.5050025163503102
8334,418,29.769,17.878,37.88,45.277,259,1065,43.21,27.56,686.6902396108975,38.155446707031246,22.914544533854166,58.03232088932292,35.32413286458333,29.568934822958703
8335,1,1.128,1.128,0.0,1.414,357,1033,135.0,1.0,1.642799616294013,1.4457772812499998,1.4457772812499998,1.8123484713541664,1.2817174479166666,1.4462638771355416
8336,10,6.333,2.011,45.0,7.211,3630,1038,33.69,2.828,16.42799616294013,8.117116597656251,2.5775337877604168,9.242464516927084,3.624696942708333,4.573487949374228
8337,105,15.384,8.69,16.599,20.591,228,1046,29.055,13.234,172.49395971087137,19.71794121875,11.138124622395832,26.391843970052083,16.962248705729166,14.819794743593736
8338,12,4.846,3.153,132.106,5.831,254,1034,149.036,4.0,19.713595395528156,6.211202752604167,4.04125511328125,7.473694438802084,5.126869791666667,5.0100050327006205
8339,10,4.512,2.822,18.313,5.831,264,1038,30.964,4.0,16.42799616294013,5.783109124999999,3.6170066380208334,7.473694438802084,5.126869791666667,4.573487949374228
8340,5,3.144,2.025,161.565,3.606,369,1034,146.31,2.0,8.213998081470065,4.02971965625,2.59547783203125,4.6218731171875,2.5634348958333333,3.2339443426774745
8341,1,1.128,1.128,0.0,1.414,3567,1034,135.0,1.0,1.642799616294013,1.4457772812499998,1.4457772812499998,1.8123484713541664,1.2817174479166666,1.4462638771355416
8342,3,3.385,1.128,0.0,3.162,3619,1034,161.565,1.0,4.928398848882039,4.338613561197916,1.4457772812499998,4.0527905703125,1.2817174479166666,2.5050025163503102
8343,2,2.257,1.128,90.0,2.236,3625,1034,116.565,1.0,3.285599232588026,2.892836279947917,1.4457772812499998,2.865920213541667,1.2817174479166666,2.0453259898153786
8344,7,4.35,2.049,92.043,4.472,3734,1034,116.565,2.0,11.499597314058091,5.5754708984375,2.62623905078125,5.731840427083334,2.5634348958333333,3.826454549076717
8345,92,17.855,6.56,54.396,22.204,3773,1052,54.162,10.607,151.1375646990492,22.885065032552085,8.408066458333332,28.459254213541666,13.595176970052082,13.872075785990207
8346,2,2.257,1.128,0.0,2.236,100,1035,153.435,1.0,3.285599232588026,2.892836279947917,1.4457772812499998,2.865920213541667,1.2817174479166666,2.0453259898153786
8347,1,1.128,1.128,0.0,1.414,197,1035,135.0,1.0,1.642799616294013,1.4457772812499998,1.4457772812499998,1.8123484713541664,1.2817174479166666,1.4462638771355416
8348,7,4.738,1.881,160.946,6.325,3564,1035,161.565,2.91,11.499597314058091,6.072777268229167,2.41091051953125,8.106862858072917,3.7297977734375003,3.826454549076717
8349,7,3.644,2.446,157.5,4.472,3716,1036,153.435,3.0,11.499597314058091,4.670578380208333,3.135080877604167,5.731840427083334,3.8451523437499997,3.826454549076717
8350,1,1.128,1.128,0.0,1.414,3737,1035,135.0,1.0,1.642799616294013,1.4457772812499998,1.4457772812499998,1.8123484713541664,1.2817174479166666,1.4462638771355416
8351,1,1.128,1.128,0.0,1.414,3796,1035,135.0,1.0,1.642799616294013,1.4457772812499998,1.4457772812499998,1.8123484713541664,1.2817174479166666,1.4462638771355416
8352,27,7.701,4.464,84.751,8.246,151,1036,104.036,5.0,44.35558963993835,9.87050606640625,5.7215866875,10.569042075520834,6.408587239583333,7.515007549050931
8353,18,6.435,3.562,144.77,7.28,215,1038,164.055,4.4,29.570393093292235,8.24785177734375,4.565477549479167,9.330903020833334,5.639556770833334,6.135977969446135
8354,1,1.128,1.128,0.0,1.414,297,1036,135.0,1.0,1.642799616294013,1.4457772812499998,1.4457772812499998,1.8123484713541664,1.2817174479166666,1.4462638771355416
8355,3,2.365,1.615,45.0,2.828,3620,1038,45.0,2.0,4.928398848882039,3.0312617643229167,2.069973678385417,3.624696942708333,2.5634348958333333,2.5050025163503102
8356,1,1.128,1.128,0.0,1.414,3627,1036,135.0,1.0,1.642799616294013,1.4457772812499998,1.4457772812499998,1.8123484713541664,1.2817174479166666,1.4462638771355416
8357,5,3.086,2.063,34.099,3.606,3705,1038,33.69,2.683,8.213998081470065,3.955380044270833,2.6441830950520835,4.6218731171875,3.4388479127604166,3.2339443426774745
8358,4,4.514,1.128,90.0,4.123,3756,1036,104.036,1.0,6.571198465176052,5.785672559895834,1.4457772812499998,5.284521037760417,1.2817174479166666,2.892527754271083
8359,5,3.144,2.025,71.565,3.606,3759,1039,56.31,2.0,8.213998081470065,4.02971965625,2.59547783203125,4.6218731171875,2.5634348958333333,3.2339443426774745
8360,4,3.676,1.385,140.31,4.243,157,1037,135.0,2.121,6.571198465176052,4.711593338541666,1.7751786653645834,5.438327131510417,2.71852270703125,2.892527754271083
8361,5,3.833,1.661,135.0,4.243,204,1037,135.0,2.121,8.213998081470065,4.912822977864583,2.128932680989583,5.438327131510417,2.71852270703125,3.2339443426774745
8362,1,1.128,1.128,0.0,1.414,303,1037,135.0,1.0,1.642799616294013,1.4457772812499998,1.4457772812499998,1.8123484713541664,1.2817174479166666,1.4462638771355416
8363,1,1.128,1.128,0.0,1.414,755,1037,135.0,1.0,1.642799616294013,1.4457772812499998,1.4457772812499998,1.8123484713541664,1.2817174479166666,1.4462638771355416
8364,1,1.128,1.128,0.0,1.414,3616,1037,135.0,1.0,1.642799616294013,1.4457772812499998,1.4457772812499998,1.8123484713541664,1.2817174479166666,1.4462638771355416
8365,17,7.165,3.021,152.401,7.81,3624,1037,140.194,4.025,27.927593476998222,9.183505514322917,3.87206841015625,10.010213268229165,5.158912727864584,5.963098727945161
8366,3,3.213,1.189,61.845,3.606,3675,1040,56.31,1.789,4.928398848882039,4.11815816015625,1.5239620455729168,4.6218731171875,2.2929925143229166,2.5050025163503102
8367,4,2.734,1.863,0.0,3.162,3697,1038,161.565,2.0,6.571198465176052,3.5042155026041666,2.38783960546875,4.0527905703125,2.5634348958333333,2.892527754271083
8368,1,1.128,1.128,0.0,1.414,3712,1037,135.0,1.0,1.642799616294013,1.4457772812499998,1.4457772812499998,1.8123484713541664,1.2817174479166666,1.4462638771355416
8369,2,2.257,1.128,90.0,2.236,131,1038,116.565,1.0,3.285599232588026,2.892836279947917,1.4457772812499998,2.865920213541667,1.2817174479166666,2.0453259898153786
8370,2,2.257,1.128,90.0,2.236,201,1038,116.565,1.0,3.285599232588026,2.892836279947917,1.4457772812499998,2.865920213541667,1.2817174479166666,2.0453259898153786
8371,1,1.128,1.128,0.0,1.414,259,1038,135.0,1.0,1.642799616294013,1.4457772812499998,1.4457772812499998,1.8123484713541664,1.2817174479166666,1.4462638771355416
8372,3,2.365,1.615,45.0,2.828,298,1040,45.0,2.0,4.928398848882039,3.0312617643229167,2.069973678385417,3.624696942708333,2.5634348958333333,2.5050025163503102
8373,3,2.365,1.615,45.0,2.828,340,1040,45.0,2.0,4.928398848882039,3.0312617643229167,2.069973678385417,3.624696942708333,2.5634348958333333,2.5050025163503102
8374,2,2.257,1.128,90.0,2.236,383,1038,116.565,1.0,3.285599232588026,2.892836279947917,1.4457772812499998,2.865920213541667,1.2817174479166666,2.0453259898153786
8375,7,4.154,2.146,81.65,4.472,470,1042,63.435,2.0,11.499597314058091,5.324254278645833,2.7505656432291663,5.731840427083334,2.5634348958333333,3.826454549076717
8376,1,1.128,1.128,0.0,1.414,567,1038,135.0,1.0,1.642799616294013,1.4457772812499998,1.4457772812499998,1.8123484713541664,1.2817174479166666,1.4462638771355416
8377,1,1.128,1.128,0.0,1.414,3612,1038,135.0,1.0,1.642799616294013,1.4457772812499998,1.4457772812499998,1.8123484713541664,1.2817174479166666,1.4462638771355416
8378,4,2.257,2.257,0.0,2.828,3636,1038,135.0,2.0,6.571198465176052,2.892836279947917,2.892836279947917,3.624696942708333,2.5634348958333333,2.892527754271083
8379,2,2.257,1.128,90.0,2.236,3643,1038,116.565,1.0,3.285599232588026,2.892836279947917,1.4457772812499998,2.865920213541667,1.2817174479166666,2.0453259898153786
8380,2,2.257,1.128,90.0,2.236,3661,1038,116.565,1.0,3.285599232588026,2.892836279947917,1.4457772812499998,2.865920213541667,1.2817174479166666,2.0453259898153786
8381,8,3.538,2.879,45.0,4.243,3752,1041,45.0,3.0,13.142396930352104,4.534716330729166,3.6900645325520833,5.438327131510417,3.8451523437499997,4.090651979630757
8382,1,1.128,1.128,0.0,1.414,183,1039,135.0,1.0,1.642799616294013,1.4457772812499998,1.4457772812499998,1.8123484713541664,1.2817174479166666,1.4462638771355416
8383,1,1.128,1.128,0.0,1.414,188,1039,135.0,1.0,1.642799616294013,1.4457772812499998,1.4457772812499998,1.8123484713541664,1.2817174479166666,1.4462638771355416
8384,1,1.128,1.128,0.0,1.414,3565,1039,135.0,1.0,1.642799616294013,1.4457772812499998,1.4457772812499998,1.8123484713541664,1.2817174479166666,1.4462638771355416
8385,1,1.128,1.128,0.0,1.414,3614,1039,135.0,1.0,1.642799616294013,1.4457772812499998,1.4457772812499998,1.8123484713541664,1.2817174479166666,1.4462638771355416
8386,2,2.257,1.128,0.0,2.236,3657,1039,153.435,1.0,3.285599232588026,2.892836279947917,1.4457772812499998,2.865920213541667,1.2817174479166666,2.0453259898153786
8387,5,4.474,1.423,125.28,5.0,3671,1039,126.87,2.121,8.213998081470065,5.734403861979167,1.8238839283854167,6.408587239583333,2.71852270703125,3.2339443426774745
8388,1,1.128,1.128,0.0,1.414,3683,1039,135.0,1.0,1.642799616294013,1.4457772812499998,1.4457772812499998,1.8123484713541664,1.2817174479166666,1.4462638771355416
8389,1,1.128,1.128,0.0,1.414,3694,1039,135.0,1.0,1.642799616294013,1.4457772812499998,1.4457772812499998,1.8123484713541664,1.2817174479166666,1.4462638771355416
8390,10,5.642,2.257,90.0,5.385,3708,1039,111.801,2.0,16.42799616294013,7.2314498411458334,2.892836279947917,6.90204845703125,2.5634348958333333,4.573487949374228
8391,4,3.192,1.596,108.435,3.606,3744,1039,123.69,2.0,6.571198465176052,4.09124209375,2.045621046875,4.6218731171875,2.5634348958333333,2.892527754271083
8392,1,1.128,1.128,0.0,1.414,3763,1039,135.0,1.0,1.642799616294013,1.4457772812499998,1.4457772812499998,1.8123484713541664,1.2817174479166666,1.4462638771355416
8393,1,1.128,1.128,0.0,1.414,0,1040,135.0,1.0,1.642799616294013,1.4457772812499998,1.4457772812499998,1.8123484713541664,1.2817174479166666,1.4462638771355416
8394,1,1.128,1.128,0.0,1.414,28,1040,135.0,1.0,1.642799616294013,1.4457772812499998,1.4457772812499998,1.8123484713541664,1.2817174479166666,1.4462638771355416
8395,10,6.371,1.999,38.062,7.211,98,1044,33.69,2.828,16.42799616294013,8.165821860677084,2.5621531783854166,9.242464516927084,3.624696942708333,4.573487949374228
8396,8,4.355,2.339,67.198,5.0,193,1044,53.13,3.0,13.142396930352104,5.581879485677084,2.9979371106770833,6.408587239583333,3.8451523437499997,4.090651979630757
8397,6,3.988,1.916,71.565,4.472,482,1044,63.435,2.0,9.856797697764078,5.111489182291667,2.4557706302083333,5.731840427083334,2.5634348958333333,3.5426085324013394
8398,42,8.702,6.145,110.421,13.0,3725,1040,112.62,8.0,68.99758388434854,11.153505231770833,7.876153717447916,16.662326822916665,10.253739583333333,9.372861169189449
8399,15,6.511,2.933,62.343,7.81,3759,1046,39.806,4.459,24.641994244410196,8.345262303385416,3.759277274739583,10.010213268229165,5.715178100260416,5.601355910367322
8400,1,1.128,1.128,0.0,1.414,209,1041,135.0,1.0,1.642799616294013,1.4457772812499998,1.4457772812499998,1.8123484713541664,1.2817174479166666,1.4462638771355416
8401,1,1.128,1.128,0.0,1.414,3407,1041,135.0,1.0,1.642799616294013,1.4457772812499998,1.4457772812499998,1.8123484713541664,1.2817174479166666,1.4462638771355416
8402,7,4.903,1.818,173.868,5.385,3711,1041,158.199,2.0,11.499597314058091,6.284260647135416,2.3301623203125,6.90204845703125,2.5634348958333333,3.826454549076717
8403,7,4.154,2.146,8.35,4.472,3789,1043,26.565,2.0,11.499597314058091,5.324254278645833,2.7505656432291663,5.731840427083334,2.5634348958333333,3.826454549076717
8404,2,2.596,0.981,45.0,2.828,138,1044,45.0,1.414,3.285599232588026,3.327338494791667,1.2573648164062499,3.624696942708333,1.8123484713541664,2.0453259898153786
8405,7,3.507,2.542,149.527,4.243,203,1042,135.0,3.0,11.499597314058091,4.49498308984375,3.2581257526041663,5.438327131510417,3.8451523437499997,3.826454549076717
8406,2,2.257,1.128,90.0,2.236,3557,1042,116.565,1.0,3.285599232588026,2.892836279947917,1.4457772812499998,2.865920213541667,1.2817174479166666,2.0453259898153786
8407,12,4.96,3.08,10.868,7.211,3590,1046,33.69,4.0,19.713595395528156,6.357318541666666,3.9476897395833332,9.242464516927084,5.126869791666667,5.0100050327006205
8408,2,2.257,1.128,90.0,2.236,3615,1042,116.565,1.0,3.285599232588026,2.892836279947917,1.4457772812499998,2.865920213541667,1.2817174479166666,2.0453259898153786
8409,1,1.128,1.128,0.0,1.414,3651,1042,135.0,1.0,1.642799616294013,1.4457772812499998,1.4457772812499998,1.8123484713541664,1.2817174479166666,1.4462638771355416
8410,14,4.583,3.89,22.741,5.831,3666,1045,30.964,4.0,22.999194628116182,5.874111063802084,4.985880872395834,7.473694438802084,5.126869791666667,5.411423919108519
8411,3,3.385,1.128,90.0,3.162,3701,1042,108.435,1.0,4.928398848882039,4.338613561197916,1.4457772812499998,4.0527905703125,1.2817174479166666,2.5050025163503102
8412,1,1.128,1.128,0.0,1.414,81,1043,135.0,1.0,1.642799616294013,1.4457772812499998,1.4457772812499998,1.8123484713541664,1.2817174479166666,1.4462638771355416
8413,1,1.128,1.128,0.0,1.414,197,1043,135.0,1.0,1.642799616294013,1.4457772812499998,1.4457772812499998,1.8123484713541664,1.2817174479166666,1.4462638771355416
8414,1,1.128,1.128,0.0,1.414,355,1043,135.0,1.0,1.642799616294013,1.4457772812499998,1.4457772812499998,1.8123484713541664,1.2817174479166666,1.4462638771355416
8415,9,4.803,2.386,71.565,5.385,3530,1048,68.199,3.0,14.785196546646118,6.1560889023437495,3.058177830729167,6.90204845703125,3.8451523437499997,4.338791631406624
8416,6,3.385,2.257,90.0,3.606,3628,1043,123.69,2.0,9.856797697764078,4.338613561197916,2.892836279947917,4.6218731171875,2.5634348958333333,3.5426085324013394
8417,1,1.128,1.128,0.0,1.414,3706,1043,135.0,1.0,1.642799616294013,1.4457772812499998,1.4457772812499998,1.8123484713541664,1.2817174479166666,1.4462638771355416
8418,1,1.128,1.128,0.0,1.414,3717,1043,135.0,1.0,1.642799616294013,1.4457772812499998,1.4457772812499998,1.8123484713541664,1.2817174479166666,1.4462638771355416
8419,2,2.257,1.128,0.0,2.236,3746,1043,153.435,1.0,3.285599232588026,2.892836279947917,1.4457772812499998,2.865920213541667,1.2817174479166666,2.0453259898153786
8420,49,12.934,4.824,93.402,18.439,214,1044,102.529,8.0,80.49718119840664,16.577733471354165,6.18300496875,23.633588022135417,10.253739583333333,10.12384713994879
8421,1,1.128,1.128,0.0,1.414,221,1044,135.0,1.0,1.642799616294013,1.4457772812499998,1.4457772812499998,1.8123484713541664,1.2817174479166666,1.4462638771355416
8422,9,4.563,2.511,153.435,5.0,3646,1044,143.13,3.0,14.785196546646118,5.848476714843749,3.21839251171875,6.408587239583333,3.8451523437499997,4.338791631406624
8423,72,13.261,6.913,73.59,17.088,3736,1060,69.444,10.713,118.28157237316894,16.996855076822914,8.860512717447916,21.90198775,13.731039019531249,12.27195593889227
8424,8,4.214,2.417,75.964,5.0,3767,1048,53.13,3.0,13.142396930352104,5.401157325520834,3.097911071614583,6.408587239583333,3.8451523437499997,4.090651979630757
8425,1,1.128,1.128,0.0,1.414,225,1045,135.0,1.0,1.642799616294013,1.4457772812499998,1.4457772812499998,1.8123484713541664,1.2817174479166666,1.4462638771355416
8426,1,1.128,1.128,0.0,1.414,3610,1045,135.0,1.0,1.642799616294013,1.4457772812499998,1.4457772812499998,1.8123484713541664,1.2817174479166666,1.4462638771355416
8427,117,15.183,9.812,86.602,23.087,3781,1067,72.35,15.0,192.20755510639952,19.46031601171875,12.576211598958333,29.591010720052083,19.22576171875,15.643735700590637
8428,1,1.128,1.128,0.0,1.414,97,1046,135.0,1.0,1.642799616294013,1.4457772812499998,1.4457772812499998,1.8123484713541664,1.2817174479166666,1.4462638771355416
8429,1,1.128,1.128,0.0,1.414,189,1046,135.0,1.0,1.642799616294013,1.4457772812499998,1.4457772812499998,1.8123484713541664,1.2817174479166666,1.4462638771355416
8430,1,1.128,1.128,0.0,1.414,199,1046,135.0,1.0,1.642799616294013,1.4457772812499998,1.4457772812499998,1.8123484713541664,1.2817174479166666,1.4462638771355416
8431,1,1.128,1.128,0.0,1.414,257,1046,135.0,1.0,1.642799616294013,1.4457772812499998,1.4457772812499998,1.8123484713541664,1.2817174479166666,1.4462638771355416
8432,4,2.734,1.863,90.0,3.162,321,1046,108.435,2.0,6.571198465176052,3.5042155026041666,2.38783960546875,4.0527905703125,2.5634348958333333,2.892527754271083
8433,1,1.128,1.128,0.0,1.414,3755,1046,135.0,1.0,1.642799616294013,1.4457772812499998,1.4457772812499998,1.8123484713541664,1.2817174479166666,1.4462638771355416
8434,3,3.969,0.963,135.0,4.243,3771,1046,135.0,1.414,4.928398848882039,5.08713655078125,1.23429390234375,5.438327131510417,1.8123484713541664,2.5050025163503102
8435,5,2.523,2.523,0.0,3.162,3801,1046,108.435,2.828,8.213998081470065,3.23377312109375,3.23377312109375,4.0527905703125,3.624696942708333,3.2339443426774745
8436,1,1.128,1.128,0.0,1.414,226,1047,135.0,1.0,1.642799616294013,1.4457772812499998,1.4457772812499998,1.8123484713541664,1.2817174479166666,1.4462638771355416
8437,3,3.385,1.128,90.0,3.162,3487,1047,108.435,1.0,4.928398848882039,4.338613561197916,1.4457772812499998,4.0527905703125,1.2817174479166666,2.5050025163503102
8438,6,3.385,2.257,90.0,3.606,3733,1047,123.69,2.0,9.856797697764078,4.338613561197916,2.892836279947917,4.6218731171875,2.5634348958333333,3.5426085324013394
8439,4,2.257,2.257,0.0,2.828,198,1048,135.0,2.0,6.571198465176052,2.892836279947917,2.892836279947917,3.624696942708333,2.5634348958333333,2.892527754271083
8440,3,2.365,1.615,45.0,2.828,240,1050,45.0,2.0,4.928398848882039,3.0312617643229167,2.069973678385417,3.624696942708333,2.5634348958333333,2.5050025163503102
8441,3,2.365,1.615,45.0,2.828,248,1050,45.0,2.0,4.928398848882039,3.0312617643229167,2.069973678385417,3.624696942708333,2.5634348958333333,2.5050025163503102
8442,3,3.385,1.128,90.0,3.162,350,1048,108.435,1.0,4.928398848882039,4.338613561197916,1.4457772812499998,4.0527905703125,1.2817174479166666,2.5050025163503102
8443,1,1.128,1.128,0.0,1.414,381,1048,135.0,1.0,1.642799616294013,1.4457772812499998,1.4457772812499998,1.8123484713541664,1.2817174479166666,1.4462638771355416
8444,15,4.759,4.014,84.116,5.385,392,1048,111.801,4.0,24.641994244410196,6.099693334635417,5.144813835937501,6.90204845703125,5.126869791666667,5.601355910367322
8445,1,1.128,1.128,0.0,1.414,479,1048,135.0,1.0,1.642799616294013,1.4457772812499998,1.4457772812499998,1.8123484713541664,1.2817174479166666,1.4462638771355416
8446,1,1.128,1.128,0.0,1.414,551,1048,135.0,1.0,1.642799616294013,1.4457772812499998,1.4457772812499998,1.8123484713541664,1.2817174479166666,1.4462638771355416
8447,2,2.257,1.128,90.0,2.236,3437,1048,116.565,1.0,3.285599232588026,2.892836279947917,1.4457772812499998,2.865920213541667,1.2817174479166666,2.0453259898153786
8448,2,2.257,1.128,90.0,2.236,3517,1048,116.565,1.0,3.285599232588026,2.892836279947917,1.4457772812499998,2.865920213541667,1.2817174479166666,2.0453259898153786
8449,1,1.128,1.128,0.0,1.414,3575,1048,135.0,1.0,1.642799616294013,1.4457772812499998,1.4457772812499998,1.8123484713541664,1.2817174479166666,1.4462638771355416
8450,3,2.365,1.615,45.0,2.828,3650,1050,45.0,2.0,4.928398848882039,3.0312617643229167,2.069973678385417,3.624696942708333,2.5634348958333333,2.5050025163503102
8451,8,3.847,2.648,26.001,5.0,3754,1051,36.87,3.0,13.142396930352104,4.9307670221354165,3.3939878020833336,6.408587239583333,3.8451523437499997,4.090651979630757
8452,1,1.128,1.128,0.0,1.414,3763,1048,135.0,1.0,1.642799616294013,1.4457772812499998,1.4457772812499998,1.8123484713541664,1.2817174479166666,1.4462638771355416
8453,9,3.951,2.9,135.0,5.0,3818,1048,126.87,3.883,14.785196546646118,5.06406563671875,3.716980598958333,6.408587239583333,4.976908850260417,4.338791631406624
8454,1,1.128,1.128,0.0,1.414,3839,1048,135.0,1.0,1.642799616294013,1.4457772812499998,1.4457772812499998,1.8123484713541664,1.2817174479166666,1.4462638771355416
8455,1,1.128,1.128,0.0,1.414,37,1049,135.0,1.0,1.642799616294013,1.4457772812499998,1.4457772812499998,1.8123484713541664,1.2817174479166666,1.4462638771355416
8456,1,1.128,1.128,0.0,1.414,74,1049,135.0,1.0,1.642799616294013,1.4457772812499998,1.4457772812499998,1.8123484713541664,1.2817174479166666,1.4462638771355416
8457,1,1.128,1.128,0.0,1.414,196,1049,135.0,1.0,1.642799616294013,1.4457772812499998,1.4457772812499998,1.8123484713541664,1.2817174479166666,1.4462638771355416
8458,54,13.064,5.263,38.944,18.385,240,1062,45.0,8.944,88.7111792798767,16.744356739583335,6.745678928385416,23.564375279947917,11.463680854166668,10.62782559720402
8459,3,2.365,1.615,45.0,2.828,255,1051,45.0,2.0,4.928398848882039,3.0312617643229167,2.069973678385417,3.624696942708333,2.5634348958333333,2.5050025163503102
8460,1,1.128,1.128,0.0,1.414,295,1049,135.0,1.0,1.642799616294013,1.4457772812499998,1.4457772812499998,1.8123484713541664,1.2817174479166666,1.4462638771355416
8461,2,2.596,0.981,135.0,2.828,318,1049,135.0,1.414,3.285599232588026,3.327338494791667,1.2573648164062499,3.624696942708333,1.8123484713541664,2.0453259898153786
8462,1,1.128,1.128,0.0,1.414,481,1049,135.0,1.0,1.642799616294013,1.4457772812499998,1.4457772812499998,1.8123484713541664,1.2817174479166666,1.4462638771355416
8463,1,1.128,1.128,0.0,1.414,3376,1049,135.0,1.0,1.642799616294013,1.4457772812499998,1.4457772812499998,1.8123484713541664,1.2817174479166666,1.4462638771355416
8464,3,3.385,1.128,90.0,3.162,3552,1049,108.435,1.0,4.928398848882039,4.338613561197916,1.4457772812499998,4.0527905703125,1.2817174479166666,2.5050025163503102
8465,5,3.144,2.025,108.435,3.606,3622,1049,123.69,2.0,8.213998081470065,4.02971965625,2.59547783203125,4.6218731171875,2.5634348958333333,3.2339443426774745
8466,9,4.488,2.553,76.717,5.0,3675,1053,53.13,3.0,14.785196546646118,5.752347906250001,3.2722246445312497,6.408587239583333,3.8451523437499997,4.338791631406624
8467,1,1.128,1.128,0.0,1.414,3798,1049,135.0,1.0,1.642799616294013,1.4457772812499998,1.4457772812499998,1.8123484713541664,1.2817174479166666,1.4462638771355416
8468,4,3.216,1.583,31.717,3.606,25,1052,33.69,2.0,6.571198465176052,4.1220033125,2.028958720052083,4.6218731171875,2.5634348958333333,2.892527754271083
8469,9,5.664,2.023,88.196,6.325,227,1050,108.435,3.0,14.785196546646118,7.2596476249999995,2.592914397135417,8.106862858072917,3.8451523437499997,4.338791631406624
8470,4,3.216,1.583,148.283,3.606,305,1050,146.31,2.0,6.571198465176052,4.1220033125,2.028958720052083,4.6218731171875,2.5634348958333333,2.892527754271083
8471,15,5.033,3.795,14.451,6.403,376,1054,38.66,4.0,24.641994244410196,6.450883915364583,4.86411771484375,8.206836819010416,5.126869791666667,5.601355910367322
8472,2,2.257,1.128,90.0,2.236,529,1050,116.565,1.0,3.285599232588026,2.892836279947917,1.4457772812499998,2.865920213541667,1.2817174479166666,2.0453259898153786
8473,2,2.596,0.981,135.0,2.828,619,1050,135.0,1.414,3.285599232588026,3.327338494791667,1.2573648164062499,3.624696942708333,1.8123484713541664,2.0453259898153786
8474,48,10.658,5.734,26.015,12.806,3630,1058,38.66,7.589,78.85438158211262,13.660544559895833,7.349367846354166,16.413673638020832,9.726953712239583,10.020010065401241
8475,4,2.257,2.257,0.0,2.828,3672,1050,135.0,2.0,6.571198465176052,2.892836279947917,2.892836279947917,3.624696942708333,2.5634348958333333,2.892527754271083
8476,3,2.365,1.615,45.0,2.828,3715,1052,45.0,2.0,4.928398848882039,3.0312617643229167,2.069973678385417,3.624696942708333,2.5634348958333333,2.5050025163503102
8477,9,4.722,2.427,65.817,5.385,3804,1055,68.199,3.0,14.785196546646118,6.052269789062501,3.11072824609375,6.90204845703125,3.8451523437499997,4.338791631406624
8478,3,2.365,1.615,45.0,2.828,167,1053,45.0,2.0,4.928398848882039,3.0312617643229167,2.069973678385417,3.624696942708333,2.5634348958333333,2.5050025163503102
8479,6,3.718,2.055,90.0,4.123,201,1051,104.036,2.0,9.856797697764078,4.765425471354167,2.63392935546875,5.284521037760417,2.5634348958333333,3.5426085324013394
8480,4,2.257,2.257,0.0,2.828,232,1051,135.0,2.0,6.571198465176052,2.892836279947917,2.892836279947917,3.624696942708333,2.5634348958333333,2.892527754271083
8481,2,2.596,0.981,45.0,2.828,239,1053,45.0,1.414,3.285599232588026,3.327338494791667,1.2573648164062499,3.624696942708333,1.8123484713541664,2.0453259898153786
8482,2,2.257,1.128,0.0,2.236,3570,1051,153.435,1.0,3.285599232588026,2.892836279947917,1.4457772812499998,2.865920213541667,1.2817174479166666,2.0453259898153786
8483,4,2.257,2.257,0.0,2.828,3661,1051,135.0,2.0,6.571198465176052,2.892836279947917,2.892836279947917,3.624696942708333,2.5634348958333333,2.892527754271083
8484,1,1.128,1.128,0.0,1.414,3752,1051,135.0,1.0,1.642799616294013,1.4457772812499998,1.4457772812499998,1.8123484713541664,1.2817174479166666,1.4462638771355416
8485,1,1.128,1.128,0.0,1.414,3765,1051,135.0,1.0,1.642799616294013,1.4457772812499998,1.4457772812499998,1.8123484713541664,1.2817174479166666,1.4462638771355416
8486,3,2.365,1.615,45.0,2.828,3823,1053,45.0,2.0,4.928398848882039,3.0312617643229167,2.069973678385417,3.624696942708333,2.5634348958333333,2.5050025163503102
8487,11,4.414,3.173,137.432,5.657,40,1052,135.0,4.0,18.070795779234142,5.657500815104166,4.066889462239583,7.250675602864583,5.126869791666667,4.796714628303253
8488,2,2.257,1.128,0.0,2.236,178,1052,153.435,1.0,3.285599232588026,2.892836279947917,1.4457772812499998,2.865920213541667,1.2817174479166666,2.0453259898153786
8489,3,2.365,1.615,135.0,2.828,414,1052,135.0,2.0,4.928398848882039,3.0312617643229167,2.069973678385417,3.624696942708333,2.5634348958333333,2.5050025163503102
8490,1,1.128,1.128,0.0,1.414,3731,1052,135.0,1.0,1.642799616294013,1.4457772812499998,1.4457772812499998,1.8123484713541664,1.2817174479166666,1.4462638771355416
8491,5,3.833,1.661,135.0,4.243,158,1053,135.0,2.121,8.213998081470065,4.912822977864583,2.128932680989583,5.438327131510417,2.71852270703125,3.2339443426774745
8492,30,9.354,4.084,31.846,11.402,175,1060,37.875,6.472,49.28398848882039,11.989185007812498,5.234534057291666,14.614142341145833,8.295275322916668,7.921513496120161
8493,1,1.128,1.128,0.0,1.414,276,1053,135.0,1.0,1.642799616294013,1.4457772812499998,1.4457772812499998,1.8123484713541664,1.2817174479166666,1.4462638771355416
8494,1,1.128,1.128,0.0,1.414,317,1053,135.0,1.0,1.642799616294013,1.4457772812499998,1.4457772812499998,1.8123484713541664,1.2817174479166666,1.4462638771355416
8495,1,1.128,1.128,0.0,1.414,324,1053,135.0,1.0,1.642799616294013,1.4457772812499998,1.4457772812499998,1.8123484713541664,1.2817174479166666,1.4462638771355416
8496,1,1.128,1.128,0.0,1.414,351,1053,135.0,1.0,1.642799616294013,1.4457772812499998,1.4457772812499998,1.8123484713541664,1.2817174479166666,1.4462638771355416
8497,2,2.596,0.981,45.0,2.828,394,1055,45.0,1.414,3.285599232588026,3.327338494791667,1.2573648164062499,3.624696942708333,1.8123484713541664,2.0453259898153786
8498,2,2.596,0.981,135.0,2.828,569,1053,135.0,1.414,3.285599232588026,3.327338494791667,1.2573648164062499,3.624696942708333,1.8123484713541664,2.0453259898153786
8499,1,1.128,1.128,0.0,1.414,3673,1053,135.0,1.0,1.642799616294013,1.4457772812499998,1.4457772812499998,1.8123484713541664,1.2817174479166666,1.4462638771355416
8500,1,1.128,1.128,0.0,1.414,3708,1053,135.0,1.0,1.642799616294013,1.4457772812499998,1.4457772812499998,1.8123484713541664,1.2817174479166666,1.4462638771355416
8501,2,2.596,0.981,135.0,2.828,3714,1053,135.0,1.414,3.285599232588026,3.327338494791667,1.2573648164062499,3.624696942708333,1.8123484713541664,2.0453259898153786
8502,11,4.384,3.195,15.071,5.0,3720,1056,36.87,3.0,18.070795779234142,5.619049291666667,4.095087246093749,6.408587239583333,3.8451523437499997,4.796714628303253
8503,18,4.973,4.609,36.015,6.403,3730,1058,51.34,5.0,29.570393093292235,6.373980868489583,5.907435717447917,8.206836819010416,6.408587239583333,6.135977969446135
8504,7,3.69,2.416,146.599,4.472,3757,1054,153.435,3.0,11.499597314058091,4.7295373828125,3.0966293541666663,5.731840427083334,3.8451523437499997,3.826454549076717
8505,3,2.365,1.615,45.0,2.828,3770,1055,45.0,2.0,4.928398848882039,3.0312617643229167,2.069973678385417,3.624696942708333,2.5634348958333333,2.5050025163503102
8506,2,2.596,0.981,45.0,2.828,3799,1055,45.0,1.414,3.285599232588026,3.327338494791667,1.2573648164062499,3.624696942708333,1.8123484713541664,2.0453259898153786
8507,3,2.365,1.615,45.0,2.828,144,1056,45.0,2.0,4.928398848882039,3.0312617643229167,2.069973678385417,3.624696942708333,2.5634348958333333,2.5050025163503102
8508,4,2.257,2.257,0.0,2.828,211,1054,135.0,2.0,6.571198465176052,2.892836279947917,2.892836279947917,3.624696942708333,2.5634348958333333,2.892527754271083
8509,8,3.978,2.56,65.593,4.472,354,1058,63.435,3.0,13.142396930352104,5.0986720078125005,3.2811966666666668,5.731840427083334,3.8451523437499997,4.090651979630757
8510,14,6.667,2.674,139.445,7.81,3680,1054,129.806,4.243,22.999194628116182,8.545210225260416,3.4273124557291665,10.010213268229165,5.438327131510417,5.411423919108519
8511,2,2.257,1.128,90.0,2.236,3686,1054,116.565,1.0,3.285599232588026,2.892836279947917,1.4457772812499998,2.865920213541667,1.2817174479166666,2.0453259898153786
8512,1,1.128,1.128,0.0,1.414,3689,1054,135.0,1.0,1.642799616294013,1.4457772812499998,1.4457772812499998,1.8123484713541664,1.2817174479166666,1.4462638771355416
8513,6,3.385,2.257,0.0,3.606,3753,1054,146.31,2.0,9.856797697764078,4.338613561197916,2.892836279947917,4.6218731171875,2.5634348958333333,3.5426085324013394
8514,35,11.039,4.037,31.391,14.213,3763,1063,39.289,6.308,57.49798657029046,14.148878907552083,5.174293337239583,18.21705008723958,8.085073661458333,8.556212484548844
8515,5,3.144,2.025,108.435,3.606,194,1055,123.69,2.0,8.213998081470065,4.02971965625,2.59547783203125,4.6218731171875,2.5634348958333333,3.2339443426774745
8516,2,2.257,1.128,90.0,2.236,367,1055,116.565,1.0,3.285599232588026,2.892836279947917,1.4457772812499998,2.865920213541667,1.2817174479166666,2.0453259898153786
8517,1,1.128,1.128,0.0,1.414,3718,1055,135.0,1.0,1.642799616294013,1.4457772812499998,1.4457772812499998,1.8123484713541664,1.2817174479166666,1.4462638771355416
8518,3,3.969,0.963,45.0,4.243,3726,1058,45.0,1.414,4.928398848882039,5.08713655078125,1.23429390234375,5.438327131510417,1.8123484713541664,2.5050025163503102
8519,1,1.128,1.128,0.0,1.414,3821,1055,135.0,1.0,1.642799616294013,1.4457772812499998,1.4457772812499998,1.8123484713541664,1.2817174479166666,1.4462638771355416
8520,2,2.257,1.128,90.0,2.236,3839,1055,116.565,1.0,3.285599232588026,2.892836279947917,1.4457772812499998,2.865920213541667,1.2817174479166666,2.0453259898153786
8521,2,2.596,0.981,135.0,2.828,49,1056,135.0,1.414,3.285599232588026,3.327338494791667,1.2573648164062499,3.624696942708333,1.8123484713541664,2.0453259898153786
8522,1,1.128,1.128,0.0,1.414,169,1056,135.0,1.0,1.642799616294013,1.4457772812499998,1.4457772812499998,1.8123484713541664,1.2817174479166666,1.4462638771355416
8523,4,2.887,1.764,14.872,3.606,205,1058,33.69,2.0,6.571198465176052,3.7003182721354166,2.260949578125,4.6218731171875,2.5634348958333333,2.892527754271083
8524,3,2.365,1.615,45.0,2.828,300,1058,45.0,2.0,4.928398848882039,3.0312617643229167,2.069973678385417,3.624696942708333,2.5634348958333333,2.5050025163503102
8525,3,2.365,1.615,135.0,2.828,305,1056,135.0,2.0,4.928398848882039,3.0312617643229167,2.069973678385417,3.624696942708333,2.5634348958333333,2.5050025163503102
8526,9,5.096,2.248,48.77,5.831,469,1061,59.036,2.828,14.785196546646118,6.531632114583333,2.881300822916667,7.473694438802084,3.624696942708333,4.338791631406624
8527,2,2.257,1.128,90.0,2.236,521,1056,116.565,1.0,3.285599232588026,2.892836279947917,1.4457772812499998,2.865920213541667,1.2817174479166666,2.0453259898153786
8528,18,5.82,3.938,5.477,6.708,3640,1057,153.435,4.0,29.570393093292235,7.459595546875001,5.0474033098958335,8.597760640625,5.126869791666667,6.135977969446135
8529,3,3.385,1.128,0.0,3.162,3797,1056,161.565,1.0,4.928398848882039,4.338613561197916,1.4457772812499998,4.0527905703125,1.2817174479166666,2.5050025163503102
8530,20,6.675,3.815,115.066,7.81,169,1058,129.806,5.578,32.85599232588026,8.55546396484375,4.889752063802083,10.010213268229165,7.149419924479167,6.467888685354949
8531,2,2.257,1.128,0.0,2.236,394,1057,153.435,1.0,3.285599232588026,2.892836279947917,1.4457772812499998,2.865920213541667,1.2817174479166666,2.0453259898153786
8532,1,1.128,1.128,0.0,1.414,571,1057,135.0,1.0,1.642799616294013,1.4457772812499998,1.4457772812499998,1.8123484713541664,1.2817174479166666,1.4462638771355416
8533,3,2.365,1.615,135.0,2.828,582,1057,135.0,2.0,4.928398848882039,3.0312617643229167,2.069973678385417,3.624696942708333,2.5634348958333333,2.5050025163503102
8534,2,2.257,1.128,90.0,2.236,3749,1057,116.565,1.0,3.285599232588026,2.892836279947917,1.4457772812499998,2.865920213541667,1.2817174479166666,2.0453259898153786
8535,4,2.734,1.863,90.0,3.162,3756,1057,108.435,2.0,6.571198465176052,3.5042155026041666,2.38783960546875,4.0527905703125,2.5634348958333333,2.892527754271083
8536,4,3.192,1.596,71.565,3.606,3818,1060,56.31,2.0,6.571198465176052,4.09124209375,2.045621046875,4.6218731171875,2.5634348958333333,2.892527754271083
8537,2,2.257,1.128,90.0,2.236,145,1058,116.565,1.0,3.285599232588026,2.892836279947917,1.4457772812499998,2.865920213541667,1.2817174479166666,2.0453259898153786
8538,3,2.365,1.615,135.0,2.828,3528,1058,135.0,2.0,4.928398848882039,3.0312617643229167,2.069973678385417,3.624696942708333,2.5634348958333333,2.5050025163503102
8539,4,2.257,2.257,0.0,2.828,3560,1058,135.0,2.0,6.571198465176052,2.892836279947917,2.892836279947917,3.624696942708333,2.5634348958333333,2.892527754271083
8540,1,1.128,1.128,0.0,1.414,3579,1058,135.0,1.0,1.642799616294013,1.4457772812499998,1.4457772812499998,1.8123484713541664,1.2817174479166666,1.4462638771355416
8541,4,2.257,2.257,0.0,2.828,3657,1058,135.0,2.0,6.571198465176052,2.892836279947917,2.892836279947917,3.624696942708333,2.5634348958333333,2.892527754271083
8542,40,9.246,5.508,95.151,13.416,3690,1058,116.565,8.0,65.71198465176052,11.8507595234375,7.059699703125,17.19552128125,10.253739583333333,9.146975898748456
8543,16,4.514,4.514,0.0,5.657,3796,1058,135.0,4.0,26.28479386070421,5.785672559895834,5.785672559895834,7.250675602864583,5.126869791666667,5.785055508542166
8544,2,2.596,0.981,135.0,2.828,3801,1058,135.0,1.414,3.285599232588026,3.327338494791667,1.2573648164062499,3.624696942708333,1.8123484713541664,2.0453259898153786
8545,191,29.999,8.106,87.264,38.328,3835,1096,82.504,13.0,313.7747267121565,38.450241720052084,10.3896016328125,49.125666343750005,16.662326822916665,19.987764448298403
8546,5,3.144,2.025,108.435,3.606,189,1059,123.69,2.0,8.213998081470065,4.02971965625,2.59547783203125,4.6218731171875,2.5634348958333333,3.2339443426774745
8547,2,2.596,0.981,135.0,2.828,197,1059,135.0,1.414,3.285599232588026,3.327338494791667,1.2573648164062499,3.624696942708333,1.8123484713541664,2.0453259898153786
8548,6,4.274,1.787,61.138,5.0,300,1063,53.13,2.53,9.856797697764078,5.478060372395833,2.290429079427083,6.408587239583333,3.2427451432291665,3.5426085324013394
8549,25,8.509,3.741,125.071,10.63,339,1060,131.186,5.8,41.069990407350325,10.906133764322917,4.79490497265625,13.624656471354168,7.433961197916666,7.231319385677708
8550,4,2.257,2.257,0.0,2.828,430,1059,135.0,2.0,6.571198465176052,2.892836279947917,2.892836279947917,3.624696942708333,2.5634348958333333,2.892527754271083
8551,8,4.501,2.263,21.355,5.0,3590,1062,36.87,2.846,13.142396930352104,5.769010233072917,2.9005265846354167,6.408587239583333,3.6477678567708334,4.090651979630757
8552,14,4.426,4.027,27.588,6.325,3616,1062,18.435,4.95,22.999194628116182,5.672881424479167,5.161476162760417,8.106862858072917,6.3445013671875,5.411423919108519
8553,8,3.254,3.13,0.0,4.243,3648,1059,135.0,3.0,13.142396930352104,4.170708575520833,4.011775611979166,5.438327131510417,3.8451523437499997,4.090651979630757
8554,1,1.128,1.128,0.0,1.414,3733,1059,135.0,1.0,1.642799616294013,1.4457772812499998,1.4457772812499998,1.8123484713541664,1.2817174479166666,1.4462638771355416
8555,3,2.365,1.615,45.0,2.828,204,1062,45.0,2.0,4.928398848882039,3.0312617643229167,2.069973678385417,3.624696942708333,2.5634348958333333,2.5050025163503102
8556,3,2.365,1.615,135.0,2.828,211,1060,135.0,2.0,4.928398848882039,3.0312617643229167,2.069973678385417,3.624696942708333,2.5634348958333333,2.5050025163503102
8557,2,2.257,1.128,0.0,2.236,291,1060,153.435,1.0,3.285599232588026,2.892836279947917,1.4457772812499998,2.865920213541667,1.2817174479166666,2.0453259898153786
8558,17,7.899,2.74,163.552,8.944,3696,1060,153.435,3.638,27.927593476998222,10.12428612109375,3.511905807291667,11.463680854166668,4.662888075520833,5.963098727945161
8559,1,1.128,1.128,0.0,1.414,3715,1060,135.0,1.0,1.642799616294013,1.4457772812499998,1.4457772812499998,1.8123484713541664,1.2817174479166666,1.4462638771355416
8560,2,2.596,0.981,45.0,2.828,3809,1062,45.0,1.414,3.285599232588026,3.327338494791667,1.2573648164062499,3.624696942708333,1.8123484713541664,2.0453259898153786
8561,5,3.144,2.025,108.435,3.606,3824,1060,123.69,2.0,8.213998081470065,4.02971965625,2.59547783203125,4.6218731171875,2.5634348958333333,3.2339443426774745
8562,1,1.128,1.128,0.0,1.414,472,1061,135.0,1.0,1.642799616294013,1.4457772812499998,1.4457772812499998,1.8123484713541664,1.2817174479166666,1.4462638771355416
8563,1,1.128,1.128,0.0,1.414,3558,1061,135.0,1.0,1.642799616294013,1.4457772812499998,1.4457772812499998,1.8123484713541664,1.2817174479166666,1.4462638771355416
8564,2,2.257,1.128,0.0,2.236,3561,1061,153.435,1.0,3.285599232588026,2.892836279947917,1.4457772812499998,2.865920213541667,1.2817174479166666,2.0453259898153786
8565,1,1.128,1.128,0.0,1.414,3737,1061,135.0,1.0,1.642799616294013,1.4457772812499998,1.4457772812499998,1.8123484713541664,1.2817174479166666,1.4462638771355416
8566,29,9.972,3.703,9.44,10.77,3744,1066,21.801,4.932,47.64118887252638,12.781286390624999,4.746199709635416,13.8040969140625,6.321430453125,7.788369332980218
8567,2,2.257,1.128,0.0,2.236,3788,1061,153.435,1.0,3.285599232588026,2.892836279947917,1.4457772812499998,2.865920213541667,1.2817174479166666,2.0453259898153786
8568,1,1.128,1.128,0.0,1.414,3791,1061,135.0,1.0,1.642799616294013,1.4457772812499998,1.4457772812499998,1.8123484713541664,1.2817174479166666,1.4462638771355416
8569,395,27.958,17.989,176.25,36.125,3797,1075,175.236,26.384,648.9058484361351,35.834256408854166,23.056815170572918,46.30204280598958,33.816833145833336,28.74392605249526
8570,1,1.128,1.128,0.0,1.414,93,1062,135.0,1.0,1.642799616294013,1.4457772812499998,1.4457772812499998,1.8123484713541664,1.2817174479166666,1.4462638771355416
8571,2,2.257,1.128,90.0,2.236,201,1062,116.565,1.0,3.285599232588026,2.892836279947917,1.4457772812499998,2.865920213541667,1.2817174479166666,2.0453259898153786
8572,9,3.923,2.921,78.019,4.472,207,1062,116.565,3.0,14.785196546646118,5.028177548177084,3.743896665364583,5.731840427083334,3.8451523437499997,4.338791631406624
8573,5,3.144,2.025,108.435,3.606,220,1062,123.69,2.0,8.213998081470065,4.02971965625,2.59547783203125,4.6218731171875,2.5634348958333333,3.2339443426774745
8574,5,3.144,2.025,18.435,3.606,225,1064,33.69,2.0,8.213998081470065,4.02971965625,2.59547783203125,4.6218731171875,2.5634348958333333,3.2339443426774745
8575,2,2.257,1.128,90.0,2.236,319,1062,116.565,1.0,3.285599232588026,2.892836279947917,1.4457772812499998,2.865920213541667,1.2817174479166666,2.0453259898153786
8576,2,2.596,0.981,45.0,2.828,3578,1064,45.0,1.414,3.285599232588026,3.327338494791667,1.2573648164062499,3.624696942708333,1.8123484713541664,2.0453259898153786
8577,7,4.154,2.146,81.65,4.472,3680,1066,63.435,2.0,11.499597314058091,5.324254278645833,2.7505656432291663,5.731840427083334,2.5634348958333333,3.826454549076717
8578,136,19.258,8.991,113.482,28.46,3707,1062,108.435,13.456,223.42074781598578,24.683314611979164,11.523921574218749,36.47767856770833,17.246789979166667,16.866190189659594
8579,1,1.128,1.128,0.0,1.414,3817,1062,135.0,1.0,1.642799616294013,1.4457772812499998,1.4457772812499998,1.8123484713541664,1.2817174479166666,1.4462638771355416
8580,4,3.216,1.583,58.283,3.606,3827,1065,56.31,2.0,6.571198465176052,4.1220033125,2.028958720052083,4.6218731171875,2.5634348958333333,2.892527754271083
8581,6,3.718,2.055,0.0,4.123,190,1064,165.964,2.0,9.856797697764078,4.765425471354167,2.63392935546875,5.284521037760417,2.5634348958333333,3.5426085324013394
8582,2,2.257,1.128,90.0,2.236,203,1063,116.565,1.0,3.285599232588026,2.892836279947917,1.4457772812499998,2.865920213541667,1.2817174479166666,2.0453259898153786
8583,1,1.128,1.128,0.0,1.414,3649,1063,135.0,1.0,1.642799616294013,1.4457772812499998,1.4457772812499998,1.8123484713541664,1.2817174479166666,1.4462638771355416
8584,2,2.257,1.128,0.0,2.236,3675,1063,153.435,1.0,3.285599232588026,2.892836279947917,1.4457772812499998,2.865920213541667,1.2817174479166666,2.0453259898153786
8585,1,1.128,1.128,0.0,1.414,3797,1063,135.0,1.0,1.642799616294013,1.4457772812499998,1.4457772812499998,1.8123484713541664,1.2817174479166666,1.4462638771355416
8586,2,2.596,0.981,45.0,2.828,480,1066,45.0,1.414,3.285599232588026,3.327338494791667,1.2573648164062499,3.624696942708333,1.8123484713541664,2.0453259898153786
8587,1,1.128,1.128,0.0,1.414,505,1064,135.0,1.0,1.642799616294013,1.4457772812499998,1.4457772812499998,1.8123484713541664,1.2817174479166666,1.4462638771355416
8588,1,1.128,1.128,0.0,1.414,507,1064,135.0,1.0,1.642799616294013,1.4457772812499998,1.4457772812499998,1.8123484713541664,1.2817174479166666,1.4462638771355416
8589,3,2.365,1.615,45.0,2.828,3454,1066,45.0,2.0,4.928398848882039,3.0312617643229167,2.069973678385417,3.624696942708333,2.5634348958333333,2.5050025163503102
8590,8,3.961,2.571,7.796,4.472,3770,1065,153.435,3.0,13.142396930352104,5.076882811197916,3.2952955585937502,5.731840427083334,3.8451523437499997,4.090651979630757
8591,3,2.365,1.615,135.0,2.828,195,1065,135.0,2.0,4.928398848882039,3.0312617643229167,2.069973678385417,3.624696942708333,2.5634348958333333,2.5050025163503102
8592,1,1.128,1.128,0.0,1.414,287,1065,135.0,1.0,1.642799616294013,1.4457772812499998,1.4457772812499998,1.8123484713541664,1.2817174479166666,1.4462638771355416
8593,1,1.128,1.128,0.0,1.414,3574,1065,135.0,1.0,1.642799616294013,1.4457772812499998,1.4457772812499998,1.8123484713541664,1.2817174479166666,1.4462638771355416
8594,2,2.257,1.128,0.0,2.236,3620,1065,153.435,1.0,3.285599232588026,2.892836279947917,1.4457772812499998,2.865920213541667,1.2817174479166666,2.0453259898153786
8595,1,1.128,1.128,0.0,1.414,3716,1065,135.0,1.0,1.642799616294013,1.4457772812499998,1.4457772812499998,1.8123484713541664,1.2817174479166666,1.4462638771355416
8596,3,3.385,1.128,90.0,3.162,167,1066,108.435,1.0,4.928398848882039,4.338613561197916,1.4457772812499998,4.0527905703125,1.2817174479166666,2.5050025163503102
8597,237,21.506,14.031,44.503,31.765,187,1094,61.821,21.322,389.3435090616811,27.564615434895835,17.98377751171875,40.71375473307292,27.328779424479166,22.26494938118633
8598,56,10.959,6.506,27.513,14.422,262,1078,56.31,9.6,91.99677851246473,14.04634151171875,8.338853716145833,18.48492903385417,12.304487499999999,10.822847838217038
8599,8,4.514,2.257,90.0,4.472,356,1066,116.565,2.0,13.142396930352104,5.785672559895834,2.892836279947917,5.731840427083334,2.5634348958333333,4.090651979630757
8600,5,3.144,2.025,108.435,3.606,3728,1066,123.69,2.0,8.213998081470065,4.02971965625,2.59547783203125,4.6218731171875,2.5634348958333333,3.2339443426774745
8601,11,5.435,2.577,91.155,6.325,3749,1066,108.435,3.0,18.070795779234142,6.966134329427082,3.30298586328125,8.106862858072917,3.8451523437499997,4.796714628303253
8602,19,7.034,3.439,97.374,8.544,3775,1066,110.556,4.0,31.21319270958625,9.015600528645832,4.407826303385416,10.950993875,5.126869791666667,6.304118086127151
8603,66,12.603,6.668,86.971,15.524,3786,1081,75.069,10.0,108.42477467540486,16.15348499609375,8.546491942708334,19.897381661458333,12.817174479166667,11.749503281086843
8604,73,12.974,7.164,123.11,18.868,210,1068,122.005,10.0,119.92437198946295,16.629002169270834,9.182223796875,24.183444807291664,12.817174479166667,12.35688398296352
8605,2,2.596,0.981,45.0,2.828,278,1069,45.0,1.414,3.285599232588026,3.327338494791667,1.2573648164062499,3.624696942708333,1.8123484713541664,2.0453259898153786
8606,1,1.128,1.128,0.0,1.414,322,1067,135.0,1.0,1.642799616294013,1.4457772812499998,1.4457772812499998,1.8123484713541664,1.2817174479166666,1.4462638771355416
8607,4,3.192,1.596,71.565,3.606,582,1070,56.31,2.0,6.571198465176052,4.09124209375,2.045621046875,4.6218731171875,2.5634348958333333,2.892527754271083
8608,6,3.385,2.257,90.0,3.606,3698,1067,123.69,2.0,9.856797697764078,4.338613561197916,2.892836279947917,4.6218731171875,2.5634348958333333,3.5426085324013394
8609,2,2.257,1.128,0.0,2.236,3746,1067,153.435,1.0,3.285599232588026,2.892836279947917,1.4457772812499998,2.865920213541667,1.2817174479166666,2.0453259898153786
8610,1,1.128,1.128,0.0,1.414,3808,1067,135.0,1.0,1.642799616294013,1.4457772812499998,1.4457772812499998,1.8123484713541664,1.2817174479166666,1.4462638771355416
8611,5,3.679,1.73,64.33,4.472,98,1072,63.435,2.53,8.213998081470065,4.7154384908854166,2.2173711848958333,5.731840427083334,3.2427451432291665,3.2339443426774745
8612,3,3.213,1.189,61.845,3.606,237,1071,56.31,1.789,4.928398848882039,4.11815816015625,1.5239620455729168,4.6218731171875,2.2929925143229166,2.5050025163503102
8613,14,5.141,3.467,124.601,6.403,253,1069,128.66,4.0,22.999194628116182,6.589309399739583,4.443714391927084,8.206836819010416,5.126869791666667,5.411423919108519
8614,3,2.365,1.615,135.0,2.828,273,1068,135.0,2.0,4.928398848882039,3.0312617643229167,2.069973678385417,3.624696942708333,2.5634348958333333,2.5050025163503102
8615,3,2.365,1.615,45.0,2.828,284,1070,45.0,2.0,4.928398848882039,3.0312617643229167,2.069973678385417,3.624696942708333,2.5634348958333333,2.5050025163503102
8616,20,5.472,4.654,152.4,6.708,348,1073,26.565,5.0,32.85599232588026,7.013557875,5.965113002604166,8.597760640625,6.408587239583333,6.467888685354949
8617,1,1.128,1.128,0.0,1.414,359,1068,135.0,1.0,1.642799616294013,1.4457772812499998,1.4457772812499998,1.8123484713541664,1.2817174479166666,1.4462638771355416
8618,1,1.128,1.128,0.0,1.414,568,1068,135.0,1.0,1.642799616294013,1.4457772812499998,1.4457772812499998,1.8123484713541664,1.2817174479166666,1.4462638771355416
8619,1,1.128,1.128,0.0,1.414,3607,1068,135.0,1.0,1.642799616294013,1.4457772812499998,1.4457772812499998,1.8123484713541664,1.2817174479166666,1.4462638771355416
8620,3,2.365,1.615,45.0,2.828,3614,1070,45.0,2.0,4.928398848882039,3.0312617643229167,2.069973678385417,3.624696942708333,2.5634348958333333,2.5050025163503102
8621,3,2.365,1.615,45.0,2.828,3724,1070,45.0,2.0,4.928398848882039,3.0312617643229167,2.069973678385417,3.624696942708333,2.5634348958333333,2.5050025163503102
8622,8,4.489,2.269,99.217,5.385,3759,1068,111.801,3.0,13.142396930352104,5.7536296236979165,2.9082168893229166,6.90204845703125,3.8451523437499997,4.090651979630757
8623,2,2.596,0.981,135.0,2.828,3779,1068,135.0,1.414,3.285599232588026,3.327338494791667,1.2573648164062499,3.624696942708333,1.8123484713541664,2.0453259898153786
8624,4,2.257,2.257,0.0,2.828,3782,1068,135.0,2.0,6.571198465176052,2.892836279947917,2.892836279947917,3.624696942708333,2.5634348958333333,2.892527754271083
8625,3,2.365,1.615,45.0,2.828,74,1071,45.0,2.0,4.928398848882039,3.0312617643229167,2.069973678385417,3.624696942708333,2.5634348958333333,2.5050025163503102
8626,3,3.213,1.189,118.155,3.606,95,1069,123.69,1.789,4.928398848882039,4.11815816015625,1.5239620455729168,4.6218731171875,2.2929925143229166,2.5050025163503102
8627,1,1.128,1.128,0.0,1.414,179,1069,135.0,1.0,1.642799616294013,1.4457772812499998,1.4457772812499998,1.8123484713541664,1.2817174479166666,1.4462638771355416
8628,1,1.128,1.128,0.0,1.414,276,1069,135.0,1.0,1.642799616294013,1.4457772812499998,1.4457772812499998,1.8123484713541664,1.2817174479166666,1.4462638771355416
8629,1,1.128,1.128,0.0,1.414,294,1069,135.0,1.0,1.642799616294013,1.4457772812499998,1.4457772812499998,1.8123484713541664,1.2817174479166666,1.4462638771355416
8630,6,3.385,2.257,90.0,3.606,408,1069,123.69,2.0,9.856797697764078,4.338613561197916,2.892836279947917,4.6218731171875,2.5634348958333333,3.5426085324013394
8631,3,3.213,1.189,28.155,3.606,3597,1071,33.69,1.789,4.928398848882039,4.11815816015625,1.5239620455729168,4.6218731171875,2.2929925143229166,2.5050025163503102
8632,35,8.295,5.372,6.861,9.849,3680,1073,23.962,6.788,57.49798657029046,10.63184623046875,6.8853861302083335,12.62363514453125,8.700298036458333,8.556212484548844
8633,3,2.365,1.615,45.0,2.828,174,1072,45.0,2.0,4.928398848882039,3.0312617643229167,2.069973678385417,3.624696942708333,2.5634348958333333,2.5050025163503102
8634,1,1.128,1.128,0.0,1.414,207,1070,135.0,1.0,1.642799616294013,1.4457772812499998,1.4457772812499998,1.8123484713541664,1.2817174479166666,1.4462638771355416
8635,1,1.128,1.128,0.0,1.414,219,1070,135.0,1.0,1.642799616294013,1.4457772812499998,1.4457772812499998,1.8123484713541664,1.2817174479166666,1.4462638771355416
8636,7,3.086,2.888,0.0,3.606,438,1070,123.69,3.0,11.499597314058091,3.955380044270833,3.701599989583333,4.6218731171875,3.8451523437499997,3.826454549076717
8637,2,2.257,1.128,90.0,2.236,487,1070,116.565,1.0,3.285599232588026,2.892836279947917,1.4457772812499998,2.865920213541667,1.2817174479166666,2.0453259898153786
8638,9,4.488,2.553,103.283,5.0,3578,1070,126.87,3.0,14.785196546646118,5.752347906250001,3.2722246445312497,6.408587239583333,3.8451523437499997,4.338791631406624
8639,2,2.257,1.128,0.0,2.236,3630,1070,153.435,1.0,3.285599232588026,2.892836279947917,1.4457772812499998,2.865920213541667,1.2817174479166666,2.0453259898153786
8640,4,4.514,1.128,0.0,4.123,3656,1070,165.964,1.0,6.571198465176052,5.785672559895834,1.4457772812499998,5.284521037760417,1.2817174479166666,2.892527754271083
8641,10,3.726,3.417,59.872,4.472,3795,1070,116.565,4.0,16.42799616294013,4.7756792109375,4.379628519531249,5.731840427083334,5.126869791666667,4.573487949374228
8642,28,8.278,4.307,117.402,9.849,127,1071,113.962,5.659,45.998389256232365,10.610057033854167,5.520357048177083,12.62363514453125,7.253239037760416,7.652909098153434
8643,13,7.15,2.315,4.589,8.246,155,1073,14.036,3.0,21.35639501182217,9.164279752604166,2.9671758919270834,10.569042075520834,3.8451523437499997,5.214578566863546
8644,42,9.377,5.703,138.585,12.806,180,1071,128.66,6.934,68.99758388434854,12.018664509114585,7.309634605468751,16.413673638020832,8.887428783854167,9.372861169189449
8645,1,1.128,1.128,0.0,1.414,239,1071,135.0,1.0,1.642799616294013,1.4457772812499998,1.4457772812499998,1.8123484713541664,1.2817174479166666,1.4462638771355416
8646,6,3.931,1.943,120.964,4.472,3668,1071,116.565,2.683,9.856797697764078,5.0384312877604165,2.4903770013020834,5.731840427083334,3.4388479127604166,3.5426085324013394
8647,2,2.257,1.128,0.0,2.236,3675,1071,153.435,1.0,3.285599232588026,2.892836279947917,1.4457772812499998,2.865920213541667,1.2817174479166666,2.0453259898153786
8648,2,2.257,1.128,0.0,2.236,3738,1071,153.435,1.0,3.285599232588026,2.892836279947917,1.4457772812499998,2.865920213541667,1.2817174479166666,2.0453259898153786
8649,1,1.128,1.128,0.0,1.414,170,1072,135.0,1.0,1.642799616294013,1.4457772812499998,1.4457772812499998,1.8123484713541664,1.2817174479166666,1.4462638771355416
8650,1,1.128,1.128,0.0,1.414,227,1072,135.0,1.0,1.642799616294013,1.4457772812499998,1.4457772812499998,1.8123484713541664,1.2817174479166666,1.4462638771355416
8651,23,8.112,3.61,121.261,9.434,277,1072,122.005,4.919,37.7843911747623,10.3972919375,4.6269999869791665,12.091722403645832,6.304768126302083,6.936037892995103
8652,2,2.257,1.128,90.0,2.236,338,1072,116.565,1.0,3.285599232588026,2.892836279947917,1.4457772812499998,2.865920213541667,1.2817174479166666,2.0453259898153786
8653,1,1.128,1.128,0.0,1.414,3753,1072,135.0,1.0,1.642799616294013,1.4457772812499998,1.4457772812499998,1.8123484713541664,1.2817174479166666,1.4462638771355416
8654,1,1.128,1.128,0.0,1.414,3771,1072,135.0,1.0,1.642799616294013,1.4457772812499998,1.4457772812499998,1.8123484713541664,1.2817174479166666,1.4462638771355416
8655,3,2.365,1.615,135.0,2.828,100,1073,135.0,2.0,4.928398848882039,3.0312617643229167,2.069973678385417,3.624696942708333,2.5634348958333333,2.5050025163503102
8656,9,4.492,2.551,170.783,5.385,163,1075,21.801,3.0,14.785196546646118,5.757474776041667,3.2696612096354167,6.90204845703125,3.8451523437499997,4.338791631406624
8657,1,1.128,1.128,0.0,1.414,219,1073,135.0,1.0,1.642799616294013,1.4457772812499998,1.4457772812499998,1.8123484713541664,1.2817174479166666,1.4462638771355416
8658,13,5.842,2.833,136.822,7.071,311,1073,135.0,3.536,21.35639501182217,7.487793330729166,3.631105529947917,9.063024074218749,4.532152895833334,5.214578566863546
8659,4,3.216,1.583,121.717,3.606,3589,1073,123.69,2.0,6.571198465176052,4.1220033125,2.028958720052083,4.6218731171875,2.5634348958333333,2.892527754271083
8660,2,2.257,1.128,0.0,2.236,3618,1073,153.435,1.0,3.285599232588026,2.892836279947917,1.4457772812499998,2.865920213541667,1.2817174479166666,2.0453259898153786
8661,2,2.257,1.128,0.0,2.236,3628,1073,153.435,1.0,3.285599232588026,2.892836279947917,1.4457772812499998,2.865920213541667,1.2817174479166666,2.0453259898153786
8662,10,4.11,3.098,137.746,5.0,3648,1073,143.13,3.536,16.42799616294013,5.2678587109375,3.970760653645833,6.408587239583333,4.532152895833334,4.573487949374228
8663,4,2.257,2.257,0.0,2.828,3677,1073,135.0,2.0,6.571198465176052,2.892836279947917,2.892836279947917,3.624696942708333,2.5634348958333333,2.892527754271083
8664,4,3.676,1.385,50.31,4.243,3690,1076,45.0,2.121,6.571198465176052,4.711593338541666,1.7751786653645834,5.438327131510417,2.71852270703125,2.892527754271083
8665,2,2.257,1.128,0.0,2.236,3740,1073,153.435,1.0,3.285599232588026,2.892836279947917,1.4457772812499998,2.865920213541667,1.2817174479166666,2.0453259898153786
8666,2,2.596,0.981,45.0,2.828,3743,1075,45.0,1.414,3.285599232588026,3.327338494791667,1.2573648164062499,3.624696942708333,1.8123484713541664,2.0453259898153786
8667,3,2.365,1.615,135.0,2.828,103,1074,135.0,2.0,4.928398848882039,3.0312617643229167,2.069973678385417,3.624696942708333,2.5634348958333333,2.5050025163503102
8668,73,11.201,8.298,83.702,16.763,172,1090,72.646,12.075,119.92437198946295,14.356517134114585,10.6356913828125,21.485429579427084,15.47673818359375,12.35688398296352
8669,7,3.878,2.298,15.233,4.472,221,1077,26.565,3.0,11.499597314058091,4.970500263020833,2.9453866953125,5.731840427083334,3.8451523437499997,3.826454549076717
8670,2,2.257,1.128,0.0,2.236,268,1074,153.435,1.0,3.285599232588026,2.892836279947917,1.4457772812499998,2.865920213541667,1.2817174479166666,2.0453259898153786
8671,6,4.134,1.848,77.067,4.472,346,1078,63.435,2.0,9.856797697764078,5.298619929687501,2.36861384375,5.731840427083334,2.5634348958333333,3.5426085324013394
8672,4,3.216,1.583,121.717,3.606,352,1074,123.69,2.0,6.571198465176052,4.1220033125,2.028958720052083,4.6218731171875,2.5634348958333333,2.892527754271083
8673,3,2.365,1.615,135.0,2.828,3624,1074,135.0,2.0,4.928398848882039,3.0312617643229167,2.069973678385417,3.624696942708333,2.5634348958333333,2.5050025163503102
8674,4,2.257,2.257,0.0,2.828,3639,1074,135.0,2.0,6.571198465176052,2.892836279947917,2.892836279947917,3.624696942708333,2.5634348958333333,2.892527754271083
8675,1,1.128,1.128,0.0,1.414,135,1075,135.0,1.0,1.642799616294013,1.4457772812499998,1.4457772812499998,1.8123484713541664,1.2817174479166666,1.4462638771355416
8676,1,1.128,1.128,0.0,1.414,160,1075,135.0,1.0,1.642799616294013,1.4457772812499998,1.4457772812499998,1.8123484713541664,1.2817174479166666,1.4462638771355416
8677,1,1.128,1.128,0.0,1.414,325,1075,135.0,1.0,1.642799616294013,1.4457772812499998,1.4457772812499998,1.8123484713541664,1.2817174479166666,1.4462638771355416
8678,2,2.257,1.128,90.0,2.236,359,1075,116.565,1.0,3.285599232588026,2.892836279947917,1.4457772812499998,2.865920213541667,1.2817174479166666,2.0453259898153786
8679,1,1.128,1.128,0.0,1.414,373,1075,135.0,1.0,1.642799616294013,1.4457772812499998,1.4457772812499998,1.8123484713541664,1.2817174479166666,1.4462638771355416
8680,11,4.384,3.195,15.071,5.0,388,1078,36.87,3.0,18.070795779234142,5.619049291666667,4.095087246093749,6.408587239583333,3.8451523437499997,4.796714628303253
8681,65,13.169,6.284,124.101,14.422,3724,1076,123.69,8.682,106.78197505911085,16.878937071614583,8.054312442708333,18.48492903385417,11.1278708828125,11.660152149520322
8682,1,1.128,1.128,0.0,1.414,3778,1075,135.0,1.0,1.642799616294013,1.4457772812499998,1.4457772812499998,1.8123484713541664,1.2817174479166666,1.4462638771355416
8683,1,1.128,1.128,0.0,1.414,233,1076,135.0,1.0,1.642799616294013,1.4457772812499998,1.4457772812499998,1.8123484713541664,1.2817174479166666,1.4462638771355416
8684,3,2.365,1.615,45.0,2.828,266,1078,45.0,2.0,4.928398848882039,3.0312617643229167,2.069973678385417,3.624696942708333,2.5634348958333333,2.5050025163503102
8685,1,1.128,1.128,0.0,1.414,289,1076,135.0,1.0,1.642799616294013,1.4457772812499998,1.4457772812499998,1.8123484713541664,1.2817174479166666,1.4462638771355416
8686,14,5.443,3.275,97.161,5.831,2689,1076,120.964,3.0,22.999194628116182,6.976388069010416,4.197624641927083,7.473694438802084,3.8451523437499997,5.411423919108519
8687,11,4.761,2.942,2.464,5.385,3753,1078,21.801,3.0,18.070795779234142,6.10225676953125,3.7708127317708335,6.90204845703125,3.8451523437499997,4.796714628303253
8688,7,5.957,1.496,14.089,6.325,3770,1078,18.435,2.0,11.499597314058091,7.635190837239583,1.9174493020833332,8.106862858072917,2.5634348958333333,3.826454549076717
8689,4,2.734,1.863,0.0,3.162,58,1078,161.565,2.0,6.571198465176052,3.5042155026041666,2.38783960546875,4.0527905703125,2.5634348958333333,2.892527754271083
8690,3,2.365,1.615,135.0,2.828,100,1077,135.0,2.0,4.928398848882039,3.0312617643229167,2.069973678385417,3.624696942708333,2.5634348958333333,2.5050025163503102
8691,4,3.192,1.596,108.435,3.606,418,1077,123.69,2.0,6.571198465176052,4.09124209375,2.045621046875,4.6218731171875,2.5634348958333333,2.892527754271083
8692,1,1.128,1.128,0.0,1.414,3698,1077,135.0,1.0,1.642799616294013,1.4457772812499998,1.4457772812499998,1.8123484713541664,1.2817174479166666,1.4462638771355416
8693,1,1.128,1.128,0.0,1.414,3710,1077,135.0,1.0,1.642799616294013,1.4457772812499998,1.4457772812499998,1.8123484713541664,1.2817174479166666,1.4462638771355416
8694,1,1.128,1.128,0.0,1.414,3732,1077,135.0,1.0,1.642799616294013,1.4457772812499998,1.4457772812499998,1.8123484713541664,1.2817174479166666,1.4462638771355416
8695,2,2.257,1.128,0.0,2.236,3783,1077,153.435,1.0,3.285599232588026,2.892836279947917,1.4457772812499998,2.865920213541667,1.2817174479166666,2.0453259898153786
8696,25,11.142,2.857,120.117,12.207,161,1078,124.992,4.093,41.069990407350325,14.2808958046875,3.661866748697917,15.64592488671875,5.246069514322916,7.231319385677708
8697,205,25.723,10.147,36.081,39.699,232,1106,40.914,16.896,336.7739213402727,32.96961791276041,13.005586944010417,50.88290096484375,21.655898,20.70734740310698
8698,3,2.365,1.615,45.0,2.828,426,1080,45.0,2.0,4.928398848882039,3.0312617643229167,2.069973678385417,3.624696942708333,2.5634348958333333,2.5050025163503102
8699,13,6.344,2.609,91.315,6.325,3740,1078,108.435,3.0,21.35639501182217,8.131215489583333,3.3440008216145833,8.106862858072917,3.8451523437499997,5.214578566863546
8700,1,1.128,1.128,0.0,1.414,3743,1078,135.0,1.0,1.642799616294013,1.4457772812499998,1.4457772812499998,1.8123484713541664,1.2817174479166666,1.4462638771355416
8701,1,1.128,1.128,0.0,1.414,34,1079,135.0,1.0,1.642799616294013,1.4457772812499998,1.4457772812499998,1.8123484713541664,1.2817174479166666,1.4462638771355416
8702,1,1.128,1.128,0.0,1.414,56,1079,135.0,1.0,1.642799616294013,1.4457772812499998,1.4457772812499998,1.8123484713541664,1.2817174479166666,1.4462638771355416
8703,3,2.365,1.615,45.0,2.828,236,1081,45.0,2.0,4.928398848882039,3.0312617643229167,2.069973678385417,3.624696942708333,2.5634348958333333,2.5050025163503102
8704,1,1.128,1.128,0.0,1.414,344,1079,135.0,1.0,1.642799616294013,1.4457772812499998,1.4457772812499998,1.8123484713541664,1.2817174479166666,1.4462638771355416
8705,2,2.257,1.128,90.0,2.236,3733,1079,116.565,1.0,3.285599232588026,2.892836279947917,1.4457772812499998,2.865920213541667,1.2817174479166666,2.0453259898153786
8706,7,4.754,1.875,76.099,6.083,3765,1079,99.462,3.0,11.499597314058091,6.093284747395833,2.40322021484375,7.7966872356770835,3.8451523437499997,3.826454549076717
8707,127,20.503,7.887,107.579,28.636,3772,1079,102.095,12.432,208.63555126933966,26.279052834635415,10.10890551171875,36.70326083854167,15.9343113125,16.298566154512038
8708,12,5.254,2.908,126.309,6.403,3778,1079,128.66,4.025,19.713595395528156,6.734143471354166,3.7272343385416664,8.206836819010416,5.158912727864584,5.0100050327006205
8709,7,3.855,2.312,120.964,4.472,60,1080,116.565,2.828,11.499597314058091,4.94102076171875,2.9633307395833333,5.731840427083334,3.624696942708333,3.826454549076717
8710,1,1.128,1.128,0.0,1.414,71,1080,135.0,1.0,1.642799616294013,1.4457772812499998,1.4457772812499998,1.8123484713541664,1.2817174479166666,1.4462638771355416
8711,1,1.128,1.128,0.0,1.414,109,1080,135.0,1.0,1.642799616294013,1.4457772812499998,1.4457772812499998,1.8123484713541664,1.2817174479166666,1.4462638771355416
8712,63,12.769,6.282,93.809,19.235,149,1099,81.027,11.707,103.49637582652282,16.366250092447917,8.0517490078125,24.653835110677083,15.005066162760418,11.47936364723015
8713,2,2.257,1.128,90.0,2.236,241,1080,116.565,1.0,3.285599232588026,2.892836279947917,1.4457772812499998,2.865920213541667,1.2817174479166666,2.0453259898153786
8714,5,4.183,1.522,169.099,4.472,466,1080,153.435,2.0,8.213998081470065,5.361424084635416,1.9507739557291666,5.731840427083334,2.5634348958333333,3.2339443426774745
8715,4,2.257,2.257,0.0,2.828,3590,1080,135.0,2.0,6.571198465176052,2.892836279947917,2.892836279947917,3.624696942708333,2.5634348958333333,2.892527754271083
8716,4,3.192,1.596,18.435,3.606,3635,1082,33.69,2.0,6.571198465176052,4.09124209375,2.045621046875,4.6218731171875,2.5634348958333333,2.892527754271083
8717,1,1.128,1.128,0.0,1.414,46,1081,135.0,1.0,1.642799616294013,1.4457772812499998,1.4457772812499998,1.8123484713541664,1.2817174479166666,1.4462638771355416
8718,1,1.128,1.128,0.0,1.414,107,1081,135.0,1.0,1.642799616294013,1.4457772812499998,1.4457772812499998,1.8123484713541664,1.2817174479166666,1.4462638771355416
8719,1,1.128,1.128,0.0,1.414,116,1081,135.0,1.0,1.642799616294013,1.4457772812499998,1.4457772812499998,1.8123484713541664,1.2817174479166666,1.4462638771355416
8720,1,1.128,1.128,0.0,1.414,213,1081,135.0,1.0,1.642799616294013,1.4457772812499998,1.4457772812499998,1.8123484713541664,1.2817174479166666,1.4462638771355416
8721,2,2.596,0.981,45.0,2.828,247,1083,45.0,1.414,3.285599232588026,3.327338494791667,1.2573648164062499,3.624696942708333,1.8123484713541664,2.0453259898153786
8722,1,1.128,1.128,0.0,1.414,354,1081,135.0,1.0,1.642799616294013,1.4457772812499998,1.4457772812499998,1.8123484713541664,1.2817174479166666,1.4462638771355416
8723,1,1.128,1.128,0.0,1.414,586,1081,135.0,1.0,1.642799616294013,1.4457772812499998,1.4457772812499998,1.8123484713541664,1.2817174479166666,1.4462638771355416
8724,1,1.128,1.128,0.0,1.414,619,1081,135.0,1.0,1.642799616294013,1.4457772812499998,1.4457772812499998,1.8123484713541664,1.2817174479166666,1.4462638771355416
8725,1,1.128,1.128,0.0,1.414,3628,1081,135.0,1.0,1.642799616294013,1.4457772812499998,1.4457772812499998,1.8123484713541664,1.2817174479166666,1.4462638771355416
8726,24,7.345,4.16,179.141,10.77,3744,1086,21.801,6.412,39.42719079105631,9.414214654947916,5.331944583333334,13.8040969140625,8.218372276041666,7.085217064802679
8727,3,2.365,1.615,45.0,2.828,3757,1083,45.0,2.0,4.928398848882039,3.0312617643229167,2.069973678385417,3.624696942708333,2.5634348958333333,2.5050025163503102
8728,1,1.128,1.128,0.0,1.414,179,1082,135.0,1.0,1.642799616294013,1.4457772812499998,1.4457772812499998,1.8123484713541664,1.2817174479166666,1.4462638771355416
8729,1,1.128,1.128,0.0,1.414,181,1082,135.0,1.0,1.642799616294013,1.4457772812499998,1.4457772812499998,1.8123484713541664,1.2817174479166666,1.4462638771355416
8730,4,3.332,1.529,26.565,4.472,235,1085,26.565,2.53,6.571198465176052,4.270682536458333,1.9597459778645832,5.731840427083334,3.2427451432291665,2.892527754271083
8731,2,2.257,1.128,90.0,2.236,267,1082,116.565,1.0,3.285599232588026,2.892836279947917,1.4457772812499998,2.865920213541667,1.2817174479166666,2.0453259898153786
8732,1,1.128,1.128,0.0,1.414,289,1082,135.0,1.0,1.642799616294013,1.4457772812499998,1.4457772812499998,1.8123484713541664,1.2817174479166666,1.4462638771355416
8733,2,2.257,1.128,90.0,2.236,515,1082,116.565,1.0,3.285599232588026,2.892836279947917,1.4457772812499998,2.865920213541667,1.2817174479166666,2.0453259898153786
8734,6,3.385,2.257,90.0,3.606,297,1083,123.69,2.0,9.856797697764078,4.338613561197916,2.892836279947917,4.6218731171875,2.5634348958333333,3.5426085324013394
8735,1,1.128,1.128,0.0,1.414,385,1083,135.0,1.0,1.642799616294013,1.4457772812499998,1.4457772812499998,1.8123484713541664,1.2817174479166666,1.4462638771355416
8736,1,1.128,1.128,0.0,1.414,452,1083,135.0,1.0,1.642799616294013,1.4457772812499998,1.4457772812499998,1.8123484713541664,1.2817174479166666,1.4462638771355416
8737,1,1.128,1.128,0.0,1.414,595,1083,135.0,1.0,1.642799616294013,1.4457772812499998,1.4457772812499998,1.8123484713541664,1.2817174479166666,1.4462638771355416
8738,1,1.128,1.128,0.0,1.414,3738,1083,135.0,1.0,1.642799616294013,1.4457772812499998,1.4457772812499998,1.8123484713541664,1.2817174479166666,1.4462638771355416
8739,2,2.257,1.128,0.0,2.236,3777,1083,153.435,1.0,3.285599232588026,2.892836279947917,1.4457772812499998,2.865920213541667,1.2817174479166666,2.0453259898153786
8740,1,1.128,1.128,0.0,1.414,3787,1083,135.0,1.0,1.642799616294013,1.4457772812499998,1.4457772812499998,1.8123484713541664,1.2817174479166666,1.4462638771355416
8741,3,2.365,1.615,135.0,2.828,159,1084,135.0,2.0,4.928398848882039,3.0312617643229167,2.069973678385417,3.624696942708333,2.5634348958333333,2.5050025163503102
8742,4,2.257,2.257,0.0,2.828,226,1084,135.0,2.0,6.571198465176052,2.892836279947917,2.892836279947917,3.624696942708333,2.5634348958333333,2.892527754271083
8743,4,2.257,2.257,0.0,2.828,350,1084,135.0,2.0,6.571198465176052,2.892836279947917,2.892836279947917,3.624696942708333,2.5634348958333333,2.892527754271083
8744,1,1.128,1.128,0.0,1.414,3421,1084,135.0,1.0,1.642799616294013,1.4457772812499998,1.4457772812499998,1.8123484713541664,1.2817174479166666,1.4462638771355416
8745,3,2.365,1.615,45.0,2.828,3490,1086,45.0,2.0,4.928398848882039,3.0312617643229167,2.069973678385417,3.624696942708333,2.5634348958333333,2.5050025163503102
8746,1,1.128,1.128,0.0,1.414,3599,1084,135.0,1.0,1.642799616294013,1.4457772812499998,1.4457772812499998,1.8123484713541664,1.2817174479166666,1.4462638771355416
8747,55,11.953,5.859,37.733,13.454,3674,1094,41.987,8.321,90.35397889617072,15.320368654947915,7.50958252734375,17.244226544270834,10.665170884114582,10.72577997755371
8748,20,6.394,3.983,103.354,7.211,3700,1084,123.69,4.0,32.85599232588026,8.195301361979167,5.105080595052083,9.242464516927084,5.126869791666667,6.467888685354949
8749,17,7.019,3.084,7.658,8.062,3808,1085,172.875,3.795,27.927593476998222,8.996374766927083,3.952816609375,10.333206065104166,4.86411771484375,5.963098727945161
8750,1,1.128,1.128,0.0,1.414,208,1085,135.0,1.0,1.642799616294013,1.4457772812499998,1.4457772812499998,1.8123484713541664,1.2817174479166666,1.4462638771355416
8751,3,3.213,1.189,118.155,3.606,414,1085,123.69,1.789,4.928398848882039,4.11815816015625,1.5239620455729168,4.6218731171875,2.2929925143229166,2.5050025163503102
8752,2,2.257,1.128,90.0,2.236,417,1085,116.565,1.0,3.285599232588026,2.892836279947917,1.4457772812499998,2.865920213541667,1.2817174479166666,2.0453259898153786
8753,2,2.257,1.128,0.0,2.236,3688,1085,153.435,1.0,3.285599232588026,2.892836279947917,1.4457772812499998,2.865920213541667,1.2817174479166666,2.0453259898153786
8754,1,1.128,1.128,0.0,1.414,3756,1085,135.0,1.0,1.642799616294013,1.4457772812499998,1.4457772812499998,1.8123484713541664,1.2817174479166666,1.4462638771355416
8755,1,1.128,1.128,0.0,1.414,197,1086,135.0,1.0,1.642799616294013,1.4457772812499998,1.4457772812499998,1.8123484713541664,1.2817174479166666,1.4462638771355416
8756,2,2.257,1.128,90.0,2.236,221,1086,116.565,1.0,3.285599232588026,2.892836279947917,1.4457772812499998,2.865920213541667,1.2817174479166666,2.0453259898153786
8757,3,2.365,1.615,45.0,2.828,372,1088,45.0,2.0,4.928398848882039,3.0312617643229167,2.069973678385417,3.624696942708333,2.5634348958333333,2.5050025163503102
8758,9,4.488,2.553,76.717,5.0,479,1090,53.13,3.0,14.785196546646118,5.752347906250001,3.2722246445312497,6.408587239583333,3.8451523437499997,4.338791631406624
8759,17,6.773,3.196,47.019,7.81,3610,1091,39.806,4.8,27.927593476998222,8.681072274739583,4.096368963541667,10.010213268229165,6.152243749999999,5.963098727945161
8760,2,2.257,1.128,0.0,2.236,3653,1086,153.435,1.0,3.285599232588026,2.892836279947917,1.4457772812499998,2.865920213541667,1.2817174479166666,2.0453259898153786
8761,3,3.385,1.128,90.0,3.162,3659,1086,108.435,1.0,4.928398848882039,4.338613561197916,1.4457772812499998,4.0527905703125,1.2817174479166666,2.5050025163503102
8762,10,4.525,2.814,58.043,5.657,3694,1090,45.0,3.883,16.42799616294013,5.799771451822917,3.6067528984375,7.250675602864583,4.976908850260417,4.573487949374228
8763,2,2.257,1.128,90.0,2.236,3705,1086,116.565,1.0,3.285599232588026,2.892836279947917,1.4457772812499998,2.865920213541667,1.2817174479166666,2.0453259898153786
8764,167,19.897,10.686,74.673,25.179,3739,1086,96.843,14.23,274.3475359211002,25.502332061197915,13.696432648437499,32.272363621093746,18.238839283854166,18.68984822798972
8765,1,1.128,1.128,0.0,1.414,3793,1086,135.0,1.0,1.642799616294013,1.4457772812499998,1.4457772812499998,1.8123484713541664,1.2817174479166666,1.4462638771355416
8766,1,1.128,1.128,0.0,1.414,195,1087,135.0,1.0,1.642799616294013,1.4457772812499998,1.4457772812499998,1.8123484713541664,1.2817174479166666,1.4462638771355416
8767,1,1.128,1.128,0.0,1.414,379,1087,135.0,1.0,1.642799616294013,1.4457772812499998,1.4457772812499998,1.8123484713541664,1.2817174479166666,1.4462638771355416
8768,2,2.257,1.128,90.0,2.236,537,1087,116.565,1.0,3.285599232588026,2.892836279947917,1.4457772812499998,2.865920213541667,1.2817174479166666,2.0453259898153786
8769,5,3.144,2.025,108.435,3.606,3644,1087,123.69,2.0,8.213998081470065,4.02971965625,2.59547783203125,4.6218731171875,2.5634348958333333,3.2339443426774745
8770,2,2.257,1.128,90.0,2.236,3797,1087,116.565,1.0,3.285599232588026,2.892836279947917,1.4457772812499998,2.865920213541667,1.2817174479166666,2.0453259898153786
8771,1,1.128,1.128,0.0,1.414,203,1088,135.0,1.0,1.642799616294013,1.4457772812499998,1.4457772812499998,1.8123484713541664,1.2817174479166666,1.4462638771355416
8772,2,2.257,1.128,90.0,2.236,534,1088,116.565,1.0,3.285599232588026,2.892836279947917,1.4457772812499998,2.865920213541667,1.2817174479166666,2.0453259898153786
8773,11,4.384,3.195,164.929,5.0,3652,1088,143.13,3.0,18.070795779234142,5.619049291666667,4.095087246093749,6.408587239583333,3.8451523437499997,4.796714628303253
8774,24,7.383,4.139,21.456,8.062,3808,1093,29.745,5.578,39.42719079105631,9.46291991796875,5.305028516927083,10.333206065104166,7.149419924479167,7.085217064802679
8775,12,4.217,3.624,63.049,5.657,200,1094,45.0,4.0,19.713595395528156,5.405002477864583,4.64494403125,7.250675602864583,5.126869791666667,5.0100050327006205
8776,1,1.128,1.128,0.0,1.414,265,1089,135.0,1.0,1.642799616294013,1.4457772812499998,1.4457772812499998,1.8123484713541664,1.2817174479166666,1.4462638771355416
8777,1,1.128,1.128,0.0,1.414,365,1089,135.0,1.0,1.642799616294013,1.4457772812499998,1.4457772812499998,1.8123484713541664,1.2817174479166666,1.4462638771355416
8778,1,1.128,1.128,0.0,1.414,3615,1089,135.0,1.0,1.642799616294013,1.4457772812499998,1.4457772812499998,1.8123484713541664,1.2817174479166666,1.4462638771355416
8779,1,1.128,1.128,0.0,1.414,3712,1089,135.0,1.0,1.642799616294013,1.4457772812499998,1.4457772812499998,1.8123484713541664,1.2817174479166666,1.4462638771355416
8780,1,1.128,1.128,0.0,1.414,3757,1089,135.0,1.0,1.642799616294013,1.4457772812499998,1.4457772812499998,1.8123484713541664,1.2817174479166666,1.4462638771355416
8781,2,2.257,1.128,0.0,2.236,3760,1089,153.435,1.0,3.285599232588026,2.892836279947917,1.4457772812499998,2.865920213541667,1.2817174479166666,2.0453259898153786
8782,8,5.163,1.973,105.356,5.385,3786,1089,111.801,2.53,13.142396930352104,6.61750718359375,2.528828524739583,6.90204845703125,3.2427451432291665,4.090651979630757
8783,2,2.257,1.128,0.0,2.236,3791,1089,153.435,1.0,3.285599232588026,2.892836279947917,1.4457772812499998,2.865920213541667,1.2817174479166666,2.0453259898153786
8784,26,6.158,5.376,142.504,8.602,3816,1094,35.538,6.905,42.71279002364434,7.892816044270834,6.890513,11.025333486979166,8.850258977864584,7.374527731318484
8785,4,2.734,1.863,90.0,3.162,163,1090,108.435,2.0,6.571198465176052,3.5042155026041666,2.38783960546875,4.0527905703125,2.5634348958333333,2.892527754271083
8786,1,1.128,1.128,0.0,1.414,179,1090,135.0,1.0,1.642799616294013,1.4457772812499998,1.4457772812499998,1.8123484713541664,1.2817174479166666,1.4462638771355416
8787,170,17.385,12.45,24.13,26.249,184,1106,17.745,19.828,279.2759347699822,22.28265783203125,15.9573822265625,33.64380129036458,25.413893557291665,18.85697389275946
8788,4,2.257,2.257,0.0,2.828,3705,1090,135.0,2.0,6.571198465176052,2.892836279947917,2.892836279947917,3.624696942708333,2.5634348958333333,2.892527754271083
8789,1,1.128,1.128,0.0,1.414,253,1091,135.0,1.0,1.642799616294013,1.4457772812499998,1.4457772812499998,1.8123484713541664,1.2817174479166666,1.4462638771355416
8790,4,2.257,2.257,0.0,2.828,296,1091,135.0,2.0,6.571198465176052,2.892836279947917,2.892836279947917,3.624696942708333,2.5634348958333333,2.892527754271083
8791,1,1.128,1.128,0.0,1.414,408,1091,135.0,1.0,1.642799616294013,1.4457772812499998,1.4457772812499998,1.8123484713541664,1.2817174479166666,1.4462638771355416
8792,1,1.128,1.128,0.0,1.414,3710,1091,135.0,1.0,1.642799616294013,1.4457772812499998,1.4457772812499998,1.8123484713541664,1.2817174479166666,1.4462638771355416
8793,1,1.128,1.128,0.0,1.414,3757,1091,135.0,1.0,1.642799616294013,1.4457772812499998,1.4457772812499998,1.8123484713541664,1.2817174479166666,1.4462638771355416
8794,2,2.257,1.128,0.0,2.236,3792,1091,153.435,1.0,3.285599232588026,2.892836279947917,1.4457772812499998,2.865920213541667,1.2817174479166666,2.0453259898153786
8795,2,2.257,1.128,0.0,2.236,3797,1091,153.435,1.0,3.285599232588026,2.892836279947917,1.4457772812499998,2.865920213541667,1.2817174479166666,2.0453259898153786
8796,3,2.365,1.615,45.0,2.828,3825,1093,45.0,2.0,4.928398848882039,3.0312617643229167,2.069973678385417,3.624696942708333,2.5634348958333333,2.5050025163503102
8797,7,4.154,2.146,8.35,4.472,144,1094,26.565,2.0,11.499597314058091,5.324254278645833,2.7505656432291663,5.731840427083334,2.5634348958333333,3.826454549076717
8798,1,1.128,1.128,0.0,1.414,291,1092,135.0,1.0,1.642799616294013,1.4457772812499998,1.4457772812499998,1.8123484713541664,1.2817174479166666,1.4462638771355416
8799,9,4.422,2.591,85.735,5.385,302,1097,68.199,3.0,14.785196546646118,5.6677545546875,3.3209299075520837,6.90204845703125,3.8451523437499997,4.338791631406624
8800,14,5.392,3.306,148.717,6.708,376,1093,153.435,4.0,22.999194628116182,6.911020479166667,4.2373578828125,8.597760640625,5.126869791666667,5.411423919108519
8801,2,2.257,1.128,90.0,2.236,3629,1092,116.565,1.0,3.285599232588026,2.892836279947917,1.4457772812499998,2.865920213541667,1.2817174479166666,2.0453259898153786
8802,2,2.257,1.128,90.0,2.236,3633,1092,116.565,1.0,3.285599232588026,2.892836279947917,1.4457772812499998,2.865920213541667,1.2817174479166666,2.0453259898153786
8803,1,1.128,1.128,0.0,1.414,3781,1092,135.0,1.0,1.642799616294013,1.4457772812499998,1.4457772812499998,1.8123484713541664,1.2817174479166666,1.4462638771355416
8804,1378,57.302,30.619,72.167,83.024,3818,1174,80.991,49.32,2263.77787125315,73.44497320052083,39.244906537760414,106.41330939583334,63.21430453125,53.68737226554512
8805,1,1.128,1.128,0.0,1.414,259,1093,135.0,1.0,1.642799616294013,1.4457772812499998,1.4457772812499998,1.8123484713541664,1.2817174479166666,1.4462638771355416
8806,1,1.128,1.128,0.0,1.414,272,1093,135.0,1.0,1.642799616294013,1.4457772812499998,1.4457772812499998,1.8123484713541664,1.2817174479166666,1.4462638771355416
8807,1,1.128,1.128,0.0,1.414,357,1093,135.0,1.0,1.642799616294013,1.4457772812499998,1.4457772812499998,1.8123484713541664,1.2817174479166666,1.4462638771355416
8808,1,1.128,1.128,0.0,1.414,3768,1093,135.0,1.0,1.642799616294013,1.4457772812499998,1.4457772812499998,1.8123484713541664,1.2817174479166666,1.4462638771355416
8809,9,5.066,2.262,72.652,5.385,3797,1098,68.199,2.846,14.785196546646118,6.493180591145833,2.8992448671875,6.90204845703125,3.6477678567708334,4.338791631406624
8810,1,1.128,1.128,0.0,1.414,71,1094,135.0,1.0,1.642799616294013,1.4457772812499998,1.4457772812499998,1.8123484713541664,1.2817174479166666,1.4462638771355416
8811,3,2.365,1.615,45.0,2.828,158,1096,45.0,2.0,4.928398848882039,3.0312617643229167,2.069973678385417,3.624696942708333,2.5634348958333333,2.5050025163503102
8812,1,1.128,1.128,0.0,1.414,169,1094,135.0,1.0,1.642799616294013,1.4457772812499998,1.4457772812499998,1.8123484713541664,1.2817174479166666,1.4462638771355416
8813,4,2.257,2.257,0.0,2.828,184,1094,135.0,2.0,6.571198465176052,2.892836279947917,2.892836279947917,3.624696942708333,2.5634348958333333,2.892527754271083
8814,16,6.357,3.205,128.646,7.81,332,1095,140.194,4.8,26.28479386070421,8.14787781640625,4.1079044205729165,10.010213268229165,6.152243749999999,5.785055508542166
8815,8,6.192,1.645,51.842,7.211,478,1100,56.31,2.774,13.142396930352104,7.9363944375,2.1084252018229166,9.242464516927084,3.555484200520833,4.090651979630757
8816,4,2.734,1.863,0.0,3.162,3640,1095,161.565,2.0,6.571198465176052,3.5042155026041666,2.38783960546875,4.0527905703125,2.5634348958333333,2.892527754271083
8817,9,4.196,2.731,83.953,4.472,3696,1094,116.565,3.0,14.785196546646118,5.378086411458333,3.5003703502604164,5.731840427083334,3.8451523437499997,4.338791631406624
8818,3,3.385,1.128,0.0,3.162,3760,1094,161.565,1.0,4.928398848882039,4.338613561197916,1.4457772812499998,4.0527905703125,1.2817174479166666,2.5050025163503102
8819,2,2.257,1.128,0.0,2.236,144,1095,153.435,1.0,3.285599232588026,2.892836279947917,1.4457772812499998,2.865920213541667,1.2817174479166666,2.0453259898153786
8820,4,3.192,1.596,108.435,3.606,174,1095,123.69,2.0,6.571198465176052,4.09124209375,2.045621046875,4.6218731171875,2.5634348958333333,2.892527754271083
8821,12,4.911,3.111,170.583,5.385,213,1096,158.199,3.0,19.713595395528156,6.294514386718749,3.98742298046875,6.90204845703125,3.8451523437499997,5.0100050327006205
8822,2,2.257,1.128,0.0,2.236,222,1095,153.435,1.0,3.285599232588026,2.892836279947917,1.4457772812499998,2.865920213541667,1.2817174479166666,2.0453259898153786
8823,1,1.128,1.128,0.0,1.414,299,1095,135.0,1.0,1.642799616294013,1.4457772812499998,1.4457772812499998,1.8123484713541664,1.2817174479166666,1.4462638771355416
8824,1,1.128,1.128,0.0,1.414,455,1095,135.0,1.0,1.642799616294013,1.4457772812499998,1.4457772812499998,1.8123484713541664,1.2817174479166666,1.4462638771355416
8825,1,1.128,1.128,0.0,1.414,469,1095,135.0,1.0,1.642799616294013,1.4457772812499998,1.4457772812499998,1.8123484713541664,1.2817174479166666,1.4462638771355416
8826,1,1.128,1.128,0.0,1.414,576,1095,135.0,1.0,1.642799616294013,1.4457772812499998,1.4457772812499998,1.8123484713541664,1.2817174479166666,1.4462638771355416
8827,1,1.128,1.128,0.0,1.414,3439,1095,135.0,1.0,1.642799616294013,1.4457772812499998,1.4457772812499998,1.8123484713541664,1.2817174479166666,1.4462638771355416
8828,6,3.489,2.19,45.0,4.243,3651,1098,45.0,2.828,9.856797697764078,4.47191217578125,2.8069612109374997,5.438327131510417,3.624696942708333,3.5426085324013394
8829,1,1.128,1.128,0.0,1.414,3728,1095,135.0,1.0,1.642799616294013,1.4457772812499998,1.4457772812499998,1.8123484713541664,1.2817174479166666,1.4462638771355416
8830,4,2.257,2.257,0.0,2.828,155,1096,135.0,2.0,6.571198465176052,2.892836279947917,2.892836279947917,3.624696942708333,2.5634348958333333,2.892527754271083
8831,30,8.064,4.737,75.169,10.0,162,1104,53.13,5.883,49.28398848882039,10.3357695,6.07149555078125,12.817174479166667,7.5403437460937495,7.921513496120161
8832,1,1.128,1.128,0.0,1.414,316,1096,135.0,1.0,1.642799616294013,1.4457772812499998,1.4457772812499998,1.8123484713541664,1.2817174479166666,1.4462638771355416
8833,26,6.308,5.248,55.289,7.28,316,1099,15.945,6.0,42.71279002364434,8.085073661458333,6.7264531666666665,9.330903020833334,7.690304687499999,7.374527731318484
8834,6,4.153,1.84,93.563,4.472,340,1096,116.565,2.0,9.856797697764078,5.322972561197916,2.3583601041666666,5.731840427083334,2.5634348958333333,3.5426085324013394
8835,14,4.453,4.003,109.464,6.708,509,1096,116.565,5.0,22.999194628116182,5.707487795572917,5.130714944010417,8.597760640625,6.408587239583333,5.411423919108519
8836,3,2.365,1.615,45.0,2.828,522,1098,45.0,2.0,4.928398848882039,3.0312617643229167,2.069973678385417,3.624696942708333,2.5634348958333333,2.5050025163503102
8837,2,2.257,1.128,90.0,2.236,3610,1096,116.565,1.0,3.285599232588026,2.892836279947917,1.4457772812499998,2.865920213541667,1.2817174479166666,2.0453259898153786
8838,2,2.257,1.128,90.0,2.236,3734,1096,116.565,1.0,3.285599232588026,2.892836279947917,1.4457772812499998,2.865920213541667,1.2817174479166666,2.0453259898153786
8839,3,2.365,1.615,135.0,2.828,3753,1096,135.0,2.0,4.928398848882039,3.0312617643229167,2.069973678385417,3.624696942708333,2.5634348958333333,2.5050025163503102
8840,38,8.775,5.514,82.186,10.296,3763,1105,60.945,6.0,62.4263854191725,11.24707060546875,7.0673900078125005,13.19656284375,7.690304687499999,8.915369296202536
8841,45,11.805,4.854,169.602,16.492,3782,1099,165.964,8.0,73.92598273323058,15.13067447265625,6.2214564921875,21.138084151041667,10.253739583333333,9.701833028032423
8842,3,2.365,1.615,135.0,2.828,210,1097,135.0,2.0,4.928398848882039,3.0312617643229167,2.069973678385417,3.624696942708333,2.5634348958333333,2.5050025163503102
8843,1,1.128,1.128,0.0,1.414,250,1097,135.0,1.0,1.642799616294013,1.4457772812499998,1.4457772812499998,1.8123484713541664,1.2817174479166666,1.4462638771355416
8844,2,2.257,1.128,90.0,2.236,267,1097,116.565,1.0,3.285599232588026,2.892836279947917,1.4457772812499998,2.865920213541667,1.2817174479166666,2.0453259898153786
8845,3,3.385,1.128,90.0,3.162,499,1097,108.435,1.0,4.928398848882039,4.338613561197916,1.4457772812499998,4.0527905703125,1.2817174479166666,2.5050025163503102
8846,9,4.407,2.6,161.565,5.0,3568,1097,143.13,3.0,14.785196546646118,5.64852879296875,3.3324653645833333,6.408587239583333,3.8451523437499997,4.338791631406624
8847,1,1.128,1.128,0.0,1.414,3638,1097,135.0,1.0,1.642799616294013,1.4457772812499998,1.4457772812499998,1.8123484713541664,1.2817174479166666,1.4462638771355416
8848,100,13.113,9.71,8.356,17.464,132,1104,13.241,12.333,164.2799616294013,16.80716089453125,12.445476419270834,22.383913510416665,15.80742128515625,14.462638771355415
8849,47,7.821,7.651,31.854,12.369,246,1105,165.964,10.0,77.21158196581861,10.02431216015625,9.806420194010416,15.853563113281249,12.817174479166667,9.915085602678126
8850,4,2.734,1.863,90.0,3.162,397,1098,108.435,2.0,6.571198465176052,3.5042155026041666,2.38783960546875,4.0527905703125,2.5634348958333333,2.892527754271083
8851,1,1.128,1.128,0.0,1.414,517,1098,135.0,1.0,1.642799616294013,1.4457772812499998,1.4457772812499998,1.8123484713541664,1.2817174479166666,1.4462638771355416
8852,3,2.365,1.615,135.0,2.828,3608,1098,135.0,2.0,4.928398848882039,3.0312617643229167,2.069973678385417,3.624696942708333,2.5634348958333333,2.5050025163503102
8853,8,4.242,2.401,113.199,5.0,3646,1098,126.87,3.0,13.142396930352104,5.4370454140625,3.0774035924479164,6.408587239583333,3.8451523437499997,4.090651979630757
8854,1,1.128,1.128,0.0,1.414,3679,1098,135.0,1.0,1.642799616294013,1.4457772812499998,1.4457772812499998,1.8123484713541664,1.2817174479166666,1.4462638771355416
8855,35,7.597,5.866,148.042,9.22,3703,1098,139.399,7.071,57.49798657029046,9.737207451822917,7.518554549479166,11.817434869791667,9.063024074218749,8.556212484548844
8856,4,3.969,1.283,107.609,4.472,3748,1098,116.565,1.897,6.571198465176052,5.08713655078125,1.644443485677083,5.731840427083334,2.4314179986979165,2.892527754271083
8857,9,4.488,2.553,103.283,5.0,3758,1098,126.87,3.0,14.785196546646118,5.752347906250001,3.2722246445312497,6.408587239583333,3.8451523437499997,4.338791631406624
8858,567,35.255,20.477,87.386,54.406,150,1100,107.103,34.639,931.4673824387054,45.18694862630208,26.245728180989584,69.73311947135416,44.39741067838542,34.438090941690454
8859,1,1.128,1.128,0.0,1.414,294,1099,135.0,1.0,1.642799616294013,1.4457772812499998,1.4457772812499998,1.8123484713541664,1.2817174479166666,1.4462638771355416
8860,3,2.365,1.615,135.0,2.828,298,1099,135.0,2.0,4.928398848882039,3.0312617643229167,2.069973678385417,3.624696942708333,2.5634348958333333,2.5050025163503102
8861,4,3.216,1.583,121.717,3.606,560,1099,123.69,2.0,6.571198465176052,4.1220033125,2.028958720052083,4.6218731171875,2.5634348958333333,2.892527754271083
8862,2,2.257,1.128,0.0,2.236,3580,1099,153.435,1.0,3.285599232588026,2.892836279947917,1.4457772812499998,2.865920213541667,1.2817174479166666,2.0453259898153786
8863,2,2.257,1.128,0.0,2.236,3612,1099,153.435,1.0,3.285599232588026,2.892836279947917,1.4457772812499998,2.865920213541667,1.2817174479166666,2.0453259898153786
8864,1,1.128,1.128,0.0,1.414,3636,1099,135.0,1.0,1.642799616294013,1.4457772812499998,1.4457772812499998,1.8123484713541664,1.2817174479166666,1.4462638771355416
8865,1,1.128,1.128,0.0,1.414,3724,1099,135.0,1.0,1.642799616294013,1.4457772812499998,1.4457772812499998,1.8123484713541664,1.2817174479166666,1.4462638771355416
8866,7,5.325,1.674,135.0,5.657,3798,1099,135.0,2.121,11.499597314058091,6.82514541015625,2.1455950078124997,7.250675602864583,2.71852270703125,3.826454549076717
8867,64,13.864,5.878,39.145,17.692,167,1113,42.709,10.219,105.13917544281684,17.769730697916668,7.533935158854167,22.676145088541666,13.097870600260416,11.570111017084333
8868,6,4.803,1.591,54.574,5.657,3658,1104,45.0,2.496,9.856797697764078,6.1560889023437495,2.0392124596354164,7.250675602864583,3.19916675,3.5426085324013394
8869,3,2.365,1.615,45.0,2.828,361,1103,45.0,2.0,4.928398848882039,3.0312617643229167,2.069973678385417,3.624696942708333,2.5634348958333333,2.5050025163503102
8870,2,2.257,1.128,0.0,2.236,3636,1101,153.435,1.0,3.285599232588026,2.892836279947917,1.4457772812499998,2.865920213541667,1.2817174479166666,2.0453259898153786
8871,2,2.257,1.128,90.0,2.236,223,1102,116.565,1.0,3.285599232588026,2.892836279947917,1.4457772812499998,2.865920213541667,1.2817174479166666,2.0453259898153786
8872,1,1.128,1.128,0.0,1.414,247,1102,135.0,1.0,1.642799616294013,1.4457772812499998,1.4457772812499998,1.8123484713541664,1.2817174479166666,1.4462638771355416
8873,1,1.128,1.128,0.0,1.414,271,1102,135.0,1.0,1.642799616294013,1.4457772812499998,1.4457772812499998,1.8123484713541664,1.2817174479166666,1.4462638771355416
8874,1,1.128,1.128,0.0,1.414,351,1102,135.0,1.0,1.642799616294013,1.4457772812499998,1.4457772812499998,1.8123484713541664,1.2817174479166666,1.4462638771355416
8875,2,2.257,1.128,0.0,2.236,407,1102,153.435,1.0,3.285599232588026,2.892836279947917,1.4457772812499998,2.865920213541667,1.2817174479166666,2.0453259898153786
8876,4,2.257,2.257,0.0,2.828,448,1102,135.0,2.0,6.571198465176052,2.892836279947917,2.892836279947917,3.624696942708333,2.5634348958333333,2.892527754271083
8877,1,1.128,1.128,0.0,1.414,603,1102,135.0,1.0,1.642799616294013,1.4457772812499998,1.4457772812499998,1.8123484713541664,1.2817174479166666,1.4462638771355416
8878,6,3.479,2.196,114.183,4.472,3589,1102,116.565,2.846,9.856797697764078,4.459095001302083,2.814651515625,5.731840427083334,3.6477678567708334,3.5426085324013394
8879,1,1.128,1.128,0.0,1.414,3591,1102,135.0,1.0,1.642799616294013,1.4457772812499998,1.4457772812499998,1.8123484713541664,1.2817174479166666,1.4462638771355416
8880,2,2.596,0.981,135.0,2.828,3610,1102,135.0,1.414,3.285599232588026,3.327338494791667,1.2573648164062499,3.624696942708333,1.8123484713541664,2.0453259898153786
8881,2,2.596,0.981,135.0,2.828,3689,1102,135.0,1.414,3.285599232588026,3.327338494791667,1.2573648164062499,3.624696942708333,1.8123484713541664,2.0453259898153786
8882,1,1.128,1.128,0.0,1.414,264,1103,135.0,1.0,1.642799616294013,1.4457772812499998,1.4457772812499998,1.8123484713541664,1.2817174479166666,1.4462638771355416
8883,29,7.769,4.753,55.134,9.22,3714,1110,49.399,6.0,47.64118887252638,9.957662852864583,6.092003029947917,11.817434869791667,7.690304687499999,7.788369332980218
8884,6,3.489,2.19,45.0,4.243,3724,1106,45.0,2.828,9.856797697764078,4.47191217578125,2.8069612109374997,5.438327131510417,3.624696942708333,3.5426085324013394
8885,1,1.128,1.128,0.0,1.414,3779,1103,135.0,1.0,1.642799616294013,1.4457772812499998,1.4457772812499998,1.8123484713541664,1.2817174479166666,1.4462638771355416
8886,3,2.365,1.615,45.0,2.828,224,1106,45.0,2.0,4.928398848882039,3.0312617643229167,2.069973678385417,3.624696942708333,2.5634348958333333,2.5050025163503102
8887,4,3.676,1.385,140.31,4.243,237,1104,135.0,2.121,6.571198465176052,4.711593338541666,1.7751786653645834,5.438327131510417,2.71852270703125,2.892527754271083
8888,1,1.128,1.128,0.0,1.414,267,1104,135.0,1.0,1.642799616294013,1.4457772812499998,1.4457772812499998,1.8123484713541664,1.2817174479166666,1.4462638771355416
8889,1,1.128,1.128,0.0,1.414,326,1104,135.0,1.0,1.642799616294013,1.4457772812499998,1.4457772812499998,1.8123484713541664,1.2817174479166666,1.4462638771355416
8890,30,7.901,4.835,158.227,10.77,326,1106,158.199,7.071,49.28398848882039,10.126849555989583,6.197103860677083,13.8040969140625,9.063024074218749,7.921513496120161
8891,1,1.128,1.128,0.0,1.414,583,1104,135.0,1.0,1.642799616294013,1.4457772812499998,1.4457772812499998,1.8123484713541664,1.2817174479166666,1.4462638771355416
8892,12,5.292,2.887,64.903,5.831,3755,1109,59.036,3.883,19.713595395528156,6.7828487343749995,3.7003182721354166,7.473694438802084,4.976908850260417,5.0100050327006205
8893,1,1.128,1.128,0.0,1.414,3771,1104,135.0,1.0,1.642799616294013,1.4457772812499998,1.4457772812499998,1.8123484713541664,1.2817174479166666,1.4462638771355416
8894,2,2.596,0.981,135.0,2.828,3781,1104,135.0,1.414,3.285599232588026,3.327338494791667,1.2573648164062499,3.624696942708333,1.8123484713541664,2.0453259898153786
8895,88,12.215,9.173,33.47,16.279,3786,1116,42.51,12.649,144.56636623387314,15.656178626302083,11.757194149739583,20.865078334635417,16.212443998697914,13.56715776435976
8896,40,10.136,5.025,99.146,14.318,203,1105,114.775,7.514,65.71198465176052,12.991488052083332,6.4406301757812505,18.351630419270833,9.630824903645834,9.146975898748456
8897,1,1.128,1.128,0.0,1.414,221,1105,135.0,1.0,1.642799616294013,1.4457772812499998,1.4457772812499998,1.8123484713541664,1.2817174479166666,1.4462638771355416
8898,1,1.128,1.128,0.0,1.414,306,1105,135.0,1.0,1.642799616294013,1.4457772812499998,1.4457772812499998,1.8123484713541664,1.2817174479166666,1.4462638771355416
8899,5,3.144,2.025,18.435,3.606,514,1107,33.69,2.0,8.213998081470065,4.02971965625,2.59547783203125,4.6218731171875,2.5634348958333333,3.2339443426774745
8900,1,1.128,1.128,0.0,1.414,533,1105,135.0,1.0,1.642799616294013,1.4457772812499998,1.4457772812499998,1.8123484713541664,1.2817174479166666,1.4462638771355416
8901,5,3.086,2.063,124.099,3.606,3432,1105,123.69,2.683,8.213998081470065,3.955380044270833,2.6441830950520835,4.6218731171875,3.4388479127604166,3.2339443426774745
8902,1,1.128,1.128,0.0,1.414,3593,1105,135.0,1.0,1.642799616294013,1.4457772812499998,1.4457772812499998,1.8123484713541664,1.2817174479166666,1.4462638771355416
8903,4,2.734,1.863,0.0,3.162,3799,1106,161.565,2.0,6.571198465176052,3.5042155026041666,2.38783960546875,4.0527905703125,2.5634348958333333,2.892527754271083
8904,3,3.213,1.189,28.155,3.606,215,1108,33.69,1.789,4.928398848882039,4.11815816015625,1.5239620455729168,4.6218731171875,2.2929925143229166,2.5050025163503102
8905,21,10.047,2.661,37.939,10.63,3641,1113,41.186,3.904,34.49879194217427,12.87741519921875,3.41065012890625,13.624656471354168,5.003824916666667,6.627613691853932
8906,3,2.365,1.615,45.0,2.828,3664,1108,45.0,2.0,4.928398848882039,3.0312617643229167,2.069973678385417,3.624696942708333,2.5634348958333333,2.5050025163503102
8907,7,3.644,2.446,157.5,4.472,3676,1107,153.435,3.0,11.499597314058091,4.670578380208333,3.135080877604167,5.731840427083334,3.8451523437499997,3.826454549076717
8908,1,1.128,1.128,0.0,1.414,3679,1106,135.0,1.0,1.642799616294013,1.4457772812499998,1.4457772812499998,1.8123484713541664,1.2817174479166666,1.4462638771355416
8909,6,3.385,2.257,90.0,3.606,3711,1106,123.69,2.0,9.856797697764078,4.338613561197916,2.892836279947917,4.6218731171875,2.5634348958333333,3.5426085324013394
8910,4,2.257,2.257,0.0,2.828,3721,1106,135.0,2.0,6.571198465176052,2.892836279947917,2.892836279947917,3.624696942708333,2.5634348958333333,2.892527754271083
8911,1,1.128,1.128,0.0,1.414,86,1107,135.0,1.0,1.642799616294013,1.4457772812499998,1.4457772812499998,1.8123484713541664,1.2817174479166666,1.4462638771355416
8912,1,1.128,1.128,0.0,1.414,175,1107,135.0,1.0,1.642799616294013,1.4457772812499998,1.4457772812499998,1.8123484713541664,1.2817174479166666,1.4462638771355416
8913,6,4.387,1.742,57.757,5.0,199,1111,53.13,2.496,9.856797697764078,5.622894444010416,2.2327517942708335,6.408587239583333,3.19916675,3.5426085324013394
8914,29,7.307,5.053,146.548,9.22,259,1108,139.399,6.641,47.64118887252638,9.365509391927084,6.476518264322917,11.817434869791667,8.511885571614583,7.788369332980218
8915,1,1.128,1.128,0.0,1.414,266,1107,135.0,1.0,1.642799616294013,1.4457772812499998,1.4457772812499998,1.8123484713541664,1.2817174479166666,1.4462638771355416
8916,2,2.257,1.128,0.0,2.236,278,1107,153.435,1.0,3.285599232588026,2.892836279947917,1.4457772812499998,2.865920213541667,1.2817174479166666,2.0453259898153786
8917,2,2.257,1.128,0.0,2.236,296,1107,153.435,1.0,3.285599232588026,2.892836279947917,1.4457772812499998,2.865920213541667,1.2817174479166666,2.0453259898153786
8918,7,3.507,2.542,30.473,4.243,419,1110,45.0,3.0,11.499597314058091,4.49498308984375,3.2581257526041663,5.438327131510417,3.8451523437499997,3.826454549076717
8919,5,3.144,2.025,161.565,3.606,92,1108,146.31,2.0,8.213998081470065,4.02971965625,2.59547783203125,4.6218731171875,2.5634348958333333,3.2339443426774745
8920,3,2.365,1.615,45.0,2.828,226,1110,45.0,2.0,4.928398848882039,3.0312617643229167,2.069973678385417,3.624696942708333,2.5634348958333333,2.5050025163503102
8921,38,9.911,4.882,165.745,11.18,240,1108,153.435,6.0,62.4263854191725,12.703101626302082,6.257344580729166,14.329601067708333,7.690304687499999,8.915369296202536
8922,1,1.128,1.128,0.0,1.414,559,1108,135.0,1.0,1.642799616294013,1.4457772812499998,1.4457772812499998,1.8123484713541664,1.2817174479166666,1.4462638771355416
8923,3,3.385,1.128,90.0,3.162,3667,1108,108.435,1.0,4.928398848882039,4.338613561197916,1.4457772812499998,4.0527905703125,1.2817174479166666,2.5050025163503102
8924,8,4.044,2.519,19.33,4.472,3706,1110,26.565,3.0,13.142396930352104,5.1832653593749995,3.2286462513020835,5.731840427083334,3.8451523437499997,4.090651979630757
8925,2,2.257,1.128,90.0,2.236,3777,1108,116.565,1.0,3.285599232588026,2.892836279947917,1.4457772812499998,2.865920213541667,1.2817174479166666,2.0453259898153786
8926,1,1.128,1.128,0.0,1.414,3807,1108,135.0,1.0,1.642799616294013,1.4457772812499998,1.4457772812499998,1.8123484713541664,1.2817174479166666,1.4462638771355416
8927,25,8.425,3.778,160.94,9.849,3816,1110,156.038,5.646,41.069990407350325,10.798469498697918,4.842328518229166,12.62363514453125,7.236576710937499,7.231319385677708
8928,82,15.054,6.935,8.957,18.974,218,1115,18.435,10.0,134.70956853610906,19.2949744609375,8.888710501302082,24.319306856770833,12.817174479166667,13.096476418838181
8929,1,1.128,1.128,0.0,1.414,237,1109,135.0,1.0,1.642799616294013,1.4457772812499998,1.4457772812499998,1.8123484713541664,1.2817174479166666,1.4462638771355416
8930,1,1.128,1.128,0.0,1.414,252,1109,135.0,1.0,1.642799616294013,1.4457772812499998,1.4457772812499998,1.8123484713541664,1.2817174479166666,1.4462638771355416
8931,1,1.128,1.128,0.0,1.414,292,1109,135.0,1.0,1.642799616294013,1.4457772812499998,1.4457772812499998,1.8123484713541664,1.2817174479166666,1.4462638771355416
8932,7,3.507,2.542,59.527,4.243,3730,1112,45.0,3.0,11.499597314058091,4.49498308984375,3.2581257526041663,5.438327131510417,3.8451523437499997,3.826454549076717
8933,1,1.128,1.128,0.0,1.414,175,1110,135.0,1.0,1.642799616294013,1.4457772812499998,1.4457772812499998,1.8123484713541664,1.2817174479166666,1.4462638771355416
8934,28,8.563,4.164,137.43,10.296,177,1112,150.945,6.364,45.998389256232365,10.975346506510418,5.337071453125,13.19656284375,8.156849838541666,7.652909098153434
8935,4,3.676,1.385,39.69,4.243,377,1113,45.0,2.121,6.571198465176052,4.711593338541666,1.7751786653645834,5.438327131510417,2.71852270703125,2.892527754271083
8936,18,6.253,3.665,70.967,7.28,3583,1117,74.055,4.0,29.570393093292235,8.014579201822917,4.697494446614583,9.330903020833334,5.126869791666667,6.135977969446135
8937,1,1.128,1.128,0.0,1.414,138,1111,135.0,1.0,1.642799616294013,1.4457772812499998,1.4457772812499998,1.8123484713541664,1.2817174479166666,1.4462638771355416
8938,1,1.128,1.128,0.0,1.414,140,1111,135.0,1.0,1.642799616294013,1.4457772812499998,1.4457772812499998,1.8123484713541664,1.2817174479166666,1.4462638771355416
8939,1,1.128,1.128,0.0,1.414,238,1111,135.0,1.0,1.642799616294013,1.4457772812499998,1.4457772812499998,1.8123484713541664,1.2817174479166666,1.4462638771355416
8940,27,7.975,4.311,54.437,10.817,290,1120,56.31,6.0,44.35558963993835,10.221696647135415,5.525483917968749,13.864337634114584,7.690304687499999,7.515007549050931
8941,4,2.257,2.257,0.0,2.828,302,1111,135.0,2.0,6.571198465176052,2.892836279947917,2.892836279947917,3.624696942708333,2.5634348958333333,2.892527754271083
8942,1,1.128,1.128,0.0,1.414,3527,1111,135.0,1.0,1.642799616294013,1.4457772812499998,1.4457772812499998,1.8123484713541664,1.2817174479166666,1.4462638771355416
8943,2,2.257,1.128,0.0,2.236,3713,1111,153.435,1.0,3.285599232588026,2.892836279947917,1.4457772812499998,2.865920213541667,1.2817174479166666,2.0453259898153786
8944,1,1.128,1.128,0.0,1.414,3725,1111,135.0,1.0,1.642799616294013,1.4457772812499998,1.4457772812499998,1.8123484713541664,1.2817174479166666,1.4462638771355416
8945,1,1.128,1.128,0.0,1.414,3739,1111,135.0,1.0,1.642799616294013,1.4457772812499998,1.4457772812499998,1.8123484713541664,1.2817174479166666,1.4462638771355416
8946,2,2.257,1.128,0.0,2.236,3746,1111,153.435,1.0,3.285599232588026,2.892836279947917,1.4457772812499998,2.865920213541667,1.2817174479166666,2.0453259898153786
8947,2,2.257,1.128,0.0,2.236,3776,1111,153.435,1.0,3.285599232588026,2.892836279947917,1.4457772812499998,2.865920213541667,1.2817174479166666,2.0453259898153786
8948,18,8.189,2.799,58.838,9.22,193,1119,49.399,4.4,29.570393093292235,10.495984180989582,3.58752713671875,11.817434869791667,5.639556770833334,6.135977969446135
8949,1,1.128,1.128,0.0,1.414,215,1112,135.0,1.0,1.642799616294013,1.4457772812499998,1.4457772812499998,1.8123484713541664,1.2817174479166666,1.4462638771355416
8950,22,7.363,3.805,10.717,8.544,348,1116,20.556,4.0,36.141591558468285,9.437285569010417,4.876934889322917,10.950993875,5.126869791666667,6.78357888217988
8951,2,2.257,1.128,90.0,2.236,437,1112,116.565,1.0,3.285599232588026,2.892836279947917,1.4457772812499998,2.865920213541667,1.2817174479166666,2.0453259898153786
8952,9,4.196,2.731,96.047,4.472,2338,1112,116.565,3.0,14.785196546646118,5.378086411458333,3.5003703502604164,5.731840427083334,3.8451523437499997,4.338791631406624
8953,9,5.974,1.918,87.493,6.325,3650,1118,71.565,2.0,14.785196546646118,7.6569800338541665,2.4583340651041667,8.106862858072917,2.5634348958333333,4.338791631406624
8954,21,8.908,3.002,102.066,10.77,3694,1112,111.801,4.258,34.49879194217427,11.417539026041666,3.847715778645833,13.8040969140625,5.457552893229167,6.627613691853932
8955,33,7.212,5.826,155.017,8.602,3750,1113,125.538,7.155,54.21238733770243,9.243746234375,7.467285851562499,11.025333486979166,9.17068833984375,8.308153445630097
8956,46,9.354,6.262,57.83,12.207,3766,1122,55.008,8.0,75.5687823495246,11.989185007812498,8.026114658854166,15.64592488671875,10.253739583333333,9.809038857407382
8957,1,1.128,1.128,0.0,1.414,103,1113,135.0,1.0,1.642799616294013,1.4457772812499998,1.4457772812499998,1.8123484713541664,1.2817174479166666,1.4462638771355416
8958,1,1.128,1.128,0.0,1.414,187,1113,135.0,1.0,1.642799616294013,1.4457772812499998,1.4457772812499998,1.8123484713541664,1.2817174479166666,1.4462638771355416
8959,1,1.128,1.128,0.0,1.414,260,1113,135.0,1.0,1.642799616294013,1.4457772812499998,1.4457772812499998,1.8123484713541664,1.2817174479166666,1.4462638771355416
8960,2,2.257,1.128,0.0,2.236,499,1113,153.435,1.0,3.285599232588026,2.892836279947917,1.4457772812499998,2.865920213541667,1.2817174479166666,2.0453259898153786
8961,51,10.333,6.284,174.078,12.649,3536,1116,161.565,8.0,83.78278043099466,13.243986389322917,8.054312442708333,16.212443998697914,10.253739583333333,10.32838996735036
8962,2,2.257,1.128,90.0,2.236,3643,1113,116.565,1.0,3.285599232588026,2.892836279947917,1.4457772812499998,2.865920213541667,1.2817174479166666,2.0453259898153786
8963,1,1.128,1.128,0.0,1.414,3722,1113,135.0,1.0,1.642799616294013,1.4457772812499998,1.4457772812499998,1.8123484713541664,1.2817174479166666,1.4462638771355416
8964,7,4.748,1.877,80.355,5.385,3810,1118,68.199,2.668,11.499597314058091,6.0855944427083335,2.4057836497395835,6.90204845703125,3.4196221510416667,3.826454549076717
8965,4,2.734,1.863,90.0,3.162,133,1114,108.435,2.0,6.571198465176052,3.5042155026041666,2.38783960546875,4.0527905703125,2.5634348958333333,2.892527754271083
8966,2,2.257,1.128,90.0,2.236,155,1114,116.565,1.0,3.285599232588026,2.892836279947917,1.4457772812499998,2.865920213541667,1.2817174479166666,2.0453259898153786
8967,40,9.295,5.479,46.549,12.042,167,1122,41.634,7.071,65.71198465176052,11.913563678385417,7.022529897135417,15.4344415078125,9.063024074218749,9.146975898748456
8968,40,11.914,4.275,59.378,13.416,208,1126,63.435,6.261,65.71198465176052,15.270381674479166,5.47934208984375,17.19552128125,8.02483294140625,9.146975898748456
8969,22,6.994,4.005,90.94,8.246,274,1114,104.036,4.0,36.141591558468285,8.964331830729167,5.13327837890625,10.569042075520834,5.126869791666667,6.78357888217988
8970,4,2.257,2.257,0.0,2.828,392,1114,135.0,2.0,6.571198465176052,2.892836279947917,2.892836279947917,3.624696942708333,2.5634348958333333,2.892527754271083
8971,2,2.257,1.128,0.0,2.236,550,1114,153.435,1.0,3.285599232588026,2.892836279947917,1.4457772812499998,2.865920213541667,1.2817174479166666,2.0453259898153786
8972,10,4.456,2.857,108.222,5.0,3739,1114,126.87,3.0,16.42799616294013,5.7113329479166675,3.661866748697917,6.408587239583333,3.8451523437499997,4.573487949374228
8973,49,14.918,4.182,82.79,18.111,136,1133,83.66,7.069,80.49718119840664,19.120660888020833,5.360142367187501,23.21318469921875,9.060460639322917,10.12384713994879
8974,1,1.128,1.128,0.0,1.414,553,1115,135.0,1.0,1.642799616294013,1.4457772812499998,1.4457772812499998,1.8123484713541664,1.2817174479166666,1.4462638771355416
8975,11,4.779,2.931,111.355,5.831,3731,1115,120.964,4.0,18.070795779234142,6.12532768359375,3.75671383984375,7.473694438802084,5.126869791666667,4.796714628303253
8976,2,2.257,1.128,90.0,2.236,3817,1115,116.565,1.0,3.285599232588026,2.892836279947917,1.4457772812499998,2.865920213541667,1.2817174479166666,2.0453259898153786
8977,2,2.596,0.981,135.0,2.828,177,1116,135.0,1.414,3.285599232588026,3.327338494791667,1.2573648164062499,3.624696942708333,1.8123484713541664,2.0453259898153786
8978,4,2.257,2.257,0.0,2.828,302,1116,135.0,2.0,6.571198465176052,2.892836279947917,2.892836279947917,3.624696942708333,2.5634348958333333,2.892527754271083
8979,6,3.718,2.055,0.0,4.123,354,1117,165.964,2.0,9.856797697764078,4.765425471354167,2.63392935546875,5.284521037760417,2.5634348958333333,3.5426085324013394
8980,5,4.183,1.522,10.901,4.472,450,1118,26.565,2.0,8.213998081470065,5.361424084635416,1.9507739557291666,5.731840427083334,2.5634348958333333,3.2339443426774745
8981,15,4.826,3.958,0.0,5.657,2332,1116,135.0,4.0,24.641994244410196,6.185568403645833,5.073037658854167,7.250675602864583,5.126869791666667,5.601355910367322
8982,2,2.257,1.128,0.0,2.236,2342,1116,153.435,1.0,3.285599232588026,2.892836279947917,1.4457772812499998,2.865920213541667,1.2817174479166666,2.0453259898153786
8983,13,4.359,3.797,103.776,5.0,3407,1116,126.87,4.0,21.35639501182217,5.58700635546875,4.866681149739583,6.408587239583333,5.126869791666667,5.214578566863546
8984,1,1.128,1.128,0.0,1.414,3743,1116,135.0,1.0,1.642799616294013,1.4457772812499998,1.4457772812499998,1.8123484713541664,1.2817174479166666,1.4462638771355416
8985,2,2.257,1.128,90.0,2.236,3761,1116,116.565,1.0,3.285599232588026,2.892836279947917,1.4457772812499998,2.865920213541667,1.2817174479166666,2.0453259898153786
8986,2,2.257,1.128,0.0,2.236,189,1117,153.435,1.0,3.285599232588026,2.892836279947917,1.4457772812499998,2.865920213541667,1.2817174479166666,2.0453259898153786
8987,2,2.257,1.128,0.0,2.236,215,1117,153.435,1.0,3.285599232588026,2.892836279947917,1.4457772812499998,2.865920213541667,1.2817174479166666,2.0453259898153786
8988,17,5.041,4.294,55.462,6.403,234,1122,38.66,5.0,27.927593476998222,6.461137654947917,5.503694721354166,8.206836819010416,6.408587239583333,5.963098727945161
8989,1,1.128,1.128,0.0,1.414,248,1117,135.0,1.0,1.642799616294013,1.4457772812499998,1.4457772812499998,1.8123484713541664,1.2817174479166666,1.4462638771355416
8990,1,1.128,1.128,0.0,1.414,359,1117,135.0,1.0,1.642799616294013,1.4457772812499998,1.4457772812499998,1.8123484713541664,1.2817174479166666,1.4462638771355416
8991,3,2.365,1.615,135.0,2.828,2339,1117,135.0,2.0,4.928398848882039,3.0312617643229167,2.069973678385417,3.624696942708333,2.5634348958333333,2.5050025163503102
8992,5,3.732,1.706,5.152,4.123,3642,1117,165.964,2.0,8.213998081470065,4.783369515625,2.1866099661458334,5.284521037760417,2.5634348958333333,3.2339443426774745
8993,217,27.626,10.001,15.208,42.45,3719,1134,15.018,18.157,356.48751673580085,35.40872621614584,12.818456196614582,54.4089056640625,23.272143701822916,21.304797274338167
8994,29,10.598,3.484,71.317,11.705,3774,1128,70.017,4.608,47.64118887252638,13.583641513020835,4.465503588541667,15.002502727864583,5.906153999999999,7.788369332980218
8995,1,1.128,1.128,0.0,1.414,65,1118,135.0,1.0,1.642799616294013,1.4457772812499998,1.4457772812499998,1.8123484713541664,1.2817174479166666,1.4462638771355416
8996,10,4.866,2.617,29.767,5.831,201,1121,30.964,3.0,16.42799616294013,6.236837101562499,3.3542545611979167,7.473694438802084,3.8451523437499997,4.573487949374228
8997,13,4.899,3.378,129.265,5.657,320,1118,135.0,4.0,21.35639501182217,6.27913377734375,4.3296415390625,7.250675602864583,5.126869791666667,5.214578566863546
8998,1,1.128,1.128,0.0,1.414,365,1118,135.0,1.0,1.642799616294013,1.4457772812499998,1.4457772812499998,1.8123484713541664,1.2817174479166666,1.4462638771355416
8999,4,3.192,1.596,18.435,3.606,3249,1120,33.69,2.0,6.571198465176052,4.09124209375,2.045621046875,4.6218731171875,2.5634348958333333,2.892527754271083
9000,3,2.365,1.615,45.0,2.828,3572,1120,45.0,2.0,4.928398848882039,3.0312617643229167,2.069973678385417,3.624696942708333,2.5634348958333333,2.5050025163503102
9001,1,1.128,1.128,0.0,1.414,3639,1118,135.0,1.0,1.642799616294013,1.4457772812499998,1.4457772812499998,1.8123484713541664,1.2817174479166666,1.4462638771355416
9002,3,3.385,1.128,90.0,3.162,197,1119,108.435,1.0,4.928398848882039,4.338613561197916,1.4457772812499998,4.0527905703125,1.2817174479166666,2.5050025163503102
9003,6,5.025,1.52,107.609,5.385,376,1119,111.801,2.0,9.856797697764078,6.4406301757812505,1.9482105208333333,6.90204845703125,2.5634348958333333,3.5426085324013394
9004,1,1.128,1.128,0.0,1.414,450,1119,135.0,1.0,1.642799616294013,1.4457772812499998,1.4457772812499998,1.8123484713541664,1.2817174479166666,1.4462638771355416
9005,2,2.257,1.128,0.0,2.236,3569,1119,153.435,1.0,3.285599232588026,2.892836279947917,1.4457772812499998,2.865920213541667,1.2817174479166666,2.0453259898153786
9006,1,1.128,1.128,0.0,1.414,3583,1119,135.0,1.0,1.642799616294013,1.4457772812499998,1.4457772812499998,1.8123484713541664,1.2817174479166666,1.4462638771355416
9007,6,3.718,2.055,53.13,4.243,3740,1122,45.0,2.683,9.856797697764078,4.765425471354167,2.63392935546875,5.438327131510417,3.4388479127604166,3.5426085324013394
9008,2,2.257,1.128,90.0,2.236,177,1120,116.565,1.0,3.285599232588026,2.892836279947917,1.4457772812499998,2.865920213541667,1.2817174479166666,2.0453259898153786
9009,206,24.524,10.695,149.668,31.145,188,1120,132.397,15.435,338.4167209565667,31.432838692708334,13.70796810546875,39.91908991536458,19.783308808593752,20.75779168590119
9010,1,1.128,1.128,0.0,1.414,349,1120,135.0,1.0,1.642799616294013,1.4457772812499998,1.4457772812499998,1.8123484713541664,1.2817174479166666,1.4462638771355416
9011,3,2.365,1.615,45.0,2.828,386,1122,45.0,2.0,4.928398848882039,3.0312617643229167,2.069973678385417,3.624696942708333,2.5634348958333333,2.5050025163503102
9012,2,2.257,1.128,0.0,2.236,2340,1120,153.435,1.0,3.285599232588026,2.892836279947917,1.4457772812499998,2.865920213541667,1.2817174479166666,2.0453259898153786
9013,2,2.257,1.128,90.0,2.236,3451,1120,116.565,1.0,3.285599232588026,2.892836279947917,1.4457772812499998,2.865920213541667,1.2817174479166666,2.0453259898153786
9014,6,3.385,2.257,90.0,3.606,3606,1120,123.69,2.0,9.856797697764078,4.338613561197916,2.892836279947917,4.6218731171875,2.5634348958333333,3.5426085324013394
9015,6,4.056,1.884,71.565,4.472,3728,1124,63.435,2.53,9.856797697764078,5.19864596875,2.4147556718749996,5.731840427083334,3.2427451432291665,3.5426085324013394
9016,10,4.37,2.913,69.495,5.385,3781,1125,68.199,3.883,16.42799616294013,5.601105247395833,3.7336429257812496,6.90204845703125,4.976908850260417,4.573487949374228
9017,2,2.257,1.128,90.0,2.236,3839,1120,116.565,1.0,3.285599232588026,2.892836279947917,1.4457772812499998,2.865920213541667,1.2817174479166666,2.0453259898153786
9018,15,5.611,3.403,51.352,6.708,349,1127,63.435,4.438,24.641994244410196,7.191716600260416,4.361684475260416,8.597760640625,5.6882620338541665,5.601355910367322
9019,3,2.365,1.615,135.0,2.828,379,1121,135.0,2.0,4.928398848882039,3.0312617643229167,2.069973678385417,3.624696942708333,2.5634348958333333,2.5050025163503102
9020,2,2.257,1.128,0.0,2.236,3406,1121,153.435,1.0,3.285599232588026,2.892836279947917,1.4457772812499998,2.865920213541667,1.2817174479166666,2.0453259898153786
9021,6,3.489,2.19,135.0,4.243,3453,1121,135.0,2.828,9.856797697764078,4.47191217578125,2.8069612109374997,5.438327131510417,3.624696942708333,3.5426085324013394
9022,4,2.838,1.795,45.0,3.606,3559,1124,33.69,2.683,6.571198465176052,3.6375141171875,2.3006828190104165,4.6218731171875,3.4388479127604166,2.892527754271083
9023,1,1.128,1.128,0.0,1.414,3665,1121,135.0,1.0,1.642799616294013,1.4457772812499998,1.4457772812499998,1.8123484713541664,1.2817174479166666,1.4462638771355416
9024,32,8.384,4.86,0.017,8.944,3674,1121,153.435,5.0,52.56958772140842,10.745919083333334,6.229146796875001,11.463680854166668,6.408587239583333,8.181303959261514
9025,1,1.128,1.128,0.0,1.414,213,1122,135.0,1.0,1.642799616294013,1.4457772812499998,1.4457772812499998,1.8123484713541664,1.2817174479166666,1.4462638771355416
9026,1,1.128,1.128,0.0,1.414,268,1122,135.0,1.0,1.642799616294013,1.4457772812499998,1.4457772812499998,1.8123484713541664,1.2817174479166666,1.4462638771355416
9027,4,2.257,2.257,0.0,2.828,318,1122,135.0,2.0,6.571198465176052,2.892836279947917,2.892836279947917,3.624696942708333,2.5634348958333333,2.892527754271083
9028,1,1.128,1.128,0.0,1.414,337,1122,135.0,1.0,1.642799616294013,1.4457772812499998,1.4457772812499998,1.8123484713541664,1.2817174479166666,1.4462638771355416
9029,6,5.181,1.475,36.449,5.657,3544,1126,45.0,2.219,9.856797697764078,6.64057809765625,1.8905332356770834,7.250675602864583,2.8441310169270833,3.5426085324013394
9030,20,5.831,4.367,96.883,6.708,3669,1122,116.565,4.0,32.85599232588026,7.473694438802084,5.597260095052083,8.597760640625,5.126869791666667,6.467888685354949
9031,4,2.887,1.764,14.872,3.606,3731,1124,33.69,2.0,6.571198465176052,3.7003182721354166,2.260949578125,4.6218731171875,2.5634348958333333,2.892527754271083
9032,1,1.128,1.128,0.0,1.414,128,1123,135.0,1.0,1.642799616294013,1.4457772812499998,1.4457772812499998,1.8123484713541664,1.2817174479166666,1.4462638771355416
9033,11,3.924,3.569,125.008,5.0,144,1123,143.13,4.0,18.070795779234142,5.0294592656249995,4.574449571614583,6.408587239583333,5.126869791666667,4.796714628303253
9034,53,12.52,5.39,156.647,18.385,165,1123,157.62,9.487,87.06837966358269,16.047102447916664,6.908457044270833,23.564375279947917,12.159653428385417,10.528959954443641
9035,1,1.128,1.128,0.0,1.414,179,1123,135.0,1.0,1.642799616294013,1.4457772812499998,1.4457772812499998,1.8123484713541664,1.2817174479166666,1.4462638771355416
9036,8,3.538,2.879,45.0,4.243,201,1126,45.0,3.0,13.142396930352104,4.534716330729166,3.6900645325520833,5.438327131510417,3.8451523437499997,4.090651979630757
9037,6,3.385,2.257,90.0,3.606,218,1123,123.69,2.0,9.856797697764078,4.338613561197916,2.892836279947917,4.6218731171875,2.5634348958333333,3.5426085324013394
9038,1,1.128,1.128,0.0,1.414,316,1123,135.0,1.0,1.642799616294013,1.4457772812499998,1.4457772812499998,1.8123484713541664,1.2817174479166666,1.4462638771355416
9039,1,1.128,1.128,0.0,1.414,367,1123,135.0,1.0,1.642799616294013,1.4457772812499998,1.4457772812499998,1.8123484713541664,1.2817174479166666,1.4462638771355416
9040,3,2.365,1.615,135.0,2.828,588,1123,135.0,2.0,4.928398848882039,3.0312617643229167,2.069973678385417,3.624696942708333,2.5634348958333333,2.5050025163503102
9041,4,3.192,1.596,161.565,3.606,3577,1123,146.31,2.0,6.571198465176052,4.09124209375,2.045621046875,4.6218731171875,2.5634348958333333,2.892527754271083
9042,1,1.128,1.128,0.0,1.414,3599,1123,135.0,1.0,1.642799616294013,1.4457772812499998,1.4457772812499998,1.8123484713541664,1.2817174479166666,1.4462638771355416
9043,2,2.257,1.128,90.0,2.236,3703,1123,116.565,1.0,3.285599232588026,2.892836279947917,1.4457772812499998,2.865920213541667,1.2817174479166666,2.0453259898153786
9044,1,1.128,1.128,0.0,1.414,3712,1123,135.0,1.0,1.642799616294013,1.4457772812499998,1.4457772812499998,1.8123484713541664,1.2817174479166666,1.4462638771355416
9045,5,3.144,2.025,161.565,3.606,226,1124,146.31,2.0,8.213998081470065,4.02971965625,2.59547783203125,4.6218731171875,2.5634348958333333,3.2339443426774745
9046,3,2.365,1.615,135.0,2.828,245,1124,135.0,2.0,4.928398848882039,3.0312617643229167,2.069973678385417,3.624696942708333,2.5634348958333333,2.5050025163503102
9047,2,2.257,1.128,0.0,2.236,408,1124,153.435,1.0,3.285599232588026,2.892836279947917,1.4457772812499998,2.865920213541667,1.2817174479166666,2.0453259898153786
9048,9,4.025,2.847,114.006,5.0,3630,1124,126.87,3.795,14.785196546646118,5.158912727864584,3.64904957421875,6.408587239583333,4.86411771484375,4.338791631406624
9049,45,10.689,5.36,136.24,14.866,3788,1125,132.274,8.244,73.92598273323058,13.70027780078125,6.870005520833334,19.054011580729167,10.566478640625,9.701833028032423
9050,1,1.128,1.128,0.0,1.414,57,1125,135.0,1.0,1.642799616294013,1.4457772812499998,1.4457772812499998,1.8123484713541664,1.2817174479166666,1.4462638771355416
9051,1,1.128,1.128,0.0,1.414,66,1125,135.0,1.0,1.642799616294013,1.4457772812499998,1.4457772812499998,1.8123484713541664,1.2817174479166666,1.4462638771355416
9052,4,2.734,1.863,0.0,3.162,140,1125,161.565,2.0,6.571198465176052,3.5042155026041666,2.38783960546875,4.0527905703125,2.5634348958333333,2.892527754271083
9053,9,4.692,2.442,147.038,5.831,342,1125,149.036,3.0,14.785196546646118,6.013818265625,3.1299540078125,7.473694438802084,3.8451523437499997,4.338791631406624
9054,1,1.128,1.128,0.0,1.414,542,1125,135.0,1.0,1.642799616294013,1.4457772812499998,1.4457772812499998,1.8123484713541664,1.2817174479166666,1.4462638771355416
9055,2,2.257,1.128,0.0,2.236,3405,1125,153.435,1.0,3.285599232588026,2.892836279947917,1.4457772812499998,2.865920213541667,1.2817174479166666,2.0453259898153786
9056,1,1.128,1.128,0.0,1.414,3581,1125,135.0,1.0,1.642799616294013,1.4457772812499998,1.4457772812499998,1.8123484713541664,1.2817174479166666,1.4462638771355416
9057,1,1.128,1.128,0.0,1.414,3711,1125,135.0,1.0,1.642799616294013,1.4457772812499998,1.4457772812499998,1.8123484713541664,1.2817174479166666,1.4462638771355416
9058,3,2.365,1.615,45.0,2.828,212,1128,45.0,2.0,4.928398848882039,3.0312617643229167,2.069973678385417,3.624696942708333,2.5634348958333333,2.5050025163503102
9059,5,4.076,1.562,110.994,4.472,236,1126,116.565,2.0,8.213998081470065,5.224280317708333,2.0020426536458333,5.731840427083334,2.5634348958333333,3.2339443426774745
9060,2,2.257,1.128,90.0,2.236,272,1126,116.565,1.0,3.285599232588026,2.892836279947917,1.4457772812499998,2.865920213541667,1.2817174479166666,2.0453259898153786
9061,16,4.967,4.101,101.815,5.831,276,1126,120.964,4.0,26.28479386070421,6.366290563802083,5.25632325390625,7.473694438802084,5.126869791666667,5.785055508542166
9062,1,1.128,1.128,0.0,1.414,3515,1126,135.0,1.0,1.642799616294013,1.4457772812499998,1.4457772812499998,1.8123484713541664,1.2817174479166666,1.4462638771355416
9063,127,19.874,8.136,0.735,22.804,3610,1130,164.745,10.0,208.63555126933966,25.47285255989583,10.428053156249998,29.228284682291665,12.817174479166667,16.298566154512038
9064,7,4.285,2.08,37.733,5.0,3636,1129,36.87,2.828,11.499597314058091,5.4921592643229165,2.665972291666667,6.408587239583333,3.624696942708333,3.826454549076717
9065,129,13.556,12.116,3.272,20.518,3700,1126,133.025,15.811,211.92115050192768,17.374961723958332,15.529288598958333,26.298278596354166,20.265234569010417,16.426400004188977
9066,12,5.55,2.753,6.9,6.083,3765,1127,170.538,3.0,19.713595395528156,7.1135318359375,3.5285681341145834,7.7966872356770835,3.8451523437499997,5.0100050327006205
9067,2,2.596,0.981,45.0,2.828,91,1129,45.0,1.414,3.285599232588026,3.327338494791667,1.2573648164062499,3.624696942708333,1.8123484713541664,2.0453259898153786
9068,10,6.316,2.016,56.587,7.211,219,1133,56.31,3.0,16.42799616294013,8.095327401041667,2.583942375,9.242464516927084,3.8451523437499997,4.573487949374228
9069,9,4.663,2.458,95.884,5.385,408,1127,111.801,3.0,14.785196546646118,5.976648459635417,3.1504614869791667,6.90204845703125,3.8451523437499997,4.338791631406624
9070,1,1.128,1.128,0.0,1.414,466,1127,135.0,1.0,1.642799616294013,1.4457772812499998,1.4457772812499998,1.8123484713541664,1.2817174479166666,1.4462638771355416
9071,78,13.661,7.27,58.903,17.088,3535,1143,69.444,11.4,128.138370070933,17.50954205598958,9.318085846354165,21.90198775,14.611578906250001,12.77305671246926
9072,40,13.109,3.885,155.677,17.493,3780,1127,149.036,7.273,65.71198465176052,16.802034024739584,4.97947228515625,22.421083316406246,9.321930998697916,9.146975898748456
9073,10,4.712,2.702,149.527,5.657,420,1128,135.0,3.479,16.42799616294013,6.0394526145833325,3.4632005442708333,7.250675602864583,4.459095001302083,4.573487949374228
9074,2,2.596,0.981,45.0,2.828,626,1130,45.0,1.414,3.285599232588026,3.327338494791667,1.2573648164062499,3.624696942708333,1.8123484713541664,2.0453259898153786
9075,1,1.128,1.128,0.0,1.414,3391,1128,135.0,1.0,1.642799616294013,1.4457772812499998,1.4457772812499998,1.8123484713541664,1.2817174479166666,1.4462638771355416
9076,3,2.365,1.615,45.0,2.828,3394,1130,45.0,2.0,4.928398848882039,3.0312617643229167,2.069973678385417,3.624696942708333,2.5634348958333333,2.5050025163503102
9077,22,7.325,3.824,130.871,8.485,3646,1128,135.0,5.367,36.141591558468285,9.388580305989583,4.901287520833333,10.875372545572915,6.87897754296875,6.78357888217988
9078,55,13.465,5.201,150.009,19.235,3656,1131,152.103,7.412,90.35397889617072,17.258325436197914,6.6662124466145825,24.653835110677083,9.500089723958332,10.72577997755371
9079,2,2.596,0.981,45.0,2.828,3697,1130,45.0,1.414,3.285599232588026,3.327338494791667,1.2573648164062499,3.624696942708333,1.8123484713541664,2.0453259898153786
9080,24,7.394,4.133,139.364,9.434,3800,1129,147.995,5.657,39.42719079105631,9.477018809895833,5.297338212239583,12.091722403645832,7.250675602864583,7.085217064802679
9081,1,1.128,1.128,0.0,1.414,239,1129,135.0,1.0,1.642799616294013,1.4457772812499998,1.4457772812499998,1.8123484713541664,1.2817174479166666,1.4462638771355416
9082,10,5.148,2.473,55.315,5.831,292,1134,59.036,3.536,16.42799616294013,6.598281421875,3.1696872486979166,7.473694438802084,4.532152895833334,4.573487949374228
9083,3,2.365,1.615,135.0,2.828,304,1129,135.0,2.0,4.928398848882039,3.0312617643229167,2.069973678385417,3.624696942708333,2.5634348958333333,2.5050025163503102
9084,1,1.128,1.128,0.0,1.414,3464,1129,135.0,1.0,1.642799616294013,1.4457772812499998,1.4457772812499998,1.8123484713541664,1.2817174479166666,1.4462638771355416
9085,1,1.128,1.128,0.0,1.414,3515,1129,135.0,1.0,1.642799616294013,1.4457772812499998,1.4457772812499998,1.8123484713541664,1.2817174479166666,1.4462638771355416
9086,1,1.128,1.128,0.0,1.414,3641,1129,135.0,1.0,1.642799616294013,1.4457772812499998,1.4457772812499998,1.8123484713541664,1.2817174479166666,1.4462638771355416
9087,2,2.596,0.981,135.0,2.828,7,1130,135.0,1.414,3.285599232588026,3.327338494791667,1.2573648164062499,3.624696942708333,1.8123484713541664,2.0453259898153786
9088,17,5.2,4.163,51.737,6.403,260,1135,51.34,4.919,27.927593476998222,6.664930729166667,5.335789735677084,8.206836819010416,6.304768126302083,5.963098727945161
9089,16,6.179,3.297,13.558,7.28,311,1133,15.945,4.0,26.28479386070421,7.919732110677083,4.22582242578125,9.330903020833334,5.126869791666667,5.785055508542166
9090,114,17.517,8.286,83.069,24.042,3573,1130,106.928,11.478,187.27915625751749,22.451844535156248,10.620310773437499,30.8150508828125,14.7115528671875,15.441872589262374
9091,3,3.385,1.128,0.0,3.162,3599,1130,161.565,1.0,4.928398848882039,4.338613561197916,1.4457772812499998,4.0527905703125,1.2817174479166666,2.5050025163503102
9092,5,3.144,2.025,108.435,3.606,3635,1130,123.69,2.0,8.213998081470065,4.02971965625,2.59547783203125,4.6218731171875,2.5634348958333333,3.2339443426774745
9093,15,5.532,3.452,82.832,6.708,3692,1136,63.435,4.0,24.641994244410196,7.090460921875,4.424488630208333,8.597760640625,5.126869791666667,5.601355910367322
9094,2,2.257,1.128,0.0,2.236,215,1131,153.435,1.0,3.285599232588026,2.892836279947917,1.4457772812499998,2.865920213541667,1.2817174479166666,2.0453259898153786
9095,2,2.257,1.128,0.0,2.236,237,1131,153.435,1.0,3.285599232588026,2.892836279947917,1.4457772812499998,2.865920213541667,1.2817174479166666,2.0453259898153786
9096,1,1.128,1.128,0.0,1.414,271,1131,135.0,1.0,1.642799616294013,1.4457772812499998,1.4457772812499998,1.8123484713541664,1.2817174479166666,1.4462638771355416
9097,3,3.385,1.128,0.0,3.162,542,1131,161.565,1.0,4.928398848882039,4.338613561197916,1.4457772812499998,4.0527905703125,1.2817174479166666,2.5050025163503102
9098,1,1.128,1.128,0.0,1.414,3419,1131,135.0,1.0,1.642799616294013,1.4457772812499998,1.4457772812499998,1.8123484713541664,1.2817174479166666,1.4462638771355416
9099,2,2.257,1.128,0.0,2.236,3640,1131,153.435,1.0,3.285599232588026,2.892836279947917,1.4457772812499998,2.865920213541667,1.2817174479166666,2.0453259898153786
9100,1,1.128,1.128,0.0,1.414,3681,1131,135.0,1.0,1.642799616294013,1.4457772812499998,1.4457772812499998,1.8123484713541664,1.2817174479166666,1.4462638771355416
9101,16,9.134,2.23,65.54,10.77,181,1142,68.199,3.628,26.28479386070421,11.707207169270834,2.8582299088541667,13.8040969140625,4.6500709010416665,5.785055508542166
9102,5,3.086,2.063,145.901,3.606,234,1132,123.69,2.683,8.213998081470065,3.955380044270833,2.6441830950520835,4.6218731171875,3.4388479127604166,3.2339443426774745
9103,7,5.862,1.52,93.942,6.083,253,1132,99.462,2.0,11.499597314058091,7.5134276796875,1.9482105208333333,7.7966872356770835,2.5634348958333333,3.826454549076717
9104,6,4.134,1.848,77.067,4.472,320,1136,63.435,2.0,9.856797697764078,5.298619929687501,2.36861384375,5.731840427083334,2.5634348958333333,3.5426085324013394
9105,1,1.128,1.128,0.0,1.414,3453,1132,135.0,1.0,1.642799616294013,1.4457772812499998,1.4457772812499998,1.8123484713541664,1.2817174479166666,1.4462638771355416
9106,45,7.948,7.209,155.688,10.817,3463,1139,33.69,8.0,73.92598273323058,10.187090276041667,9.239901082031249,13.864337634114584,10.253739583333333,9.701833028032423
9107,2,2.257,1.128,0.0,2.236,3566,1132,153.435,1.0,3.285599232588026,2.892836279947917,1.4457772812499998,2.865920213541667,1.2817174479166666,2.0453259898153786
9108,3,2.365,1.615,45.0,2.828,3598,1134,45.0,2.0,4.928398848882039,3.0312617643229167,2.069973678385417,3.624696942708333,2.5634348958333333,2.5050025163503102
9109,1,1.128,1.128,0.0,1.414,3767,1132,135.0,1.0,1.642799616294013,1.4457772812499998,1.4457772812499998,1.8123484713541664,1.2817174479166666,1.4462638771355416
9110,28,7.085,5.032,133.765,8.062,3769,1134,150.255,5.657,45.998389256232365,9.080968118489583,6.449602197916667,10.333206065104166,7.250675602864583,7.652909098153434
9111,1,1.128,1.128,0.0,1.414,269,1133,135.0,1.0,1.642799616294013,1.4457772812499998,1.4457772812499998,1.8123484713541664,1.2817174479166666,1.4462638771355416
9112,1,1.128,1.128,0.0,1.414,411,1133,135.0,1.0,1.642799616294013,1.4457772812499998,1.4457772812499998,1.8123484713541664,1.2817174479166666,1.4462638771355416
9113,1,1.128,1.128,0.0,1.414,564,1133,135.0,1.0,1.642799616294013,1.4457772812499998,1.4457772812499998,1.8123484713541664,1.2817174479166666,1.4462638771355416
9114,2,2.257,1.128,0.0,2.236,3396,1133,153.435,1.0,3.285599232588026,2.892836279947917,1.4457772812499998,2.865920213541667,1.2817174479166666,2.0453259898153786
9115,1,1.128,1.128,0.0,1.414,3778,1133,135.0,1.0,1.642799616294013,1.4457772812499998,1.4457772812499998,1.8123484713541664,1.2817174479166666,1.4462638771355416
9116,1,1.128,1.128,0.0,1.414,27,1134,135.0,1.0,1.642799616294013,1.4457772812499998,1.4457772812499998,1.8123484713541664,1.2817174479166666,1.4462638771355416
9117,2,2.257,1.128,0.0,2.236,213,1134,153.435,1.0,3.285599232588026,2.892836279947917,1.4457772812499998,2.865920213541667,1.2817174479166666,2.0453259898153786
9118,9,7.011,1.634,110.541,8.544,239,1134,110.556,2.785,14.785196546646118,8.98612102734375,2.094326309895833,10.950993875,3.5695830924479166,4.338791631406624
9119,1,1.128,1.128,0.0,1.414,3401,1134,135.0,1.0,1.642799616294013,1.4457772812499998,1.4457772812499998,1.8123484713541664,1.2817174479166666,1.4462638771355416
9120,53,13.638,4.948,36.059,15.62,3676,1144,39.806,7.4,87.06837966358269,17.4800625546875,6.341937932291667,20.02042653645833,9.484709114583334,10.528959954443641
9121,4,2.257,2.257,0.0,2.828,3742,1134,135.0,2.0,6.571198465176052,2.892836279947917,2.892836279947917,3.624696942708333,2.5634348958333333,2.892527754271083
9122,21,6.273,4.262,104.073,7.211,3756,1134,123.69,5.0,34.49879194217427,8.04021355078125,5.462679763020833,9.242464516927084,6.408587239583333,6.627613691853932
9123,5,3.986,1.597,118.997,5.0,3766,1134,126.87,2.53,8.213998081470065,5.108925747395833,2.0469027643229167,6.408587239583333,3.2427451432291665,3.2339443426774745
9124,1,1.128,1.128,0.0,1.414,170,1135,135.0,1.0,1.642799616294013,1.4457772812499998,1.4457772812499998,1.8123484713541664,1.2817174479166666,1.4462638771355416
9125,2,2.257,1.128,0.0,2.236,257,1135,153.435,1.0,3.285599232588026,2.892836279947917,1.4457772812499998,2.865920213541667,1.2817174479166666,2.0453259898153786
9126,5,3.144,2.025,71.565,3.606,384,1138,56.31,2.0,8.213998081470065,4.02971965625,2.59547783203125,4.6218731171875,2.5634348958333333,3.2339443426774745
9127,2,2.257,1.128,90.0,2.236,439,1135,116.565,1.0,3.285599232588026,2.892836279947917,1.4457772812499998,2.865920213541667,1.2817174479166666,2.0453259898153786
9128,2,2.257,1.128,0.0,2.236,3512,1135,153.435,1.0,3.285599232588026,2.892836279947917,1.4457772812499998,2.865920213541667,1.2817174479166666,2.0453259898153786
9129,30,10.281,3.715,19.023,11.18,3558,1140,26.565,4.851,49.28398848882039,13.17733708203125,4.761580319010417,14.329601067708333,6.21761133984375,7.921513496120161
9130,1,1.128,1.128,0.0,1.414,3821,1135,135.0,1.0,1.642799616294013,1.4457772812499998,1.4457772812499998,1.8123484713541664,1.2817174479166666,1.4462638771355416
9131,1,1.128,1.128,0.0,1.414,3826,1135,135.0,1.0,1.642799616294013,1.4457772812499998,1.4457772812499998,1.8123484713541664,1.2817174479166666,1.4462638771355416
9132,15,5.899,3.238,120.931,8.062,173,1136,119.745,4.472,24.641994244410196,7.560851225260417,4.1502010963541665,10.333206065104166,5.731840427083334,5.601355910367322
9133,2,2.257,1.128,0.0,2.236,178,1136,153.435,1.0,3.285599232588026,2.892836279947917,1.4457772812499998,2.865920213541667,1.2817174479166666,2.0453259898153786
9134,3,3.213,1.189,61.845,3.606,187,1139,56.31,1.789,4.928398848882039,4.11815816015625,1.5239620455729168,4.6218731171875,2.2929925143229166,2.5050025163503102
9135,5,3.144,2.025,161.565,3.606,209,1136,146.31,2.0,8.213998081470065,4.02971965625,2.59547783203125,4.6218731171875,2.5634348958333333,3.2339443426774745
9136,10,4.111,3.097,90.0,4.472,214,1136,116.565,3.0,16.42799616294013,5.269140428385416,3.9694789361979166,5.731840427083334,3.8451523437499997,4.573487949374228
9137,3,3.213,1.189,61.845,3.606,283,1139,56.31,1.789,4.928398848882039,4.11815816015625,1.5239620455729168,4.6218731171875,2.2929925143229166,2.5050025163503102
9138,5,4.076,1.562,159.006,4.472,3717,1136,153.435,2.0,8.213998081470065,5.224280317708333,2.0020426536458333,5.731840427083334,2.5634348958333333,3.2339443426774745
9139,2,2.596,0.981,135.0,2.828,3785,1136,135.0,1.414,3.285599232588026,3.327338494791667,1.2573648164062499,3.624696942708333,1.8123484713541664,2.0453259898153786
9140,1,1.128,1.128,0.0,1.414,167,1137,135.0,1.0,1.642799616294013,1.4457772812499998,1.4457772812499998,1.8123484713541664,1.2817174479166666,1.4462638771355416
9141,1,1.128,1.128,0.0,1.414,348,1137,135.0,1.0,1.642799616294013,1.4457772812499998,1.4457772812499998,1.8123484713541664,1.2817174479166666,1.4462638771355416
9142,1,1.128,1.128,0.0,1.414,523,1137,135.0,1.0,1.642799616294013,1.4457772812499998,1.4457772812499998,1.8123484713541664,1.2817174479166666,1.4462638771355416
9143,1,1.128,1.128,0.0,1.414,574,1137,135.0,1.0,1.642799616294013,1.4457772812499998,1.4457772812499998,1.8123484713541664,1.2817174479166666,1.4462638771355416
9144,3,3.385,1.128,0.0,3.162,3691,1137,161.565,1.0,4.928398848882039,4.338613561197916,1.4457772812499998,4.0527905703125,1.2817174479166666,2.5050025163503102
9145,1,1.128,1.128,0.0,1.414,3746,1137,135.0,1.0,1.642799616294013,1.4457772812499998,1.4457772812499998,1.8123484713541664,1.2817174479166666,1.4462638771355416
9146,2,2.257,1.128,0.0,2.236,3788,1137,153.435,1.0,3.285599232588026,2.892836279947917,1.4457772812499998,2.865920213541667,1.2817174479166666,2.0453259898153786
9147,2,2.257,1.128,0.0,2.236,3819,1137,153.435,1.0,3.285599232588026,2.892836279947917,1.4457772812499998,2.865920213541667,1.2817174479166666,2.0453259898153786
9148,1,1.128,1.128,0.0,1.414,193,1138,135.0,1.0,1.642799616294013,1.4457772812499998,1.4457772812499998,1.8123484713541664,1.2817174479166666,1.4462638771355416
9149,1,1.128,1.128,0.0,1.414,525,1138,135.0,1.0,1.642799616294013,1.4457772812499998,1.4457772812499998,1.8123484713541664,1.2817174479166666,1.4462638771355416
9150,1,1.128,1.128,0.0,1.414,570,1138,135.0,1.0,1.642799616294013,1.4457772812499998,1.4457772812499998,1.8123484713541664,1.2817174479166666,1.4462638771355416
9151,1,1.128,1.128,0.0,1.414,581,1138,135.0,1.0,1.642799616294013,1.4457772812499998,1.4457772812499998,1.8123484713541664,1.2817174479166666,1.4462638771355416
9152,1,1.128,1.128,0.0,1.414,3533,1138,135.0,1.0,1.642799616294013,1.4457772812499998,1.4457772812499998,1.8123484713541664,1.2817174479166666,1.4462638771355416
9153,16,4.514,4.514,0.0,5.657,3652,1138,135.0,4.0,26.28479386070421,5.785672559895834,5.785672559895834,7.250675602864583,5.126869791666667,5.785055508542166
9154,1067,49.791,27.285,119.847,77.337,3746,1140,130.28,48.654,1752.867190585712,63.81799344921875,34.97166056640625,99.12418226953125,62.3606807109375,47.242160289954
9155,6,3.385,2.257,90.0,3.606,190,1139,123.69,2.0,9.856797697764078,4.338613561197916,2.892836279947917,4.6218731171875,2.5634348958333333,3.5426085324013394
9156,22,7.719,3.629,25.027,8.944,215,1143,26.565,4.919,36.141591558468285,9.893576980468751,4.651352618489583,11.463680854166668,6.304768126302083,6.78357888217988
9157,15,6.495,2.941,75.362,7.211,264,1145,56.31,4.0,24.641994244410196,8.32475482421875,3.7695310143229164,9.242464516927084,5.126869791666667,5.601355910367322
9158,1,1.128,1.128,0.0,1.414,3400,1139,135.0,1.0,1.642799616294013,1.4457772812499998,1.4457772812499998,1.8123484713541664,1.2817174479166666,1.4462638771355416
9159,2,2.257,1.128,90.0,2.236,3403,1139,116.565,1.0,3.285599232588026,2.892836279947917,1.4457772812499998,2.865920213541667,1.2817174479166666,2.0453259898153786
9160,2,2.257,1.128,0.0,2.236,3607,1139,153.435,1.0,3.285599232588026,2.892836279947917,1.4457772812499998,2.865920213541667,1.2817174479166666,2.0453259898153786
9161,1,1.128,1.128,0.0,1.414,3697,1139,135.0,1.0,1.642799616294013,1.4457772812499998,1.4457772812499998,1.8123484713541664,1.2817174479166666,1.4462638771355416
9162,3,3.385,1.128,90.0,3.162,3821,1139,108.435,1.0,4.928398848882039,4.338613561197916,1.4457772812499998,4.0527905703125,1.2817174479166666,2.5050025163503102
9163,3,3.385,1.128,90.0,3.162,3828,1139,108.435,1.0,4.928398848882039,4.338613561197916,1.4457772812499998,4.0527905703125,1.2817174479166666,2.5050025163503102
9164,7,3.086,2.888,90.0,3.606,227,1140,123.69,3.0,11.499597314058091,3.955380044270833,3.701599989583333,4.6218731171875,3.8451523437499997,3.826454549076717
9165,28,9.845,3.621,95.835,12.042,231,1140,94.764,4.0,45.998389256232365,12.618508274739584,4.6410988789062495,15.4344415078125,5.126869791666667,7.652909098153434
9166,10,4.639,2.745,154.957,6.403,279,1140,141.34,3.883,16.42799616294013,5.945887240885416,3.51831439453125,8.206836819010416,4.976908850260417,4.573487949374228
9167,1,1.128,1.128,0.0,1.414,309,1140,135.0,1.0,1.642799616294013,1.4457772812499998,1.4457772812499998,1.8123484713541664,1.2817174479166666,1.4462638771355416
9168,25,6.207,5.128,114.234,7.81,333,1140,129.806,6.0,41.069990407350325,7.95562019921875,6.572647072916666,10.010213268229165,7.690304687499999,7.231319385677708
9169,3,3.385,1.128,0.0,3.162,342,1140,161.565,1.0,4.928398848882039,4.338613561197916,1.4457772812499998,4.0527905703125,1.2817174479166666,2.5050025163503102
9170,2,2.257,1.128,90.0,2.236,369,1140,116.565,1.0,3.285599232588026,2.892836279947917,1.4457772812499998,2.865920213541667,1.2817174479166666,2.0453259898153786
9171,2,2.596,0.981,135.0,2.828,494,1140,135.0,1.414,3.285599232588026,3.327338494791667,1.2573648164062499,3.624696942708333,1.8123484713541664,2.0453259898153786
9172,2,2.596,0.981,45.0,2.828,578,1142,45.0,1.414,3.285599232588026,3.327338494791667,1.2573648164062499,3.624696942708333,1.8123484713541664,2.0453259898153786
9173,65,13.743,6.022,128.507,16.643,3510,1140,122.735,8.31,106.78197505911085,17.61464288671875,7.718502471354167,21.331623485677085,10.6510719921875,11.660152149520322
9174,3,2.365,1.615,45.0,2.828,3568,1142,45.0,2.0,4.928398848882039,3.0312617643229167,2.069973678385417,3.624696942708333,2.5634348958333333,2.5050025163503102
9175,3,2.365,1.615,135.0,2.828,3620,1140,135.0,2.0,4.928398848882039,3.0312617643229167,2.069973678385417,3.624696942708333,2.5634348958333333,2.5050025163503102
9176,1,1.128,1.128,0.0,1.414,3693,1140,135.0,1.0,1.642799616294013,1.4457772812499998,1.4457772812499998,1.8123484713541664,1.2817174479166666,1.4462638771355416
9177,3,3.385,1.128,0.0,3.162,185,1141,161.565,1.0,4.928398848882039,4.338613561197916,1.4457772812499998,4.0527905703125,1.2817174479166666,2.5050025163503102
9178,1,1.128,1.128,0.0,1.414,354,1141,135.0,1.0,1.642799616294013,1.4457772812499998,1.4457772812499998,1.8123484713541664,1.2817174479166666,1.4462638771355416
9179,3,2.365,1.615,135.0,2.828,3505,1141,135.0,2.0,4.928398848882039,3.0312617643229167,2.069973678385417,3.624696942708333,2.5634348958333333,2.5050025163503102
9180,5,3.713,1.715,83.953,4.472,294,1146,63.435,2.0,8.213998081470065,4.759016884114583,2.1981454231770834,5.731840427083334,2.5634348958333333,3.2339443426774745
9181,4,2.734,1.863,0.0,3.162,324,1143,161.565,2.0,6.571198465176052,3.5042155026041666,2.38783960546875,4.0527905703125,2.5634348958333333,2.892527754271083
9182,3,3.213,1.189,28.155,3.606,345,1144,33.69,1.789,4.928398848882039,4.11815816015625,1.5239620455729168,4.6218731171875,2.2929925143229166,2.5050025163503102
9183,11,5.329,2.628,115.514,6.325,469,1142,108.435,3.578,18.070795779234142,6.830272279947916,3.368353453125,8.106862858072917,4.585985028645833,4.796714628303253
9184,1,1.128,1.128,0.0,1.414,3583,1142,135.0,1.0,1.642799616294013,1.4457772812499998,1.4457772812499998,1.8123484713541664,1.2817174479166666,1.4462638771355416
9185,132,16.567,10.144,127.165,20.616,3612,1142,112.834,14.046,216.84954935080972,21.234212959635418,13.001741791666667,26.42388690625,18.0030032734375,16.616306891260194
9186,139,22.436,7.888,126.683,28.32,3709,1143,137.862,12.758,228.34914666486782,28.756612661458334,10.110187229166666,36.298238125,16.352151200520833,17.05119963875536
9187,1,1.128,1.128,0.0,1.414,3758,1142,135.0,1.0,1.642799616294013,1.4457772812499998,1.4457772812499998,1.8123484713541664,1.2817174479166666,1.4462638771355416
9188,5,3.144,2.025,108.435,3.606,494,1143,123.69,2.0,8.213998081470065,4.02971965625,2.59547783203125,4.6218731171875,2.5634348958333333,3.2339443426774745
9189,1,1.128,1.128,0.0,1.414,552,1143,135.0,1.0,1.642799616294013,1.4457772812499998,1.4457772812499998,1.8123484713541664,1.2817174479166666,1.4462638771355416
9190,1,1.128,1.128,0.0,1.414,3489,1143,135.0,1.0,1.642799616294013,1.4457772812499998,1.4457772812499998,1.8123484713541664,1.2817174479166666,1.4462638771355416
9191,7,5.172,1.723,69.95,5.831,3502,1148,59.036,2.425,11.499597314058091,6.629042640624999,2.2083991627604167,7.473694438802084,3.1081648111979163,3.826454549076717
9192,13,5.645,2.932,155.083,6.403,3697,1143,141.34,3.578,21.35639501182217,7.235294993489583,3.7579955572916663,8.206836819010416,4.585985028645833,5.214578566863546
9193,1,1.128,1.128,0.0,1.414,3704,1143,135.0,1.0,1.642799616294013,1.4457772812499998,1.4457772812499998,1.8123484713541664,1.2817174479166666,1.4462638771355416
9194,87,16.132,6.867,143.777,17.804,176,1144,128.157,9.985,142.92356661757913,20.67666586979167,8.80155371484375,22.819697442708332,12.797948717447916,13.489851392833065
9195,1,1.128,1.128,0.0,1.414,193,1144,135.0,1.0,1.642799616294013,1.4457772812499998,1.4457772812499998,1.8123484713541664,1.2817174479166666,1.4462638771355416
9196,11,4.723,2.966,3.861,5.385,203,1144,158.199,3.0,18.070795779234142,6.053551506510416,3.8015739505208335,6.90204845703125,3.8451523437499997,4.796714628303253
9197,2,2.257,1.128,0.0,2.236,220,1145,153.435,1.0,3.285599232588026,2.892836279947917,1.4457772812499998,2.865920213541667,1.2817174479166666,2.0453259898153786
9198,4,3.192,1.596,161.565,3.606,3496,1145,146.31,2.0,6.571198465176052,4.09124209375,2.045621046875,4.6218731171875,2.5634348958333333,2.892527754271083
9199,11,6.94,2.018,108.014,8.944,3580,1145,116.565,3.479,18.070795779234142,8.895119088541668,2.586505809895833,11.463680854166668,4.459095001302083,4.796714628303253
9200,21,6.488,4.121,90.0,8.062,3670,1145,119.745,5.0,34.49879194217427,8.315782802083334,5.281957602864583,10.333206065104166,6.408587239583333,6.627613691853932
9201,1,1.128,1.128,0.0,1.414,3783,1145,135.0,1.0,1.642799616294013,1.4457772812499998,1.4457772812499998,1.8123484713541664,1.2817174479166666,1.4462638771355416
9202,131,22.621,7.373,105.579,31.016,3828,1145,110.772,12.0,215.2067497345157,28.993730389322913,9.450102743489584,39.75374836458333,15.380609374999999,16.553246675568932
9203,2,2.257,1.128,90.0,2.236,185,1146,116.565,1.0,3.285599232588026,2.892836279947917,1.4457772812499998,2.865920213541667,1.2817174479166666,2.0453259898153786
9204,15,5.288,3.612,0.0,6.325,298,1146,161.565,4.0,24.641994244410196,6.7777218645833335,4.629563421875,8.106862858072917,5.126869791666667,5.601355910367322
9205,10,6.488,1.963,90.0,6.325,424,1146,108.435,2.0,16.42799616294013,8.315782802083334,2.516011350260417,8.106862858072917,2.5634348958333333,4.573487949374228
9206,3,2.365,1.615,45.0,2.828,3488,1148,45.0,2.0,4.928398848882039,3.0312617643229167,2.069973678385417,3.624696942708333,2.5634348958333333,2.5050025163503102
9207,74,12.043,7.824,172.993,18.028,3527,1151,176.82,11.0,121.56717160575697,15.435723225260416,10.0281573125,23.106802151041663,14.098891927083333,12.441232293094101
9208,1,1.128,1.128,0.0,1.414,3537,1146,135.0,1.0,1.642799616294013,1.4457772812499998,1.4457772812499998,1.8123484713541664,1.2817174479166666,1.4462638771355416
9209,38,10.301,4.697,173.129,12.649,3632,1150,161.565,7.06,62.4263854191725,13.202971430989583,6.0202268528645835,16.212443998697914,9.048925182291667,8.915369296202536
9210,2,2.257,1.128,0.0,2.236,127,1147,153.435,1.0,3.285599232588026,2.892836279947917,1.4457772812499998,2.865920213541667,1.2817174479166666,2.0453259898153786
9211,16,4.767,4.274,52.018,6.403,142,1152,51.34,4.0,26.28479386070421,6.10994707421875,5.478060372395833,8.206836819010416,5.126869791666667,5.785055508542166
9212,2,2.257,1.128,0.0,2.236,152,1147,153.435,1.0,3.285599232588026,2.892836279947917,1.4457772812499998,2.865920213541667,1.2817174479166666,2.0453259898153786
9213,3,3.385,1.128,0.0,3.162,327,1147,161.565,1.0,4.928398848882039,4.338613561197916,1.4457772812499998,4.0527905703125,1.2817174479166666,2.5050025163503102
9214,6,4.633,1.649,50.31,5.0,3483,1151,53.13,2.121,9.856797697764078,5.938196936197917,2.1135520716145835,6.408587239583333,2.71852270703125,3.5426085324013394
9215,1,1.128,1.128,0.0,1.414,3725,1147,135.0,1.0,1.642799616294013,1.4457772812499998,1.4457772812499998,1.8123484713541664,1.2817174479166666,1.4462638771355416
9216,6,4.708,1.623,113.085,5.385,3740,1147,111.801,2.53,9.856797697764078,6.0343257447916665,2.08022741796875,6.90204845703125,3.2427451432291665,3.5426085324013394
9217,10,4.111,3.097,90.0,4.472,3746,1147,116.565,3.0,16.42799616294013,5.269140428385416,3.9694789361979166,5.731840427083334,3.8451523437499997,4.573487949374228
9218,28,8.373,4.258,111.552,9.434,190,1148,122.005,5.942,45.998389256232365,10.731820191406248,5.457552893229167,12.091722403645832,7.615965075520833,7.652909098153434
9219,9,4.196,2.731,83.953,4.472,276,1148,116.565,3.0,14.785196546646118,5.378086411458333,3.5003703502604164,5.731840427083334,3.8451523437499997,4.338791631406624
9220,11,4.288,3.266,125.008,5.0,334,1148,126.87,4.0,18.070795779234142,5.496004416666667,4.186089184895834,6.408587239583333,5.126869791666667,4.796714628303253
9221,3,3.385,1.128,90.0,3.162,577,1148,108.435,1.0,4.928398848882039,4.338613561197916,1.4457772812499998,4.0527905703125,1.2817174479166666,2.5050025163503102
9222,5,3.086,2.063,145.901,3.606,3699,1148,123.69,2.683,8.213998081470065,3.955380044270833,2.6441830950520835,4.6218731171875,3.4388479127604166,3.2339443426774745
9223,1,1.128,1.128,0.0,1.414,3709,1148,135.0,1.0,1.642799616294013,1.4457772812499998,1.4457772812499998,1.8123484713541664,1.2817174479166666,1.4462638771355416
9224,2,2.257,1.128,90.0,2.236,3735,1148,116.565,1.0,3.285599232588026,2.892836279947917,1.4457772812499998,2.865920213541667,1.2817174479166666,2.0453259898153786
9225,1,1.128,1.128,0.0,1.414,229,1149,135.0,1.0,1.642799616294013,1.4457772812499998,1.4457772812499998,1.8123484713541664,1.2817174479166666,1.4462638771355416
9226,1,1.128,1.128,0.0,1.414,240,1149,135.0,1.0,1.642799616294013,1.4457772812499998,1.4457772812499998,1.8123484713541664,1.2817174479166666,1.4462638771355416
9227,1,1.128,1.128,0.0,1.414,3487,1149,135.0,1.0,1.642799616294013,1.4457772812499998,1.4457772812499998,1.8123484713541664,1.2817174479166666,1.4462638771355416
9228,9,5.834,1.964,125.588,6.403,3704,1149,128.66,2.774,14.785196546646118,7.477539591145833,2.517293067708333,8.206836819010416,3.555484200520833,4.338791631406624
9229,3,3.385,1.128,0.0,3.162,3784,1149,161.565,1.0,4.928398848882039,4.338613561197916,1.4457772812499998,4.0527905703125,1.2817174479166666,2.5050025163503102
9230,3,2.365,1.615,135.0,2.828,3826,1149,135.0,2.0,4.928398848882039,3.0312617643229167,2.069973678385417,3.624696942708333,2.5634348958333333,2.5050025163503102
9231,7,4.154,2.146,8.35,4.472,156,1152,26.565,2.0,11.499597314058091,5.324254278645833,2.7505656432291663,5.731840427083334,2.5634348958333333,3.826454549076717
9232,2,2.596,0.981,45.0,2.828,172,1152,45.0,1.414,3.285599232588026,3.327338494791667,1.2573648164062499,3.624696942708333,1.8123484713541664,2.0453259898153786
9233,5,3.144,2.025,108.435,3.606,222,1150,123.69,2.0,8.213998081470065,4.02971965625,2.59547783203125,4.6218731171875,2.5634348958333333,3.2339443426774745
9234,1,1.128,1.128,0.0,1.414,303,1150,135.0,1.0,1.642799616294013,1.4457772812499998,1.4457772812499998,1.8123484713541664,1.2817174479166666,1.4462638771355416
9235,33,9.456,4.444,12.765,11.18,316,1155,26.565,6.0,54.21238733770243,12.1199201875,5.695952338541667,14.329601067708333,7.690304687499999,8.308153445630097
9236,2,2.596,0.981,135.0,2.828,350,1150,135.0,1.414,3.285599232588026,3.327338494791667,1.2573648164062499,3.624696942708333,1.8123484713541664,2.0453259898153786
9237,1,1.128,1.128,0.0,1.414,378,1150,135.0,1.0,1.642799616294013,1.4457772812499998,1.4457772812499998,1.8123484713541664,1.2817174479166666,1.4462638771355416
9238,2,2.257,1.128,90.0,2.236,467,1150,116.565,1.0,3.285599232588026,2.892836279947917,1.4457772812499998,2.865920213541667,1.2817174479166666,2.0453259898153786
9239,2,2.257,1.128,0.0,2.236,3708,1150,153.435,1.0,3.285599232588026,2.892836279947917,1.4457772812499998,2.865920213541667,1.2817174479166666,2.0453259898153786
9240,1,1.128,1.128,0.0,1.414,3788,1150,135.0,1.0,1.642799616294013,1.4457772812499998,1.4457772812499998,1.8123484713541664,1.2817174479166666,1.4462638771355416
9241,1,1.128,1.128,0.0,1.414,271,1151,135.0,1.0,1.642799616294013,1.4457772812499998,1.4457772812499998,1.8123484713541664,1.2817174479166666,1.4462638771355416
9242,1,1.128,1.128,0.0,1.414,357,1151,135.0,1.0,1.642799616294013,1.4457772812499998,1.4457772812499998,1.8123484713541664,1.2817174479166666,1.4462638771355416
9243,1,1.128,1.128,0.0,1.414,383,1151,135.0,1.0,1.642799616294013,1.4457772812499998,1.4457772812499998,1.8123484713541664,1.2817174479166666,1.4462638771355416
9244,1,1.128,1.128,0.0,1.414,580,1151,135.0,1.0,1.642799616294013,1.4457772812499998,1.4457772812499998,1.8123484713541664,1.2817174479166666,1.4462638771355416
9245,2,2.596,0.981,135.0,2.828,722,1151,135.0,1.414,3.285599232588026,3.327338494791667,1.2573648164062499,3.624696942708333,1.8123484713541664,2.0453259898153786
9246,1,1.128,1.128,0.0,1.414,3455,1151,135.0,1.0,1.642799616294013,1.4457772812499998,1.4457772812499998,1.8123484713541664,1.2817174479166666,1.4462638771355416
9247,24,6.249,4.89,171.925,7.81,3474,1152,140.194,6.0,39.42719079105631,8.00945233203125,6.2675983203125,10.010213268229165,7.690304687499999,7.085217064802679
9248,5,2.952,2.157,166.717,4.243,3495,1151,135.0,3.0,8.213998081470065,3.78362990625,2.7646645351562498,5.438327131510417,3.8451523437499997,3.2339443426774745
9249,28,10.705,3.33,112.82,12.083,3523,1151,114.444,4.858,45.998389256232365,13.720785279947917,4.2681191015625,15.486991923177083,6.226583361979166,7.652909098153434
9250,3,3.385,1.128,0.0,3.162,3547,1151,161.565,1.0,4.928398848882039,4.338613561197916,1.4457772812499998,4.0527905703125,1.2817174479166666,2.5050025163503102
9251,1,1.128,1.128,0.0,1.414,3638,1151,135.0,1.0,1.642799616294013,1.4457772812499998,1.4457772812499998,1.8123484713541664,1.2817174479166666,1.4462638771355416
9252,14,6.958,2.562,150.213,7.81,3824,1151,140.194,3.528,22.999194628116182,8.918190002604167,3.2837601015624998,10.010213268229165,4.52189915625,5.411423919108519
9253,3,2.365,1.615,45.0,2.828,380,1154,45.0,2.0,4.928398848882039,3.0312617643229167,2.069973678385417,3.624696942708333,2.5634348958333333,2.5050025163503102
9254,1,1.128,1.128,0.0,1.414,469,1152,135.0,1.0,1.642799616294013,1.4457772812499998,1.4457772812499998,1.8123484713541664,1.2817174479166666,1.4462638771355416
9255,2,2.257,1.128,0.0,2.236,3564,1152,153.435,1.0,3.285599232588026,2.892836279947917,1.4457772812499998,2.865920213541667,1.2817174479166666,2.0453259898153786
9256,7,4.633,1.924,157.5,5.0,3698,1152,143.13,2.53,11.499597314058091,5.938196936197917,2.4660243697916666,6.408587239583333,3.2427451432291665,3.826454549076717
9257,2,2.596,0.981,45.0,2.828,3782,1154,45.0,1.414,3.285599232588026,3.327338494791667,1.2573648164062499,3.624696942708333,1.8123484713541664,2.0453259898153786
9258,3,3.385,1.128,0.0,3.162,3786,1152,161.565,1.0,4.928398848882039,4.338613561197916,1.4457772812499998,4.0527905703125,1.2817174479166666,2.5050025163503102
9259,2,2.257,1.128,0.0,2.236,36,1153,153.435,1.0,3.285599232588026,2.892836279947917,1.4457772812499998,2.865920213541667,1.2817174479166666,2.0453259898153786
9260,1,1.128,1.128,0.0,1.414,211,1153,135.0,1.0,1.642799616294013,1.4457772812499998,1.4457772812499998,1.8123484713541664,1.2817174479166666,1.4462638771355416
9261,1,1.128,1.128,0.0,1.414,214,1153,135.0,1.0,1.642799616294013,1.4457772812499998,1.4457772812499998,1.8123484713541664,1.2817174479166666,1.4462638771355416
9262,1,1.128,1.128,0.0,1.414,225,1153,135.0,1.0,1.642799616294013,1.4457772812499998,1.4457772812499998,1.8123484713541664,1.2817174479166666,1.4462638771355416
9263,7,4.154,2.146,8.35,4.472,236,1155,26.565,2.0,11.499597314058091,5.324254278645833,2.7505656432291663,5.731840427083334,2.5634348958333333,3.826454549076717
9264,6,3.385,2.257,90.0,3.606,350,1153,123.69,2.0,9.856797697764078,4.338613561197916,2.892836279947917,4.6218731171875,2.5634348958333333,3.5426085324013394
9265,2,2.596,0.981,135.0,2.828,364,1153,135.0,1.414,3.285599232588026,3.327338494791667,1.2573648164062499,3.624696942708333,1.8123484713541664,2.0453259898153786
9266,1,1.128,1.128,0.0,1.414,425,1153,135.0,1.0,1.642799616294013,1.4457772812499998,1.4457772812499998,1.8123484713541664,1.2817174479166666,1.4462638771355416
9267,1,1.128,1.128,0.0,1.414,518,1153,135.0,1.0,1.642799616294013,1.4457772812499998,1.4457772812499998,1.8123484713541664,1.2817174479166666,1.4462638771355416
9268,2,2.257,1.128,0.0,2.236,3408,1153,153.435,1.0,3.285599232588026,2.892836279947917,1.4457772812499998,2.865920213541667,1.2817174479166666,2.0453259898153786
9269,2,2.257,1.128,0.0,2.236,111,1154,153.435,1.0,3.285599232588026,2.892836279947917,1.4457772812499998,2.865920213541667,1.2817174479166666,2.0453259898153786
9270,1,1.128,1.128,0.0,1.414,153,1154,135.0,1.0,1.642799616294013,1.4457772812499998,1.4457772812499998,1.8123484713541664,1.2817174479166666,1.4462638771355416
9271,2,2.257,1.128,90.0,2.236,158,1154,116.565,1.0,3.285599232588026,2.892836279947917,1.4457772812499998,2.865920213541667,1.2817174479166666,2.0453259898153786
9272,14,8.331,2.14,143.221,9.22,163,1154,139.399,3.328,22.999194628116182,10.67798805859375,2.742875338541667,11.817434869791667,4.265555666666667,5.411423919108519
9273,12,6.24,2.448,97.466,7.28,234,1154,105.945,3.0,19.713595395528156,7.9979168750000005,3.1376443125,9.330903020833334,3.8451523437499997,5.0100050327006205
9274,64,15.753,5.173,114.207,19.313,245,1154,111.251,7.854,105.13917544281684,20.19089495703125,6.630324358072917,24.753809071614583,10.0666088359375,11.570111017084333
9275,2,2.596,0.981,135.0,2.828,309,1154,135.0,1.414,3.285599232588026,3.327338494791667,1.2573648164062499,3.624696942708333,1.8123484713541664,2.0453259898153786
9276,205,27.674,9.432,14.586,41.485,3554,1171,15.376,18.305,336.7739213402727,35.47024865364583,12.08915896875,53.17204832682292,23.461837884114583,20.70734740310698
9277,15,5.831,3.275,34.838,7.211,3628,1158,33.69,4.472,24.641994244410196,7.473694438802084,4.197624641927083,9.242464516927084,5.731840427083334,5.601355910367322
9278,5,3.144,2.025,161.565,3.606,3786,1154,146.31,2.0,8.213998081470065,4.02971965625,2.59547783203125,4.6218731171875,2.5634348958333333,3.2339443426774745
9279,7,3.507,2.542,30.473,4.243,43,1158,45.0,3.0,11.499597314058091,4.49498308984375,3.2581257526041663,5.438327131510417,3.8451523437499997,3.826454549076717
9280,1,1.128,1.128,0.0,1.414,148,1155,135.0,1.0,1.642799616294013,1.4457772812499998,1.4457772812499998,1.8123484713541664,1.2817174479166666,1.4462638771355416
9281,2,2.257,1.128,90.0,2.236,257,1155,116.565,1.0,3.285599232588026,2.892836279947917,1.4457772812499998,2.865920213541667,1.2817174479166666,2.0453259898153786
9282,3,2.365,1.615,135.0,2.828,338,1155,135.0,2.0,4.928398848882039,3.0312617643229167,2.069973678385417,3.624696942708333,2.5634348958333333,2.5050025163503102
9283,1,1.128,1.128,0.0,1.414,3461,1155,135.0,1.0,1.642799616294013,1.4457772812499998,1.4457772812499998,1.8123484713541664,1.2817174479166666,1.4462638771355416
9284,1,1.128,1.128,0.0,1.414,3471,1155,135.0,1.0,1.642799616294013,1.4457772812499998,1.4457772812499998,1.8123484713541664,1.2817174479166666,1.4462638771355416
9285,1,1.128,1.128,0.0,1.414,3516,1155,135.0,1.0,1.642799616294013,1.4457772812499998,1.4457772812499998,1.8123484713541664,1.2817174479166666,1.4462638771355416
9286,4,2.257,2.257,0.0,2.828,3540,1155,135.0,2.0,6.571198465176052,2.892836279947917,2.892836279947917,3.624696942708333,2.5634348958333333,2.892527754271083
9287,2,2.257,1.128,0.0,2.236,3566,1155,153.435,1.0,3.285599232588026,2.892836279947917,1.4457772812499998,2.865920213541667,1.2817174479166666,2.0453259898153786
9288,8,3.739,2.724,1.788,4.472,3572,1155,153.435,3.0,13.142396930352104,4.792341537760416,3.4913983281250003,5.731840427083334,3.8451523437499997,4.090651979630757
9289,1,1.128,1.128,0.0,1.414,3679,1155,135.0,1.0,1.642799616294013,1.4457772812499998,1.4457772812499998,1.8123484713541664,1.2817174479166666,1.4462638771355416
9290,1,1.128,1.128,0.0,1.414,3699,1155,135.0,1.0,1.642799616294013,1.4457772812499998,1.4457772812499998,1.8123484713541664,1.2817174479166666,1.4462638771355416
9291,7,4.902,1.818,20.593,5.385,3711,1158,21.801,2.53,11.499597314058091,6.2829789296875,2.3301623203125,6.90204845703125,3.2427451432291665,3.826454549076717
9292,1,1.128,1.128,0.0,1.414,3784,1155,135.0,1.0,1.642799616294013,1.4457772812499998,1.4457772812499998,1.8123484713541664,1.2817174479166666,1.4462638771355416
9293,4,2.257,2.257,0.0,2.828,155,1156,135.0,2.0,6.571198465176052,2.892836279947917,2.892836279947917,3.624696942708333,2.5634348958333333,2.892527754271083
9294,19,5.685,4.256,79.26,7.211,210,1162,56.31,5.814,31.21319270958625,7.28656369140625,5.454989458333333,9.242464516927084,7.4519052421875,6.304118086127151
9295,1,1.128,1.128,0.0,1.414,232,1156,135.0,1.0,1.642799616294013,1.4457772812499998,1.4457772812499998,1.8123484713541664,1.2817174479166666,1.4462638771355416
9296,4,3.216,1.583,31.717,3.606,239,1158,33.69,2.0,6.571198465176052,4.1220033125,2.028958720052083,4.6218731171875,2.5634348958333333,2.892527754271083
9297,5,3.144,2.025,71.565,3.606,300,1159,56.31,2.0,8.213998081470065,4.02971965625,2.59547783203125,4.6218731171875,2.5634348958333333,3.2339443426774745
9298,1,1.128,1.128,0.0,1.414,373,1156,135.0,1.0,1.642799616294013,1.4457772812499998,1.4457772812499998,1.8123484713541664,1.2817174479166666,1.4462638771355416
9299,1,1.128,1.128,0.0,1.414,413,1156,135.0,1.0,1.642799616294013,1.4457772812499998,1.4457772812499998,1.8123484713541664,1.2817174479166666,1.4462638771355416
9300,7,3.507,2.542,120.473,4.243,3529,1156,135.0,3.0,11.499597314058091,4.49498308984375,3.2581257526041663,5.438327131510417,3.8451523437499997,3.826454549076717
9301,2,2.596,0.981,45.0,2.828,3660,1158,45.0,1.414,3.285599232588026,3.327338494791667,1.2573648164062499,3.624696942708333,1.8123484713541664,2.0453259898153786
9302,10,4.409,2.888,129.938,5.657,3738,1156,135.0,4.0,16.42799616294013,5.6510922278645825,3.701599989583333,7.250675602864583,5.126869791666667,4.573487949374228
9303,1,1.128,1.128,0.0,1.414,152,1157,135.0,1.0,1.642799616294013,1.4457772812499998,1.4457772812499998,1.8123484713541664,1.2817174479166666,1.4462638771355416
9304,1,1.128,1.128,0.0,1.414,174,1157,135.0,1.0,1.642799616294013,1.4457772812499998,1.4457772812499998,1.8123484713541664,1.2817174479166666,1.4462638771355416
9305,1,1.128,1.128,0.0,1.414,277,1157,135.0,1.0,1.642799616294013,1.4457772812499998,1.4457772812499998,1.8123484713541664,1.2817174479166666,1.4462638771355416
9306,2,2.257,1.128,0.0,2.236,367,1157,153.435,1.0,3.285599232588026,2.892836279947917,1.4457772812499998,2.865920213541667,1.2817174479166666,2.0453259898153786
9307,1,1.128,1.128,0.0,1.414,3496,1157,135.0,1.0,1.642799616294013,1.4457772812499998,1.4457772812499998,1.8123484713541664,1.2817174479166666,1.4462638771355416
9308,3,3.385,1.128,0.0,3.162,3560,1157,161.565,1.0,4.928398848882039,4.338613561197916,1.4457772812499998,4.0527905703125,1.2817174479166666,2.5050025163503102
9309,3,3.385,1.128,0.0,3.162,3564,1157,161.565,1.0,4.928398848882039,4.338613561197916,1.4457772812499998,4.0527905703125,1.2817174479166666,2.5050025163503102
9310,7,3.926,2.27,18.435,4.472,203,1160,26.565,2.846,11.499597314058091,5.032022700520834,2.9094986067708333,5.731840427083334,3.6477678567708334,3.826454549076717
9311,44,11.378,4.924,28.104,15.811,214,1168,34.695,7.031,72.28318311693657,14.583381122395833,6.311176713541667,20.265234569010417,9.011755376302082,9.593429256606505
9312,3,2.365,1.615,45.0,2.828,258,1160,45.0,2.0,4.928398848882039,3.0312617643229167,2.069973678385417,3.624696942708333,2.5634348958333333,2.5050025163503102
9313,1,1.128,1.128,0.0,1.414,359,1158,135.0,1.0,1.642799616294013,1.4457772812499998,1.4457772812499998,1.8123484713541664,1.2817174479166666,1.4462638771355416
9314,4,2.257,2.257,0.0,2.828,372,1158,135.0,2.0,6.571198465176052,2.892836279947917,2.892836279947917,3.624696942708333,2.5634348958333333,2.892527754271083
9315,1,1.128,1.128,0.0,1.414,3461,1158,135.0,1.0,1.642799616294013,1.4457772812499998,1.4457772812499998,1.8123484713541664,1.2817174479166666,1.4462638771355416
9316,1,1.128,1.128,0.0,1.414,3477,1158,135.0,1.0,1.642799616294013,1.4457772812499998,1.4457772812499998,1.8123484713541664,1.2817174479166666,1.4462638771355416
9317,3,3.385,1.128,90.0,3.162,3549,1158,108.435,1.0,4.928398848882039,4.338613561197916,1.4457772812499998,4.0527905703125,1.2817174479166666,2.5050025163503102
9318,4,2.734,1.863,0.0,3.162,3557,1159,161.565,2.0,6.571198465176052,3.5042155026041666,2.38783960546875,4.0527905703125,2.5634348958333333,2.892527754271083
9319,219,22.429,12.432,70.452,25.71,3661,1183,76.504,16.1,359.7731159683889,28.747640639322913,15.9343113125,32.9529555859375,20.635650911458335,21.40275088172689
9320,2,2.257,1.128,90.0,2.236,3715,1158,116.565,1.0,3.285599232588026,2.892836279947917,1.4457772812499998,2.865920213541667,1.2817174479166666,2.0453259898153786
9321,20,8.774,2.902,65.616,9.434,3787,1166,57.995,4.025,32.85599232588026,11.245788888020831,3.719544033854167,12.091722403645832,5.158912727864584,6.467888685354949
9322,1,1.128,1.128,0.0,1.414,254,1159,135.0,1.0,1.642799616294013,1.4457772812499998,1.4457772812499998,1.8123484713541664,1.2817174479166666,1.4462638771355416
9323,6,3.718,2.055,126.87,4.243,270,1159,135.0,2.683,9.856797697764078,4.765425471354167,2.63392935546875,5.438327131510417,3.4388479127604166,3.5426085324013394
9324,1,1.128,1.128,0.0,1.414,298,1159,135.0,1.0,1.642799616294013,1.4457772812499998,1.4457772812499998,1.8123484713541664,1.2817174479166666,1.4462638771355416
9325,6,4.339,1.761,35.249,5.0,324,1162,36.87,2.683,9.856797697764078,5.5613720065104175,2.25710442578125,6.408587239583333,3.4388479127604166,3.5426085324013394
9326,2,2.257,1.128,90.0,2.236,581,1159,116.565,1.0,3.285599232588026,2.892836279947917,1.4457772812499998,2.865920213541667,1.2817174479166666,2.0453259898153786
9327,3,3.385,1.128,90.0,3.162,47,1160,108.435,1.0,4.928398848882039,4.338613561197916,1.4457772812499998,4.0527905703125,1.2817174479166666,2.5050025163503102
9328,12,4.681,3.264,61.138,5.831,153,1160,120.964,5.0,19.713595395528156,5.999719373697917,4.183525749999999,7.473694438802084,6.408587239583333,5.0100050327006205
9329,5,3.732,1.706,95.152,4.123,575,1160,104.036,2.0,8.213998081470065,4.783369515625,2.1866099661458334,5.284521037760417,2.5634348958333333,3.2339443426774745
9330,4,2.257,2.257,0.0,2.828,3692,1160,135.0,2.0,6.571198465176052,2.892836279947917,2.892836279947917,3.624696942708333,2.5634348958333333,2.892527754271083
9331,3,2.365,1.615,45.0,2.828,101,1163,45.0,2.0,4.928398848882039,3.0312617643229167,2.069973678385417,3.624696942708333,2.5634348958333333,2.5050025163503102
9332,11,5.077,2.759,176.117,5.831,173,1161,149.036,3.0,18.070795779234142,6.507279483072916,3.5362584388020832,7.473694438802084,3.8451523437499997,4.796714628303253
9333,4,2.257,2.257,0.0,2.828,182,1161,135.0,2.0,6.571198465176052,2.892836279947917,2.892836279947917,3.624696942708333,2.5634348958333333,2.892527754271083
9334,4,3.676,1.385,140.31,4.243,229,1161,135.0,2.121,6.571198465176052,4.711593338541666,1.7751786653645834,5.438327131510417,2.71852270703125,2.892527754271083
9335,1,1.128,1.128,0.0,1.414,275,1161,135.0,1.0,1.642799616294013,1.4457772812499998,1.4457772812499998,1.8123484713541664,1.2817174479166666,1.4462638771355416
9336,2,2.257,1.128,0.0,2.236,3638,1161,153.435,1.0,3.285599232588026,2.892836279947917,1.4457772812499998,2.865920213541667,1.2817174479166666,2.0453259898153786
9337,1,1.128,1.128,0.0,1.414,3803,1161,135.0,1.0,1.642799616294013,1.4457772812499998,1.4457772812499998,1.8123484713541664,1.2817174479166666,1.4462638771355416
9338,7,3.772,2.363,135.0,4.243,3829,1161,135.0,2.828,11.499597314058091,4.834638213541666,3.0286983294270833,5.438327131510417,3.624696942708333,3.826454549076717
9339,37,11.111,4.24,96.185,13.342,169,1162,102.995,5.0,60.783585802878484,14.241162563802083,5.434481979166667,17.10067419010417,6.408587239583333,8.7972797207639
9340,36,10.166,4.509,119.515,13.342,207,1162,102.995,7.006,59.14078618658447,13.029939575520833,5.77926397265625,17.10067419010417,8.979712440104167,8.677583262813249
9341,1,1.128,1.128,0.0,1.414,321,1162,135.0,1.0,1.642799616294013,1.4457772812499998,1.4457772812499998,1.8123484713541664,1.2817174479166666,1.4462638771355416
9342,9,4.285,2.674,35.783,5.657,344,1166,45.0,3.883,14.785196546646118,5.4921592643229165,3.4273124557291665,7.250675602864583,4.976908850260417,4.338791631406624
9343,3,2.365,1.615,45.0,2.828,354,1164,45.0,2.0,4.928398848882039,3.0312617643229167,2.069973678385417,3.624696942708333,2.5634348958333333,2.5050025163503102
9344,3,2.365,1.615,135.0,2.828,361,1162,135.0,2.0,4.928398848882039,3.0312617643229167,2.069973678385417,3.624696942708333,2.5634348958333333,2.5050025163503102
9345,1,1.128,1.128,0.0,1.414,3513,1162,135.0,1.0,1.642799616294013,1.4457772812499998,1.4457772812499998,1.8123484713541664,1.2817174479166666,1.4462638771355416
9346,9,4.237,2.704,165.964,5.0,3548,1162,143.13,3.0,14.785196546646118,5.430636826822917,3.465763979166667,6.408587239583333,3.8451523437499997,4.338791631406624
9347,16,5.652,3.604,148.039,6.403,3608,1162,141.34,4.0,26.28479386070421,7.244267015625,4.619309682291667,8.206836819010416,5.126869791666667,5.785055508542166
9348,5,3.144,2.025,108.435,3.606,3696,1162,123.69,2.0,8.213998081470065,4.02971965625,2.59547783203125,4.6218731171875,2.5634348958333333,3.2339443426774745
9349,11,4.384,3.195,105.071,5.0,3793,1162,126.87,3.0,18.070795779234142,5.619049291666667,4.095087246093749,6.408587239583333,3.8451523437499997,4.796714628303253
9350,11,4.507,3.107,48.972,5.0,3807,1166,36.87,3.536,18.070795779234142,5.776700537760416,3.9822961106770833,6.408587239583333,4.532152895833334,4.796714628303253
9351,11,5.707,2.454,178.699,6.325,257,1164,161.565,3.0,18.070795779234142,7.314761475260417,3.1453346171875003,8.106862858072917,3.8451523437499997,4.796714628303253
9352,1,1.128,1.128,0.0,1.414,313,1163,135.0,1.0,1.642799616294013,1.4457772812499998,1.4457772812499998,1.8123484713541664,1.2817174479166666,1.4462638771355416
9353,3,2.365,1.615,45.0,2.828,484,1165,45.0,2.0,4.928398848882039,3.0312617643229167,2.069973678385417,3.624696942708333,2.5634348958333333,2.5050025163503102
9354,4,2.887,1.764,104.872,3.606,568,1163,123.69,2.0,6.571198465176052,3.7003182721354166,2.260949578125,4.6218731171875,2.5634348958333333,2.892527754271083
9355,3,2.365,1.615,135.0,2.828,580,1163,135.0,2.0,4.928398848882039,3.0312617643229167,2.069973678385417,3.624696942708333,2.5634348958333333,2.5050025163503102
9356,1,1.128,1.128,0.0,1.414,3305,1163,135.0,1.0,1.642799616294013,1.4457772812499998,1.4457772812499998,1.8123484713541664,1.2817174479166666,1.4462638771355416
9357,2,2.257,1.128,0.0,2.236,3457,1163,153.435,1.0,3.285599232588026,2.892836279947917,1.4457772812499998,2.865920213541667,1.2817174479166666,2.0453259898153786
9358,1,1.128,1.128,0.0,1.414,3555,1163,135.0,1.0,1.642799616294013,1.4457772812499998,1.4457772812499998,1.8123484713541664,1.2817174479166666,1.4462638771355416
9359,1,1.128,1.128,0.0,1.414,3595,1163,135.0,1.0,1.642799616294013,1.4457772812499998,1.4457772812499998,1.8123484713541664,1.2817174479166666,1.4462638771355416
9360,1,1.128,1.128,0.0,1.414,3681,1163,135.0,1.0,1.642799616294013,1.4457772812499998,1.4457772812499998,1.8123484713541664,1.2817174479166666,1.4462638771355416
9361,4,3.216,1.583,31.717,3.606,3689,1165,33.69,2.0,6.571198465176052,4.1220033125,2.028958720052083,4.6218731171875,2.5634348958333333,2.892527754271083
9362,1,1.128,1.128,0.0,1.414,3744,1163,135.0,1.0,1.642799616294013,1.4457772812499998,1.4457772812499998,1.8123484713541664,1.2817174479166666,1.4462638771355416
9363,4,2.734,1.863,90.0,3.162,163,1164,108.435,2.0,6.571198465176052,3.5042155026041666,2.38783960546875,4.0527905703125,2.5634348958333333,2.892527754271083
9364,1,1.128,1.128,0.0,1.414,213,1164,135.0,1.0,1.642799616294013,1.4457772812499998,1.4457772812499998,1.8123484713541664,1.2817174479166666,1.4462638771355416
9365,3,3.213,1.189,28.155,3.606,398,1166,33.69,1.789,4.928398848882039,4.11815816015625,1.5239620455729168,4.6218731171875,2.2929925143229166,2.5050025163503102
9366,1,1.128,1.128,0.0,1.414,475,1164,135.0,1.0,1.642799616294013,1.4457772812499998,1.4457772812499998,1.8123484713541664,1.2817174479166666,1.4462638771355416
9367,139,29.168,6.068,164.73,31.257,3733,1168,172.648,8.455,228.34914666486782,37.38513452083333,7.777461473958333,40.06264226953125,10.836921022135417,17.05119963875536
9368,6,3.718,2.055,90.0,4.123,102,1165,104.036,2.0,9.856797697764078,4.765425471354167,2.63392935546875,5.284521037760417,2.5634348958333333,3.5426085324013394
9369,1,1.128,1.128,0.0,1.414,315,1165,135.0,1.0,1.642799616294013,1.4457772812499998,1.4457772812499998,1.8123484713541664,1.2817174479166666,1.4462638771355416
9370,5,3.144,2.025,108.435,3.606,1458,1165,123.69,2.0,8.213998081470065,4.02971965625,2.59547783203125,4.6218731171875,2.5634348958333333,3.2339443426774745
9371,2,2.257,1.128,0.0,2.236,3513,1165,153.435,1.0,3.285599232588026,2.892836279947917,1.4457772812499998,2.865920213541667,1.2817174479166666,2.0453259898153786
9372,1,1.128,1.128,0.0,1.414,3546,1165,135.0,1.0,1.642799616294013,1.4457772812499998,1.4457772812499998,1.8123484713541664,1.2817174479166666,1.4462638771355416
9373,1,1.128,1.128,0.0,1.414,3553,1165,135.0,1.0,1.642799616294013,1.4457772812499998,1.4457772812499998,1.8123484713541664,1.2817174479166666,1.4462638771355416
9374,1,1.128,1.128,0.0,1.414,45,1166,135.0,1.0,1.642799616294013,1.4457772812499998,1.4457772812499998,1.8123484713541664,1.2817174479166666,1.4462638771355416
9375,8,5.008,2.034,132.465,5.831,199,1166,120.964,2.828,13.142396930352104,6.418840979166666,2.6070132890624995,7.473694438802084,3.624696942708333,4.090651979630757
9376,5,3.998,1.592,126.323,5.0,225,1166,126.87,2.496,8.213998081470065,5.124306356770833,2.0404941770833336,6.408587239583333,3.19916675,3.2339443426774745
9377,3,2.365,1.615,135.0,2.828,311,1166,135.0,2.0,4.928398848882039,3.0312617643229167,2.069973678385417,3.624696942708333,2.5634348958333333,2.5050025163503102
9378,5,2.523,2.523,0.0,3.162,318,1166,108.435,2.828,8.213998081470065,3.23377312109375,3.23377312109375,4.0527905703125,3.624696942708333,3.2339443426774745
9379,6,4.068,1.878,125.072,5.0,573,1166,126.87,2.683,9.856797697764078,5.214026578124999,2.4070653671874997,6.408587239583333,3.4388479127604166,3.5426085324013394
9380,25,9.567,3.327,62.725,11.18,3683,1176,63.435,5.209,41.069990407350325,12.26219082421875,4.26427394921875,14.329601067708333,6.676466186197916,7.231319385677708
9381,10,6.16,2.067,133.658,7.071,3710,1166,135.0,3.4,16.42799616294013,7.8953794791666665,2.6493099648437504,9.063024074218749,4.357839322916666,4.573487949374228
9382,31,7.423,5.318,128.951,9.434,3811,1166,122.005,7.031,50.926788105114404,9.514188615885416,6.816173388020832,12.091722403645832,9.011755376302082,8.052456474363645
9383,3,2.365,1.615,45.0,2.828,46,1169,45.0,2.0,4.928398848882039,3.0312617643229167,2.069973678385417,3.624696942708333,2.5634348958333333,2.5050025163503102
9384,5,5.332,1.194,58.283,5.831,159,1172,59.036,1.941,8.213998081470065,6.8341174322916665,1.5303706328125,7.473694438802084,2.48781356640625,3.2339443426774745
9385,3,3.385,1.128,90.0,3.162,271,1167,108.435,1.0,4.928398848882039,4.338613561197916,1.4457772812499998,4.0527905703125,1.2817174479166666,2.5050025163503102
9386,3,2.365,1.615,135.0,2.828,328,1167,135.0,2.0,4.928398848882039,3.0312617643229167,2.069973678385417,3.624696942708333,2.5634348958333333,2.5050025163503102
9387,2,2.257,1.128,90.0,2.236,355,1167,116.565,1.0,3.285599232588026,2.892836279947917,1.4457772812499998,2.865920213541667,1.2817174479166666,2.0453259898153786
9388,14,6.108,2.918,168.032,6.708,365,1167,153.435,3.881,22.999194628116182,7.828730171875,3.7400515130208336,8.597760640625,4.974345415364583,5.411423919108519
9389,7,3.507,2.542,120.473,4.243,375,1167,135.0,3.0,11.499597314058091,4.49498308984375,3.2581257526041663,5.438327131510417,3.8451523437499997,3.826454549076717
9390,1,1.128,1.128,0.0,1.414,415,1167,135.0,1.0,1.642799616294013,1.4457772812499998,1.4457772812499998,1.8123484713541664,1.2817174479166666,1.4462638771355416
9391,1,1.128,1.128,0.0,1.414,452,1167,135.0,1.0,1.642799616294013,1.4457772812499998,1.4457772812499998,1.8123484713541664,1.2817174479166666,1.4462638771355416
9392,3,2.365,1.615,45.0,2.828,531,1169,45.0,2.0,4.928398848882039,3.0312617643229167,2.069973678385417,3.624696942708333,2.5634348958333333,2.5050025163503102
9393,1,1.128,1.128,0.0,1.414,3540,1167,135.0,1.0,1.642799616294013,1.4457772812499998,1.4457772812499998,1.8123484713541664,1.2817174479166666,1.4462638771355416
9394,92,12.31,9.516,112.564,17.804,3543,1167,128.157,13.49,151.1375646990492,15.777941783854168,12.196823234375,22.819697442708332,17.290368372395832,13.872075785990207
9395,1,1.128,1.128,0.0,1.414,3682,1167,135.0,1.0,1.642799616294013,1.4457772812499998,1.4457772812499998,1.8123484713541664,1.2817174479166666,1.4462638771355416
9396,15,4.663,4.096,115.505,6.708,3825,1169,153.435,5.0,24.641994244410196,5.976648459635417,5.249914666666666,8.597760640625,6.408587239583333,5.601355910367322
9397,2,2.257,1.128,90.0,2.236,165,1168,116.565,1.0,3.285599232588026,2.892836279947917,1.4457772812499998,2.865920213541667,1.2817174479166666,2.0453259898153786
9398,1,1.128,1.128,0.0,1.414,305,1168,135.0,1.0,1.642799616294013,1.4457772812499998,1.4457772812499998,1.8123484713541664,1.2817174479166666,1.4462638771355416
9399,5,3.144,2.025,18.435,3.606,448,1170,33.69,2.0,8.213998081470065,4.02971965625,2.59547783203125,4.6218731171875,2.5634348958333333,3.2339443426774745
9400,3,2.365,1.615,135.0,2.828,3501,1168,135.0,2.0,4.928398848882039,3.0312617643229167,2.069973678385417,3.624696942708333,2.5634348958333333,2.5050025163503102
9401,2,2.257,1.128,90.0,2.236,3587,1168,116.565,1.0,3.285599232588026,2.892836279947917,1.4457772812499998,2.865920213541667,1.2817174479166666,2.0453259898153786
9402,9,4.488,2.553,76.717,5.0,3795,1172,53.13,3.0,14.785196546646118,5.752347906250001,3.2722246445312497,6.408587239583333,3.8451523437499997,4.338791631406624
9403,13,4.371,3.787,163.411,5.385,243,1169,111.801,4.743,21.35639501182217,5.602386964843751,4.853863975260417,6.90204845703125,6.07918585546875,5.214578566863546
9404,1,1.128,1.128,0.0,1.414,332,1169,135.0,1.0,1.642799616294013,1.4457772812499998,1.4457772812499998,1.8123484713541664,1.2817174479166666,1.4462638771355416
9405,124,14.027,11.255,11.847,21.471,347,1183,27.759,14.124,203.70715242045762,17.978650641927082,14.425729876302084,27.51975532421875,18.102977234375,16.10491294872729
9406,2,2.257,1.128,0.0,2.236,452,1169,153.435,1.0,3.285599232588026,2.892836279947917,1.4457772812499998,2.865920213541667,1.2817174479166666,2.0453259898153786
9407,3,2.365,1.615,45.0,2.828,3495,1171,45.0,2.0,4.928398848882039,3.0312617643229167,2.069973678385417,3.624696942708333,2.5634348958333333,2.5050025163503102
9408,1,1.128,1.128,0.0,1.414,3695,1169,135.0,1.0,1.642799616294013,1.4457772812499998,1.4457772812499998,1.8123484713541664,1.2817174479166666,1.4462638771355416
9409,16,6.775,3.007,30.66,7.81,3698,1174,39.806,4.271,26.28479386070421,8.683635709635418,3.8541243658854167,10.010213268229165,5.474215220052083,5.785055508542166
9410,909,42.379,27.31,131.189,64.661,3799,1169,129.352,42.0,1493.3048512112578,54.317903725260415,35.00370350260417,82.87713189973958,53.8321328125,43.60431624159677
9411,1,1.128,1.128,0.0,1.414,3832,1169,135.0,1.0,1.642799616294013,1.4457772812499998,1.4457772812499998,1.8123484713541664,1.2817174479166666,1.4462638771355416
9412,3,2.365,1.615,135.0,2.828,205,1170,135.0,2.0,4.928398848882039,3.0312617643229167,2.069973678385417,3.624696942708333,2.5634348958333333,2.5050025163503102
9413,12,5.145,2.97,138.437,6.403,266,1170,128.66,4.0,19.713595395528156,6.59443626953125,3.8067008203125003,8.206836819010416,5.126869791666667,5.0100050327006205
9414,3,2.365,1.615,45.0,2.828,328,1172,45.0,2.0,4.928398848882039,3.0312617643229167,2.069973678385417,3.624696942708333,2.5634348958333333,2.5050025163503102
9415,35,7.983,5.582,13.442,9.434,3626,1176,32.005,6.791,57.49798657029046,10.231950386718749,7.154546794270833,12.091722403645832,8.704143188802083,8.556212484548844
9416,1,1.128,1.128,0.0,1.414,175,1171,135.0,1.0,1.642799616294013,1.4457772812499998,1.4457772812499998,1.8123484713541664,1.2817174479166666,1.4462638771355416
9417,5,3.144,2.025,71.565,3.606,235,1174,56.31,2.0,8.213998081470065,4.02971965625,2.59547783203125,4.6218731171875,2.5634348958333333,3.2339443426774745
9418,18,5.36,4.276,112.59,6.403,282,1171,128.66,4.0,29.570393093292235,6.870005520833334,5.480623807291666,8.206836819010416,5.126869791666667,6.135977969446135
9419,1,1.128,1.128,0.0,1.414,326,1171,135.0,1.0,1.642799616294013,1.4457772812499998,1.4457772812499998,1.8123484713541664,1.2817174479166666,1.4462638771355416
9420,4,2.838,1.795,45.0,3.606,3500,1174,33.69,2.683,6.571198465176052,3.6375141171875,2.3006828190104165,4.6218731171875,3.4388479127604166,2.892527754271083
9421,3,3.385,1.128,0.0,3.162,3576,1171,161.565,1.0,4.928398848882039,4.338613561197916,1.4457772812499998,4.0527905703125,1.2817174479166666,2.5050025163503102
9422,1,1.128,1.128,0.0,1.414,3736,1171,135.0,1.0,1.642799616294013,1.4457772812499998,1.4457772812499998,1.8123484713541664,1.2817174479166666,1.4462638771355416
9423,12,4.729,3.231,135.0,5.657,294,1172,135.0,4.0,19.713595395528156,6.061241811197917,4.141229074218749,7.250675602864583,5.126869791666667,5.0100050327006205
9424,10,4.769,2.67,9.909,5.385,3484,1175,21.801,3.0,16.42799616294013,6.112510509114584,3.4221855859374997,6.90204845703125,3.8451523437499997,4.573487949374228
9425,4,2.257,2.257,0.0,2.828,3492,1172,135.0,2.0,6.571198465176052,2.892836279947917,2.892836279947917,3.624696942708333,2.5634348958333333,2.892527754271083
9426,5,3.144,2.025,71.565,3.606,3496,1175,56.31,2.0,8.213998081470065,4.02971965625,2.59547783203125,4.6218731171875,2.5634348958333333,3.2339443426774745
9427,11,5.583,2.508,155.593,6.403,3691,1172,141.34,3.578,18.070795779234142,7.15582851171875,3.214547359375,8.206836819010416,4.585985028645833,4.796714628303253
9428,1,1.128,1.128,0.0,1.414,162,1173,135.0,1.0,1.642799616294013,1.4457772812499998,1.4457772812499998,1.8123484713541664,1.2817174479166666,1.4462638771355416
9429,2,2.596,0.981,45.0,2.828,227,1175,45.0,1.414,3.285599232588026,3.327338494791667,1.2573648164062499,3.624696942708333,1.8123484713541664,2.0453259898153786
9430,4,3.192,1.596,108.435,3.606,240,1173,123.69,2.0,6.571198465176052,4.09124209375,2.045621046875,4.6218731171875,2.5634348958333333,2.892527754271083
9431,1,1.128,1.128,0.0,1.414,322,1173,135.0,1.0,1.642799616294013,1.4457772812499998,1.4457772812499998,1.8123484713541664,1.2817174479166666,1.4462638771355416
9432,2,2.257,1.128,90.0,2.236,3535,1173,116.565,1.0,3.285599232588026,2.892836279947917,1.4457772812499998,2.865920213541667,1.2817174479166666,2.0453259898153786
9433,1,1.128,1.128,0.0,1.414,3767,1173,135.0,1.0,1.642799616294013,1.4457772812499998,1.4457772812499998,1.8123484713541664,1.2817174479166666,1.4462638771355416
9434,1,1.128,1.128,0.0,1.414,3777,1173,135.0,1.0,1.642799616294013,1.4457772812499998,1.4457772812499998,1.8123484713541664,1.2817174479166666,1.4462638771355416
9435,11,6.526,2.146,91.571,6.325,324,1174,108.435,2.0,18.070795779234142,8.364488065104167,2.7505656432291663,8.106862858072917,2.5634348958333333,4.796714628303253
9436,9,3.642,3.146,63.435,4.472,419,1178,63.435,3.536,14.785196546646118,4.6680149453125,4.032283091145833,5.731840427083334,4.532152895833334,4.338791631406624
9437,104,12.888,10.275,74.288,19.416,3529,1190,55.491,15.066,170.85116009457735,16.51877446875,13.16964677734375,24.88582596875,19.3103550703125,14.749055462636967
9438,1,1.128,1.128,0.0,1.414,3555,1174,135.0,1.0,1.642799616294013,1.4457772812499998,1.4457772812499998,1.8123484713541664,1.2817174479166666,1.4462638771355416
9439,9,4.271,2.683,129.345,5.657,3558,1174,135.0,3.795,14.785196546646118,5.474215220052083,3.4388479127604166,7.250675602864583,4.86411771484375,4.338791631406624
9440,37,8.572,5.496,87.959,10.296,3715,1183,60.945,7.428,60.783585802878484,10.986881963541665,7.04431909375,13.19656284375,9.520597203125,8.7972797207639
9441,2,2.257,1.128,90.0,2.236,271,1175,116.565,1.0,3.285599232588026,2.892836279947917,1.4457772812499998,2.865920213541667,1.2817174479166666,2.0453259898153786
9442,2,2.257,1.128,0.0,2.236,292,1175,153.435,1.0,3.285599232588026,2.892836279947917,1.4457772812499998,2.865920213541667,1.2817174479166666,2.0453259898153786
9443,1,1.128,1.128,0.0,1.414,300,1175,135.0,1.0,1.642799616294013,1.4457772812499998,1.4457772812499998,1.8123484713541664,1.2817174479166666,1.4462638771355416
9444,1,1.128,1.128,0.0,1.414,303,1175,135.0,1.0,1.642799616294013,1.4457772812499998,1.4457772812499998,1.8123484713541664,1.2817174479166666,1.4462638771355416
9445,1,1.128,1.128,0.0,1.414,3499,1175,135.0,1.0,1.642799616294013,1.4457772812499998,1.4457772812499998,1.8123484713541664,1.2817174479166666,1.4462638771355416
9446,1,1.128,1.128,0.0,1.414,3566,1175,135.0,1.0,1.642799616294013,1.4457772812499998,1.4457772812499998,1.8123484713541664,1.2817174479166666,1.4462638771355416
9447,1,1.128,1.128,0.0,1.414,3644,1175,135.0,1.0,1.642799616294013,1.4457772812499998,1.4457772812499998,1.8123484713541664,1.2817174479166666,1.4462638771355416
9448,3,3.385,1.128,0.0,3.162,3674,1175,161.565,1.0,4.928398848882039,4.338613561197916,1.4457772812499998,4.0527905703125,1.2817174479166666,2.5050025163503102
9449,3,3.213,1.189,61.845,3.606,3744,1178,56.31,1.789,4.928398848882039,4.11815816015625,1.5239620455729168,4.6218731171875,2.2929925143229166,2.5050025163503102
9450,1,1.128,1.128,0.0,1.414,3753,1175,135.0,1.0,1.642799616294013,1.4457772812499998,1.4457772812499998,1.8123484713541664,1.2817174479166666,1.4462638771355416
9451,2,2.257,1.128,0.0,2.236,145,1176,153.435,1.0,3.285599232588026,2.892836279947917,1.4457772812499998,2.865920213541667,1.2817174479166666,2.0453259898153786
9452,13,5.03,3.291,61.677,6.325,279,1182,71.565,4.0,21.35639501182217,6.447038763020833,4.21813212109375,8.106862858072917,5.126869791666667,5.214578566863546
9453,8,4.514,2.257,90.0,4.472,316,1176,116.565,2.0,13.142396930352104,5.785672559895834,2.892836279947917,5.731840427083334,2.5634348958333333,4.090651979630757
9454,1,1.128,1.128,0.0,1.414,573,1176,135.0,1.0,1.642799616294013,1.4457772812499998,1.4457772812499998,1.8123484713541664,1.2817174479166666,1.4462638771355416
9455,2,2.257,1.128,90.0,2.236,3469,1176,116.565,1.0,3.285599232588026,2.892836279947917,1.4457772812499998,2.865920213541667,1.2817174479166666,2.0453259898153786
9456,19,7.128,3.394,75.186,9.22,3505,1185,77.471,5.692,31.21319270958625,9.13608196875,4.350149018229167,11.817434869791667,7.295535713541667,6.304118086127151
9457,1,1.128,1.128,0.0,1.414,3699,1176,135.0,1.0,1.642799616294013,1.4457772812499998,1.4457772812499998,1.8123484713541664,1.2817174479166666,1.4462638771355416
9458,1,1.128,1.128,0.0,1.414,121,1177,135.0,1.0,1.642799616294013,1.4457772812499998,1.4457772812499998,1.8123484713541664,1.2817174479166666,1.4462638771355416
9459,2,2.257,1.128,90.0,2.236,235,1177,116.565,1.0,3.285599232588026,2.892836279947917,1.4457772812499998,2.865920213541667,1.2817174479166666,2.0453259898153786
9460,2,2.257,1.128,0.0,2.236,266,1177,153.435,1.0,3.285599232588026,2.892836279947917,1.4457772812499998,2.865920213541667,1.2817174479166666,2.0453259898153786
9461,1,1.128,1.128,0.0,1.414,273,1177,135.0,1.0,1.642799616294013,1.4457772812499998,1.4457772812499998,1.8123484713541664,1.2817174479166666,1.4462638771355416
9462,1,1.128,1.128,0.0,1.414,3444,1177,135.0,1.0,1.642799616294013,1.4457772812499998,1.4457772812499998,1.8123484713541664,1.2817174479166666,1.4462638771355416
9463,1,1.128,1.128,0.0,1.414,3694,1177,135.0,1.0,1.642799616294013,1.4457772812499998,1.4457772812499998,1.8123484713541664,1.2817174479166666,1.4462638771355416
9464,1,1.128,1.128,0.0,1.414,3712,1177,135.0,1.0,1.642799616294013,1.4457772812499998,1.4457772812499998,1.8123484713541664,1.2817174479166666,1.4462638771355416
9465,1,1.128,1.128,0.0,1.414,244,1178,135.0,1.0,1.642799616294013,1.4457772812499998,1.4457772812499998,1.8123484713541664,1.2817174479166666,1.4462638771355416
9466,1,1.128,1.128,0.0,1.414,365,1178,135.0,1.0,1.642799616294013,1.4457772812499998,1.4457772812499998,1.8123484713541664,1.2817174479166666,1.4462638771355416
9467,3,3.385,1.128,0.0,3.162,3516,1178,161.565,1.0,4.928398848882039,4.338613561197916,1.4457772812499998,4.0527905703125,1.2817174479166666,2.5050025163503102
9468,4,2.734,1.863,0.0,3.162,3522,1179,161.565,2.0,6.571198465176052,3.5042155026041666,2.38783960546875,4.0527905703125,2.5634348958333333,2.892527754271083
9469,1,1.128,1.128,0.0,1.414,3576,1178,135.0,1.0,1.642799616294013,1.4457772812499998,1.4457772812499998,1.8123484713541664,1.2817174479166666,1.4462638771355416
9470,15,4.659,4.099,135.0,5.657,3698,1178,135.0,4.0,24.641994244410196,5.97152158984375,5.253759819010416,7.250675602864583,5.126869791666667,5.601355910367322
9471,51,11.264,5.765,24.792,15.232,3726,1188,23.199,9.391,83.78278043099466,14.437265333333333,7.389101087239583,19.523120166666665,12.036608553385417,10.32838996735036
9472,1,1.128,1.128,0.0,1.414,3737,1178,135.0,1.0,1.642799616294013,1.4457772812499998,1.4457772812499998,1.8123484713541664,1.2817174479166666,1.4462638771355416
9473,1,1.128,1.128,0.0,1.414,3759,1178,135.0,1.0,1.642799616294013,1.4457772812499998,1.4457772812499998,1.8123484713541664,1.2817174479166666,1.4462638771355416
9474,1,1.128,1.128,0.0,1.414,3793,1178,135.0,1.0,1.642799616294013,1.4457772812499998,1.4457772812499998,1.8123484713541664,1.2817174479166666,1.4462638771355416
9475,2,2.257,1.128,0.0,2.236,398,1179,153.435,1.0,3.285599232588026,2.892836279947917,1.4457772812499998,2.865920213541667,1.2817174479166666,2.0453259898153786
9476,9,5.118,2.239,131.83,5.831,823,1179,120.964,3.328,14.785196546646118,6.5598298984375,2.8697653658854163,7.473694438802084,4.265555666666667,4.338791631406624
9477,1,1.128,1.128,0.0,1.414,3443,1179,135.0,1.0,1.642799616294013,1.4457772812499998,1.4457772812499998,1.8123484713541664,1.2817174479166666,1.4462638771355416
9478,18,5.831,3.93,138.001,6.708,3599,1179,116.565,4.95,29.570393093292235,7.473694438802084,5.0371495703125,8.597760640625,6.3445013671875,6.135977969446135
9479,7,4.44,2.007,27.231,5.0,3652,1182,36.87,2.683,11.499597314058091,5.69082546875,2.5724069179687503,6.408587239583333,3.4388479127604166,3.826454549076717
9480,5,3.452,1.844,177.145,4.123,3739,1179,165.964,2.0,8.213998081470065,4.424488630208333,2.3634869739583335,5.284521037760417,2.5634348958333333,3.2339443426774745
9481,46,11.329,5.17,72.313,13.342,183,1193,77.005,7.761,75.5687823495246,14.520576967447917,6.626479205729167,17.10067419010417,9.94740911328125,9.809038857407382
9482,3,2.365,1.615,135.0,2.828,245,1180,135.0,2.0,4.928398848882039,3.0312617643229167,2.069973678385417,3.624696942708333,2.5634348958333333,2.5050025163503102
9483,2,2.257,1.128,90.0,2.236,251,1180,116.565,1.0,3.285599232588026,2.892836279947917,1.4457772812499998,2.865920213541667,1.2817174479166666,2.0453259898153786
9484,1,1.128,1.128,0.0,1.414,3497,1180,135.0,1.0,1.642799616294013,1.4457772812499998,1.4457772812499998,1.8123484713541664,1.2817174479166666,1.4462638771355416
9485,27,8.973,3.831,138.928,11.314,3630,1180,135.0,5.622,44.35558963993835,11.500850660156251,4.91025954296875,14.501351205729167,7.2058154921875,7.515007549050931
9486,21,8.648,3.092,123.765,9.22,132,1181,130.601,4.4,34.49879194217427,11.084292489583333,3.9630703489583334,11.817434869791667,5.639556770833334,6.627613691853932
9487,15,5.898,3.238,163.225,7.071,202,1183,171.87,4.271,24.641994244410196,7.559569507812499,4.1502010963541665,9.063024074218749,5.474215220052083,5.601355910367322
9488,14,4.663,3.823,122.688,6.403,233,1183,141.34,5.0,22.999194628116182,5.976648459635417,4.900005803385416,8.206836819010416,6.408587239583333,5.411423919108519
9489,2,2.257,1.128,0.0,2.236,258,1181,153.435,1.0,3.285599232588026,2.892836279947917,1.4457772812499998,2.865920213541667,1.2817174479166666,2.0453259898153786
9490,6,3.718,2.055,53.13,4.243,426,1184,45.0,2.683,9.856797697764078,4.765425471354167,2.63392935546875,5.438327131510417,3.4388479127604166,3.5426085324013394
9491,1,1.128,1.128,0.0,1.414,557,1181,135.0,1.0,1.642799616294013,1.4457772812499998,1.4457772812499998,1.8123484713541664,1.2817174479166666,1.4462638771355416
9492,2,2.257,1.128,90.0,2.236,3477,1181,116.565,1.0,3.285599232588026,2.892836279947917,1.4457772812499998,2.865920213541667,1.2817174479166666,2.0453259898153786
9493,55,9.939,7.045,14.57,14.318,3484,1187,167.905,10.733,90.35397889617072,12.73898971484375,9.029699420572916,18.351630419270833,13.756673368489583,10.72577997755371
9494,7,3.035,2.937,112.5,4.243,3497,1184,45.0,3.536,11.499597314058091,3.8900124544270835,3.7644041445312495,5.438327131510417,4.532152895833334,3.826454549076717
9495,2,2.596,0.981,135.0,2.828,3522,1181,135.0,1.414,3.285599232588026,3.327338494791667,1.2573648164062499,3.624696942708333,1.8123484713541664,2.0453259898153786
9496,1,1.128,1.128,0.0,1.414,3760,1181,135.0,1.0,1.642799616294013,1.4457772812499998,1.4457772812499998,1.8123484713541664,1.2817174479166666,1.4462638771355416
9497,1,1.128,1.128,0.0,1.414,3839,1181,135.0,1.0,1.642799616294013,1.4457772812499998,1.4457772812499998,1.8123484713541664,1.2817174479166666,1.4462638771355416
9498,10,5.154,2.47,97.669,5.831,128,1182,120.964,3.0,16.42799616294013,6.6059717265625,3.165842096354167,7.473694438802084,3.8451523437499997,4.573487949374228
9499,4,2.734,1.863,90.0,3.162,213,1182,108.435,2.0,6.571198465176052,3.5042155026041666,2.38783960546875,4.0527905703125,2.5634348958333333,2.892527754271083
9500,1,1.128,1.128,0.0,1.414,239,1182,135.0,1.0,1.642799616294013,1.4457772812499998,1.4457772812499998,1.8123484713541664,1.2817174479166666,1.4462638771355416
9501,1,1.128,1.128,0.0,1.414,289,1182,135.0,1.0,1.642799616294013,1.4457772812499998,1.4457772812499998,1.8123484713541664,1.2817174479166666,1.4462638771355416
9502,1,1.128,1.128,0.0,1.414,465,1182,135.0,1.0,1.642799616294013,1.4457772812499998,1.4457772812499998,1.8123484713541664,1.2817174479166666,1.4462638771355416
9503,3,2.365,1.615,135.0,2.828,3461,1182,135.0,2.0,4.928398848882039,3.0312617643229167,2.069973678385417,3.624696942708333,2.5634348958333333,2.5050025163503102
9504,1,1.128,1.128,0.0,1.414,3547,1182,135.0,1.0,1.642799616294013,1.4457772812499998,1.4457772812499998,1.8123484713541664,1.2817174479166666,1.4462638771355416
9505,7,3.742,2.382,14.872,4.472,3788,1184,26.565,3.0,11.499597314058091,4.796186690104166,3.0530509609375,5.731840427083334,3.8451523437499997,3.826454549076717
9506,2,2.596,0.981,135.0,2.828,192,1183,135.0,1.414,3.285599232588026,3.327338494791667,1.2573648164062499,3.624696942708333,1.8123484713541664,2.0453259898153786
9507,1,1.128,1.128,0.0,1.414,262,1183,135.0,1.0,1.642799616294013,1.4457772812499998,1.4457772812499998,1.8123484713541664,1.2817174479166666,1.4462638771355416
9508,1,1.128,1.128,0.0,1.414,322,1183,135.0,1.0,1.642799616294013,1.4457772812499998,1.4457772812499998,1.8123484713541664,1.2817174479166666,1.4462638771355416
9509,1,1.128,1.128,0.0,1.414,344,1183,135.0,1.0,1.642799616294013,1.4457772812499998,1.4457772812499998,1.8123484713541664,1.2817174479166666,1.4462638771355416
9510,9,3.385,3.385,0.0,4.243,369,1183,135.0,3.0,14.785196546646118,4.338613561197916,4.338613561197916,5.438327131510417,3.8451523437499997,4.338791631406624
9511,2,2.257,1.128,90.0,2.236,3525,1183,116.565,1.0,3.285599232588026,2.892836279947917,1.4457772812499998,2.865920213541667,1.2817174479166666,2.0453259898153786
9512,43,8.013,6.832,6.231,10.77,3553,1185,158.199,8.171,70.64038350064256,10.27040191015625,8.756693604166665,13.8040969140625,10.472913266927081,9.483786464234974
9513,1,1.128,1.128,0.0,1.414,3699,1183,135.0,1.0,1.642799616294013,1.4457772812499998,1.4457772812499998,1.8123484713541664,1.2817174479166666,1.4462638771355416
9514,2,2.257,1.128,90.0,2.236,3741,1183,116.565,1.0,3.285599232588026,2.892836279947917,1.4457772812499998,2.865920213541667,1.2817174479166666,2.0453259898153786
9515,1,1.128,1.128,0.0,1.414,3749,1183,135.0,1.0,1.642799616294013,1.4457772812499998,1.4457772812499998,1.8123484713541664,1.2817174479166666,1.4462638771355416
9516,1,1.128,1.128,0.0,1.414,107,1184,135.0,1.0,1.642799616294013,1.4457772812499998,1.4457772812499998,1.8123484713541664,1.2817174479166666,1.4462638771355416
9517,1,1.128,1.128,0.0,1.414,221,1184,135.0,1.0,1.642799616294013,1.4457772812499998,1.4457772812499998,1.8123484713541664,1.2817174479166666,1.4462638771355416
9518,1,1.128,1.128,0.0,1.414,265,1184,135.0,1.0,1.642799616294013,1.4457772812499998,1.4457772812499998,1.8123484713541664,1.2817174479166666,1.4462638771355416
9519,4,2.257,2.257,0.0,2.828,272,1184,135.0,2.0,6.571198465176052,2.892836279947917,2.892836279947917,3.624696942708333,2.5634348958333333,2.892527754271083
9520,1,1.128,1.128,0.0,1.414,275,1184,135.0,1.0,1.642799616294013,1.4457772812499998,1.4457772812499998,1.8123484713541664,1.2817174479166666,1.4462638771355416
9521,2,2.257,1.128,90.0,2.236,289,1184,116.565,1.0,3.285599232588026,2.892836279947917,1.4457772812499998,2.865920213541667,1.2817174479166666,2.0453259898153786
9522,2,2.257,1.128,90.0,2.236,360,1184,116.565,1.0,3.285599232588026,2.892836279947917,1.4457772812499998,2.865920213541667,1.2817174479166666,2.0453259898153786
9523,6,4.224,1.809,90.0,4.472,362,1184,116.565,2.0,9.856797697764078,5.4139745,2.3186268632812497,5.731840427083334,2.5634348958333333,3.5426085324013394
9524,4,4.514,1.128,90.0,4.123,393,1184,104.036,1.0,6.571198465176052,5.785672559895834,1.4457772812499998,5.284521037760417,1.2817174479166666,2.892527754271083
9525,11,4.731,2.96,33.66,5.831,3437,1189,30.964,4.025,18.070795779234142,6.06380524609375,3.793883645833333,7.473694438802084,5.158912727864584,4.796714628303253
9526,4,2.257,2.257,0.0,2.828,3478,1184,135.0,2.0,6.571198465176052,2.892836279947917,2.892836279947917,3.624696942708333,2.5634348958333333,2.892527754271083
9527,1,1.128,1.128,0.0,1.414,3481,1184,135.0,1.0,1.642799616294013,1.4457772812499998,1.4457772812499998,1.8123484713541664,1.2817174479166666,1.4462638771355416
9528,1,1.128,1.128,0.0,1.414,3487,1184,135.0,1.0,1.642799616294013,1.4457772812499998,1.4457772812499998,1.8123484713541664,1.2817174479166666,1.4462638771355416
9529,4,2.734,1.863,90.0,3.162,3515,1184,108.435,2.0,6.571198465176052,3.5042155026041666,2.38783960546875,4.0527905703125,2.5634348958333333,2.892527754271083
9530,51,10.077,6.444,28.832,12.53,3542,1193,28.61,9.323,83.78278043099466,12.915866722656249,8.259387234375,16.05991962239583,11.949451766927083,10.32838996735036
9531,27,10.219,3.364,140.608,12.806,3564,1184,141.34,5.954,44.35558963993835,13.097870600260416,4.311697494791667,16.413673638020832,7.631345684895833,7.515007549050931
9532,7,4.154,2.146,8.35,4.472,3712,1186,26.565,2.0,11.499597314058091,5.324254278645833,2.7505656432291663,5.731840427083334,2.5634348958333333,3.826454549076717
9533,25,6.439,4.943,175.013,7.28,3758,1186,164.055,5.814,41.069990407350325,8.252978647135416,6.335529345052083,9.330903020833334,7.4519052421875,7.231319385677708
9534,8,4.444,2.292,35.355,5.0,187,1188,36.87,2.828,13.142396930352104,5.695952338541667,2.9376963906249998,6.408587239583333,3.624696942708333,4.090651979630757
9535,37,8.862,5.316,22.655,13.0,248,1190,22.62,7.222,60.783585802878484,11.3585800234375,6.813609953125,16.662326822916665,9.256563408854166,8.7972797207639
9536,2,2.257,1.128,0.0,2.236,262,1185,153.435,1.0,3.285599232588026,2.892836279947917,1.4457772812499998,2.865920213541667,1.2817174479166666,2.0453259898153786
9537,1,1.128,1.128,0.0,1.414,301,1185,135.0,1.0,1.642799616294013,1.4457772812499998,1.4457772812499998,1.8123484713541664,1.2817174479166666,1.4462638771355416
9538,1,1.128,1.128,0.0,1.414,354,1185,135.0,1.0,1.642799616294013,1.4457772812499998,1.4457772812499998,1.8123484713541664,1.2817174479166666,1.4462638771355416
9539,1,1.128,1.128,0.0,1.414,395,1185,135.0,1.0,1.642799616294013,1.4457772812499998,1.4457772812499998,1.8123484713541664,1.2817174479166666,1.4462638771355416
9540,3,2.365,1.615,45.0,2.828,412,1187,45.0,2.0,4.928398848882039,3.0312617643229167,2.069973678385417,3.624696942708333,2.5634348958333333,2.5050025163503102
9541,1,1.128,1.128,0.0,1.414,525,1185,135.0,1.0,1.642799616294013,1.4457772812499998,1.4457772812499998,1.8123484713541664,1.2817174479166666,1.4462638771355416
9542,1,1.128,1.128,0.0,1.414,3445,1185,135.0,1.0,1.642799616294013,1.4457772812499998,1.4457772812499998,1.8123484713541664,1.2817174479166666,1.4462638771355416
9543,1,1.128,1.128,0.0,1.414,3507,1185,135.0,1.0,1.642799616294013,1.4457772812499998,1.4457772812499998,1.8123484713541664,1.2817174479166666,1.4462638771355416
9544,1,1.128,1.128,0.0,1.414,3687,1185,135.0,1.0,1.642799616294013,1.4457772812499998,1.4457772812499998,1.8123484713541664,1.2817174479166666,1.4462638771355416
9545,2,2.257,1.128,90.0,2.236,3733,1185,116.565,1.0,3.285599232588026,2.892836279947917,1.4457772812499998,2.865920213541667,1.2817174479166666,2.0453259898153786
9546,3,3.385,1.128,0.0,3.162,3750,1185,161.565,1.0,4.928398848882039,4.338613561197916,1.4457772812499998,4.0527905703125,1.2817174479166666,2.5050025163503102
9547,1,1.128,1.128,0.0,1.414,3774,1185,135.0,1.0,1.642799616294013,1.4457772812499998,1.4457772812499998,1.8123484713541664,1.2817174479166666,1.4462638771355416
9548,1,1.128,1.128,0.0,1.414,3825,1185,135.0,1.0,1.642799616294013,1.4457772812499998,1.4457772812499998,1.8123484713541664,1.2817174479166666,1.4462638771355416
9549,9,3.923,2.921,101.981,4.472,233,1186,116.565,3.0,14.785196546646118,5.028177548177084,3.743896665364583,5.731840427083334,3.8451523437499997,4.338791631406624
9550,9,5.229,2.191,94.731,5.385,328,1186,111.801,2.0,14.785196546646118,6.70210053515625,2.8082429283854164,6.90204845703125,2.5634348958333333,4.338791631406624
9551,5,4.833,1.317,62.108,5.831,557,1191,59.036,2.236,8.213998081470065,6.19454042578125,1.68802187890625,7.473694438802084,2.865920213541667,3.2339443426774745
9552,1,1.128,1.128,0.0,1.414,3513,1186,135.0,1.0,1.642799616294013,1.4457772812499998,1.4457772812499998,1.8123484713541664,1.2817174479166666,1.4462638771355416
9553,17,5.907,3.665,174.812,7.616,3519,1189,23.199,4.0,27.927593476998222,7.57110496484375,4.697494446614583,9.761560083333332,5.126869791666667,5.963098727945161
9554,8,4.514,2.257,90.0,4.472,3604,1186,116.565,2.0,13.142396930352104,5.785672559895834,2.892836279947917,5.731840427083334,2.5634348958333333,4.090651979630757
9555,18,6.517,3.517,17.745,7.211,3700,1190,33.69,4.0,29.570393093292235,8.352952608072917,4.507800264322916,9.242464516927084,5.126869791666667,6.135977969446135
9556,3,3.385,1.128,0.0,3.162,201,1187,161.565,1.0,4.928398848882039,4.338613561197916,1.4457772812499998,4.0527905703125,1.2817174479166666,2.5050025163503102
9557,1,1.128,1.128,0.0,1.414,261,1187,135.0,1.0,1.642799616294013,1.4457772812499998,1.4457772812499998,1.8123484713541664,1.2817174479166666,1.4462638771355416
9558,3,3.385,1.128,0.0,3.162,3456,1187,161.565,1.0,4.928398848882039,4.338613561197916,1.4457772812499998,4.0527905703125,1.2817174479166666,2.5050025163503102
9559,1,1.128,1.128,0.0,1.414,3686,1187,135.0,1.0,1.642799616294013,1.4457772812499998,1.4457772812499998,1.8123484713541664,1.2817174479166666,1.4462638771355416
9560,1,1.128,1.128,0.0,1.414,3749,1187,135.0,1.0,1.642799616294013,1.4457772812499998,1.4457772812499998,1.8123484713541664,1.2817174479166666,1.4462638771355416
9561,2,2.257,1.128,0.0,2.236,59,1188,153.435,1.0,3.285599232588026,2.892836279947917,1.4457772812499998,2.865920213541667,1.2817174479166666,2.0453259898153786
9562,4,2.734,1.863,90.0,3.162,197,1188,108.435,2.0,6.571198465176052,3.5042155026041666,2.38783960546875,4.0527905703125,2.5634348958333333,2.892527754271083
9563,46,11.629,5.036,87.681,13.153,240,1188,98.746,7.0,75.5687823495246,14.905092201822915,6.454729067708333,16.858429592447916,8.972022135416667,9.809038857407382
9564,4,3.216,1.583,148.283,3.606,243,1188,146.31,2.0,6.571198465176052,4.1220033125,2.028958720052083,4.6218731171875,2.5634348958333333,2.892527754271083
9565,4,4.218,1.207,22.5,4.472,3449,1190,26.565,1.789,6.571198465176052,5.4062841953125,1.5470329596354166,5.731840427083334,2.2929925143229166,2.892527754271083
9566,2,2.257,1.128,90.0,2.236,3717,1188,116.565,1.0,3.285599232588026,2.892836279947917,1.4457772812499998,2.865920213541667,1.2817174479166666,2.0453259898153786
9567,1,1.128,1.128,0.0,1.414,215,1189,135.0,1.0,1.642799616294013,1.4457772812499998,1.4457772812499998,1.8123484713541664,1.2817174479166666,1.4462638771355416
9568,1,1.128,1.128,0.0,1.414,598,1189,135.0,1.0,1.642799616294013,1.4457772812499998,1.4457772812499998,1.8123484713541664,1.2817174479166666,1.4462638771355416
9569,2,2.257,1.128,0.0,2.236,3472,1189,153.435,1.0,3.285599232588026,2.892836279947917,1.4457772812499998,2.865920213541667,1.2817174479166666,2.0453259898153786
9570,3,2.365,1.615,45.0,2.828,3581,1191,45.0,2.0,4.928398848882039,3.0312617643229167,2.069973678385417,3.624696942708333,2.5634348958333333,2.5050025163503102
9571,3,3.213,1.189,28.155,3.606,3611,1191,33.69,1.789,4.928398848882039,4.11815816015625,1.5239620455729168,4.6218731171875,2.2929925143229166,2.5050025163503102
9572,1,1.128,1.128,0.0,1.414,3675,1189,135.0,1.0,1.642799616294013,1.4457772812499998,1.4457772812499998,1.8123484713541664,1.2817174479166666,1.4462638771355416
9573,46,13.289,4.407,46.891,16.401,3677,1202,52.431,6.872,75.5687823495246,17.032743165364582,5.64852879296875,21.02144786328125,8.807962302083332,9.809038857407382
9574,12,5.139,2.973,141.789,6.403,3756,1189,128.66,4.16,19.713595395528156,6.58674596484375,3.8105459726562496,8.206836819010416,5.331944583333334,5.0100050327006205
9575,27,8.621,3.988,42.29,11.314,316,1198,45.0,5.423,44.35558963993835,11.049686118489584,5.111489182291667,14.501351205729167,6.9507537200520835,7.515007549050931
9576,6,3.14,2.433,135.0,3.606,334,1190,123.69,2.828,9.856797697764078,4.024592786458333,3.1184185507812496,4.6218731171875,3.624696942708333,3.5426085324013394
9577,1,1.128,1.128,0.0,1.414,339,1190,135.0,1.0,1.642799616294013,1.4457772812499998,1.4457772812499998,1.8123484713541664,1.2817174479166666,1.4462638771355416
9578,2,2.257,1.128,90.0,2.236,403,1190,116.565,1.0,3.285599232588026,2.892836279947917,1.4457772812499998,2.865920213541667,1.2817174479166666,2.0453259898153786
9579,1,1.128,1.128,0.0,1.414,3527,1190,135.0,1.0,1.642799616294013,1.4457772812499998,1.4457772812499998,1.8123484713541664,1.2817174479166666,1.4462638771355416
9580,1,1.128,1.128,0.0,1.414,3673,1190,135.0,1.0,1.642799616294013,1.4457772812499998,1.4457772812499998,1.8123484713541664,1.2817174479166666,1.4462638771355416
9581,1,1.128,1.128,0.0,1.414,3771,1190,135.0,1.0,1.642799616294013,1.4457772812499998,1.4457772812499998,1.8123484713541664,1.2817174479166666,1.4462638771355416
9582,14,5.14,3.468,137.178,6.403,192,1191,128.66,4.0,22.999194628116182,6.588027682291666,4.4449961093749994,8.206836819010416,5.126869791666667,5.411423919108519
9583,5,3.732,1.706,148.283,4.243,3445,1191,135.0,2.236,8.213998081470065,4.783369515625,2.1866099661458334,5.438327131510417,2.865920213541667,3.2339443426774745
9584,1,1.128,1.128,0.0,1.414,3451,1191,135.0,1.0,1.642799616294013,1.4457772812499998,1.4457772812499998,1.8123484713541664,1.2817174479166666,1.4462638771355416
9585,3,3.385,1.128,0.0,3.162,3512,1191,161.565,1.0,4.928398848882039,4.338613561197916,1.4457772812499998,4.0527905703125,1.2817174479166666,2.5050025163503102
9586,16,8.095,2.517,151.111,9.849,3516,1192,156.038,3.845,26.28479386070421,10.375502740885418,3.2260828164062496,12.62363514453125,4.928203587239583,5.785055508542166
9587,5,3.144,2.025,71.565,3.606,3718,1194,56.31,2.0,8.213998081470065,4.02971965625,2.59547783203125,4.6218731171875,2.5634348958333333,3.2339443426774745
9588,6,3.385,2.257,0.0,3.606,212,1192,146.31,2.0,9.856797697764078,4.338613561197916,2.892836279947917,4.6218731171875,2.5634348958333333,3.5426085324013394
9589,4,2.257,2.257,0.0,2.828,287,1192,135.0,2.0,6.571198465176052,2.892836279947917,2.892836279947917,3.624696942708333,2.5634348958333333,2.892527754271083
9590,4,2.257,2.257,0.0,2.828,360,1192,135.0,2.0,6.571198465176052,2.892836279947917,2.892836279947917,3.624696942708333,2.5634348958333333,2.892527754271083
9591,1,1.128,1.128,0.0,1.414,444,1192,135.0,1.0,1.642799616294013,1.4457772812499998,1.4457772812499998,1.8123484713541664,1.2817174479166666,1.4462638771355416
9592,3,2.365,1.615,135.0,2.828,448,1192,135.0,2.0,4.928398848882039,3.0312617643229167,2.069973678385417,3.624696942708333,2.5634348958333333,2.5050025163503102
9593,1,1.128,1.128,0.0,1.414,561,1192,135.0,1.0,1.642799616294013,1.4457772812499998,1.4457772812499998,1.8123484713541664,1.2817174479166666,1.4462638771355416
9594,3,2.365,1.615,45.0,2.828,3473,1194,45.0,2.0,4.928398848882039,3.0312617643229167,2.069973678385417,3.624696942708333,2.5634348958333333,2.5050025163503102
9595,4,2.257,2.257,0.0,2.828,3524,1192,135.0,2.0,6.571198465176052,2.892836279947917,2.892836279947917,3.624696942708333,2.5634348958333333,2.892527754271083
9596,1,1.128,1.128,0.0,1.414,3652,1192,135.0,1.0,1.642799616294013,1.4457772812499998,1.4457772812499998,1.8123484713541664,1.2817174479166666,1.4462638771355416
9597,3,3.385,1.128,0.0,3.162,3665,1192,161.565,1.0,4.928398848882039,4.338613561197916,1.4457772812499998,4.0527905703125,1.2817174479166666,2.5050025163503102
9598,3,2.365,1.615,135.0,2.828,3671,1192,135.0,2.0,4.928398848882039,3.0312617643229167,2.069973678385417,3.624696942708333,2.5634348958333333,2.5050025163503102
9599,1,1.128,1.128,0.0,1.414,3731,1192,135.0,1.0,1.642799616294013,1.4457772812499998,1.4457772812499998,1.8123484713541664,1.2817174479166666,1.4462638771355416
9600,2,2.257,1.128,90.0,2.236,3769,1192,116.565,1.0,3.285599232588026,2.892836279947917,1.4457772812499998,2.865920213541667,1.2817174479166666,2.0453259898153786
9601,3,2.365,1.615,135.0,2.828,3792,1192,135.0,2.0,4.928398848882039,3.0312617643229167,2.069973678385417,3.624696942708333,2.5634348958333333,2.5050025163503102
9602,75,13.626,7.008,55.664,20.248,213,1212,69.775,11.713,123.20997122205098,17.4646819453125,8.982275875,25.952214885416666,15.012756467447915,12.52501258175155
9603,1,1.128,1.128,0.0,1.414,269,1193,135.0,1.0,1.642799616294013,1.4457772812499998,1.4457772812499998,1.8123484713541664,1.2817174479166666,1.4462638771355416
9604,1,1.128,1.128,0.0,1.414,370,1193,135.0,1.0,1.642799616294013,1.4457772812499998,1.4457772812499998,1.8123484713541664,1.2817174479166666,1.4462638771355416
9605,2,2.257,1.128,90.0,2.236,3463,1193,116.565,1.0,3.285599232588026,2.892836279947917,1.4457772812499998,2.865920213541667,1.2817174479166666,2.0453259898153786
9606,10,4.495,2.833,40.935,5.0,3694,1197,36.87,3.536,16.42799616294013,5.761319928385417,3.631105529947917,6.408587239583333,4.532152895833334,4.573487949374228
9607,3,2.365,1.615,135.0,2.828,3764,1193,135.0,2.0,4.928398848882039,3.0312617643229167,2.069973678385417,3.624696942708333,2.5634348958333333,2.5050025163503102
9608,1,1.128,1.128,0.0,1.414,559,1194,135.0,1.0,1.642799616294013,1.4457772812499998,1.4457772812499998,1.8123484713541664,1.2817174479166666,1.4462638771355416
9609,1,1.128,1.128,0.0,1.414,3477,1194,135.0,1.0,1.642799616294013,1.4457772812499998,1.4457772812499998,1.8123484713541664,1.2817174479166666,1.4462638771355416
9610,6,4.79,1.595,85.269,5.099,3675,1194,101.31,2.0,9.856797697764078,6.139426575520833,2.0443393294270833,6.535477266927083,2.5634348958333333,3.5426085324013394
9611,1,1.128,1.128,0.0,1.414,3689,1194,135.0,1.0,1.642799616294013,1.4457772812499998,1.4457772812499998,1.8123484713541664,1.2817174479166666,1.4462638771355416
9612,4,2.734,1.863,90.0,3.162,230,1195,108.435,2.0,6.571198465176052,3.5042155026041666,2.38783960546875,4.0527905703125,2.5634348958333333,2.892527754271083
9613,3,2.365,1.615,135.0,2.828,232,1195,135.0,2.0,4.928398848882039,3.0312617643229167,2.069973678385417,3.624696942708333,2.5634348958333333,2.5050025163503102
9614,45,11.88,4.823,63.02,14.422,250,1207,56.31,7.758,73.92598273323058,15.226803281250001,6.181723251302084,18.48492903385417,9.9435639609375,9.701833028032423
9615,1,1.128,1.128,0.0,1.414,3475,1195,135.0,1.0,1.642799616294013,1.4457772812499998,1.4457772812499998,1.8123484713541664,1.2817174479166666,1.4462638771355416
9616,76,16.266,5.949,38.265,18.601,3560,1207,36.254,8.746,124.852770838345,20.848416007812496,7.624937097656249,23.841226248697915,11.209900799479167,12.608236172254301
9617,8,3.707,2.748,44.284,5.0,3626,1198,36.87,3.795,13.142396930352104,4.751326579427083,3.522159546875,6.408587239583333,4.86411771484375,4.090651979630757
9618,5,3.144,2.025,108.435,3.606,3664,1195,123.69,2.0,8.213998081470065,4.02971965625,2.59547783203125,4.6218731171875,2.5634348958333333,3.2339443426774745
9619,90,15.301,7.489,33.766,18.601,169,1209,36.254,10.962,147.85196546646117,19.611558670572915,9.598781967447916,23.841226248697915,14.0501866640625,13.720463848122685
9620,10,6.403,1.988,74.302,6.708,261,1202,63.435,2.668,16.42799616294013,8.206836819010416,2.548054286458333,8.597760640625,3.4196221510416667,4.573487949374228
9621,4,4.218,1.207,67.5,4.472,352,1200,63.435,1.789,6.571198465176052,5.4062841953125,1.5470329596354166,5.731840427083334,2.2929925143229166,2.892527754271083
9622,11,4.507,3.107,131.028,5.0,404,1196,126.87,3.536,18.070795779234142,5.776700537760416,3.9822961106770833,6.408587239583333,4.532152895833334,4.796714628303253
9623,2,2.596,0.981,135.0,2.828,3590,1196,135.0,1.414,3.285599232588026,3.327338494791667,1.2573648164062499,3.624696942708333,1.8123484713541664,2.0453259898153786
9624,1,1.128,1.128,0.0,1.414,3689,1196,135.0,1.0,1.642799616294013,1.4457772812499998,1.4457772812499998,1.8123484713541664,1.2817174479166666,1.4462638771355416
9625,3,2.365,1.615,45.0,2.828,3762,1198,45.0,2.0,4.928398848882039,3.0312617643229167,2.069973678385417,3.624696942708333,2.5634348958333333,2.5050025163503102
9626,8,4.067,2.505,45.0,5.0,170,1200,36.87,3.0,13.142396930352104,5.212744860677083,3.21070220703125,6.408587239583333,3.8451523437499997,4.090651979630757
9627,2,2.596,0.981,135.0,2.828,196,1197,135.0,1.414,3.285599232588026,3.327338494791667,1.2573648164062499,3.624696942708333,1.8123484713541664,2.0453259898153786
9628,1,1.128,1.128,0.0,1.414,224,1197,135.0,1.0,1.642799616294013,1.4457772812499998,1.4457772812499998,1.8123484713541664,1.2817174479166666,1.4462638771355416
9629,28,8.611,4.14,97.95,9.22,340,1197,102.529,4.0,45.998389256232365,11.036868944010417,5.306310234374999,11.817434869791667,5.126869791666667,7.652909098153434
9630,2,2.257,1.128,90.0,2.236,559,1197,116.565,1.0,3.285599232588026,2.892836279947917,1.4457772812499998,2.865920213541667,1.2817174479166666,2.0453259898153786
9631,1,1.128,1.128,0.0,1.414,3459,1197,135.0,1.0,1.642799616294013,1.4457772812499998,1.4457772812499998,1.8123484713541664,1.2817174479166666,1.4462638771355416
9632,1,1.128,1.128,0.0,1.414,3461,1197,135.0,1.0,1.642799616294013,1.4457772812499998,1.4457772812499998,1.8123484713541664,1.2817174479166666,1.4462638771355416
9633,1,1.128,1.128,0.0,1.414,3530,1197,135.0,1.0,1.642799616294013,1.4457772812499998,1.4457772812499998,1.8123484713541664,1.2817174479166666,1.4462638771355416
9634,4,3.216,1.583,58.283,3.606,3708,1200,56.31,2.0,6.571198465176052,4.1220033125,2.028958720052083,4.6218731171875,2.5634348958333333,2.892527754271083
9635,9,5.071,2.26,162.433,5.831,3723,1197,149.036,3.0,14.785196546646118,6.499589178385416,2.8966814322916665,7.473694438802084,3.8451523437499997,4.338791631406624
9636,123,17.53,8.934,179.322,21.095,3770,1197,148.57,12.962,202.0643528041636,22.46850686197917,11.4508636796875,27.03782956380208,16.613621559895833,16.039842327272947
9637,1,1.128,1.128,0.0,1.414,71,1198,135.0,1.0,1.642799616294013,1.4457772812499998,1.4457772812499998,1.8123484713541664,1.2817174479166666,1.4462638771355416
9638,3,2.365,1.615,45.0,2.828,104,1200,45.0,2.0,4.928398848882039,3.0312617643229167,2.069973678385417,3.624696942708333,2.5634348958333333,2.5050025163503102
9639,2,2.257,1.128,90.0,2.236,401,1198,116.565,1.0,3.285599232588026,2.892836279947917,1.4457772812499998,2.865920213541667,1.2817174479166666,2.0453259898153786
9640,1,1.128,1.128,0.0,1.414,3505,1198,135.0,1.0,1.642799616294013,1.4457772812499998,1.4457772812499998,1.8123484713541664,1.2817174479166666,1.4462638771355416
9641,3,2.365,1.615,45.0,2.828,3508,1200,45.0,2.0,4.928398848882039,3.0312617643229167,2.069973678385417,3.624696942708333,2.5634348958333333,2.5050025163503102
9642,6,3.718,2.055,36.87,4.243,3521,1201,45.0,2.683,9.856797697764078,4.765425471354167,2.63392935546875,5.438327131510417,3.4388479127604166,3.5426085324013394
9643,12,6.77,2.257,90.0,6.325,3738,1198,108.435,2.0,19.713595395528156,8.677227122395832,2.892836279947917,8.106862858072917,2.5634348958333333,5.0100050327006205
9644,70,14.048,6.345,22.384,17.889,3746,1207,26.565,8.629,114.99597314058092,18.005566708333333,8.13249720703125,22.92864342578125,11.059939858072916,12.100311738194971
9645,3,2.365,1.615,135.0,2.828,199,1199,135.0,2.0,4.928398848882039,3.0312617643229167,2.069973678385417,3.624696942708333,2.5634348958333333,2.5050025163503102
9646,15,6.142,3.11,168.238,8.246,231,1200,165.964,4.707,24.641994244410196,7.872308565104167,3.986141263020833,10.569042075520834,6.03304402734375,5.601355910367322
9647,1,1.128,1.128,0.0,1.414,235,1199,135.0,1.0,1.642799616294013,1.4457772812499998,1.4457772812499998,1.8123484713541664,1.2817174479166666,1.4462638771355416
9648,17,9.115,2.375,86.266,9.487,272,1208,71.565,2.977,27.927593476998222,11.682854537760416,3.0440789388020835,12.159653428385417,3.8156728424479165,5.963098727945161
9649,7,3.861,2.308,91.061,5.385,322,1199,111.801,3.0,11.499597314058091,4.948711066406251,2.9582038697916664,6.90204845703125,3.8451523437499997,3.826454549076717
9650,1,1.128,1.128,0.0,1.414,329,1199,135.0,1.0,1.642799616294013,1.4457772812499998,1.4457772812499998,1.8123484713541664,1.2817174479166666,1.4462638771355416
9651,1,1.128,1.128,0.0,1.414,383,1199,135.0,1.0,1.642799616294013,1.4457772812499998,1.4457772812499998,1.8123484713541664,1.2817174479166666,1.4462638771355416
9652,2,2.257,1.128,90.0,2.236,3717,1199,116.565,1.0,3.285599232588026,2.892836279947917,1.4457772812499998,2.865920213541667,1.2817174479166666,2.0453259898153786
9653,1,1.128,1.128,0.0,1.414,108,1200,135.0,1.0,1.642799616294013,1.4457772812499998,1.4457772812499998,1.8123484713541664,1.2817174479166666,1.4462638771355416
9654,11,5.609,2.497,115.95,6.708,187,1200,116.565,3.0,18.070795779234142,7.1891531653645835,3.2004484674479166,8.597760640625,3.8451523437499997,4.796714628303253
9655,21,7.368,3.629,169.58,8.544,3662,1202,159.444,5.0,34.49879194217427,9.44369415625,4.651352618489583,10.950993875,6.408587239583333,6.627613691853932
9656,6,4.134,1.848,102.933,4.472,3692,1200,116.565,2.0,9.856797697764078,5.298619929687501,2.36861384375,5.731840427083334,2.5634348958333333,3.5426085324013394
9657,1,1.128,1.128,0.0,1.414,3787,1200,135.0,1.0,1.642799616294013,1.4457772812499998,1.4457772812499998,1.8123484713541664,1.2817174479166666,1.4462638771355416
9658,1,1.128,1.128,0.0,1.414,3789,1200,135.0,1.0,1.642799616294013,1.4457772812499998,1.4457772812499998,1.8123484713541664,1.2817174479166666,1.4462638771355416
9659,22,6.057,4.625,46.258,7.211,3790,1206,33.69,5.547,36.141591558468285,7.763362582031251,5.927943196614583,9.242464516927084,7.10968668359375,6.78357888217988
9660,1,1.128,1.128,0.0,1.414,3795,1200,135.0,1.0,1.642799616294013,1.4457772812499998,1.4457772812499998,1.8123484713541664,1.2817174479166666,1.4462638771355416
9661,1,1.128,1.128,0.0,1.414,192,1201,135.0,1.0,1.642799616294013,1.4457772812499998,1.4457772812499998,1.8123484713541664,1.2817174479166666,1.4462638771355416
9662,3,3.213,1.189,28.155,3.606,195,1203,33.69,1.789,4.928398848882039,4.11815816015625,1.5239620455729168,4.6218731171875,2.2929925143229166,2.5050025163503102
9663,1,1.128,1.128,0.0,1.414,270,1201,135.0,1.0,1.642799616294013,1.4457772812499998,1.4457772812499998,1.8123484713541664,1.2817174479166666,1.4462638771355416
9664,1,1.128,1.128,0.0,1.414,281,1201,135.0,1.0,1.642799616294013,1.4457772812499998,1.4457772812499998,1.8123484713541664,1.2817174479166666,1.4462638771355416
9665,2,2.596,0.981,45.0,2.828,327,1203,45.0,1.414,3.285599232588026,3.327338494791667,1.2573648164062499,3.624696942708333,1.8123484713541664,2.0453259898153786
9666,10,5.295,2.404,108.824,5.831,3450,1201,120.964,3.0,16.42799616294013,6.78669388671875,3.0812487447916665,7.473694438802084,3.8451523437499997,4.573487949374228
9667,22,8.358,3.351,97.388,10.198,3458,1201,101.31,5.0,36.141591558468285,10.7125944296875,4.2950351679687495,13.070954533854167,6.408587239583333,6.78357888217988
9668,3,3.385,1.128,0.0,3.162,3746,1201,161.565,1.0,4.928398848882039,4.338613561197916,1.4457772812499998,4.0527905703125,1.2817174479166666,2.5050025163503102
9669,4,4.514,1.128,90.0,4.123,3490,1202,104.036,1.0,6.571198465176052,5.785672559895834,1.4457772812499998,5.284521037760417,1.2817174479166666,2.892527754271083
9670,2,2.257,1.128,90.0,2.236,3519,1202,116.565,1.0,3.285599232588026,2.892836279947917,1.4457772812499998,2.865920213541667,1.2817174479166666,2.0453259898153786
9671,2,2.257,1.128,90.0,2.236,3585,1202,116.565,1.0,3.285599232588026,2.892836279947917,1.4457772812499998,2.865920213541667,1.2817174479166666,2.0453259898153786
9672,4,2.257,2.257,0.0,2.828,3648,1202,135.0,2.0,6.571198465176052,2.892836279947917,2.892836279947917,3.624696942708333,2.5634348958333333,2.892527754271083
9673,41,10.301,5.068,146.954,11.662,3720,1204,149.036,6.379,67.35478426805453,13.202971430989583,6.495744026041666,14.947388877604167,8.176075600260416,9.26060728541019
9674,5,4.183,1.522,79.099,4.472,3796,1206,63.435,2.0,8.213998081470065,5.361424084635416,1.9507739557291666,5.731840427083334,2.5634348958333333,3.2339443426774745
9675,4,3.192,1.596,108.435,3.606,218,1203,123.69,2.0,6.571198465176052,4.09124209375,2.045621046875,4.6218731171875,2.5634348958333333,2.892527754271083
9676,14,5.678,3.139,28.659,6.708,224,1206,26.565,4.271,22.999194628116182,7.277591669270833,4.023311069010417,8.597760640625,5.474215220052083,5.411423919108519
9677,1,1.128,1.128,0.0,1.414,244,1203,135.0,1.0,1.642799616294013,1.4457772812499998,1.4457772812499998,1.8123484713541664,1.2817174479166666,1.4462638771355416
9678,23,9.176,3.191,168.457,10.198,258,1208,11.31,4.608,37.7843911747623,11.761039302083333,4.089960376302083,13.070954533854167,5.906153999999999,6.936037892995103
9679,1,1.128,1.128,0.0,1.414,301,1204,135.0,1.0,1.642799616294013,1.4457772812499998,1.4457772812499998,1.8123484713541664,1.2817174479166666,1.4462638771355416
9680,4,2.257,2.257,0.0,2.828,448,1204,135.0,2.0,6.571198465176052,2.892836279947917,2.892836279947917,3.624696942708333,2.5634348958333333,2.892527754271083
9681,1,1.128,1.128,0.0,1.414,615,1204,135.0,1.0,1.642799616294013,1.4457772812499998,1.4457772812499998,1.8123484713541664,1.2817174479166666,1.4462638771355416
9682,4,2.734,1.863,90.0,3.162,3651,1204,108.435,2.0,6.571198465176052,3.5042155026041666,2.38783960546875,4.0527905703125,2.5634348958333333,2.892527754271083
9683,10,6.072,2.097,78.639,6.708,203,1211,63.435,2.942,16.42799616294013,7.78258834375,2.6877614882812497,8.597760640625,3.7708127317708335,4.573487949374228
9684,1,1.128,1.128,0.0,1.414,248,1205,135.0,1.0,1.642799616294013,1.4457772812499998,1.4457772812499998,1.8123484713541664,1.2817174479166666,1.4462638771355416
9685,4,3.589,1.419,135.0,4.243,309,1205,135.0,2.121,6.571198465176052,4.600083920572916,1.81875705859375,5.438327131510417,2.71852270703125,2.892527754271083
9686,1,1.128,1.128,0.0,1.414,3507,1205,135.0,1.0,1.642799616294013,1.4457772812499998,1.4457772812499998,1.8123484713541664,1.2817174479166666,1.4462638771355416
9687,1,1.128,1.128,0.0,1.414,3533,1205,135.0,1.0,1.642799616294013,1.4457772812499998,1.4457772812499998,1.8123484713541664,1.2817174479166666,1.4462638771355416
9688,1,1.128,1.128,0.0,1.414,3631,1205,135.0,1.0,1.642799616294013,1.4457772812499998,1.4457772812499998,1.8123484713541664,1.2817174479166666,1.4462638771355416
9689,2,2.257,1.128,90.0,2.236,3739,1205,116.565,1.0,3.285599232588026,2.892836279947917,1.4457772812499998,2.865920213541667,1.2817174479166666,2.0453259898153786
9690,1,1.128,1.128,0.0,1.414,3754,1205,135.0,1.0,1.642799616294013,1.4457772812499998,1.4457772812499998,1.8123484713541664,1.2817174479166666,1.4462638771355416
9691,1,1.128,1.128,0.0,1.414,3830,1205,135.0,1.0,1.642799616294013,1.4457772812499998,1.4457772812499998,1.8123484713541664,1.2817174479166666,1.4462638771355416
9692,1,1.128,1.128,0.0,1.414,195,1206,135.0,1.0,1.642799616294013,1.4457772812499998,1.4457772812499998,1.8123484713541664,1.2817174479166666,1.4462638771355416
9693,1,1.128,1.128,0.0,1.414,319,1206,135.0,1.0,1.642799616294013,1.4457772812499998,1.4457772812499998,1.8123484713541664,1.2817174479166666,1.4462638771355416
9694,2,2.257,1.128,0.0,2.236,384,1206,153.435,1.0,3.285599232588026,2.892836279947917,1.4457772812499998,2.865920213541667,1.2817174479166666,2.0453259898153786
9695,2,2.257,1.128,90.0,2.236,3493,1206,116.565,1.0,3.285599232588026,2.892836279947917,1.4457772812499998,2.865920213541667,1.2817174479166666,2.0453259898153786
9696,73,10.934,8.501,150.041,14.142,3512,1206,135.0,10.607,119.92437198946295,14.014298575520833,10.895880024739583,18.126048148437498,13.595176970052082,12.35688398296352
9697,337,25.737,16.671,37.52,38.21,3791,1239,42.879,26.386,553.6234706910824,32.98756195703125,21.36751157421875,48.97442368489583,33.81939658072916,26.549875539774238
9698,1,1.128,1.128,0.0,1.414,3825,1206,135.0,1.0,1.642799616294013,1.4457772812499998,1.4457772812499998,1.8123484713541664,1.2817174479166666,1.4462638771355416
9699,2,2.257,1.128,0.0,2.236,186,1207,153.435,1.0,3.285599232588026,2.892836279947917,1.4457772812499998,2.865920213541667,1.2817174479166666,2.0453259898153786
9700,2,2.257,1.128,90.0,2.236,200,1207,116.565,1.0,3.285599232588026,2.892836279947917,1.4457772812499998,2.865920213541667,1.2817174479166666,2.0453259898153786
9701,1,1.128,1.128,0.0,1.414,389,1207,135.0,1.0,1.642799616294013,1.4457772812499998,1.4457772812499998,1.8123484713541664,1.2817174479166666,1.4462638771355416
9702,1,1.128,1.128,0.0,1.414,3490,1207,135.0,1.0,1.642799616294013,1.4457772812499998,1.4457772812499998,1.8123484713541664,1.2817174479166666,1.4462638771355416
9703,2,2.257,1.128,90.0,2.236,3701,1207,116.565,1.0,3.285599232588026,2.892836279947917,1.4457772812499998,2.865920213541667,1.2817174479166666,2.0453259898153786
9704,3,2.365,1.615,45.0,2.828,3779,1209,45.0,2.0,4.928398848882039,3.0312617643229167,2.069973678385417,3.624696942708333,2.5634348958333333,2.5050025163503102
9705,1,1.128,1.128,0.0,1.414,3817,1207,135.0,1.0,1.642799616294013,1.4457772812499998,1.4457772812499998,1.8123484713541664,1.2817174479166666,1.4462638771355416
9706,120,21.174,7.216,25.195,27.803,174,1226,37.694,11.342,197.13595395528156,27.139085242187498,9.248873104166666,35.63559020442708,14.537239294270833,15.843026992240322
9707,1,1.128,1.128,0.0,1.414,279,1208,135.0,1.0,1.642799616294013,1.4457772812499998,1.4457772812499998,1.8123484713541664,1.2817174479166666,1.4462638771355416
9708,14,5.851,3.047,145.845,7.211,320,1208,146.31,4.0,22.999194628116182,7.499328787760416,3.9053930638020833,9.242464516927084,5.126869791666667,5.411423919108519
9709,1,1.128,1.128,0.0,1.414,367,1208,135.0,1.0,1.642799616294013,1.4457772812499998,1.4457772812499998,1.8123484713541664,1.2817174479166666,1.4462638771355416
9710,8,5.903,1.726,82.414,6.325,370,1214,71.565,2.0,13.142396930352104,7.565978095052083,2.2122443151041664,8.106862858072917,2.5634348958333333,4.090651979630757
9711,4,2.257,2.257,0.0,2.828,404,1208,135.0,2.0,6.571198465176052,2.892836279947917,2.892836279947917,3.624696942708333,2.5634348958333333,2.892527754271083
9712,2,2.257,1.128,90.0,2.236,561,1208,116.565,1.0,3.285599232588026,2.892836279947917,1.4457772812499998,2.865920213541667,1.2817174479166666,2.0453259898153786
9713,7,4.154,2.146,81.65,4.472,3550,1212,63.435,2.0,11.499597314058091,5.324254278645833,2.7505656432291663,5.731840427083334,2.5634348958333333,3.826454549076717
9714,3,2.365,1.615,45.0,2.828,3744,1210,45.0,2.0,4.928398848882039,3.0312617643229167,2.069973678385417,3.624696942708333,2.5634348958333333,2.5050025163503102
9715,4,3.192,1.596,18.435,3.606,207,1211,33.69,2.0,6.571198465176052,4.09124209375,2.045621046875,4.6218731171875,2.5634348958333333,2.892527754271083
9716,125,23.701,6.715,176.05,26.173,226,1215,6.582,9.614,205.34995203675163,30.377985233072916,8.606732662760416,33.546390764322915,12.322431544270835,16.169721713387375
9717,2,2.596,0.981,45.0,2.828,259,1211,45.0,1.414,3.285599232588026,3.327338494791667,1.2573648164062499,3.624696942708333,1.8123484713541664,2.0453259898153786
9718,1,1.128,1.128,0.0,1.414,270,1209,135.0,1.0,1.642799616294013,1.4457772812499998,1.4457772812499998,1.8123484713541664,1.2817174479166666,1.4462638771355416
9719,3,2.365,1.615,45.0,2.828,363,1211,45.0,2.0,4.928398848882039,3.0312617643229167,2.069973678385417,3.624696942708333,2.5634348958333333,2.5050025163503102
9720,1,1.128,1.128,0.0,1.414,460,1209,135.0,1.0,1.642799616294013,1.4457772812499998,1.4457772812499998,1.8123484713541664,1.2817174479166666,1.4462638771355416
9721,3,2.365,1.615,135.0,2.828,3500,1209,135.0,2.0,4.928398848882039,3.0312617643229167,2.069973678385417,3.624696942708333,2.5634348958333333,2.5050025163503102
9722,5,3.144,2.025,108.435,3.606,3628,1209,123.69,2.0,8.213998081470065,4.02971965625,2.59547783203125,4.6218731171875,2.5634348958333333,3.2339443426774745
9723,6,4.281,1.784,86.942,5.099,3658,1209,101.31,2.0,9.856797697764078,5.48703239453125,2.2865839270833335,6.535477266927083,2.5634348958333333,3.5426085324013394
9724,1,1.128,1.128,0.0,1.414,3755,1209,135.0,1.0,1.642799616294013,1.4457772812499998,1.4457772812499998,1.8123484713541664,1.2817174479166666,1.4462638771355416
9725,1,1.128,1.128,0.0,1.414,3789,1209,135.0,1.0,1.642799616294013,1.4457772812499998,1.4457772812499998,1.8123484713541664,1.2817174479166666,1.4462638771355416
9726,3,2.365,1.615,135.0,2.828,3816,1209,135.0,2.0,4.928398848882039,3.0312617643229167,2.069973678385417,3.624696942708333,2.5634348958333333,2.5050025163503102
9727,5,3.144,2.025,71.565,3.606,151,1213,56.31,2.0,8.213998081470065,4.02971965625,2.59547783203125,4.6218731171875,2.5634348958333333,3.2339443426774745
9728,3,3.213,1.189,61.845,3.606,179,1213,56.31,1.789,4.928398848882039,4.11815816015625,1.5239620455729168,4.6218731171875,2.2929925143229166,2.5050025163503102
9729,18,6.223,3.683,171.963,8.062,183,1214,29.745,5.0,29.570393093292235,7.976127678385416,4.720565360677083,10.333206065104166,6.408587239583333,6.135977969446135
9730,1,1.128,1.128,0.0,1.414,283,1210,135.0,1.0,1.642799616294013,1.4457772812499998,1.4457772812499998,1.8123484713541664,1.2817174479166666,1.4462638771355416
9731,13,5.218,3.172,151.716,5.831,315,1210,120.964,4.427,21.35639501182217,6.688001643229167,4.0656077447916665,7.473694438802084,5.674163141927083,5.214578566863546
9732,8,4.514,2.257,90.0,4.472,348,1210,116.565,2.0,13.142396930352104,5.785672559895834,2.892836279947917,5.731840427083334,2.5634348958333333,4.090651979630757
9733,1,1.128,1.128,0.0,1.414,401,1210,135.0,1.0,1.642799616294013,1.4457772812499998,1.4457772812499998,1.8123484713541664,1.2817174479166666,1.4462638771355416
9734,5,4.076,1.562,159.006,4.472,462,1210,153.435,2.0,8.213998081470065,5.224280317708333,2.0020426536458333,5.731840427083334,2.5634348958333333,3.2339443426774745
9735,6,4.749,1.609,129.69,5.657,3631,1210,135.0,2.496,9.856797697764078,6.086876160156249,2.0622833736979165,7.250675602864583,3.19916675,3.5426085324013394
9736,2,2.257,1.128,90.0,2.236,3637,1210,116.565,1.0,3.285599232588026,2.892836279947917,1.4457772812499998,2.865920213541667,1.2817174479166666,2.0453259898153786
9737,3,3.385,1.128,90.0,3.162,3653,1210,108.435,1.0,4.928398848882039,4.338613561197916,1.4457772812499998,4.0527905703125,1.2817174479166666,2.5050025163503102
9738,22,6.472,4.328,73.581,7.81,3716,1216,50.194,5.0,36.141591558468285,8.295275322916668,5.547273114583334,10.010213268229165,6.408587239583333,6.78357888217988
9739,1,1.128,1.128,0.0,1.414,263,1211,135.0,1.0,1.642799616294013,1.4457772812499998,1.4457772812499998,1.8123484713541664,1.2817174479166666,1.4462638771355416
9740,7,3.086,2.888,90.0,3.606,304,1211,123.69,3.0,11.499597314058091,3.955380044270833,3.701599989583333,4.6218731171875,3.8451523437499997,3.826454549076717
9741,1,1.128,1.128,0.0,1.414,368,1211,135.0,1.0,1.642799616294013,1.4457772812499998,1.4457772812499998,1.8123484713541664,1.2817174479166666,1.4462638771355416
9742,3,2.365,1.615,135.0,2.828,3758,1211,135.0,2.0,4.928398848882039,3.0312617643229167,2.069973678385417,3.624696942708333,2.5634348958333333,2.5050025163503102
9743,5,3.144,2.025,161.565,3.606,3766,1211,146.31,2.0,8.213998081470065,4.02971965625,2.59547783203125,4.6218731171875,2.5634348958333333,3.2339443426774745
9744,1,1.128,1.128,0.0,1.414,3839,1211,135.0,1.0,1.642799616294013,1.4457772812499998,1.4457772812499998,1.8123484713541664,1.2817174479166666,1.4462638771355416
9745,6,3.489,2.19,45.0,4.243,197,1215,45.0,2.828,9.856797697764078,4.47191217578125,2.8069612109374997,5.438327131510417,3.624696942708333,3.5426085324013394
9746,5,3.144,2.025,108.435,3.606,205,1212,123.69,2.0,8.213998081470065,4.02971965625,2.59547783203125,4.6218731171875,2.5634348958333333,3.2339443426774745
9747,5,3.679,1.73,25.67,4.472,216,1214,26.565,2.53,8.213998081470065,4.7154384908854166,2.2173711848958333,5.731840427083334,3.2427451432291665,3.2339443426774745
9748,19,5.801,4.17,122.643,7.81,285,1212,129.806,5.547,31.21319270958625,7.435242915364584,5.3447617578125,10.010213268229165,7.10968668359375,6.304118086127151
9749,11,4.418,3.17,135.0,5.0,416,1212,126.87,4.0,18.070795779234142,5.662627684895833,4.063044309895833,6.408587239583333,5.126869791666667,4.796714628303253
9750,1,1.128,1.128,0.0,1.414,3391,1212,135.0,1.0,1.642799616294013,1.4457772812499998,1.4457772812499998,1.8123484713541664,1.2817174479166666,1.4462638771355416
9751,2,2.257,1.128,0.0,2.236,3529,1212,153.435,1.0,3.285599232588026,2.892836279947917,1.4457772812499998,2.865920213541667,1.2817174479166666,2.0453259898153786
9752,57,12.347,5.878,137.693,16.643,3692,1212,147.265,8.485,93.63957812875874,15.825365329427083,7.533935158854167,21.331623485677085,10.875372545572915,10.919052822086096
9753,20,7.637,3.334,63.769,9.22,3740,1220,49.399,5.27,32.85599232588026,9.788476149739582,4.273245971354167,11.817434869791667,6.7546509505208325,6.467888685354949
9754,13,7.362,2.248,49.958,7.81,3775,1218,50.194,2.828,21.35639501182217,9.4360038515625,2.881300822916667,10.010213268229165,3.624696942708333,5.214578566863546
9755,15,7.864,2.429,13.709,8.246,251,1216,14.036,3.395,24.641994244410196,10.079426010416666,3.113291680989583,10.569042075520834,4.351430735677083,5.601355910367322
9756,1,1.128,1.128,0.0,1.414,3461,1213,135.0,1.0,1.642799616294013,1.4457772812499998,1.4457772812499998,1.8123484713541664,1.2817174479166666,1.4462638771355416
9757,1,1.128,1.128,0.0,1.414,3463,1213,135.0,1.0,1.642799616294013,1.4457772812499998,1.4457772812499998,1.8123484713541664,1.2817174479166666,1.4462638771355416
9758,30,7.17,5.327,55.348,10.296,3498,1222,60.945,7.071,49.28398848882039,9.1899141015625,6.827708845052083,13.19656284375,9.063024074218749,7.921513496120161
9759,1,1.128,1.128,0.0,1.414,3506,1213,135.0,1.0,1.642799616294013,1.4457772812499998,1.4457772812499998,1.8123484713541664,1.2817174479166666,1.4462638771355416
9760,1,1.128,1.128,0.0,1.414,3683,1213,135.0,1.0,1.642799616294013,1.4457772812499998,1.4457772812499998,1.8123484713541664,1.2817174479166666,1.4462638771355416
9761,11,4.9,2.859,105.255,5.385,3752,1213,111.801,3.0,18.070795779234142,6.280415494791667,3.66443018359375,6.90204845703125,3.8451523437499997,4.796714628303253
9762,1,1.128,1.128,0.0,1.414,269,1214,135.0,1.0,1.642799616294013,1.4457772812499998,1.4457772812499998,1.8123484713541664,1.2817174479166666,1.4462638771355416
9763,1,1.128,1.128,0.0,1.414,3568,1214,135.0,1.0,1.642799616294013,1.4457772812499998,1.4457772812499998,1.8123484713541664,1.2817174479166666,1.4462638771355416
9764,7,4.154,2.146,98.35,4.472,3628,1214,116.565,2.0,11.499597314058091,5.324254278645833,2.7505656432291663,5.731840427083334,2.5634348958333333,3.826454549076717
9765,3,2.365,1.615,135.0,2.828,3672,1214,135.0,2.0,4.928398848882039,3.0312617643229167,2.069973678385417,3.624696942708333,2.5634348958333333,2.5050025163503102
9766,5,3.144,2.025,71.565,3.606,3734,1217,56.31,2.0,8.213998081470065,4.02971965625,2.59547783203125,4.6218731171875,2.5634348958333333,3.2339443426774745
9767,18,5.774,3.969,145.852,7.81,3786,1214,140.194,4.707,29.570393093292235,7.400636544270833,5.08713655078125,10.010213268229165,6.03304402734375,6.135977969446135
9768,2,2.257,1.128,0.0,2.236,144,1215,153.435,1.0,3.285599232588026,2.892836279947917,1.4457772812499998,2.865920213541667,1.2817174479166666,2.0453259898153786
9769,2,2.596,0.981,45.0,2.828,157,1217,45.0,1.414,3.285599232588026,3.327338494791667,1.2573648164062499,3.624696942708333,1.8123484713541664,2.0453259898153786
9770,2,2.257,1.128,90.0,2.236,219,1215,116.565,1.0,3.285599232588026,2.892836279947917,1.4457772812499998,2.865920213541667,1.2817174479166666,2.0453259898153786
9771,1,1.128,1.128,0.0,1.414,314,1215,135.0,1.0,1.642799616294013,1.4457772812499998,1.4457772812499998,1.8123484713541664,1.2817174479166666,1.4462638771355416
9772,2,2.257,1.128,90.0,2.236,414,1215,116.565,1.0,3.285599232588026,2.892836279947917,1.4457772812499998,2.865920213541667,1.2817174479166666,2.0453259898153786
9773,1,1.128,1.128,0.0,1.414,521,1215,135.0,1.0,1.642799616294013,1.4457772812499998,1.4457772812499998,1.8123484713541664,1.2817174479166666,1.4462638771355416
9774,9,4.204,2.726,144.217,5.0,3655,1215,143.13,3.0,14.785196546646118,5.388340151041667,3.4939617630208333,6.408587239583333,3.8451523437499997,4.338791631406624
9775,1,1.128,1.128,0.0,1.414,3721,1215,135.0,1.0,1.642799616294013,1.4457772812499998,1.4457772812499998,1.8123484713541664,1.2817174479166666,1.4462638771355416
9776,1,1.128,1.128,0.0,1.414,3723,1215,135.0,1.0,1.642799616294013,1.4457772812499998,1.4457772812499998,1.8123484713541664,1.2817174479166666,1.4462638771355416
9777,4,3.216,1.583,121.717,3.606,3771,1215,123.69,2.0,6.571198465176052,4.1220033125,2.028958720052083,4.6218731171875,2.5634348958333333,2.892527754271083
9778,4,4.514,1.128,90.0,4.123,3784,1215,104.036,1.0,6.571198465176052,5.785672559895834,1.4457772812499998,5.284521037760417,1.2817174479166666,2.892527754271083
9779,1,1.128,1.128,0.0,1.414,88,1216,135.0,1.0,1.642799616294013,1.4457772812499998,1.4457772812499998,1.8123484713541664,1.2817174479166666,1.4462638771355416
9780,4,2.734,1.863,90.0,3.162,225,1216,108.435,2.0,6.571198465176052,3.5042155026041666,2.38783960546875,4.0527905703125,2.5634348958333333,2.892527754271083
9781,31,10.873,3.63,102.69,12.649,274,1216,108.435,5.099,50.926788105114404,13.936113811197915,4.6526343359375,16.212443998697914,6.535477266927083,8.052456474363645
9782,5,3.144,2.025,71.565,3.606,319,1219,56.31,2.0,8.213998081470065,4.02971965625,2.59547783203125,4.6218731171875,2.5634348958333333,3.2339443426774745
9783,8,3.523,2.891,95.392,4.472,487,1220,63.435,3.0,13.142396930352104,4.515490569010416,3.705445141927083,5.731840427083334,3.8451523437499997,4.090651979630757
9784,31,9.794,4.03,103.611,13.601,3532,1216,107.103,6.405,50.926788105114404,12.553140684895833,5.165321315104167,17.432639009114585,8.20940025390625,8.052456474363645
9785,33,7.652,5.491,138.429,10.0,3728,1216,126.87,7.031,54.21238733770243,9.807701911458333,7.037910506510416,12.817174479166667,9.011755376302082,8.308153445630097
9786,215,20.649,13.257,3.855,27.295,3756,1220,151.557,20.0,353.2019175032128,26.46618358203125,16.99172820703125,34.98447774088542,25.634348958333334,21.206391218121784
9787,3,3.213,1.189,118.155,3.606,86,1217,123.69,1.789,4.928398848882039,4.11815816015625,1.5239620455729168,4.6218731171875,2.2929925143229166,2.5050025163503102
9788,4,3.192,1.596,71.565,3.606,216,1220,56.31,2.0,6.571198465176052,4.09124209375,2.045621046875,4.6218731171875,2.5634348958333333,2.892527754271083
9789,1,1.128,1.128,0.0,1.414,461,1217,135.0,1.0,1.642799616294013,1.4457772812499998,1.4457772812499998,1.8123484713541664,1.2817174479166666,1.4462638771355416
9790,15,5.727,3.335,54.446,7.81,3543,1223,50.194,4.715,24.641994244410196,7.34039582421875,4.274527688802083,10.010213268229165,6.043297766927083,5.601355910367322
9791,6,3.385,2.257,90.0,3.606,3602,1217,123.69,2.0,9.856797697764078,4.338613561197916,2.892836279947917,4.6218731171875,2.5634348958333333,3.5426085324013394
9792,2,2.257,1.128,90.0,2.236,3626,1217,116.565,1.0,3.285599232588026,2.892836279947917,1.4457772812499998,2.865920213541667,1.2817174479166666,2.0453259898153786
9793,1,1.128,1.128,0.0,1.414,3692,1217,135.0,1.0,1.642799616294013,1.4457772812499998,1.4457772812499998,1.8123484713541664,1.2817174479166666,1.4462638771355416
9794,2,2.257,1.128,0.0,2.236,3760,1217,153.435,1.0,3.285599232588026,2.892836279947917,1.4457772812499998,2.865920213541667,1.2817174479166666,2.0453259898153786
9795,2,2.596,0.981,45.0,2.828,254,1220,45.0,1.414,3.285599232588026,3.327338494791667,1.2573648164062499,3.624696942708333,1.8123484713541664,2.0453259898153786
9796,9,4.488,2.553,76.717,5.0,325,1222,53.13,3.0,14.785196546646118,5.752347906250001,3.2722246445312497,6.408587239583333,3.8451523437499997,4.338791631406624
9797,1,1.128,1.128,0.0,1.414,407,1218,135.0,1.0,1.642799616294013,1.4457772812499998,1.4457772812499998,1.8123484713541664,1.2817174479166666,1.4462638771355416
9798,1,1.128,1.128,0.0,1.414,3233,1218,135.0,1.0,1.642799616294013,1.4457772812499998,1.4457772812499998,1.8123484713541664,1.2817174479166666,1.4462638771355416
9799,6,3.988,1.916,71.565,4.472,3478,1222,63.435,2.0,9.856797697764078,5.111489182291667,2.4557706302083333,5.731840427083334,2.5634348958333333,3.5426085324013394
9800,2,2.257,1.128,90.0,2.236,3619,1218,116.565,1.0,3.285599232588026,2.892836279947917,1.4457772812499998,2.865920213541667,1.2817174479166666,2.0453259898153786
9801,1,1.128,1.128,0.0,1.414,3621,1218,135.0,1.0,1.642799616294013,1.4457772812499998,1.4457772812499998,1.8123484713541664,1.2817174479166666,1.4462638771355416
9802,2,2.257,1.128,0.0,2.236,3682,1218,153.435,1.0,3.285599232588026,2.892836279947917,1.4457772812499998,2.865920213541667,1.2817174479166666,2.0453259898153786
9803,2,2.257,1.128,0.0,2.236,3715,1218,153.435,1.0,3.285599232588026,2.892836279947917,1.4457772812499998,2.865920213541667,1.2817174479166666,2.0453259898153786
9804,1,1.128,1.128,0.0,1.414,342,1219,135.0,1.0,1.642799616294013,1.4457772812499998,1.4457772812499998,1.8123484713541664,1.2817174479166666,1.4462638771355416
9805,21,5.393,4.958,63.622,8.602,1751,1226,54.462,7.0,34.49879194217427,6.912302196614583,6.354755106770834,11.025333486979166,8.972022135416667,6.627613691853932
9806,2,2.257,1.128,90.0,2.236,3439,1219,116.565,1.0,3.285599232588026,2.892836279947917,1.4457772812499998,2.865920213541667,1.2817174479166666,2.0453259898153786
9807,10,5.04,2.526,0.0,6.083,3567,1219,170.538,3.0,16.42799616294013,6.4598559374999995,3.2376182734374996,7.7966872356770835,3.8451523437499997,4.573487949374228
9808,22,7.464,3.753,145.62,9.22,3628,1219,130.601,5.657,36.141591558468285,9.56673903125,4.81028558203125,11.817434869791667,7.250675602864583,6.78357888217988
9809,22,9.238,3.032,82.477,9.849,3640,1228,66.038,4.0,36.141591558468285,11.840505783854166,3.8861673020833334,12.62363514453125,5.126869791666667,6.78357888217988
9810,23,7.905,3.705,70.725,9.487,3683,1228,71.565,5.909,37.7843911747623,10.13197642578125,4.74876314453125,12.159653428385417,7.573668399739583,6.936037892995103
9811,1,1.128,1.128,0.0,1.414,3726,1219,135.0,1.0,1.642799616294013,1.4457772812499998,1.4457772812499998,1.8123484713541664,1.2817174479166666,1.4462638771355416
9812,6,3.718,2.055,143.13,4.243,207,1220,135.0,2.683,9.856797697764078,4.765425471354167,2.63392935546875,5.438327131510417,3.4388479127604166,3.5426085324013394
9813,8,3.824,2.664,72.704,4.472,234,1224,63.435,3.0,13.142396930352104,4.901287520833333,3.4144952812500002,5.731840427083334,3.8451523437499997,4.090651979630757
9814,1,1.128,1.128,0.0,1.414,279,1220,135.0,1.0,1.642799616294013,1.4457772812499998,1.4457772812499998,1.8123484713541664,1.2817174479166666,1.4462638771355416
9815,8,4.514,2.257,90.0,4.472,358,1220,116.565,2.0,13.142396930352104,5.785672559895834,2.892836279947917,5.731840427083334,2.5634348958333333,4.090651979630757
9816,2,2.257,1.128,0.0,2.236,3614,1220,153.435,1.0,3.285599232588026,2.892836279947917,1.4457772812499998,2.865920213541667,1.2817174479166666,2.0453259898153786
9817,15,5.288,3.612,90.0,6.325,3716,1220,108.435,4.0,24.641994244410196,6.7777218645833335,4.629563421875,8.106862858072917,5.126869791666667,5.601355910367322
9818,1,1.128,1.128,0.0,1.414,3749,1220,135.0,1.0,1.642799616294013,1.4457772812499998,1.4457772812499998,1.8123484713541664,1.2817174479166666,1.4462638771355416
9819,1,1.128,1.128,0.0,1.414,3822,1220,135.0,1.0,1.642799616294013,1.4457772812499998,1.4457772812499998,1.8123484713541664,1.2817174479166666,1.4462638771355416
9820,3,2.365,1.615,45.0,2.828,204,1223,45.0,2.0,4.928398848882039,3.0312617643229167,2.069973678385417,3.624696942708333,2.5634348958333333,2.5050025163503102
9821,1,1.128,1.128,0.0,1.414,216,1221,135.0,1.0,1.642799616294013,1.4457772812499998,1.4457772812499998,1.8123484713541664,1.2817174479166666,1.4462638771355416
9822,1,1.128,1.128,0.0,1.414,218,1221,135.0,1.0,1.642799616294013,1.4457772812499998,1.4457772812499998,1.8123484713541664,1.2817174479166666,1.4462638771355416
9823,95,14.645,8.259,18.459,26.926,221,1236,31.329,16.247,156.06596354793123,18.770752024739583,10.585704402343751,34.51152400260416,20.82406337630208,14.096436578766182
9824,6,5.232,1.46,154.805,5.831,255,1221,149.036,2.214,9.856797697764078,6.7059456875,1.8713074739583333,7.473694438802084,2.8377224296875,3.5426085324013394
9825,2,2.257,1.128,0.0,2.236,400,1221,153.435,1.0,3.285599232588026,2.892836279947917,1.4457772812499998,2.865920213541667,1.2817174479166666,2.0453259898153786
9826,3,3.385,1.128,90.0,3.162,3528,1221,108.435,1.0,4.928398848882039,4.338613561197916,1.4457772812499998,4.0527905703125,1.2817174479166666,2.5050025163503102
9827,13,6.673,2.48,174.511,6.708,3648,1221,153.435,3.0,21.35639501182217,8.552900529947916,3.178659270833333,8.597760640625,3.8451523437499997,5.214578566863546
9828,22,11.013,2.544,58.011,13.038,3708,1232,57.529,4.715,36.141591558468285,14.11555425390625,3.2606891875,16.7110320859375,6.043297766927083,6.78357888217988
9829,37,8.348,5.643,30.905,11.314,3744,1230,45.0,8.931,60.783585802878484,10.699777255208334,7.232731558593749,14.501351205729167,11.447018527343749,8.7972797207639
9830,4,3.192,1.596,71.565,3.606,3788,1224,56.31,2.0,6.571198465176052,4.09124209375,2.045621046875,4.6218731171875,2.5634348958333333,2.892527754271083
9831,8,4.747,2.146,42.915,5.657,288,1226,45.0,2.828,13.142396930352104,6.084312725260417,2.7505656432291663,7.250675602864583,3.624696942708333,4.090651979630757
9832,1,1.128,1.128,0.0,1.414,438,1222,135.0,1.0,1.642799616294013,1.4457772812499998,1.4457772812499998,1.8123484713541664,1.2817174479166666,1.4462638771355416
9833,1,1.128,1.128,0.0,1.414,3541,1222,135.0,1.0,1.642799616294013,1.4457772812499998,1.4457772812499998,1.8123484713541664,1.2817174479166666,1.4462638771355416
9834,151,14.703,13.076,1.232,18.868,3594,1222,122.005,15.179,248.06274206039598,18.84509163671875,16.759737348958332,24.183444807291664,19.455189141927082,17.77198805841306
9835,2,2.257,1.128,90.0,2.236,3705,1222,116.565,1.0,3.285599232588026,2.892836279947917,1.4457772812499998,2.865920213541667,1.2817174479166666,2.0453259898153786
9836,1,1.128,1.128,0.0,1.414,3769,1222,135.0,1.0,1.642799616294013,1.4457772812499998,1.4457772812499998,1.8123484713541664,1.2817174479166666,1.4462638771355416
9837,5,4.183,1.522,79.099,4.472,3824,1226,63.435,2.0,8.213998081470065,5.361424084635416,1.9507739557291666,5.731840427083334,2.5634348958333333,3.2339443426774745
9838,287,20.497,17.828,77.515,30.017,3814,1242,29.982,26.0,471.4834898763817,26.271362529947915,22.850458661458333,38.473312634114585,33.32465364583333,24.501263866628307
9839,6,3.385,2.257,90.0,3.606,3838,1222,123.69,2.0,9.856797697764078,4.338613561197916,2.892836279947917,4.6218731171875,2.5634348958333333,3.5426085324013394
9840,1,1.128,1.128,0.0,1.414,201,1223,135.0,1.0,1.642799616294013,1.4457772812499998,1.4457772812499998,1.8123484713541664,1.2817174479166666,1.4462638771355416
9841,2,2.257,1.128,90.0,2.236,211,1223,116.565,1.0,3.285599232588026,2.892836279947917,1.4457772812499998,2.865920213541667,1.2817174479166666,2.0453259898153786
9842,1,1.128,1.128,0.0,1.414,274,1223,135.0,1.0,1.642799616294013,1.4457772812499998,1.4457772812499998,1.8123484713541664,1.2817174479166666,1.4462638771355416
9843,4,4.514,1.128,0.0,4.123,324,1223,165.964,1.0,6.571198465176052,5.785672559895834,1.4457772812499998,5.284521037760417,1.2817174479166666,2.892527754271083
9844,1,1.128,1.128,0.0,1.414,329,1223,135.0,1.0,1.642799616294013,1.4457772812499998,1.4457772812499998,1.8123484713541664,1.2817174479166666,1.4462638771355416
9845,35,9.34,4.771,51.403,10.63,342,1231,41.186,6.261,57.49798657029046,11.971240963541666,6.115073944010416,13.624656471354168,8.02483294140625,8.556212484548844
9846,7,4.439,2.008,150.128,5.0,363,1223,143.13,2.683,11.499597314058091,5.689543751302083,2.5736886354166666,6.408587239583333,3.4388479127604166,3.826454549076717
9847,5,3.316,1.92,135.0,4.243,3538,1223,135.0,2.828,8.213998081470065,4.250175057291666,2.4608974999999997,5.438327131510417,3.624696942708333,3.2339443426774745
9848,2,2.257,1.128,0.0,2.236,3578,1223,153.435,1.0,3.285599232588026,2.892836279947917,1.4457772812499998,2.865920213541667,1.2817174479166666,2.0453259898153786
9849,2,2.257,1.128,90.0,2.236,3609,1223,116.565,1.0,3.285599232588026,2.892836279947917,1.4457772812499998,2.865920213541667,1.2817174479166666,2.0453259898153786
9850,2,2.257,1.128,0.0,2.236,3820,1223,153.435,1.0,3.285599232588026,2.892836279947917,1.4457772812499998,2.865920213541667,1.2817174479166666,2.0453259898153786
9851,3,2.365,1.615,45.0,2.828,3834,1225,45.0,2.0,4.928398848882039,3.0312617643229167,2.069973678385417,3.624696942708333,2.5634348958333333,2.5050025163503102
9852,1,1.128,1.128,0.0,1.414,119,1224,135.0,1.0,1.642799616294013,1.4457772812499998,1.4457772812499998,1.8123484713541664,1.2817174479166666,1.4462638771355416
9853,4,3.192,1.596,161.565,3.606,187,1224,146.31,2.0,6.571198465176052,4.09124209375,2.045621046875,4.6218731171875,2.5634348958333333,2.892527754271083
9854,3,2.365,1.615,135.0,2.828,207,1224,135.0,2.0,4.928398848882039,3.0312617643229167,2.069973678385417,3.624696942708333,2.5634348958333333,2.5050025163503102
9855,5,4.183,1.522,100.901,4.472,624,1224,116.565,2.0,8.213998081470065,5.361424084635416,1.9507739557291666,5.731840427083334,2.5634348958333333,3.2339443426774745
9856,4,2.734,1.863,0.0,3.162,3525,1225,161.565,2.0,6.571198465176052,3.5042155026041666,2.38783960546875,4.0527905703125,2.5634348958333333,2.892527754271083
9857,99,14.225,8.861,169.069,17.72,3611,1227,163.61,12.203,162.6371620131073,18.232430696614582,11.357298305989584,22.71203317708333,15.640798016927082,14.39014388490976
9858,1,1.128,1.128,0.0,1.414,318,1225,135.0,1.0,1.642799616294013,1.4457772812499998,1.4457772812499998,1.8123484713541664,1.2817174479166666,1.4462638771355416
9859,4,3.192,1.596,108.435,3.606,333,1225,123.69,2.0,6.571198465176052,4.09124209375,2.045621046875,4.6218731171875,2.5634348958333333,2.892527754271083
9860,2,2.596,0.981,135.0,2.828,3580,1225,135.0,1.414,3.285599232588026,3.327338494791667,1.2573648164062499,3.624696942708333,1.8123484713541664,2.0453259898153786
9861,20,5.318,4.788,6.798,7.616,3657,1227,156.801,6.0,32.85599232588026,6.816173388020832,6.1368631406250005,9.761560083333332,7.690304687499999,6.467888685354949
9862,1,1.128,1.128,0.0,1.414,3676,1225,135.0,1.0,1.642799616294013,1.4457772812499998,1.4457772812499998,1.8123484713541664,1.2817174479166666,1.4462638771355416
9863,1,1.128,1.128,0.0,1.414,3692,1225,135.0,1.0,1.642799616294013,1.4457772812499998,1.4457772812499998,1.8123484713541664,1.2817174479166666,1.4462638771355416
9864,3,3.213,1.189,118.155,3.606,3700,1225,123.69,1.789,4.928398848882039,4.11815816015625,1.5239620455729168,4.6218731171875,2.2929925143229166,2.5050025163503102
9865,1,1.128,1.128,0.0,1.414,99,1226,135.0,1.0,1.642799616294013,1.4457772812499998,1.4457772812499998,1.8123484713541664,1.2817174479166666,1.4462638771355416
9866,1,1.128,1.128,0.0,1.414,191,1226,135.0,1.0,1.642799616294013,1.4457772812499998,1.4457772812499998,1.8123484713541664,1.2817174479166666,1.4462638771355416
9867,18,6.499,3.527,158.181,7.211,195,1226,146.31,4.0,29.570393093292235,8.329881694010416,4.520617438802083,9.242464516927084,5.126869791666667,6.135977969446135
9868,11,4.164,3.363,45.0,5.831,291,1231,30.964,4.243,18.070795779234142,5.337071453125,4.31041577734375,7.473694438802084,5.438327131510417,4.796714628303253
9869,6,4.153,1.84,86.437,4.472,406,1226,116.565,2.0,9.856797697764078,5.322972561197916,2.3583601041666666,5.731840427083334,2.5634348958333333,3.5426085324013394
9870,48,9.597,6.368,97.811,10.77,3512,1236,68.199,7.0,78.85438158211262,12.300642347656249,8.161976708333334,13.8040969140625,8.972022135416667,10.020010065401241
9871,1,1.128,1.128,0.0,1.414,3655,1226,135.0,1.0,1.642799616294013,1.4457772812499998,1.4457772812499998,1.8123484713541664,1.2817174479166666,1.4462638771355416
9872,2,2.257,1.128,0.0,2.236,3694,1226,153.435,1.0,3.285599232588026,2.892836279947917,1.4457772812499998,2.865920213541667,1.2817174479166666,2.0453259898153786
9873,3,2.365,1.615,135.0,2.828,252,1227,135.0,2.0,4.928398848882039,3.0312617643229167,2.069973678385417,3.624696942708333,2.5634348958333333,2.5050025163503102
9874,1,1.128,1.128,0.0,1.414,274,1227,135.0,1.0,1.642799616294013,1.4457772812499998,1.4457772812499998,1.8123484713541664,1.2817174479166666,1.4462638771355416
9875,2,2.257,1.128,0.0,2.236,314,1227,153.435,1.0,3.285599232588026,2.892836279947917,1.4457772812499998,2.865920213541667,1.2817174479166666,2.0453259898153786
9876,1,1.128,1.128,0.0,1.414,354,1227,135.0,1.0,1.642799616294013,1.4457772812499998,1.4457772812499998,1.8123484713541664,1.2817174479166666,1.4462638771355416
9877,6,3.385,2.257,90.0,3.606,602,1227,123.69,2.0,9.856797697764078,4.338613561197916,2.892836279947917,4.6218731171875,2.5634348958333333,3.5426085324013394
9878,1,1.128,1.128,0.0,1.414,3717,1227,135.0,1.0,1.642799616294013,1.4457772812499998,1.4457772812499998,1.8123484713541664,1.2817174479166666,1.4462638771355416
9879,2,2.257,1.128,0.0,2.236,3752,1227,153.435,1.0,3.285599232588026,2.892836279947917,1.4457772812499998,2.865920213541667,1.2817174479166666,2.0453259898153786
9880,16,6.819,2.988,165.103,7.616,213,1229,156.801,4.0,26.28479386070421,8.74003127734375,3.829771734375,9.761560083333332,5.126869791666667,5.785055508542166
9881,2,2.596,0.981,45.0,2.828,326,1230,45.0,1.414,3.285599232588026,3.327338494791667,1.2573648164062499,3.624696942708333,1.8123484713541664,2.0453259898153786
9882,4,2.734,1.863,0.0,3.162,329,1229,161.565,2.0,6.571198465176052,3.5042155026041666,2.38783960546875,4.0527905703125,2.5634348958333333,2.892527754271083
9883,4,2.257,2.257,0.0,2.828,444,1228,135.0,2.0,6.571198465176052,2.892836279947917,2.892836279947917,3.624696942708333,2.5634348958333333,2.892527754271083
9884,1,1.128,1.128,0.0,1.414,447,1228,135.0,1.0,1.642799616294013,1.4457772812499998,1.4457772812499998,1.8123484713541664,1.2817174479166666,1.4462638771355416
9885,1,1.128,1.128,0.0,1.414,3579,1228,135.0,1.0,1.642799616294013,1.4457772812499998,1.4457772812499998,1.8123484713541664,1.2817174479166666,1.4462638771355416
9886,12,6.916,2.209,33.966,7.81,3578,1233,39.806,3.578,19.713595395528156,8.864357869791666,2.8313138424479165,10.010213268229165,4.585985028645833,5.0100050327006205
9887,118,14.529,10.341,24.535,17.804,3688,1242,51.843,12.069,193.85035472269354,18.62207280078125,13.254240128906249,22.819697442708332,15.46904787890625,15.710447029675546
9888,10,4.888,2.605,151.679,5.831,3781,1229,149.036,3.479,16.42799616294013,6.265034885416666,3.3388739518229165,7.473694438802084,4.459095001302083,4.573487949374228
9889,8,4.769,2.136,90.0,5.099,3817,1228,101.31,2.0,13.142396930352104,6.112510509114584,2.73774846875,6.535477266927083,2.5634348958333333,4.090651979630757
9890,12,5.646,2.706,7.946,6.708,202,1232,26.565,3.0,19.713595395528156,7.236576710937499,3.4683274140625,8.597760640625,3.8451523437499997,5.0100050327006205
9891,17,6.068,3.567,28.924,7.211,258,1233,33.69,4.919,27.927593476998222,7.777461473958333,4.57188613671875,9.242464516927084,6.304768126302083,5.963098727945161
9892,3,2.365,1.615,135.0,2.828,3532,1229,135.0,2.0,4.928398848882039,3.0312617643229167,2.069973678385417,3.624696942708333,2.5634348958333333,2.5050025163503102
9893,6,3.988,1.916,108.435,4.472,3722,1229,116.565,2.0,9.856797697764078,5.111489182291667,2.4557706302083333,5.731840427083334,2.5634348958333333,3.5426085324013394
9894,25,7.878,4.04,54.13,9.22,3726,1236,49.399,5.367,41.069990407350325,10.0973700546875,5.178138489583334,11.817434869791667,6.87897754296875,7.231319385677708
9895,1,1.128,1.128,0.0,1.414,3759,1229,135.0,1.0,1.642799616294013,1.4457772812499998,1.4457772812499998,1.8123484713541664,1.2817174479166666,1.4462638771355416
9896,2,2.257,1.128,0.0,2.236,3804,1229,153.435,1.0,3.285599232588026,2.892836279947917,1.4457772812499998,2.865920213541667,1.2817174479166666,2.0453259898153786
9897,22,6.057,4.625,80.558,8.602,185,1237,54.462,6.0,36.141591558468285,7.763362582031251,5.927943196614583,11.025333486979166,7.690304687499999,6.78357888217988
9898,1,1.128,1.128,0.0,1.414,250,1230,135.0,1.0,1.642799616294013,1.4457772812499998,1.4457772812499998,1.8123484713541664,1.2817174479166666,1.4462638771355416
9899,1,1.128,1.128,0.0,1.414,269,1230,135.0,1.0,1.642799616294013,1.4457772812499998,1.4457772812499998,1.8123484713541664,1.2817174479166666,1.4462638771355416
9900,4,2.257,2.257,0.0,2.828,3676,1230,135.0,2.0,6.571198465176052,2.892836279947917,2.892836279947917,3.624696942708333,2.5634348958333333,2.892527754271083
9901,1,1.128,1.128,0.0,1.414,3753,1230,135.0,1.0,1.642799616294013,1.4457772812499998,1.4457772812499998,1.8123484713541664,1.2817174479166666,1.4462638771355416
9902,1,1.128,1.128,0.0,1.414,3801,1230,135.0,1.0,1.642799616294013,1.4457772812499998,1.4457772812499998,1.8123484713541664,1.2817174479166666,1.4462638771355416
9903,137,17.872,9.76,49.611,21.26,3796,1246,41.186,13.313,225.0635474322798,22.906854229166665,12.509562291666667,27.249312942708336,17.063504384114584,16.928084673585392
9904,1,1.128,1.128,0.0,1.414,236,1231,135.0,1.0,1.642799616294013,1.4457772812499998,1.4457772812499998,1.8123484713541664,1.2817174479166666,1.4462638771355416
9905,4,2.257,2.257,0.0,2.828,446,1231,135.0,2.0,6.571198465176052,2.892836279947917,2.892836279947917,3.624696942708333,2.5634348958333333,2.892527754271083
9906,8,3.797,2.682,7.018,4.472,3634,1234,26.565,3.0,13.142396930352104,4.866681149739583,3.4375661953125,5.731840427083334,3.8451523437499997,4.090651979630757
9907,2,2.257,1.128,0.0,2.236,3702,1231,153.435,1.0,3.285599232588026,2.892836279947917,1.4457772812499998,2.865920213541667,1.2817174479166666,2.0453259898153786
9908,2,2.257,1.128,0.0,2.236,3712,1231,153.435,1.0,3.285599232588026,2.892836279947917,1.4457772812499998,2.865920213541667,1.2817174479166666,2.0453259898153786
9909,12,4.575,3.34,122.612,5.657,3740,1231,135.0,4.243,19.713595395528156,5.86385732421875,4.2809362760416665,7.250675602864583,5.438327131510417,5.0100050327006205
9910,5,3.144,2.025,161.565,3.606,181,1232,146.31,2.0,8.213998081470065,4.02971965625,2.59547783203125,4.6218731171875,2.5634348958333333,3.2339443426774745
9911,2,2.257,1.128,90.0,2.236,271,1232,116.565,1.0,3.285599232588026,2.892836279947917,1.4457772812499998,2.865920213541667,1.2817174479166666,2.0453259898153786
9912,11,5.915,2.368,99.547,6.708,3755,1232,116.565,2.942,18.070795779234142,7.581358704427084,3.0351069166666664,8.597760640625,3.7708127317708335,4.796714628303253
9913,43,12.23,4.477,121.475,14.866,206,1233,132.274,6.314,70.64038350064256,15.675404388020834,5.738249014322917,19.054011580729167,8.092763966145833,9.483786464234974
9914,1,1.128,1.128,0.0,1.414,309,1233,135.0,1.0,1.642799616294013,1.4457772812499998,1.4457772812499998,1.8123484713541664,1.2817174479166666,1.4462638771355416
9915,5,4.839,1.316,11.749,5.385,379,1235,21.801,1.94,8.213998081470065,6.2022307304687505,1.6867401614583333,6.90204845703125,2.4865318489583332,3.2339443426774745
9916,6,5.208,1.467,172.534,5.385,251,1234,158.199,2.0,9.856797697764078,6.67518446875,1.8802794960937501,6.90204845703125,2.5634348958333333,3.5426085324013394
9917,4,2.257,2.257,0.0,2.828,363,1234,135.0,2.0,6.571198465176052,2.892836279947917,2.892836279947917,3.624696942708333,2.5634348958333333,2.892527754271083
9918,1,1.128,1.128,0.0,1.414,463,1234,135.0,1.0,1.642799616294013,1.4457772812499998,1.4457772812499998,1.8123484713541664,1.2817174479166666,1.4462638771355416
9919,7,4.154,2.146,81.65,4.472,498,1238,63.435,2.0,11.499597314058091,5.324254278645833,2.7505656432291663,5.731840427083334,2.5634348958333333,3.826454549076717
9920,10,4.332,2.939,113.849,6.083,540,1234,99.462,4.0,16.42799616294013,5.552399984375,3.7669675794270834,7.7966872356770835,5.126869791666667,4.573487949374228
9921,1,1.128,1.128,0.0,1.414,246,1235,135.0,1.0,1.642799616294013,1.4457772812499998,1.4457772812499998,1.8123484713541664,1.2817174479166666,1.4462638771355416
9922,1,1.128,1.128,0.0,1.414,268,1235,135.0,1.0,1.642799616294013,1.4457772812499998,1.4457772812499998,1.8123484713541664,1.2817174479166666,1.4462638771355416
9923,7,3.442,2.589,161.565,4.472,275,1236,153.435,3.0,11.499597314058091,4.4116714557291665,3.31836647265625,5.731840427083334,3.8451523437499997,3.826454549076717
9924,4,2.257,2.257,0.0,2.828,319,1235,135.0,2.0,6.571198465176052,2.892836279947917,2.892836279947917,3.624696942708333,2.5634348958333333,2.892527754271083
9925,3,2.365,1.615,135.0,2.828,398,1235,135.0,2.0,4.928398848882039,3.0312617643229167,2.069973678385417,3.624696942708333,2.5634348958333333,2.5050025163503102
9926,1,1.128,1.128,0.0,1.414,503,1235,135.0,1.0,1.642799616294013,1.4457772812499998,1.4457772812499998,1.8123484713541664,1.2817174479166666,1.4462638771355416
9927,1,1.128,1.128,0.0,1.414,3499,1235,135.0,1.0,1.642799616294013,1.4457772812499998,1.4457772812499998,1.8123484713541664,1.2817174479166666,1.4462638771355416
9928,1,1.128,1.128,0.0,1.414,3777,1235,135.0,1.0,1.642799616294013,1.4457772812499998,1.4457772812499998,1.8123484713541664,1.2817174479166666,1.4462638771355416
9929,2,2.257,1.128,0.0,2.236,3785,1235,153.435,1.0,3.285599232588026,2.892836279947917,1.4457772812499998,2.865920213541667,1.2817174479166666,2.0453259898153786
9930,4,2.257,2.257,0.0,2.828,194,1236,135.0,2.0,6.571198465176052,2.892836279947917,2.892836279947917,3.624696942708333,2.5634348958333333,2.892527754271083
9931,1,1.128,1.128,0.0,1.414,323,1236,135.0,1.0,1.642799616294013,1.4457772812499998,1.4457772812499998,1.8123484713541664,1.2817174479166666,1.4462638771355416
9932,4,2.257,2.257,0.0,2.828,402,1236,135.0,2.0,6.571198465176052,2.892836279947917,2.892836279947917,3.624696942708333,2.5634348958333333,2.892527754271083
9933,3,2.365,1.615,45.0,2.828,486,1238,45.0,2.0,4.928398848882039,3.0312617643229167,2.069973678385417,3.624696942708333,2.5634348958333333,2.5050025163503102
9934,2,2.257,1.128,0.0,2.236,598,1236,153.435,1.0,3.285599232588026,2.892836279947917,1.4457772812499998,2.865920213541667,1.2817174479166666,2.0453259898153786
9935,1,1.128,1.128,0.0,1.414,3552,1236,135.0,1.0,1.642799616294013,1.4457772812499998,1.4457772812499998,1.8123484713541664,1.2817174479166666,1.4462638771355416
9936,7,4.154,2.146,98.35,4.472,3716,1236,116.565,2.0,11.499597314058091,5.324254278645833,2.7505656432291663,5.731840427083334,2.5634348958333333,3.826454549076717
9937,21,6.362,4.203,116.348,7.211,3736,1236,123.69,4.919,34.49879194217427,8.154286403645834,5.38705843359375,9.242464516927084,6.304768126302083,6.627613691853932
9938,66,12.63,6.654,57.474,15.811,171,1250,55.305,10.752,108.42477467540486,16.1880913671875,8.5285478984375,20.265234569010417,13.781026,11.749503281086843
9939,1,1.128,1.128,0.0,1.414,215,1237,135.0,1.0,1.642799616294013,1.4457772812499998,1.4457772812499998,1.8123484713541664,1.2817174479166666,1.4462638771355416
9940,3,2.365,1.615,45.0,2.828,349,1239,45.0,2.0,4.928398848882039,3.0312617643229167,2.069973678385417,3.624696942708333,2.5634348958333333,2.5050025163503102
9941,1,1.128,1.128,0.0,1.414,359,1237,135.0,1.0,1.642799616294013,1.4457772812499998,1.4457772812499998,1.8123484713541664,1.2817174479166666,1.4462638771355416
9942,2,2.257,1.128,90.0,2.236,383,1237,116.565,1.0,3.285599232588026,2.892836279947917,1.4457772812499998,2.865920213541667,1.2817174479166666,2.0453259898153786
9943,1,1.128,1.128,0.0,1.414,3726,1237,135.0,1.0,1.642799616294013,1.4457772812499998,1.4457772812499998,1.8123484713541664,1.2817174479166666,1.4462638771355416
9944,1,1.128,1.128,0.0,1.414,3730,1237,135.0,1.0,1.642799616294013,1.4457772812499998,1.4457772812499998,1.8123484713541664,1.2817174479166666,1.4462638771355416
9945,4,3.192,1.596,108.435,3.606,3741,1237,123.69,2.0,6.571198465176052,4.09124209375,2.045621046875,4.6218731171875,2.5634348958333333,2.892527754271083
9946,1,1.128,1.128,0.0,1.414,3787,1237,135.0,1.0,1.642799616294013,1.4457772812499998,1.4457772812499998,1.8123484713541664,1.2817174479166666,1.4462638771355416
9947,1,1.128,1.128,0.0,1.414,231,1238,135.0,1.0,1.642799616294013,1.4457772812499998,1.4457772812499998,1.8123484713541664,1.2817174479166666,1.4462638771355416
9948,3,3.213,1.189,151.845,3.606,297,1238,146.31,1.789,4.928398848882039,4.11815816015625,1.5239620455729168,4.6218731171875,2.2929925143229166,2.5050025163503102
9949,6,2.93,2.607,153.435,3.606,3431,1238,123.69,3.0,9.856797697764078,3.7554321223958333,3.3414373867187503,4.6218731171875,3.8451523437499997,3.5426085324013394
9950,51,9.121,7.12,133.544,14.422,3674,1238,123.69,9.839,83.78278043099466,11.690544842447917,9.125828229166666,18.48492903385417,12.610817970052084,10.32838996735036
9951,2,2.257,1.128,0.0,2.236,3768,1238,153.435,1.0,3.285599232588026,2.892836279947917,1.4457772812499998,2.865920213541667,1.2817174479166666,2.0453259898153786
9952,4,2.257,2.257,0.0,2.828,3823,1238,135.0,2.0,6.571198465176052,2.892836279947917,2.892836279947917,3.624696942708333,2.5634348958333333,2.892527754271083
9953,1,1.128,1.128,0.0,1.414,236,1239,135.0,1.0,1.642799616294013,1.4457772812499998,1.4457772812499998,1.8123484713541664,1.2817174479166666,1.4462638771355416
9954,1,1.128,1.128,0.0,1.414,258,1239,135.0,1.0,1.642799616294013,1.4457772812499998,1.4457772812499998,1.8123484713541664,1.2817174479166666,1.4462638771355416
9955,1,1.128,1.128,0.0,1.414,321,1239,135.0,1.0,1.642799616294013,1.4457772812499998,1.4457772812499998,1.8123484713541664,1.2817174479166666,1.4462638771355416
9956,1,1.128,1.128,0.0,1.414,538,1239,135.0,1.0,1.642799616294013,1.4457772812499998,1.4457772812499998,1.8123484713541664,1.2817174479166666,1.4462638771355416
9957,2,2.257,1.128,0.0,2.236,3552,1239,153.435,1.0,3.285599232588026,2.892836279947917,1.4457772812499998,2.865920213541667,1.2817174479166666,2.0453259898153786
9958,49,9.355,6.669,137.288,12.083,3601,1239,114.444,8.05,80.49718119840664,11.990466725260417,8.547773660156249,15.486991923177083,10.317825455729167,10.12384713994879
9959,33,7.741,5.428,8.596,9.487,3751,1239,161.565,7.0,54.21238733770243,9.921774764322915,6.957162307291666,12.159653428385417,8.972022135416667,8.308153445630097
9960,2,2.257,1.128,0.0,2.236,3782,1239,153.435,1.0,3.285599232588026,2.892836279947917,1.4457772812499998,2.865920213541667,1.2817174479166666,2.0453259898153786
9961,484,37.356,16.497,93.551,63.127,192,1240,93.633,27.027,795.1150142863023,47.879836984375004,21.14449273828125,80.91097733463542,34.64097746484375,31.817805296981913
9962,6,2.93,2.607,63.435,3.606,200,1240,123.69,3.0,9.856797697764078,3.7554321223958333,3.3414373867187503,4.6218731171875,3.8451523437499997,3.5426085324013394
9963,4,2.734,1.863,90.0,3.162,203,1240,108.435,2.0,6.571198465176052,3.5042155026041666,2.38783960546875,4.0527905703125,2.5634348958333333,2.892527754271083
9964,4,2.257,2.257,0.0,2.828,274,1240,135.0,2.0,6.571198465176052,2.892836279947917,2.892836279947917,3.624696942708333,2.5634348958333333,2.892527754271083
9965,8,4.514,2.257,90.0,4.472,352,1240,116.565,2.0,13.142396930352104,5.785672559895834,2.892836279947917,5.731840427083334,2.5634348958333333,4.090651979630757
9966,78,13.66,7.27,136.445,22.804,3534,1240,142.125,11.599,128.138370070933,17.508260338541668,9.318085846354165,29.228284682291665,14.866640678385417,12.77305671246926
9967,1,1.128,1.128,0.0,1.414,3661,1240,135.0,1.0,1.642799616294013,1.4457772812499998,1.4457772812499998,1.8123484713541664,1.2817174479166666,1.4462638771355416
9968,12,5.729,2.667,149.983,6.403,3723,1240,141.34,3.479,19.713595395528156,7.342959259114584,3.4183404335937495,8.206836819010416,4.459095001302083,5.0100050327006205
9969,6,3.931,1.943,149.036,4.472,3730,1241,153.435,2.683,9.856797697764078,5.0384312877604165,2.4903770013020834,5.731840427083334,3.4388479127604166,3.5426085324013394
9970,8,4.514,2.257,90.0,4.472,3776,1240,116.565,2.0,13.142396930352104,5.785672559895834,2.892836279947917,5.731840427083334,2.5634348958333333,4.090651979630757
9971,1,1.128,1.128,0.0,1.414,38,1241,135.0,1.0,1.642799616294013,1.4457772812499998,1.4457772812499998,1.8123484713541664,1.2817174479166666,1.4462638771355416
9972,1,1.128,1.128,0.0,1.414,210,1241,135.0,1.0,1.642799616294013,1.4457772812499998,1.4457772812499998,1.8123484713541664,1.2817174479166666,1.4462638771355416
9973,2,2.257,1.128,0.0,2.236,552,1241,153.435,1.0,3.285599232588026,2.892836279947917,1.4457772812499998,2.865920213541667,1.2817174479166666,2.0453259898153786
9974,31,9.639,4.095,66.638,10.77,3609,1251,68.199,5.367,50.926788105114404,12.354474480468749,5.24863294921875,13.8040969140625,6.87897754296875,8.052456474363645
9975,1,1.128,1.128,0.0,1.414,3696,1241,135.0,1.0,1.642799616294013,1.4457772812499998,1.4457772812499998,1.8123484713541664,1.2817174479166666,1.4462638771355416
9976,1,1.128,1.128,0.0,1.414,3769,1241,135.0,1.0,1.642799616294013,1.4457772812499998,1.4457772812499998,1.8123484713541664,1.2817174479166666,1.4462638771355416
9977,1,1.128,1.128,0.0,1.414,1,1242,135.0,1.0,1.642799616294013,1.4457772812499998,1.4457772812499998,1.8123484713541664,1.2817174479166666,1.4462638771355416
9978,2,2.257,1.128,0.0,2.236,237,1242,153.435,1.0,3.285599232588026,2.892836279947917,1.4457772812499998,2.865920213541667,1.2817174479166666,2.0453259898153786
9979,20,7.676,3.317,74.416,9.434,245,1250,57.995,5.0,32.85599232588026,9.838463130208334,4.251456774739584,12.091722403645832,6.408587239583333,6.467888685354949
9980,9,4.204,2.726,54.217,5.0,3486,1246,53.13,3.0,14.785196546646118,5.388340151041667,3.4939617630208333,6.408587239583333,3.8451523437499997,4.338791631406624
9981,3,2.365,1.615,45.0,2.828,3762,1244,45.0,2.0,4.928398848882039,3.0312617643229167,2.069973678385417,3.624696942708333,2.5634348958333333,2.5050025163503102
9982,42,10.684,5.005,4.651,13.342,178,1248,12.995,7.0,68.99758388434854,13.693869213541666,6.414995826822916,17.10067419010417,8.972022135416667,9.372861169189449
9983,124,14.807,10.662,4.164,23.77,220,1253,22.249,16.44,203.70715242045762,18.978390251302084,13.665671429687501,30.466423736979166,21.07143484375,16.10491294872729
9984,1,1.128,1.128,0.0,1.414,310,1243,135.0,1.0,1.642799616294013,1.4457772812499998,1.4457772812499998,1.8123484713541664,1.2817174479166666,1.4462638771355416
9985,2,2.596,0.981,45.0,2.828,341,1245,45.0,1.414,3.285599232588026,3.327338494791667,1.2573648164062499,3.624696942708333,1.8123484713541664,2.0453259898153786
9986,1,1.128,1.128,0.0,1.414,684,1243,135.0,1.0,1.642799616294013,1.4457772812499998,1.4457772812499998,1.8123484713541664,1.2817174479166666,1.4462638771355416
9987,1,1.128,1.128,0.0,1.414,3516,1243,135.0,1.0,1.642799616294013,1.4457772812499998,1.4457772812499998,1.8123484713541664,1.2817174479166666,1.4462638771355416
9988,6,3.14,2.433,45.0,3.606,3743,1245,33.69,2.828,9.856797697764078,4.024592786458333,3.1184185507812496,4.6218731171875,3.624696942708333,3.5426085324013394
9989,1,1.128,1.128,0.0,1.414,3747,1243,135.0,1.0,1.642799616294013,1.4457772812499998,1.4457772812499998,1.8123484713541664,1.2817174479166666,1.4462638771355416
9990,3,2.365,1.615,135.0,2.828,160,1244,135.0,2.0,4.928398848882039,3.0312617643229167,2.069973678385417,3.624696942708333,2.5634348958333333,2.5050025163503102
9991,3,2.365,1.615,135.0,2.828,163,1244,135.0,2.0,4.928398848882039,3.0312617643229167,2.069973678385417,3.624696942708333,2.5634348958333333,2.5050025163503102
9992,41,8.665,6.025,176.719,10.0,300,1244,143.13,6.0,67.35478426805453,11.106081686197916,7.722347623697917,12.817174479166667,7.690304687499999,9.26060728541019
9993,2,2.257,1.128,0.0,2.236,392,1244,153.435,1.0,3.285599232588026,2.892836279947917,1.4457772812499998,2.865920213541667,1.2817174479166666,2.0453259898153786
9994,1,1.128,1.128,0.0,1.414,465,1244,135.0,1.0,1.642799616294013,1.4457772812499998,1.4457772812499998,1.8123484713541664,1.2817174479166666,1.4462638771355416
9995,3,2.365,1.615,45.0,2.828,514,1246,45.0,2.0,4.928398848882039,3.0312617643229167,2.069973678385417,3.624696942708333,2.5634348958333333,2.5050025163503102
9996,3,2.365,1.615,45.0,2.828,596,1246,45.0,2.0,4.928398848882039,3.0312617643229167,2.069973678385417,3.624696942708333,2.5634348958333333,2.5050025163503102
9997,11,6.055,2.313,82.89,6.325,3690,1250,71.565,3.0,18.070795779234142,7.760799147135416,2.96461245703125,8.106862858072917,3.8451523437499997,4.796714628303253
9998,1,1.128,1.128,0.0,1.414,3731,1244,135.0,1.0,1.642799616294013,1.4457772812499998,1.4457772812499998,1.8123484713541664,1.2817174479166666,1.4462638771355416
9999,5,3.144,2.025,71.565,3.606,260,1248,56.31,2.0,8.213998081470065,4.02971965625,2.59547783203125,4.6218731171875,2.5634348958333333,3.2339443426774745
10000,46,7.916,7.399,81.94,12.042,272,1245,131.634,9.0,75.5687823495246,10.146075317708334,9.483427397135417,15.4344415078125,11.535457031249999,9.809038857407382
10001,1,1.128,1.128,0.0,1.414,325,1245,135.0,1.0,1.642799616294013,1.4457772812499998,1.4457772812499998,1.8123484713541664,1.2817174479166666,1.4462638771355416
10002,9,4.196,2.731,173.953,4.472,366,1245,153.435,3.0,14.785196546646118,5.378086411458333,3.5003703502604164,5.731840427083334,3.8451523437499997,4.338791631406624
10003,3,3.385,1.128,90.0,3.162,635,1245,108.435,1.0,4.928398848882039,4.338613561197916,1.4457772812499998,4.0527905703125,1.2817174479166666,2.5050025163503102
10004,1,1.128,1.128,0.0,1.414,3574,1245,135.0,1.0,1.642799616294013,1.4457772812499998,1.4457772812499998,1.8123484713541664,1.2817174479166666,1.4462638771355416
10005,1,1.128,1.128,0.0,1.414,3688,1245,135.0,1.0,1.642799616294013,1.4457772812499998,1.4457772812499998,1.8123484713541664,1.2817174479166666,1.4462638771355416
10006,2,2.257,1.128,90.0,2.236,3767,1245,116.565,1.0,3.285599232588026,2.892836279947917,1.4457772812499998,2.865920213541667,1.2817174479166666,2.0453259898153786
10007,11,7.239,1.935,107.036,8.062,3788,1245,119.745,3.153,18.070795779234142,9.278352605468749,2.48012326171875,10.333206065104166,4.04125511328125,4.796714628303253
10008,2,2.257,1.128,0.0,2.236,376,1246,153.435,1.0,3.285599232588026,2.892836279947917,1.4457772812499998,2.865920213541667,1.2817174479166666,2.0453259898153786
10009,1,1.128,1.128,0.0,1.414,3685,1246,135.0,1.0,1.642799616294013,1.4457772812499998,1.4457772812499998,1.8123484713541664,1.2817174479166666,1.4462638771355416
10010,8,4.514,2.257,90.0,4.472,3732,1246,116.565,2.0,13.142396930352104,5.785672559895834,2.892836279947917,5.731840427083334,2.5634348958333333,4.090651979630757
10011,2,2.257,1.128,90.0,2.236,3791,1246,116.565,1.0,3.285599232588026,2.892836279947917,1.4457772812499998,2.865920213541667,1.2817174479166666,2.0453259898153786
10012,1,1.128,1.128,0.0,1.414,410,1247,135.0,1.0,1.642799616294013,1.4457772812499998,1.4457772812499998,1.8123484713541664,1.2817174479166666,1.4462638771355416
10013,1,1.128,1.128,0.0,1.414,3557,1247,135.0,1.0,1.642799616294013,1.4457772812499998,1.4457772812499998,1.8123484713541664,1.2817174479166666,1.4462638771355416
10014,5,3.316,1.92,45.0,4.243,3620,1250,45.0,2.828,8.213998081470065,4.250175057291666,2.4608974999999997,5.438327131510417,3.624696942708333,3.2339443426774745
10015,1,1.128,1.128,0.0,1.414,3642,1247,135.0,1.0,1.642799616294013,1.4457772812499998,1.4457772812499998,1.8123484713541664,1.2817174479166666,1.4462638771355416
10016,1,1.128,1.128,0.0,1.414,3796,1247,135.0,1.0,1.642799616294013,1.4457772812499998,1.4457772812499998,1.8123484713541664,1.2817174479166666,1.4462638771355416
10017,3,3.213,1.189,151.845,3.606,3809,1247,146.31,1.789,4.928398848882039,4.11815816015625,1.5239620455729168,4.6218731171875,2.2929925143229166,2.5050025163503102
10018,3,2.365,1.615,135.0,2.828,154,1248,135.0,2.0,4.928398848882039,3.0312617643229167,2.069973678385417,3.624696942708333,2.5634348958333333,2.5050025163503102
10019,1,1.128,1.128,0.0,1.414,166,1248,135.0,1.0,1.642799616294013,1.4457772812499998,1.4457772812499998,1.8123484713541664,1.2817174479166666,1.4462638771355416
10020,44,9.213,6.081,106.068,13.153,212,1248,98.746,9.923,72.28318311693657,11.808462847656248,7.79412380078125,16.858429592447916,12.718482235677083,9.593429256606505
10021,3,2.365,1.615,45.0,2.828,252,1250,45.0,2.0,4.928398848882039,3.0312617643229167,2.069973678385417,3.624696942708333,2.5634348958333333,2.5050025163503102
10022,2,2.257,1.128,90.0,2.236,313,1248,116.565,1.0,3.285599232588026,2.892836279947917,1.4457772812499998,2.865920213541667,1.2817174479166666,2.0453259898153786
10023,6,4.134,1.848,167.067,4.472,3696,1248,153.435,2.0,9.856797697764078,5.298619929687501,2.36861384375,5.731840427083334,2.5634348958333333,3.5426085324013394
10024,2,2.596,0.981,135.0,2.828,3783,1248,135.0,1.414,3.285599232588026,3.327338494791667,1.2573648164062499,3.624696942708333,1.8123484713541664,2.0453259898153786
10025,2,2.257,1.128,90.0,2.236,3815,1248,116.565,1.0,3.285599232588026,2.892836279947917,1.4457772812499998,2.865920213541667,1.2817174479166666,2.0453259898153786
10026,5,3.144,2.025,108.435,3.606,203,1249,123.69,2.0,8.213998081470065,4.02971965625,2.59547783203125,4.6218731171875,2.5634348958333333,3.2339443426774745
10027,10,4.456,2.857,18.222,5.0,376,1252,36.87,3.0,16.42799616294013,5.7113329479166675,3.661866748697917,6.408587239583333,3.8451523437499997,4.573487949374228
10028,1,1.128,1.128,0.0,1.414,3463,1249,135.0,1.0,1.642799616294013,1.4457772812499998,1.4457772812499998,1.8123484713541664,1.2817174479166666,1.4462638771355416
10029,2,2.257,1.128,0.0,2.236,3683,1249,153.435,1.0,3.285599232588026,2.892836279947917,1.4457772812499998,2.865920213541667,1.2817174479166666,2.0453259898153786
10030,2,2.257,1.128,0.0,2.236,3709,1249,153.435,1.0,3.285599232588026,2.892836279947917,1.4457772812499998,2.865920213541667,1.2817174479166666,2.0453259898153786
10031,3,2.365,1.615,45.0,2.828,3753,1251,45.0,2.0,4.928398848882039,3.0312617643229167,2.069973678385417,3.624696942708333,2.5634348958333333,2.5050025163503102
10032,29,7.011,5.267,155.287,11.402,153,1252,142.125,9.0,47.64118887252638,8.98612102734375,6.750805798177083,14.614142341145833,11.535457031249999,7.788369332980218
10033,13,5.272,3.14,126.791,6.403,294,1250,128.66,4.0,21.35639501182217,6.757214385416667,4.024592786458333,8.206836819010416,5.126869791666667,5.214578566863546
10034,1,1.128,1.128,0.0,1.414,350,1250,135.0,1.0,1.642799616294013,1.4457772812499998,1.4457772812499998,1.8123484713541664,1.2817174479166666,1.4462638771355416
10035,14,6.095,2.925,56.31,7.211,496,1256,56.31,4.0,22.999194628116182,7.812067845052083,3.7490235351562498,9.242464516927084,5.126869791666667,5.411423919108519
10036,2,2.596,0.981,135.0,2.828,536,1250,135.0,1.414,3.285599232588026,3.327338494791667,1.2573648164062499,3.624696942708333,1.8123484713541664,2.0453259898153786
10037,26,6.696,4.944,83.351,7.28,580,1250,105.945,5.0,42.71279002364434,8.582380031249999,6.3368110625,9.330903020833334,6.408587239583333,7.374527731318484
10038,9,6.13,1.869,86.284,6.325,3574,1256,71.565,2.0,14.785196546646118,7.856927955729167,2.39552991015625,8.106862858072917,2.5634348958333333,4.338791631406624
10039,1,1.128,1.128,0.0,1.414,3730,1250,135.0,1.0,1.642799616294013,1.4457772812499998,1.4457772812499998,1.8123484713541664,1.2817174479166666,1.4462638771355416
10040,9,4.488,2.553,76.717,5.0,3737,1254,53.13,3.0,14.785196546646118,5.752347906250001,3.2722246445312497,6.408587239583333,3.8451523437499997,4.338791631406624
10041,72,11.431,8.02,57.795,18.868,3758,1266,57.995,12.203,118.28157237316894,14.651312147135416,10.279373932291666,24.183444807291664,15.640798016927082,12.27195593889227
10042,33,7.878,5.333,77.133,8.944,3776,1258,63.435,6.0,54.21238733770243,10.0973700546875,6.835399149739583,11.463680854166668,7.690304687499999,8.308153445630097
10043,61,11.903,6.525,27.822,13.454,3804,1259,41.987,8.629,100.2107765939348,15.256282782552084,8.36320634765625,17.244226544270834,11.059939858072916,11.295681977673365
10044,1,1.128,1.128,0.0,1.414,3819,1250,135.0,1.0,1.642799616294013,1.4457772812499998,1.4457772812499998,1.8123484713541664,1.2817174479166666,1.4462638771355416
10045,16,7.875,2.587,87.568,8.544,165,1251,110.556,3.0,26.28479386070421,10.09352490234375,3.315803037760417,10.950993875,3.8451523437499997,5.785055508542166
10046,2,2.257,1.128,90.0,2.236,171,1251,116.565,1.0,3.285599232588026,2.892836279947917,1.4457772812499998,2.865920213541667,1.2817174479166666,2.0453259898153786
10047,49,10.684,5.839,124.44,14.142,176,1252,135.0,7.285,80.49718119840664,13.693869213541666,7.483948178385417,18.126048148437498,9.337311608072916,10.12384713994879
10048,2,2.596,0.981,135.0,2.828,182,1251,135.0,1.414,3.285599232588026,3.327338494791667,1.2573648164062499,3.624696942708333,1.8123484713541664,2.0453259898153786
10049,3,3.213,1.189,61.845,3.606,186,1254,56.31,1.789,4.928398848882039,4.11815816015625,1.5239620455729168,4.6218731171875,2.2929925143229166,2.5050025163503102
10050,1,1.128,1.128,0.0,1.414,213,1251,135.0,1.0,1.642799616294013,1.4457772812499998,1.4457772812499998,1.8123484713541664,1.2817174479166666,1.4462638771355416
10051,1,1.128,1.128,0.0,1.414,282,1251,135.0,1.0,1.642799616294013,1.4457772812499998,1.4457772812499998,1.8123484713541664,1.2817174479166666,1.4462638771355416
10052,1,1.128,1.128,0.0,1.414,384,1251,135.0,1.0,1.642799616294013,1.4457772812499998,1.4457772812499998,1.8123484713541664,1.2817174479166666,1.4462638771355416
10053,1,1.128,1.128,0.0,1.414,3598,1251,135.0,1.0,1.642799616294013,1.4457772812499998,1.4457772812499998,1.8123484713541664,1.2817174479166666,1.4462638771355416
10054,1,1.128,1.128,0.0,1.414,3607,1251,135.0,1.0,1.642799616294013,1.4457772812499998,1.4457772812499998,1.8123484713541664,1.2817174479166666,1.4462638771355416
10055,190,21.801,11.096,18.705,28.16,3589,1262,16.504,20.393,312.13192709586247,27.942722082031246,14.221936802083333,36.09316333333333,26.138063915364583,19.935371790823325
10056,1,1.128,1.128,0.0,1.414,3699,1251,135.0,1.0,1.642799616294013,1.4457772812499998,1.4457772812499998,1.8123484713541664,1.2817174479166666,1.4462638771355416
10057,180,19.859,11.54,165.929,24.166,3722,1255,155.556,16.547,295.70393093292233,25.453626798177083,14.791019348958333,30.973983846354166,21.208578610677083,19.403666056064846
10058,365,25.939,17.916,78.543,41.677,3818,1287,59.744,26.0,599.6218599473148,33.24646888151042,22.963249796875,53.41813807682291,33.32465364583333,27.630832575984787
10059,13,4.762,3.476,135.0,5.657,450,1252,135.0,4.0,21.35639501182217,6.103538486979166,4.455249848958333,7.250675602864583,5.126869791666667,5.214578566863546
10060,2,2.257,1.128,90.0,2.236,567,1252,116.565,1.0,3.285599232588026,2.892836279947917,1.4457772812499998,2.865920213541667,1.2817174479166666,2.0453259898153786
10061,2,2.257,1.128,90.0,2.236,575,1252,116.565,1.0,3.285599232588026,2.892836279947917,1.4457772812499998,2.865920213541667,1.2817174479166666,2.0453259898153786
10062,10,4.079,3.121,23.04,5.831,3559,1256,30.964,4.0,16.42799616294013,5.228125470052083,4.0002401549479165,7.473694438802084,5.126869791666667,4.573487949374228
10063,3,2.365,1.615,45.0,2.828,3580,1254,45.0,2.0,4.928398848882039,3.0312617643229167,2.069973678385417,3.624696942708333,2.5634348958333333,2.5050025163503102
10064,1,1.128,1.128,0.0,1.414,246,1253,135.0,1.0,1.642799616294013,1.4457772812499998,1.4457772812499998,1.8123484713541664,1.2817174479166666,1.4462638771355416
10065,3,3.385,1.128,90.0,3.162,249,1253,108.435,1.0,4.928398848882039,4.338613561197916,1.4457772812499998,4.0527905703125,1.2817174479166666,2.5050025163503102
10066,2,2.596,0.981,135.0,2.828,252,1253,135.0,1.414,3.285599232588026,3.327338494791667,1.2573648164062499,3.624696942708333,1.8123484713541664,2.0453259898153786
10067,9,4.754,2.41,124.677,5.831,311,1253,120.964,3.883,14.785196546646118,6.093284747395833,3.088939049479167,7.473694438802084,4.976908850260417,4.338791631406624
10068,93,12.309,9.62,130.102,16.401,324,1253,127.569,13.184,152.7803643153432,15.776660066406249,12.330121848958331,21.02144786328125,16.89816283333333,13.947263739334787
10069,2,2.257,1.128,90.0,2.236,463,1253,116.565,1.0,3.285599232588026,2.892836279947917,1.4457772812499998,2.865920213541667,1.2817174479166666,2.0453259898153786
10070,1,1.128,1.128,0.0,1.414,655,1253,135.0,1.0,1.642799616294013,1.4457772812499998,1.4457772812499998,1.8123484713541664,1.2817174479166666,1.4462638771355416
10071,4,2.257,2.257,0.0,2.828,3688,1253,135.0,2.0,6.571198465176052,2.892836279947917,2.892836279947917,3.624696942708333,2.5634348958333333,2.892527754271083
10072,2,2.596,0.981,45.0,2.828,3719,1255,45.0,1.414,3.285599232588026,3.327338494791667,1.2573648164062499,3.624696942708333,1.8123484713541664,2.0453259898153786
10073,2,2.257,1.128,90.0,2.236,3741,1253,116.565,1.0,3.285599232588026,2.892836279947917,1.4457772812499998,2.865920213541667,1.2817174479166666,2.0453259898153786
10074,3,3.385,1.128,0.0,3.162,3751,1253,161.565,1.0,4.928398848882039,4.338613561197916,1.4457772812499998,4.0527905703125,1.2817174479166666,2.5050025163503102
10075,3,2.365,1.615,135.0,2.828,244,1254,135.0,2.0,4.928398848882039,3.0312617643229167,2.069973678385417,3.624696942708333,2.5634348958333333,2.5050025163503102
10076,24,8.069,3.787,13.821,9.487,257,1259,18.435,4.603,39.42719079105631,10.342178087239585,4.853863975260417,12.159653428385417,5.899745412760416,7.085217064802679
10077,1,1.128,1.128,0.0,1.414,353,1254,135.0,1.0,1.642799616294013,1.4457772812499998,1.4457772812499998,1.8123484713541664,1.2817174479166666,1.4462638771355416
10078,20,8.497,2.997,29.986,10.0,350,1260,36.87,4.438,32.85599232588026,10.890753154947916,3.84130719140625,12.817174479166667,5.6882620338541665,6.467888685354949
10079,3,2.365,1.615,45.0,2.828,434,1256,45.0,2.0,4.928398848882039,3.0312617643229167,2.069973678385417,3.624696942708333,2.5634348958333333,2.5050025163503102
10080,1,1.128,1.128,0.0,1.414,3819,1254,135.0,1.0,1.642799616294013,1.4457772812499998,1.4457772812499998,1.8123484713541664,1.2817174479166666,1.4462638771355416
10081,1,1.128,1.128,0.0,1.414,3823,1254,135.0,1.0,1.642799616294013,1.4457772812499998,1.4457772812499998,1.8123484713541664,1.2817174479166666,1.4462638771355416
10082,4,3.216,1.583,148.283,3.606,269,1255,146.31,2.0,6.571198465176052,4.1220033125,2.028958720052083,4.6218731171875,2.5634348958333333,2.892527754271083
10083,1,1.128,1.128,0.0,1.414,277,1255,135.0,1.0,1.642799616294013,1.4457772812499998,1.4457772812499998,1.8123484713541664,1.2817174479166666,1.4462638771355416
10084,1,1.128,1.128,0.0,1.414,294,1255,135.0,1.0,1.642799616294013,1.4457772812499998,1.4457772812499998,1.8123484713541664,1.2817174479166666,1.4462638771355416
10085,7,4.154,2.146,81.65,4.472,572,1259,63.435,2.0,11.499597314058091,5.324254278645833,2.7505656432291663,5.731840427083334,2.5634348958333333,3.826454549076717
10086,3,3.385,1.128,0.0,3.162,3657,1255,161.565,1.0,4.928398848882039,4.338613561197916,1.4457772812499998,4.0527905703125,1.2817174479166666,2.5050025163503102
10087,5,3.144,2.025,161.565,3.606,3786,1255,146.31,2.0,8.213998081470065,4.02971965625,2.59547783203125,4.6218731171875,2.5634348958333333,3.2339443426774745
10088,69,11.994,7.325,121.257,15.232,218,1259,156.801,10.536,113.3531735242869,15.3729190703125,9.388580305989583,19.523120166666665,13.50417503125,12.013570033890504
10089,25,7.878,4.04,66.332,10.77,244,1266,68.199,5.376,41.069990407350325,10.0973700546875,5.178138489583334,13.8040969140625,6.890513,7.231319385677708
10090,1,1.128,1.128,0.0,1.414,426,1256,135.0,1.0,1.642799616294013,1.4457772812499998,1.4457772812499998,1.8123484713541664,1.2817174479166666,1.4462638771355416
10091,14,4.622,3.856,90.0,6.083,3618,1256,99.462,4.0,22.999194628116182,5.924098044270833,4.942302479166666,7.7966872356770835,5.126869791666667,5.411423919108519
10092,8,4.514,2.257,90.0,4.472,3630,1256,116.565,2.0,13.142396930352104,5.785672559895834,2.892836279947917,5.731840427083334,2.5634348958333333,4.090651979630757
10093,8,3.824,2.664,107.296,4.472,3642,1256,116.565,3.0,13.142396930352104,4.901287520833333,3.4144952812500002,5.731840427083334,3.8451523437499997,4.090651979630757
10094,14,4.572,3.899,45.0,6.403,3687,1260,38.66,4.0,22.999194628116182,5.860012171875,4.997416329427083,8.206836819010416,5.126869791666667,5.411423919108519
10095,20,6.859,3.712,121.013,7.616,3697,1256,113.199,4.992,32.85599232588026,8.791299975260417,4.7577351666666665,9.761560083333332,6.3983335,6.467888685354949
10096,1,1.128,1.128,0.0,1.414,267,1257,135.0,1.0,1.642799616294013,1.4457772812499998,1.4457772812499998,1.8123484713541664,1.2817174479166666,1.4462638771355416
10097,3,2.365,1.615,135.0,2.828,377,1257,135.0,2.0,4.928398848882039,3.0312617643229167,2.069973678385417,3.624696942708333,2.5634348958333333,2.5050025163503102
10098,5,3.144,2.025,108.435,3.606,3676,1257,123.69,2.0,8.213998081470065,4.02971965625,2.59547783203125,4.6218731171875,2.5634348958333333,3.2339443426774745
10099,1,1.128,1.128,0.0,1.414,3749,1257,135.0,1.0,1.642799616294013,1.4457772812499998,1.4457772812499998,1.8123484713541664,1.2817174479166666,1.4462638771355416
10100,6,3.385,2.257,0.0,3.606,3793,1257,146.31,2.0,9.856797697764078,4.338613561197916,2.892836279947917,4.6218731171875,2.5634348958333333,3.5426085324013394
10101,47,12.055,4.964,47.792,16.279,165,1271,42.51,8.0,77.21158196581861,15.451103834635417,6.362445411458333,20.865078334635417,10.253739583333333,9.915085602678126
10102,4,2.257,2.257,0.0,2.828,244,1258,135.0,2.0,6.571198465176052,2.892836279947917,2.892836279947917,3.624696942708333,2.5634348958333333,2.892527754271083
10103,6,2.93,2.607,63.435,3.606,277,1258,123.69,3.0,9.856797697764078,3.7554321223958333,3.3414373867187503,4.6218731171875,3.8451523437499997,3.5426085324013394
10104,2,2.257,1.128,90.0,2.236,281,1258,116.565,1.0,3.285599232588026,2.892836279947917,1.4457772812499998,2.865920213541667,1.2817174479166666,2.0453259898153786
10105,104,14.412,9.188,104.414,16.492,3668,1258,104.036,12.0,170.85116009457735,18.472111859375,11.776419911458333,21.138084151041667,15.380609374999999,14.749055462636967
10106,5,2.523,2.523,0.0,3.162,3719,1258,108.435,2.828,8.213998081470065,3.23377312109375,3.23377312109375,4.0527905703125,3.624696942708333,3.2339443426774745
10107,270,23.245,14.789,14.467,31.575,3764,1269,10.954,20.696,443.5558963993835,29.793522076822917,18.955319337239583,40.47022841796875,26.526424302083335,23.764540488360485
10108,2,2.257,1.128,90.0,2.236,3809,1258,116.565,1.0,3.285599232588026,2.892836279947917,1.4457772812499998,2.865920213541667,1.2817174479166666,2.0453259898153786
10109,1,1.128,1.128,0.0,1.414,69,1259,135.0,1.0,1.642799616294013,1.4457772812499998,1.4457772812499998,1.8123484713541664,1.2817174479166666,1.4462638771355416
10110,3,3.385,1.128,0.0,3.162,186,1259,161.565,1.0,4.928398848882039,4.338613561197916,1.4457772812499998,4.0527905703125,1.2817174479166666,2.5050025163503102
10111,1,1.128,1.128,0.0,1.414,201,1259,135.0,1.0,1.642799616294013,1.4457772812499998,1.4457772812499998,1.8123484713541664,1.2817174479166666,1.4462638771355416
10112,1,1.128,1.128,0.0,1.414,264,1259,135.0,1.0,1.642799616294013,1.4457772812499998,1.4457772812499998,1.8123484713541664,1.2817174479166666,1.4462638771355416
10113,8,3.624,2.811,2.657,5.0,434,1259,143.13,4.0,13.142396930352104,4.64494403125,3.60290774609375,6.408587239583333,5.126869791666667,4.090651979630757
10114,1,1.128,1.128,0.0,1.414,3693,1259,135.0,1.0,1.642799616294013,1.4457772812499998,1.4457772812499998,1.8123484713541664,1.2817174479166666,1.4462638771355416
10115,2,2.596,0.981,135.0,2.828,3802,1259,135.0,1.414,3.285599232588026,3.327338494791667,1.2573648164062499,3.624696942708333,1.8123484713541664,2.0453259898153786
10116,17,5.313,4.074,169.004,6.083,257,1261,170.538,4.0,27.927593476998222,6.80976480078125,5.221716882812499,7.7966872356770835,5.126869791666667,5.963098727945161
10117,3,2.365,1.615,45.0,2.828,288,1262,45.0,2.0,4.928398848882039,3.0312617643229167,2.069973678385417,3.624696942708333,2.5634348958333333,2.5050025163503102
10118,27,7.222,4.76,47.671,11.402,1117,1268,37.875,7.766,44.35558963993835,9.256563408854166,6.100975052083333,14.614142341145833,9.953817700520833,7.515007549050931
10119,2,2.596,0.981,135.0,2.828,3651,1260,135.0,1.414,3.285599232588026,3.327338494791667,1.2573648164062499,3.624696942708333,1.8123484713541664,2.0453259898153786
10120,1,1.128,1.128,0.0,1.414,3709,1260,135.0,1.0,1.642799616294013,1.4457772812499998,1.4457772812499998,1.8123484713541664,1.2817174479166666,1.4462638771355416
10121,1,1.128,1.128,0.0,1.414,3767,1260,135.0,1.0,1.642799616294013,1.4457772812499998,1.4457772812499998,1.8123484713541664,1.2817174479166666,1.4462638771355416
10122,6,3.145,2.429,54.217,4.243,215,1264,45.0,3.0,9.856797697764078,4.031001373697917,3.113291680989583,5.438327131510417,3.8451523437499997,3.5426085324013394
10123,4,2.734,1.863,90.0,3.162,220,1261,108.435,2.0,6.571198465176052,3.5042155026041666,2.38783960546875,4.0527905703125,2.5634348958333333,2.892527754271083
10124,1,1.128,1.128,0.0,1.414,230,1261,135.0,1.0,1.642799616294013,1.4457772812499998,1.4457772812499998,1.8123484713541664,1.2817174479166666,1.4462638771355416
10125,26,6.915,4.787,81.57,9.434,237,1269,57.995,6.548,42.71279002364434,8.86307615234375,6.135581423177083,12.091722403645832,8.392685848958333,7.374527731318484
10126,2,2.596,0.981,45.0,2.828,275,1263,45.0,1.414,3.285599232588026,3.327338494791667,1.2573648164062499,3.624696942708333,1.8123484713541664,2.0453259898153786
10127,19,7.288,3.319,118.591,8.062,317,1261,119.745,4.287,31.21319270958625,9.341156760416666,4.254020209635416,10.333206065104166,5.49472269921875,6.304118086127151
10128,21,9.948,2.688,54.693,12.806,348,1271,51.34,4.713,34.49879194217427,12.750525171875001,3.4452565,16.413673638020832,6.04073433203125,6.627613691853932
10129,2,2.257,1.128,90.0,2.236,3563,1261,116.565,1.0,3.285599232588026,2.892836279947917,1.4457772812499998,2.865920213541667,1.2817174479166666,2.0453259898153786
10130,3,3.213,1.189,151.845,3.606,3798,1261,146.31,1.789,4.928398848882039,4.11815816015625,1.5239620455729168,4.6218731171875,2.2929925143229166,2.5050025163503102
10131,22,7.787,3.597,45.0,8.485,296,1268,45.0,4.243,36.141591558468285,9.980733766927083,4.61033766015625,10.875372545572915,5.438327131510417,6.78357888217988
10132,3,2.365,1.615,135.0,2.828,337,1262,135.0,2.0,4.928398848882039,3.0312617643229167,2.069973678385417,3.624696942708333,2.5634348958333333,2.5050025163503102
10133,3,2.365,1.615,135.0,2.828,3548,1262,135.0,2.0,4.928398848882039,3.0312617643229167,2.069973678385417,3.624696942708333,2.5634348958333333,2.5050025163503102
10134,6,4.339,1.761,35.249,5.0,250,1266,36.87,2.683,9.856797697764078,5.5613720065104175,2.25710442578125,6.408587239583333,3.4388479127604166,3.5426085324013394
10135,1,1.128,1.128,0.0,1.414,277,1263,135.0,1.0,1.642799616294013,1.4457772812499998,1.4457772812499998,1.8123484713541664,1.2817174479166666,1.4462638771355416
10136,1,1.128,1.128,0.0,1.414,291,1263,135.0,1.0,1.642799616294013,1.4457772812499998,1.4457772812499998,1.8123484713541664,1.2817174479166666,1.4462638771355416
10137,1,1.128,1.128,0.0,1.414,642,1263,135.0,1.0,1.642799616294013,1.4457772812499998,1.4457772812499998,1.8123484713541664,1.2817174479166666,1.4462638771355416
10138,5,3.144,2.025,108.435,3.606,3586,1263,123.69,2.0,8.213998081470065,4.02971965625,2.59547783203125,4.6218731171875,2.5634348958333333,3.2339443426774745
10139,11,6.047,2.316,52.38,7.071,3636,1268,45.0,3.536,18.070795779234142,7.7505454075520825,2.9684576093749997,9.063024074218749,4.532152895833334,4.796714628303253
10140,16,6.309,3.229,48.676,8.062,3660,1270,60.255,4.919,26.28479386070421,8.08635537890625,4.138665639322917,10.333206065104166,6.304768126302083,5.785055508542166
10141,3,3.385,1.128,0.0,3.162,3704,1263,161.565,1.0,4.928398848882039,4.338613561197916,1.4457772812499998,4.0527905703125,1.2817174479166666,2.5050025163503102
10142,1,1.128,1.128,0.0,1.414,3722,1263,135.0,1.0,1.642799616294013,1.4457772812499998,1.4457772812499998,1.8123484713541664,1.2817174479166666,1.4462638771355416
10143,3,2.365,1.615,135.0,2.828,177,1264,135.0,2.0,4.928398848882039,3.0312617643229167,2.069973678385417,3.624696942708333,2.5634348958333333,2.5050025163503102
10144,1,1.128,1.128,0.0,1.414,211,1264,135.0,1.0,1.642799616294013,1.4457772812499998,1.4457772812499998,1.8123484713541664,1.2817174479166666,1.4462638771355416
10145,2,2.257,1.128,90.0,2.236,275,1264,116.565,1.0,3.285599232588026,2.892836279947917,1.4457772812499998,2.865920213541667,1.2817174479166666,2.0453259898153786
10146,3,2.365,1.615,135.0,2.828,303,1264,135.0,2.0,4.928398848882039,3.0312617643229167,2.069973678385417,3.624696942708333,2.5634348958333333,2.5050025163503102
10147,4,2.734,1.863,90.0,3.162,343,1264,108.435,2.0,6.571198465176052,3.5042155026041666,2.38783960546875,4.0527905703125,2.5634348958333333,2.892527754271083
10148,2,2.257,1.128,90.0,2.236,437,1264,116.565,1.0,3.285599232588026,2.892836279947917,1.4457772812499998,2.865920213541667,1.2817174479166666,2.0453259898153786
10149,4,3.676,1.385,39.69,4.243,443,1267,45.0,2.121,6.571198465176052,4.711593338541666,1.7751786653645834,5.438327131510417,2.71852270703125,2.892527754271083
10150,8,4.514,2.257,90.0,4.472,3614,1264,116.565,2.0,13.142396930352104,5.785672559895834,2.892836279947917,5.731840427083334,2.5634348958333333,4.090651979630757
10151,56,13.851,5.148,116.167,16.279,3681,1264,132.51,7.603,91.99677851246473,17.75306837109375,6.598281421875,20.865078334635417,9.744897756510417,10.822847838217038
10152,1,1.128,1.128,0.0,1.414,3709,1264,135.0,1.0,1.642799616294013,1.4457772812499998,1.4457772812499998,1.8123484713541664,1.2817174479166666,1.4462638771355416
10153,1,1.128,1.128,0.0,1.414,3719,1264,135.0,1.0,1.642799616294013,1.4457772812499998,1.4457772812499998,1.8123484713541664,1.2817174479166666,1.4462638771355416
10154,229,26.434,11.03,27.925,34.928,3784,1286,23.629,20.353,376.201112131329,33.880919018229164,14.137343450520833,44.76782702083333,26.086795217447918,21.885943829963846
10155,179,24.076,9.466,58.55,26.401,3688,1288,52.696,13.225,294.06113131662835,30.85862927604167,12.132737361979165,33.83862234244791,16.950713248697916,19.349691915195343
10156,3,2.365,1.615,45.0,2.828,3721,1267,45.0,2.0,4.928398848882039,3.0312617643229167,2.069973678385417,3.624696942708333,2.5634348958333333,2.5050025163503102
10157,40,7.657,6.651,130.811,10.63,3739,1265,131.186,8.0,65.71198465176052,9.814110498697916,8.52470274609375,13.624656471354168,10.253739583333333,9.146975898748456
10158,2,2.257,1.128,90.0,2.236,3745,1265,116.565,1.0,3.285599232588026,2.892836279947917,1.4457772812499998,2.865920213541667,1.2817174479166666,2.0453259898153786
10159,1,1.128,1.128,0.0,1.414,3813,1265,135.0,1.0,1.642799616294013,1.4457772812499998,1.4457772812499998,1.8123484713541664,1.2817174479166666,1.4462638771355416
10160,2,2.596,0.981,45.0,2.828,183,1268,45.0,1.414,3.285599232588026,3.327338494791667,1.2573648164062499,3.624696942708333,1.8123484713541664,2.0453259898153786
10161,2,2.257,1.128,90.0,2.236,277,1266,116.565,1.0,3.285599232588026,2.892836279947917,1.4457772812499998,2.865920213541667,1.2817174479166666,2.0453259898153786
10162,4,2.734,1.863,0.0,3.162,458,1267,161.565,2.0,6.571198465176052,3.5042155026041666,2.38783960546875,4.0527905703125,2.5634348958333333,2.892527754271083
10163,4,2.257,2.257,0.0,2.828,3800,1266,135.0,2.0,6.571198465176052,2.892836279947917,2.892836279947917,3.624696942708333,2.5634348958333333,2.892527754271083
10164,1,1.128,1.128,0.0,1.414,99,1267,135.0,1.0,1.642799616294013,1.4457772812499998,1.4457772812499998,1.8123484713541664,1.2817174479166666,1.4462638771355416
10165,1,1.128,1.128,0.0,1.414,103,1267,135.0,1.0,1.642799616294013,1.4457772812499998,1.4457772812499998,1.8123484713541664,1.2817174479166666,1.4462638771355416
10166,72,10.558,8.683,167.04,14.318,231,1274,12.095,10.956,118.28157237316894,13.532372815104166,11.129152600260417,18.351630419270833,14.042496359374999,12.27195593889227
10167,3,3.385,1.128,90.0,3.162,251,1267,108.435,1.0,4.928398848882039,4.338613561197916,1.4457772812499998,4.0527905703125,1.2817174479166666,2.5050025163503102
10168,4,3.192,1.596,71.565,3.606,281,1270,56.31,2.0,6.571198465176052,4.09124209375,2.045621046875,4.6218731171875,2.5634348958333333,2.892527754271083
10169,8,4.27,2.386,22.227,5.385,287,1269,21.801,3.0,13.142396930352104,5.472933502604166,3.058177830729167,6.90204845703125,3.8451523437499997,4.090651979630757
10170,3,3.385,1.128,0.0,3.162,300,1267,161.565,1.0,4.928398848882039,4.338613561197916,1.4457772812499998,4.0527905703125,1.2817174479166666,2.5050025163503102
10171,2,2.257,1.128,0.0,2.236,420,1267,153.435,1.0,3.285599232588026,2.892836279947917,1.4457772812499998,2.865920213541667,1.2817174479166666,2.0453259898153786
10172,13,5.821,2.844,35.453,8.062,3747,1271,29.745,4.243,21.35639501182217,7.460877264322916,3.645204421875,10.333206065104166,5.438327131510417,5.214578566863546
10173,15,5.455,3.501,52.455,6.708,476,1274,63.435,4.919,24.641994244410196,6.991768678385417,4.487292785156249,8.597760640625,6.304768126302083,5.601355910367322
10174,3,2.365,1.615,45.0,2.828,520,1270,45.0,2.0,4.928398848882039,3.0312617643229167,2.069973678385417,3.624696942708333,2.5634348958333333,2.5050025163503102
10175,3,2.365,1.615,45.0,2.828,2299,1270,45.0,2.0,4.928398848882039,3.0312617643229167,2.069973678385417,3.624696942708333,2.5634348958333333,2.5050025163503102
10176,4,4.428,1.15,143.909,5.0,2302,1268,143.13,1.941,6.571198465176052,5.675444859375,1.4739750651041665,6.408587239583333,2.48781356640625,2.892527754271083
10177,1,1.128,1.128,0.0,1.414,3453,1268,135.0,1.0,1.642799616294013,1.4457772812499998,1.4457772812499998,1.8123484713541664,1.2817174479166666,1.4462638771355416
10178,1,1.128,1.128,0.0,1.414,3813,1268,135.0,1.0,1.642799616294013,1.4457772812499998,1.4457772812499998,1.8123484713541664,1.2817174479166666,1.4462638771355416
10179,1,1.128,1.128,0.0,1.414,470,1269,135.0,1.0,1.642799616294013,1.4457772812499998,1.4457772812499998,1.8123484713541664,1.2817174479166666,1.4462638771355416
10180,2,2.596,0.981,135.0,2.828,488,1269,135.0,1.414,3.285599232588026,3.327338494791667,1.2573648164062499,3.624696942708333,1.8123484713541664,2.0453259898153786
10181,3,2.365,1.615,45.0,2.828,3721,1271,45.0,2.0,4.928398848882039,3.0312617643229167,2.069973678385417,3.624696942708333,2.5634348958333333,2.5050025163503102
10182,1,1.128,1.128,0.0,1.414,3803,1269,135.0,1.0,1.642799616294013,1.4457772812499998,1.4457772812499998,1.8123484713541664,1.2817174479166666,1.4462638771355416
10183,1,1.128,1.128,0.0,1.414,269,1270,135.0,1.0,1.642799616294013,1.4457772812499998,1.4457772812499998,1.8123484713541664,1.2817174479166666,1.4462638771355416
10184,6,3.718,2.055,0.0,4.123,272,1271,165.964,2.0,9.856797697764078,4.765425471354167,2.63392935546875,5.284521037760417,2.5634348958333333,3.5426085324013394
10185,1,1.128,1.128,0.0,1.414,369,1270,135.0,1.0,1.642799616294013,1.4457772812499998,1.4457772812499998,1.8123484713541664,1.2817174479166666,1.4462638771355416
10186,57,12.997,5.584,155.409,16.155,3723,1272,158.199,8.497,93.63957812875874,16.658481670572915,7.157110229166666,20.70614537109375,10.890753154947916,10.919052822086096
10187,20,6.289,4.049,71.565,7.211,3760,1276,56.31,4.0,32.85599232588026,8.060721029947915,5.189673946614584,9.242464516927084,5.126869791666667,6.467888685354949
10188,2,2.596,0.981,45.0,2.828,301,1273,45.0,1.414,3.285599232588026,3.327338494791667,1.2573648164062499,3.624696942708333,1.8123484713541664,2.0453259898153786
10189,2,2.257,1.128,0.0,2.236,306,1271,153.435,1.0,3.285599232588026,2.892836279947917,1.4457772812499998,2.865920213541667,1.2817174479166666,2.0453259898153786
10190,21,7.192,3.718,169.236,11.18,2296,1271,153.435,6.616,34.49879194217427,9.218111885416667,4.765425471354167,14.329601067708333,8.479842635416666,6.627613691853932
10191,18,6.647,3.448,118.045,9.22,3570,1271,130.601,4.743,29.570393093292235,8.519575876302083,4.419361760416667,11.817434869791667,6.07918585546875,6.135977969446135
10192,5,3.086,2.063,34.099,3.606,3677,1274,33.69,2.683,8.213998081470065,3.955380044270833,2.6441830950520835,4.6218731171875,3.4388479127604166,3.2339443426774745
10193,116,16.453,8.977,136.084,22.804,248,1272,127.875,14.311,190.5647554901055,21.088097170572915,11.505977529947916,29.228284682291665,18.342658397135416,15.576738665960436
10194,46,14.401,4.067,73.534,16.155,265,1287,68.199,5.883,75.5687823495246,18.458012967447917,5.212744860677083,20.70614537109375,7.5403437460937495,9.809038857407382
10195,1,1.128,1.128,0.0,1.414,293,1272,135.0,1.0,1.642799616294013,1.4457772812499998,1.4457772812499998,1.8123484713541664,1.2817174479166666,1.4462638771355416
10196,5,3.452,1.844,92.855,4.123,296,1272,104.036,2.0,8.213998081470065,4.424488630208333,2.3634869739583335,5.284521037760417,2.5634348958333333,3.2339443426774745
10197,8,3.274,3.111,109.33,4.472,310,1273,153.435,4.0,13.142396930352104,4.196342924479167,3.98742298046875,5.731840427083334,5.126869791666667,4.090651979630757
10198,4,3.676,1.385,39.69,4.243,389,1275,45.0,2.121,6.571198465176052,4.711593338541666,1.7751786653645834,5.438327131510417,2.71852270703125,2.892527754271083
10199,18,5.18,4.425,124.642,6.325,567,1272,108.435,4.95,29.570393093292235,6.639296380208333,5.67159970703125,8.106862858072917,6.3445013671875,6.135977969446135
10200,5,3.244,1.963,90.0,3.606,3712,1272,123.69,2.0,8.213998081470065,4.157891401041667,2.516011350260417,4.6218731171875,2.5634348958333333,3.2339443426774745
10201,24,6.554,4.662,92.906,9.055,3721,1272,96.34,5.0,39.42719079105631,8.400376153645833,5.9753667421875,11.605951490885417,6.408587239583333,7.085217064802679
10202,1,1.128,1.128,0.0,1.414,3757,1272,135.0,1.0,1.642799616294013,1.4457772812499998,1.4457772812499998,1.8123484713541664,1.2817174479166666,1.4462638771355416
10203,1,1.128,1.128,0.0,1.414,3790,1272,135.0,1.0,1.642799616294013,1.4457772812499998,1.4457772812499998,1.8123484713541664,1.2817174479166666,1.4462638771355416
10204,4,2.257,2.257,0.0,2.828,102,1273,135.0,2.0,6.571198465176052,2.892836279947917,2.892836279947917,3.624696942708333,2.5634348958333333,2.892527754271083
10205,2,2.596,0.981,45.0,2.828,303,1275,45.0,1.414,3.285599232588026,3.327338494791667,1.2573648164062499,3.624696942708333,1.8123484713541664,2.0453259898153786
10206,2,2.257,1.128,90.0,2.236,315,1273,116.565,1.0,3.285599232588026,2.892836279947917,1.4457772812499998,2.865920213541667,1.2817174479166666,2.0453259898153786
10207,1,1.128,1.128,0.0,1.414,444,1273,135.0,1.0,1.642799616294013,1.4457772812499998,1.4457772812499998,1.8123484713541664,1.2817174479166666,1.4462638771355416
10208,1,1.128,1.128,0.0,1.414,3535,1273,135.0,1.0,1.642799616294013,1.4457772812499998,1.4457772812499998,1.8123484713541664,1.2817174479166666,1.4462638771355416
10209,9,4.958,2.311,83.503,5.385,3662,1273,111.801,3.0,14.785196546646118,6.354755106770834,2.9620490221354165,6.90204845703125,3.8451523437499997,4.338791631406624
10210,2,2.257,1.128,90.0,2.236,3665,1273,116.565,1.0,3.285599232588026,2.892836279947917,1.4457772812499998,2.865920213541667,1.2817174479166666,2.0453259898153786
10211,1,1.128,1.128,0.0,1.414,3731,1273,135.0,1.0,1.642799616294013,1.4457772812499998,1.4457772812499998,1.8123484713541664,1.2817174479166666,1.4462638771355416
10212,2,2.257,1.128,90.0,2.236,292,1274,116.565,1.0,3.285599232588026,2.892836279947917,1.4457772812499998,2.865920213541667,1.2817174479166666,2.0453259898153786
10213,3,3.213,1.189,61.845,3.606,3579,1277,56.31,1.789,4.928398848882039,4.11815816015625,1.5239620455729168,4.6218731171875,2.2929925143229166,2.5050025163503102
10214,13,4.253,3.892,59.036,5.0,3588,1274,126.87,4.0,21.35639501182217,5.451144305989583,4.988444307291666,6.408587239583333,5.126869791666667,5.214578566863546
10215,80,16.474,6.183,24.534,17.464,3603,1282,23.629,7.514,131.42396930352103,21.115013236979166,7.924858980468749,22.383913510416665,9.630824903645834,12.935777370709898
10216,15,8.03,2.378,175.136,8.544,3652,1274,159.444,2.97,24.641994244410196,10.292191106770833,3.0479240911458336,10.950993875,3.8067008203125003,5.601355910367322
10217,1,1.128,1.128,0.0,1.414,3747,1274,135.0,1.0,1.642799616294013,1.4457772812499998,1.4457772812499998,1.8123484713541664,1.2817174479166666,1.4462638771355416
10218,1,1.128,1.128,0.0,1.414,3799,1274,135.0,1.0,1.642799616294013,1.4457772812499998,1.4457772812499998,1.8123484713541664,1.2817174479166666,1.4462638771355416
10219,5,3.732,1.706,5.152,4.123,215,1275,165.964,2.0,8.213998081470065,4.783369515625,2.1866099661458334,5.284521037760417,2.5634348958333333,3.2339443426774745
10220,2,2.257,1.128,0.0,2.236,273,1275,153.435,1.0,3.285599232588026,2.892836279947917,1.4457772812499998,2.865920213541667,1.2817174479166666,2.0453259898153786
10221,1,1.128,1.128,0.0,1.414,329,1275,135.0,1.0,1.642799616294013,1.4457772812499998,1.4457772812499998,1.8123484713541664,1.2817174479166666,1.4462638771355416
10222,1,1.128,1.128,0.0,1.414,590,1275,135.0,1.0,1.642799616294013,1.4457772812499998,1.4457772812499998,1.8123484713541664,1.2817174479166666,1.4462638771355416
10223,1,1.128,1.128,0.0,1.414,3582,1275,135.0,1.0,1.642799616294013,1.4457772812499998,1.4457772812499998,1.8123484713541664,1.2817174479166666,1.4462638771355416
10224,4,2.257,2.257,0.0,2.828,3682,1275,135.0,2.0,6.571198465176052,2.892836279947917,2.892836279947917,3.624696942708333,2.5634348958333333,2.892527754271083
10225,5,3.144,2.025,71.565,3.606,3755,1278,56.31,2.0,8.213998081470065,4.02971965625,2.59547783203125,4.6218731171875,2.5634348958333333,3.2339443426774745
10226,1,1.128,1.128,0.0,1.414,3758,1275,135.0,1.0,1.642799616294013,1.4457772812499998,1.4457772812499998,1.8123484713541664,1.2817174479166666,1.4462638771355416
10227,1,1.128,1.128,0.0,1.414,3772,1275,135.0,1.0,1.642799616294013,1.4457772812499998,1.4457772812499998,1.8123484713541664,1.2817174479166666,1.4462638771355416
10228,4,2.734,1.863,90.0,3.162,3802,1275,108.435,2.0,6.571198465176052,3.5042155026041666,2.38783960546875,4.0527905703125,2.5634348958333333,2.892527754271083
10229,2,2.257,1.128,90.0,2.236,163,1276,116.565,1.0,3.285599232588026,2.892836279947917,1.4457772812499998,2.865920213541667,1.2817174479166666,2.0453259898153786
10230,34,9.131,4.741,122.427,10.817,220,1276,123.69,6.174,55.855186953996444,11.703362016927084,6.0766224205729165,13.864337634114584,7.913323523437501,8.433095094829797
10231,16,4.67,4.362,40.435,6.325,228,1282,71.565,5.0,26.28479386070421,5.985620481770833,5.5908515078125,8.106862858072917,6.408587239583333,5.785055508542166
10232,7,4.154,2.146,8.35,4.472,276,1278,26.565,2.0,11.499597314058091,5.324254278645833,2.7505656432291663,5.731840427083334,2.5634348958333333,3.826454549076717
10233,2,2.257,1.128,90.0,2.236,595,1276,116.565,1.0,3.285599232588026,2.892836279947917,1.4457772812499998,2.865920213541667,1.2817174479166666,2.0453259898153786
10234,10,3.885,3.277,57.557,5.0,3644,1279,36.87,4.0,16.42799616294013,4.97947228515625,4.200188076822917,6.408587239583333,5.126869791666667,4.573487949374228
10235,27,10.802,3.183,19.724,13.928,3702,1281,21.038,5.483,44.35558963993835,13.845111872395833,4.07970663671875,17.851760614583334,7.027656766927083,7.515007549050931
10236,95,15.216,7.949,135.153,21.26,3742,1276,131.186,12.021,156.06596354793123,19.502612687499997,10.188371993489582,27.249312942708336,15.40752544140625,14.096436578766182
10237,33,10.832,3.879,52.756,14.866,233,1288,47.726,6.914,54.21238733770243,13.883563395833335,4.97178198046875,19.054011580729167,8.861794434895833,8.308153445630097
10238,1,1.128,1.128,0.0,1.414,284,1277,135.0,1.0,1.642799616294013,1.4457772812499998,1.4457772812499998,1.8123484713541664,1.2817174479166666,1.4462638771355416
10239,1,1.128,1.128,0.0,1.414,297,1277,135.0,1.0,1.642799616294013,1.4457772812499998,1.4457772812499998,1.8123484713541664,1.2817174479166666,1.4462638771355416
10240,2,2.257,1.128,0.0,2.236,525,1277,153.435,1.0,3.285599232588026,2.892836279947917,1.4457772812499998,2.865920213541667,1.2817174479166666,2.0453259898153786
10241,17,5.836,3.709,95.377,7.616,3767,1284,66.801,5.0,27.927593476998222,7.480103026041667,4.753890014322916,9.761560083333332,6.408587239583333,5.963098727945161
10242,27,7.201,4.774,64.431,9.487,289,1287,71.565,6.934,44.35558963993835,9.229647342447915,6.118919096354166,12.159653428385417,8.887428783854167,7.515007549050931
10243,4,2.257,2.257,0.0,2.828,307,1278,135.0,2.0,6.571198465176052,2.892836279947917,2.892836279947917,3.624696942708333,2.5634348958333333,2.892527754271083
10244,18,6.507,3.522,12.61,7.28,315,1281,15.945,4.0,29.570393093292235,8.34013543359375,4.5142088515625,9.330903020833334,5.126869791666667,6.135977969446135
10245,9,3.923,2.921,11.981,4.472,494,1279,153.435,3.0,14.785196546646118,5.028177548177084,3.743896665364583,5.731840427083334,3.8451523437499997,4.338791631406624
10246,9,3.769,3.04,34.722,5.0,3466,1282,36.87,3.883,14.785196546646118,4.830793061197917,3.8964210416666667,6.408587239583333,4.976908850260417,4.338791631406624
10247,10,4.456,2.857,18.222,5.0,3626,1281,36.87,3.0,16.42799616294013,5.7113329479166675,3.661866748697917,6.408587239583333,3.8451523437499997,4.573487949374228
10248,2,2.596,0.981,45.0,2.828,3654,1280,45.0,1.414,3.285599232588026,3.327338494791667,1.2573648164062499,3.624696942708333,1.8123484713541664,2.0453259898153786
10249,3,3.385,1.128,90.0,3.162,142,1279,108.435,1.0,4.928398848882039,4.338613561197916,1.4457772812499998,4.0527905703125,1.2817174479166666,2.5050025163503102
10250,4,3.192,1.596,71.565,3.606,183,1282,56.31,2.0,6.571198465176052,4.09124209375,2.045621046875,4.6218731171875,2.5634348958333333,2.892527754271083
10251,1,1.128,1.128,0.0,1.414,216,1279,135.0,1.0,1.642799616294013,1.4457772812499998,1.4457772812499998,1.8123484713541664,1.2817174479166666,1.4462638771355416
10252,1,1.128,1.128,0.0,1.414,235,1279,135.0,1.0,1.642799616294013,1.4457772812499998,1.4457772812499998,1.8123484713541664,1.2817174479166666,1.4462638771355416
10253,1,1.128,1.128,0.0,1.414,259,1279,135.0,1.0,1.642799616294013,1.4457772812499998,1.4457772812499998,1.8123484713541664,1.2817174479166666,1.4462638771355416
10254,4,2.734,1.863,90.0,3.162,273,1279,108.435,2.0,6.571198465176052,3.5042155026041666,2.38783960546875,4.0527905703125,2.5634348958333333,2.892527754271083
10255,2,2.257,1.128,90.0,2.236,379,1279,116.565,1.0,3.285599232588026,2.892836279947917,1.4457772812499998,2.865920213541667,1.2817174479166666,2.0453259898153786
10256,5,3.144,2.025,108.435,3.606,3638,1279,123.69,2.0,8.213998081470065,4.02971965625,2.59547783203125,4.6218731171875,2.5634348958333333,3.2339443426774745
10257,2,2.257,1.128,90.0,2.236,3651,1279,116.565,1.0,3.285599232588026,2.892836279947917,1.4457772812499998,2.865920213541667,1.2817174479166666,2.0453259898153786
10258,9,5.416,2.116,20.561,5.831,3665,1282,30.964,2.846,14.785196546646118,6.941781697916667,2.712114119791667,7.473694438802084,3.6477678567708334,4.338791631406624
10259,2,2.596,0.981,135.0,2.828,491,1280,135.0,1.414,3.285599232588026,3.327338494791667,1.2573648164062499,3.624696942708333,1.8123484713541664,2.0453259898153786
10260,1,1.128,1.128,0.0,1.414,3487,1280,135.0,1.0,1.642799616294013,1.4457772812499998,1.4457772812499998,1.8123484713541664,1.2817174479166666,1.4462638771355416
10261,9,4.301,2.664,11.31,5.831,3807,1284,30.964,4.0,14.785196546646118,5.512666743489583,3.4144952812500002,7.473694438802084,5.126869791666667,4.338791631406624
10262,1,1.128,1.128,0.0,1.414,352,1281,135.0,1.0,1.642799616294013,1.4457772812499998,1.4457772812499998,1.8123484713541664,1.2817174479166666,1.4462638771355416
10263,2,2.257,1.128,0.0,2.236,3430,1281,153.435,1.0,3.285599232588026,2.892836279947917,1.4457772812499998,2.865920213541667,1.2817174479166666,2.0453259898153786
10264,3035,103.963,37.17,8.739,157.877,3591,1322,10.954,69.11,4985.8968354523295,133.2511910377604,47.6414375390625,202.35370552473958,88.57949282552083,79.67588329602714
10265,1,1.128,1.128,0.0,1.414,3740,1281,135.0,1.0,1.642799616294013,1.4457772812499998,1.4457772812499998,1.8123484713541664,1.2817174479166666,1.4462638771355416
10266,18,5.183,4.422,15.787,6.708,210,1286,26.565,5.814,29.570393093292235,6.643141532552083,5.6677545546875,8.597760640625,7.4519052421875,6.135977969446135
10267,5,3.145,2.025,40.935,4.243,299,1285,45.0,2.828,8.213998081470065,4.031001373697917,2.59547783203125,5.438327131510417,3.624696942708333,3.2339443426774745
10268,31,9.388,4.204,106.97,10.77,392,1282,111.801,5.578,50.926788105114404,12.032763401041667,5.388340151041667,13.8040969140625,7.149419924479167,8.052456474363645
10269,2,2.596,0.981,45.0,2.828,398,1284,45.0,1.414,3.285599232588026,3.327338494791667,1.2573648164062499,3.624696942708333,1.8123484713541664,2.0453259898153786
10270,4,2.257,2.257,0.0,2.828,3588,1282,135.0,2.0,6.571198465176052,2.892836279947917,2.892836279947917,3.624696942708333,2.5634348958333333,2.892527754271083
10271,8,4.514,2.257,90.0,4.472,3702,1282,116.565,2.0,13.142396930352104,5.785672559895834,2.892836279947917,5.731840427083334,2.5634348958333333,4.090651979630757
10272,2,2.257,1.128,90.0,2.236,3732,1282,116.565,1.0,3.285599232588026,2.892836279947917,1.4457772812499998,2.865920213541667,1.2817174479166666,2.0453259898153786
10273,1,1.128,1.128,0.0,1.414,190,1283,135.0,1.0,1.642799616294013,1.4457772812499998,1.4457772812499998,1.8123484713541664,1.2817174479166666,1.4462638771355416
10274,1,1.128,1.128,0.0,1.414,203,1283,135.0,1.0,1.642799616294013,1.4457772812499998,1.4457772812499998,1.8123484713541664,1.2817174479166666,1.4462638771355416
10275,2,2.257,1.128,90.0,2.236,3679,1283,116.565,1.0,3.285599232588026,2.892836279947917,1.4457772812499998,2.865920213541667,1.2817174479166666,2.0453259898153786
10276,1,1.128,1.128,0.0,1.414,3737,1283,135.0,1.0,1.642799616294013,1.4457772812499998,1.4457772812499998,1.8123484713541664,1.2817174479166666,1.4462638771355416
10277,2,2.257,1.128,0.0,2.236,3775,1283,153.435,1.0,3.285599232588026,2.892836279947917,1.4457772812499998,2.865920213541667,1.2817174479166666,2.0453259898153786
10278,11,4.731,2.961,83.481,5.831,3836,1283,120.964,4.0,18.070795779234142,6.06380524609375,3.79516536328125,7.473694438802084,5.126869791666667,4.796714628303253
10279,1,1.128,1.128,0.0,1.414,281,1284,135.0,1.0,1.642799616294013,1.4457772812499998,1.4457772812499998,1.8123484713541664,1.2817174479166666,1.4462638771355416
10280,2,2.257,1.128,0.0,2.236,292,1284,153.435,1.0,3.285599232588026,2.892836279947917,1.4457772812499998,2.865920213541667,1.2817174479166666,2.0453259898153786
10281,3,2.365,1.615,45.0,2.828,375,1286,45.0,2.0,4.928398848882039,3.0312617643229167,2.069973678385417,3.624696942708333,2.5634348958333333,2.5050025163503102
10282,2,2.257,1.128,90.0,2.236,417,1284,116.565,1.0,3.285599232588026,2.892836279947917,1.4457772812499998,2.865920213541667,1.2817174479166666,2.0453259898153786
10283,2,2.257,1.128,0.0,2.236,428,1284,153.435,1.0,3.285599232588026,2.892836279947917,1.4457772812499998,2.865920213541667,1.2817174479166666,2.0453259898153786
10284,44,8.262,6.781,75.538,14.56,1940,1298,74.055,11.0,72.28318311693657,10.589549554687501,8.691326014322916,18.66180604166667,14.098891927083333,9.593429256606505
10285,1,1.128,1.128,0.0,1.414,3647,1284,135.0,1.0,1.642799616294013,1.4457772812499998,1.4457772812499998,1.8123484713541664,1.2817174479166666,1.4462638771355416
10286,11,3.921,3.572,101.31,5.0,3658,1284,126.87,4.0,18.070795779234142,5.025614113281249,4.578294723958333,6.408587239583333,5.126869791666667,4.796714628303253
10287,58,14.235,5.188,25.248,17.029,3709,1295,40.236,8.434,95.28237774505276,18.24524787109375,6.649550119791666,21.826366420572917,10.810004955729166,11.01441753947132
10288,1,1.128,1.128,0.0,1.414,3723,1284,135.0,1.0,1.642799616294013,1.4457772812499998,1.4457772812499998,1.8123484713541664,1.2817174479166666,1.4462638771355416
10289,5,4.183,1.522,100.901,4.472,3762,1284,116.565,2.0,8.213998081470065,5.361424084635416,1.9507739557291666,5.731840427083334,2.5634348958333333,3.2339443426774745
10290,48,10.057,6.077,130.27,11.402,3824,1285,142.125,7.778,78.85438158211262,12.890232373697916,7.788996930989583,14.614142341145833,9.969198309895832,10.020010065401241
10291,2,2.257,1.128,0.0,2.236,167,1285,153.435,1.0,3.285599232588026,2.892836279947917,1.4457772812499998,2.865920213541667,1.2817174479166666,2.0453259898153786
10292,1,1.128,1.128,0.0,1.414,192,1285,135.0,1.0,1.642799616294013,1.4457772812499998,1.4457772812499998,1.8123484713541664,1.2817174479166666,1.4462638771355416
10293,6,3.988,1.916,108.435,4.472,250,1285,116.565,2.0,9.856797697764078,5.111489182291667,2.4557706302083333,5.731840427083334,2.5634348958333333,3.5426085324013394
10294,1,1.128,1.128,0.0,1.414,273,1285,135.0,1.0,1.642799616294013,1.4457772812499998,1.4457772812499998,1.8123484713541664,1.2817174479166666,1.4462638771355416
10295,4,3.192,1.596,18.435,3.606,295,1287,33.69,2.0,6.571198465176052,4.09124209375,2.045621046875,4.6218731171875,2.5634348958333333,2.892527754271083
10296,1,1.128,1.128,0.0,1.414,457,1285,135.0,1.0,1.642799616294013,1.4457772812499998,1.4457772812499998,1.8123484713541664,1.2817174479166666,1.4462638771355416
10297,1,1.128,1.128,0.0,1.414,648,1285,135.0,1.0,1.642799616294013,1.4457772812499998,1.4457772812499998,1.8123484713541664,1.2817174479166666,1.4462638771355416
10298,1,1.128,1.128,0.0,1.414,651,1285,135.0,1.0,1.642799616294013,1.4457772812499998,1.4457772812499998,1.8123484713541664,1.2817174479166666,1.4462638771355416
10299,8,4.044,2.519,19.33,4.472,3728,1288,26.565,3.0,13.142396930352104,5.1832653593749995,3.2286462513020835,5.731840427083334,3.8451523437499997,4.090651979630757
10300,3,3.385,1.128,0.0,3.162,3754,1285,161.565,1.0,4.928398848882039,4.338613561197916,1.4457772812499998,4.0527905703125,1.2817174479166666,2.5050025163503102
10301,3,2.365,1.615,135.0,2.828,3758,1285,135.0,2.0,4.928398848882039,3.0312617643229167,2.069973678385417,3.624696942708333,2.5634348958333333,2.5050025163503102
10302,1,1.128,1.128,0.0,1.414,217,1286,135.0,1.0,1.642799616294013,1.4457772812499998,1.4457772812499998,1.8123484713541664,1.2817174479166666,1.4462638771355416
10303,4,2.734,1.863,90.0,3.162,325,1286,108.435,2.0,6.571198465176052,3.5042155026041666,2.38783960546875,4.0527905703125,2.5634348958333333,2.892527754271083
10304,6,2.93,2.607,26.565,3.606,426,1286,146.31,3.0,9.856797697764078,3.7554321223958333,3.3414373867187503,4.6218731171875,3.8451523437499997,3.5426085324013394
10305,1,1.128,1.128,0.0,1.414,653,1286,135.0,1.0,1.642799616294013,1.4457772812499998,1.4457772812499998,1.8123484713541664,1.2817174479166666,1.4462638771355416
10306,1,1.128,1.128,0.0,1.414,3714,1286,135.0,1.0,1.642799616294013,1.4457772812499998,1.4457772812499998,1.8123484713541664,1.2817174479166666,1.4462638771355416
10307,1,1.128,1.128,0.0,1.414,314,1287,135.0,1.0,1.642799616294013,1.4457772812499998,1.4457772812499998,1.8123484713541664,1.2817174479166666,1.4462638771355416
10308,4,3.192,1.596,108.435,3.606,540,1287,123.69,2.0,6.571198465176052,4.09124209375,2.045621046875,4.6218731171875,2.5634348958333333,2.892527754271083
10309,1,1.128,1.128,0.0,1.414,3417,1287,135.0,1.0,1.642799616294013,1.4457772812499998,1.4457772812499998,1.8123484713541664,1.2817174479166666,1.4462638771355416
10310,2,2.257,1.128,0.0,2.236,3612,1287,153.435,1.0,3.285599232588026,2.892836279947917,1.4457772812499998,2.865920213541667,1.2817174479166666,2.0453259898153786
10311,3,2.365,1.615,135.0,2.828,3784,1287,135.0,2.0,4.928398848882039,3.0312617643229167,2.069973678385417,3.624696942708333,2.5634348958333333,2.5050025163503102
10312,20,7.891,3.227,24.774,9.487,201,1292,18.435,4.919,32.85599232588026,10.114032381510416,4.136102204427083,12.159653428385417,6.304768126302083,6.467888685354949
10313,2,2.257,1.128,90.0,2.236,217,1288,116.565,1.0,3.285599232588026,2.892836279947917,1.4457772812499998,2.865920213541667,1.2817174479166666,2.0453259898153786
10314,3,3.385,1.128,90.0,3.162,263,1288,108.435,1.0,4.928398848882039,4.338613561197916,1.4457772812499998,4.0527905703125,1.2817174479166666,2.5050025163503102
10315,4,2.734,1.863,90.0,3.162,305,1288,108.435,2.0,6.571198465176052,3.5042155026041666,2.38783960546875,4.0527905703125,2.5634348958333333,2.892527754271083
10316,8,4.85,2.1,31.968,5.657,352,1292,45.0,3.051,13.142396930352104,6.216329622395833,2.691606640625,7.250675602864583,3.91051993359375,4.090651979630757
10317,2,2.257,1.128,0.0,2.236,370,1288,153.435,1.0,3.285599232588026,2.892836279947917,1.4457772812499998,2.865920213541667,1.2817174479166666,2.0453259898153786
10318,1,1.128,1.128,0.0,1.414,387,1288,135.0,1.0,1.642799616294013,1.4457772812499998,1.4457772812499998,1.8123484713541664,1.2817174479166666,1.4462638771355416
10319,2,2.257,1.128,90.0,2.236,405,1288,116.565,1.0,3.285599232588026,2.892836279947917,1.4457772812499998,2.865920213541667,1.2817174479166666,2.0453259898153786
10320,2,2.257,1.128,90.0,2.236,3629,1288,116.565,1.0,3.285599232588026,2.892836279947917,1.4457772812499998,2.865920213541667,1.2817174479166666,2.0453259898153786
10321,10,4.187,3.041,179.284,5.385,3723,1290,158.199,4.0,16.42799616294013,5.366550954427083,3.897702759114583,6.90204845703125,5.126869791666667,4.573487949374228
10322,1,1.128,1.128,0.0,1.414,3767,1288,135.0,1.0,1.642799616294013,1.4457772812499998,1.4457772812499998,1.8123484713541664,1.2817174479166666,1.4462638771355416
10323,2,2.257,1.128,90.0,2.236,3769,1288,116.565,1.0,3.285599232588026,2.892836279947917,1.4457772812499998,2.865920213541667,1.2817174479166666,2.0453259898153786
10324,15,5.495,3.476,96.34,6.708,3807,1288,116.565,4.0,24.641994244410196,7.043037376302084,4.455249848958333,8.597760640625,5.126869791666667,5.601355910367322
10325,4,2.257,2.257,0.0,2.828,3816,1288,135.0,2.0,6.571198465176052,2.892836279947917,2.892836279947917,3.624696942708333,2.5634348958333333,2.892527754271083
10326,2,2.257,1.128,0.0,2.236,221,1289,153.435,1.0,3.285599232588026,2.892836279947917,1.4457772812499998,2.865920213541667,1.2817174479166666,2.0453259898153786
10327,1,1.128,1.128,0.0,1.414,255,1289,135.0,1.0,1.642799616294013,1.4457772812499998,1.4457772812499998,1.8123484713541664,1.2817174479166666,1.4462638771355416
10328,4,3.192,1.596,161.565,3.606,3677,1289,146.31,2.0,6.571198465176052,4.09124209375,2.045621046875,4.6218731171875,2.5634348958333333,2.892527754271083
10329,2,2.257,1.128,0.0,2.236,3813,1289,153.435,1.0,3.285599232588026,2.892836279947917,1.4457772812499998,2.865920213541667,1.2817174479166666,2.0453259898153786
10330,3,3.385,1.128,90.0,3.162,215,1290,108.435,1.0,4.928398848882039,4.338613561197916,1.4457772812499998,4.0527905703125,1.2817174479166666,2.5050025163503102
10331,1,1.128,1.128,0.0,1.414,231,1290,135.0,1.0,1.642799616294013,1.4457772812499998,1.4457772812499998,1.8123484713541664,1.2817174479166666,1.4462638771355416
10332,1,1.128,1.128,0.0,1.414,272,1290,135.0,1.0,1.642799616294013,1.4457772812499998,1.4457772812499998,1.8123484713541664,1.2817174479166666,1.4462638771355416
10333,5,4.076,1.562,69.006,4.472,276,1294,63.435,2.0,8.213998081470065,5.224280317708333,2.0020426536458333,5.731840427083334,2.5634348958333333,3.2339443426774745
10334,1,1.128,1.128,0.0,1.414,343,1290,135.0,1.0,1.642799616294013,1.4457772812499998,1.4457772812499998,1.8123484713541664,1.2817174479166666,1.4462638771355416
10335,1,1.128,1.128,0.0,1.414,473,1290,135.0,1.0,1.642799616294013,1.4457772812499998,1.4457772812499998,1.8123484713541664,1.2817174479166666,1.4462638771355416
10336,4,2.257,2.257,0.0,2.828,3606,1290,135.0,2.0,6.571198465176052,2.892836279947917,2.892836279947917,3.624696942708333,2.5634348958333333,2.892527754271083
10337,8,4.501,2.263,111.355,5.0,3655,1290,126.87,2.846,13.142396930352104,5.769010233072917,2.9005265846354167,6.408587239583333,3.6477678567708334,4.090651979630757
10338,1,1.128,1.128,0.0,1.414,3659,1290,135.0,1.0,1.642799616294013,1.4457772812499998,1.4457772812499998,1.8123484713541664,1.2817174479166666,1.4462638771355416
10339,5,3.086,2.063,55.901,3.606,3729,1292,33.69,2.683,8.213998081470065,3.955380044270833,2.6441830950520835,4.6218731171875,3.4388479127604166,3.2339443426774745
10340,13,5.815,2.847,91.318,6.325,3766,1296,71.565,3.0,21.35639501182217,7.453186959635417,3.64904957421875,8.106862858072917,3.8451523437499997,5.214578566863546
10341,23,10.1,2.9,33.578,11.662,3772,1296,30.964,4.534,37.7843911747623,12.945346223958333,3.716980598958333,14.947388877604167,5.811306908854166,6.936037892995103
10342,126,19.499,8.227,116.686,24.352,3784,1290,109.179,11.628,206.99275165304564,24.992208516927082,10.544689444010418,31.212383291666665,14.903810484375,16.234271757325555
10343,1,1.128,1.128,0.0,1.414,211,1291,135.0,1.0,1.642799616294013,1.4457772812499998,1.4457772812499998,1.8123484713541664,1.2817174479166666,1.4462638771355416
10344,2,2.257,1.128,0.0,2.236,246,1291,153.435,1.0,3.285599232588026,2.892836279947917,1.4457772812499998,2.865920213541667,1.2817174479166666,2.0453259898153786
10345,1,1.128,1.128,0.0,1.414,258,1291,135.0,1.0,1.642799616294013,1.4457772812499998,1.4457772812499998,1.8123484713541664,1.2817174479166666,1.4462638771355416
10346,3,3.385,1.128,90.0,3.162,3583,1291,108.435,1.0,4.928398848882039,4.338613561197916,1.4457772812499998,4.0527905703125,1.2817174479166666,2.5050025163503102
10347,2,2.257,1.128,90.0,2.236,3615,1291,116.565,1.0,3.285599232588026,2.892836279947917,1.4457772812499998,2.865920213541667,1.2817174479166666,2.0453259898153786
10348,4,2.734,1.863,0.0,3.162,3702,1292,161.565,2.0,6.571198465176052,3.5042155026041666,2.38783960546875,4.0527905703125,2.5634348958333333,2.892527754271083
10349,1,1.128,1.128,0.0,1.414,3812,1291,135.0,1.0,1.642799616294013,1.4457772812499998,1.4457772812499998,1.8123484713541664,1.2817174479166666,1.4462638771355416
10350,2,2.257,1.128,90.0,2.236,399,1292,116.565,1.0,3.285599232588026,2.892836279947917,1.4457772812499998,2.865920213541667,1.2817174479166666,2.0453259898153786
10351,7,3.772,2.363,135.0,4.243,437,1292,135.0,2.828,11.499597314058091,4.834638213541666,3.0286983294270833,5.438327131510417,3.624696942708333,3.826454549076717
10352,6,4.134,1.848,167.067,4.472,470,1292,153.435,2.0,9.856797697764078,5.298619929687501,2.36861384375,5.731840427083334,2.5634348958333333,3.5426085324013394
10353,3,2.365,1.615,135.0,2.828,3499,1292,135.0,2.0,4.928398848882039,3.0312617643229167,2.069973678385417,3.624696942708333,2.5634348958333333,2.5050025163503102
10354,6,3.988,1.916,108.435,4.472,3595,1292,116.565,2.0,9.856797697764078,5.111489182291667,2.4557706302083333,5.731840427083334,2.5634348958333333,3.5426085324013394
10355,4,2.257,2.257,0.0,2.828,3800,1292,135.0,2.0,6.571198465176052,2.892836279947917,2.892836279947917,3.624696942708333,2.5634348958333333,2.892527754271083
10356,4,2.257,2.257,0.0,2.828,199,1293,135.0,2.0,6.571198465176052,2.892836279947917,2.892836279947917,3.624696942708333,2.5634348958333333,2.892527754271083
10357,2,2.257,1.128,90.0,2.236,227,1293,116.565,1.0,3.285599232588026,2.892836279947917,1.4457772812499998,2.865920213541667,1.2817174479166666,2.0453259898153786
10358,2,2.596,0.981,45.0,2.828,264,1295,45.0,1.414,3.285599232588026,3.327338494791667,1.2573648164062499,3.624696942708333,1.8123484713541664,2.0453259898153786
10359,1,1.128,1.128,0.0,1.414,304,1293,135.0,1.0,1.642799616294013,1.4457772812499998,1.4457772812499998,1.8123484713541664,1.2817174479166666,1.4462638771355416
10360,2,2.257,1.128,0.0,2.236,342,1293,153.435,1.0,3.285599232588026,2.892836279947917,1.4457772812499998,2.865920213541667,1.2817174479166666,2.0453259898153786
10361,8,4.015,2.537,149.872,5.0,1670,1293,143.13,3.0,13.142396930352104,5.1460955533854165,3.251717165364583,6.408587239583333,3.8451523437499997,4.090651979630757
10362,1,1.128,1.128,0.0,1.414,3368,1293,135.0,1.0,1.642799616294013,1.4457772812499998,1.4457772812499998,1.8123484713541664,1.2817174479166666,1.4462638771355416
10363,2,2.257,1.128,0.0,2.236,3448,1293,153.435,1.0,3.285599232588026,2.892836279947917,1.4457772812499998,2.865920213541667,1.2817174479166666,2.0453259898153786
10364,2,2.257,1.128,0.0,2.236,3600,1293,153.435,1.0,3.285599232588026,2.892836279947917,1.4457772812499998,2.865920213541667,1.2817174479166666,2.0453259898153786
10365,1,1.128,1.128,0.0,1.414,3612,1293,135.0,1.0,1.642799616294013,1.4457772812499998,1.4457772812499998,1.8123484713541664,1.2817174479166666,1.4462638771355416
10366,59,12.74,5.897,98.145,14.765,3833,1293,118.301,7.0,96.92517736134677,16.329080286458332,7.5582877903645835,18.924558118489582,8.972022135416667,11.108963630155632
10367,46,11.384,5.145,52.124,17.029,205,1305,40.236,8.598,75.5687823495246,14.591071427083333,6.59443626953125,21.826366420572917,11.020206617187501,9.809038857407382
10368,10,3.966,3.21,0.0,4.472,419,1294,153.435,3.0,16.42799616294013,5.0832913984375,4.1143130078125,5.731840427083334,3.8451523437499997,4.573487949374228
10369,10,4.022,3.165,22.829,5.831,453,1297,30.964,4.0,16.42799616294013,5.1550675755208335,4.05663572265625,7.473694438802084,5.126869791666667,4.573487949374228
10370,4,2.257,2.257,0.0,2.828,3704,1294,135.0,2.0,6.571198465176052,2.892836279947917,2.892836279947917,3.624696942708333,2.5634348958333333,2.892527754271083
10371,6,3.988,1.916,108.435,4.472,3721,1294,116.565,2.0,9.856797697764078,5.111489182291667,2.4557706302083333,5.731840427083334,2.5634348958333333,3.5426085324013394
10372,1,1.128,1.128,0.0,1.414,3797,1294,135.0,1.0,1.642799616294013,1.4457772812499998,1.4457772812499998,1.8123484713541664,1.2817174479166666,1.4462638771355416
10373,27,6.581,5.224,176.83,8.062,3811,1294,150.255,6.0,44.35558963993835,8.434982524739583,6.695691947916667,10.333206065104166,7.690304687499999,7.515007549050931
10374,1,1.128,1.128,0.0,1.414,3820,1294,135.0,1.0,1.642799616294013,1.4457772812499998,1.4457772812499998,1.8123484713541664,1.2817174479166666,1.4462638771355416
10375,1,1.128,1.128,0.0,1.414,3825,1294,135.0,1.0,1.642799616294013,1.4457772812499998,1.4457772812499998,1.8123484713541664,1.2817174479166666,1.4462638771355416
10376,1,1.128,1.128,0.0,1.414,75,1295,135.0,1.0,1.642799616294013,1.4457772812499998,1.4457772812499998,1.8123484713541664,1.2817174479166666,1.4462638771355416
10377,1,1.128,1.128,0.0,1.414,132,1295,135.0,1.0,1.642799616294013,1.4457772812499998,1.4457772812499998,1.8123484713541664,1.2817174479166666,1.4462638771355416
10378,5,3.144,2.025,108.435,3.606,234,1295,123.69,2.0,8.213998081470065,4.02971965625,2.59547783203125,4.6218731171875,2.5634348958333333,3.2339443426774745
10379,1,1.128,1.128,0.0,1.414,237,1295,135.0,1.0,1.642799616294013,1.4457772812499998,1.4457772812499998,1.8123484713541664,1.2817174479166666,1.4462638771355416
10380,1,1.128,1.128,0.0,1.414,496,1295,135.0,1.0,1.642799616294013,1.4457772812499998,1.4457772812499998,1.8123484713541664,1.2817174479166666,1.4462638771355416
10381,6,4.968,1.538,56.647,5.831,497,1300,59.036,2.496,9.856797697764078,6.36757228125,1.9712814348958334,7.473694438802084,3.19916675,3.5426085324013394
10382,4,3.589,1.419,45.0,4.243,613,1298,45.0,2.121,6.571198465176052,4.600083920572916,1.81875705859375,5.438327131510417,2.71852270703125,2.892527754271083
10383,1,1.128,1.128,0.0,1.414,2947,1295,135.0,1.0,1.642799616294013,1.4457772812499998,1.4457772812499998,1.8123484713541664,1.2817174479166666,1.4462638771355416
10384,1,1.128,1.128,0.0,1.414,3503,1295,135.0,1.0,1.642799616294013,1.4457772812499998,1.4457772812499998,1.8123484713541664,1.2817174479166666,1.4462638771355416
10385,8,4.037,2.523,146.31,5.0,3606,1295,143.13,3.0,13.142396930352104,5.174293337239583,3.23377312109375,6.408587239583333,3.8451523437499997,4.090651979630757
10386,1,1.128,1.128,0.0,1.414,3779,1295,135.0,1.0,1.642799616294013,1.4457772812499998,1.4457772812499998,1.8123484713541664,1.2817174479166666,1.4462638771355416
10387,1,1.128,1.128,0.0,1.414,123,1296,135.0,1.0,1.642799616294013,1.4457772812499998,1.4457772812499998,1.8123484713541664,1.2817174479166666,1.4462638771355416
10388,1,1.128,1.128,0.0,1.414,164,1296,135.0,1.0,1.642799616294013,1.4457772812499998,1.4457772812499998,1.8123484713541664,1.2817174479166666,1.4462638771355416
10389,13,5.537,2.99,100.901,6.708,221,1296,116.565,3.0,21.35639501182217,7.096869509114583,3.8323351692708334,8.597760640625,3.8451523437499997,5.214578566863546
10390,4,2.257,2.257,0.0,2.828,316,1296,135.0,2.0,6.571198465176052,2.892836279947917,2.892836279947917,3.624696942708333,2.5634348958333333,2.892527754271083
10391,3,3.385,1.128,90.0,3.162,323,1296,108.435,1.0,4.928398848882039,4.338613561197916,1.4457772812499998,4.0527905703125,1.2817174479166666,2.5050025163503102
10392,2,2.257,1.128,90.0,2.236,450,1296,116.565,1.0,3.285599232588026,2.892836279947917,1.4457772812499998,2.865920213541667,1.2817174479166666,2.0453259898153786
10393,1,1.128,1.128,0.0,1.414,3423,1296,135.0,1.0,1.642799616294013,1.4457772812499998,1.4457772812499998,1.8123484713541664,1.2817174479166666,1.4462638771355416
10394,4,2.734,1.863,90.0,3.162,3497,1296,108.435,2.0,6.571198465176052,3.5042155026041666,2.38783960546875,4.0527905703125,2.5634348958333333,2.892527754271083
10395,7,4.328,2.059,135.796,5.0,3691,1296,126.87,2.828,11.499597314058091,5.547273114583334,2.6390562252604166,6.408587239583333,3.624696942708333,3.826454549076717
10396,3,2.365,1.615,45.0,2.828,3754,1298,45.0,2.0,4.928398848882039,3.0312617643229167,2.069973678385417,3.624696942708333,2.5634348958333333,2.5050025163503102
10397,3,2.365,1.615,135.0,2.828,3796,1296,135.0,2.0,4.928398848882039,3.0312617643229167,2.069973678385417,3.624696942708333,2.5634348958333333,2.5050025163503102
10398,3,3.385,1.128,90.0,3.162,3803,1296,108.435,1.0,4.928398848882039,4.338613561197916,1.4457772812499998,4.0527905703125,1.2817174479166666,2.5050025163503102
10399,1,1.128,1.128,0.0,1.414,301,1297,135.0,1.0,1.642799616294013,1.4457772812499998,1.4457772812499998,1.8123484713541664,1.2817174479166666,1.4462638771355416
10400,1,1.128,1.128,0.0,1.414,314,1297,135.0,1.0,1.642799616294013,1.4457772812499998,1.4457772812499998,1.8123484713541664,1.2817174479166666,1.4462638771355416
10401,1,1.128,1.128,0.0,1.414,3649,1297,135.0,1.0,1.642799616294013,1.4457772812499998,1.4457772812499998,1.8123484713541664,1.2817174479166666,1.4462638771355416
10402,2,2.257,1.128,90.0,2.236,3751,1297,116.565,1.0,3.285599232588026,2.892836279947917,1.4457772812499998,2.865920213541667,1.2817174479166666,2.0453259898153786
10403,2,2.596,0.981,45.0,2.828,3771,1299,45.0,1.414,3.285599232588026,3.327338494791667,1.2573648164062499,3.624696942708333,1.8123484713541664,2.0453259898153786
10404,2,2.257,1.128,0.0,2.236,3793,1297,153.435,1.0,3.285599232588026,2.892836279947917,1.4457772812499998,2.865920213541667,1.2817174479166666,2.0453259898153786
10405,1,1.128,1.128,0.0,1.414,3801,1297,135.0,1.0,1.642799616294013,1.4457772812499998,1.4457772812499998,1.8123484713541664,1.2817174479166666,1.4462638771355416
10406,3,2.365,1.615,45.0,2.828,3823,1299,45.0,2.0,4.928398848882039,3.0312617643229167,2.069973678385417,3.624696942708333,2.5634348958333333,2.5050025163503102
10407,12,6.13,2.493,41.117,7.071,227,1303,45.0,3.536,19.713595395528156,7.856927955729167,3.1953215976562497,9.063024074218749,4.532152895833334,5.0100050327006205
10408,27,6.996,4.914,159.254,8.944,262,1298,116.565,6.685,44.35558963993835,8.966895265625,6.298359539062499,11.463680854166668,8.568281139322917,7.515007549050931
10409,1,1.128,1.128,0.0,1.414,274,1298,135.0,1.0,1.642799616294013,1.4457772812499998,1.4457772812499998,1.8123484713541664,1.2817174479166666,1.4462638771355416
10410,5,3.144,2.025,18.435,3.606,276,1300,33.69,2.0,8.213998081470065,4.02971965625,2.59547783203125,4.6218731171875,2.5634348958333333,3.2339443426774745
10411,1,1.128,1.128,0.0,1.414,288,1298,135.0,1.0,1.642799616294013,1.4457772812499998,1.4457772812499998,1.8123484713541664,1.2817174479166666,1.4462638771355416
10412,25,7.122,4.47,104.141,8.246,336,1298,104.036,5.942,41.069990407350325,9.1283916640625,5.7292769921875,10.569042075520834,7.615965075520833,7.231319385677708
10413,21,6.337,4.219,161.194,7.28,355,1302,15.945,5.367,34.49879194217427,8.122243467447916,5.4075659127604165,9.330903020833334,6.87897754296875,6.627613691853932
10414,14,5.425,3.285,171.999,6.325,416,1299,161.565,4.0,22.999194628116182,6.953317154947916,4.2104418164062505,8.106862858072917,5.126869791666667,5.411423919108519
10415,3,2.365,1.615,135.0,2.828,554,1298,135.0,2.0,4.928398848882039,3.0312617643229167,2.069973678385417,3.624696942708333,2.5634348958333333,2.5050025163503102
10416,1,1.128,1.128,0.0,1.414,3763,1298,135.0,1.0,1.642799616294013,1.4457772812499998,1.4457772812499998,1.8123484713541664,1.2817174479166666,1.4462638771355416
10417,8,3.961,2.571,7.796,4.472,3776,1299,153.435,3.0,13.142396930352104,5.076882811197916,3.2952955585937502,5.731840427083334,3.8451523437499997,4.090651979630757
10418,1,1.128,1.128,0.0,1.414,208,1299,135.0,1.0,1.642799616294013,1.4457772812499998,1.4457772812499998,1.8123484713541664,1.2817174479166666,1.4462638771355416
10419,1,1.128,1.128,0.0,1.414,450,1299,135.0,1.0,1.642799616294013,1.4457772812499998,1.4457772812499998,1.8123484713541664,1.2817174479166666,1.4462638771355416
10420,3,3.385,1.128,0.0,3.162,452,1299,161.565,1.0,4.928398848882039,4.338613561197916,1.4457772812499998,4.0527905703125,1.2817174479166666,2.5050025163503102
10421,1,1.128,1.128,0.0,1.414,480,1299,135.0,1.0,1.642799616294013,1.4457772812499998,1.4457772812499998,1.8123484713541664,1.2817174479166666,1.4462638771355416
10422,129,16.058,10.229,122.039,21.26,3750,1302,131.186,13.741,211.92115050192768,20.581818778645832,13.110687774739581,27.249312942708336,17.612079451822915,16.426400004188977
10423,1,1.128,1.128,0.0,1.414,249,1300,135.0,1.0,1.642799616294013,1.4457772812499998,1.4457772812499998,1.8123484713541664,1.2817174479166666,1.4462638771355416
10424,37,9.626,4.894,70.647,11.18,272,1300,100.305,6.708,60.783585802878484,12.337812153645832,6.2727251901041665,14.329601067708333,8.597760640625,8.7972797207639
10425,8,4.271,2.385,123.019,5.0,631,1300,126.87,3.0,13.142396930352104,5.474215220052083,3.0568961132812498,6.408587239583333,3.8451523437499997,4.090651979630757
10426,8,4.444,2.292,54.645,5.0,3584,1304,53.13,2.828,13.142396930352104,5.695952338541667,2.9376963906249998,6.408587239583333,3.624696942708333,4.090651979630757
10427,2,2.257,1.128,90.0,2.236,3687,1300,116.565,1.0,3.285599232588026,2.892836279947917,1.4457772812499998,2.865920213541667,1.2817174479166666,2.0453259898153786
10428,2,2.596,0.981,45.0,2.828,3694,1302,45.0,1.414,3.285599232588026,3.327338494791667,1.2573648164062499,3.624696942708333,1.8123484713541664,2.0453259898153786
10429,5,2.523,2.523,0.0,3.162,3773,1300,108.435,2.828,8.213998081470065,3.23377312109375,3.23377312109375,4.0527905703125,3.624696942708333,3.2339443426774745
10430,1,1.128,1.128,0.0,1.414,3805,1300,135.0,1.0,1.642799616294013,1.4457772812499998,1.4457772812499998,1.8123484713541664,1.2817174479166666,1.4462638771355416
10431,560,30.533,23.352,57.21,46.957,3792,1328,26.565,37.848,919.9677851246473,39.13467883723958,29.93066584375,60.185606201822914,48.51044196875,34.224849938195376
10432,1,1.128,1.128,0.0,1.414,576,1301,135.0,1.0,1.642799616294013,1.4457772812499998,1.4457772812499998,1.8123484713541664,1.2817174479166666,1.4462638771355416
10433,1,1.128,1.128,0.0,1.414,3544,1301,135.0,1.0,1.642799616294013,1.4457772812499998,1.4457772812499998,1.8123484713541664,1.2817174479166666,1.4462638771355416
10434,1,1.128,1.128,0.0,1.414,3781,1301,135.0,1.0,1.642799616294013,1.4457772812499998,1.4457772812499998,1.8123484713541664,1.2817174479166666,1.4462638771355416
10435,2,2.596,0.981,135.0,2.828,255,1302,135.0,1.414,3.285599232588026,3.327338494791667,1.2573648164062499,3.624696942708333,1.8123484713541664,2.0453259898153786
10436,4,2.257,2.257,0.0,2.828,396,1302,135.0,2.0,6.571198465176052,2.892836279947917,2.892836279947917,3.624696942708333,2.5634348958333333,2.892527754271083
10437,2,2.257,1.128,90.0,2.236,557,1302,116.565,1.0,3.285599232588026,2.892836279947917,1.4457772812499998,2.865920213541667,1.2817174479166666,2.0453259898153786
10438,3,2.365,1.615,45.0,2.828,3486,1304,45.0,2.0,4.928398848882039,3.0312617643229167,2.069973678385417,3.624696942708333,2.5634348958333333,2.5050025163503102
10439,1,1.128,1.128,0.0,1.414,3617,1302,135.0,1.0,1.642799616294013,1.4457772812499998,1.4457772812499998,1.8123484713541664,1.2817174479166666,1.4462638771355416
10440,1,1.128,1.128,0.0,1.414,3665,1302,135.0,1.0,1.642799616294013,1.4457772812499998,1.4457772812499998,1.8123484713541664,1.2817174479166666,1.4462638771355416
10441,2,2.257,1.128,90.0,2.236,3768,1302,116.565,1.0,3.285599232588026,2.892836279947917,1.4457772812499998,2.865920213541667,1.2817174479166666,2.0453259898153786
10442,2,2.257,1.128,90.0,2.236,3804,1302,116.565,1.0,3.285599232588026,2.892836279947917,1.4457772812499998,2.865920213541667,1.2817174479166666,2.0453259898153786
10443,1,1.128,1.128,0.0,1.414,235,1303,135.0,1.0,1.642799616294013,1.4457772812499998,1.4457772812499998,1.8123484713541664,1.2817174479166666,1.4462638771355416
10444,6,3.988,1.916,108.435,4.472,488,1303,116.565,2.0,9.856797697764078,5.111489182291667,2.4557706302083333,5.731840427083334,2.5634348958333333,3.5426085324013394
10445,1,1.128,1.128,0.0,1.414,3677,1303,135.0,1.0,1.642799616294013,1.4457772812499998,1.4457772812499998,1.8123484713541664,1.2817174479166666,1.4462638771355416
10446,1,1.128,1.128,0.0,1.414,3742,1303,135.0,1.0,1.642799616294013,1.4457772812499998,1.4457772812499998,1.8123484713541664,1.2817174479166666,1.4462638771355416
10447,1,1.128,1.128,0.0,1.414,225,1304,135.0,1.0,1.642799616294013,1.4457772812499998,1.4457772812499998,1.8123484713541664,1.2817174479166666,1.4462638771355416
10448,6,4.606,1.658,60.767,5.0,240,1308,53.13,2.236,9.856797697764078,5.9035905651041665,2.125087528645833,6.408587239583333,2.865920213541667,3.5426085324013394
10449,1,1.128,1.128,0.0,1.414,281,1304,135.0,1.0,1.642799616294013,1.4457772812499998,1.4457772812499998,1.8123484713541664,1.2817174479166666,1.4462638771355416
10450,15,7.23,2.642,41.092,7.81,313,1310,39.806,3.536,24.641994244410196,9.2668171484375,3.3862974973958333,10.010213268229165,4.532152895833334,5.601355910367322
10451,11,5.52,2.537,160.264,6.325,167,1306,161.565,3.13,18.070795779234142,7.075080312499999,3.251717165364583,8.106862858072917,4.011775611979166,4.796714628303253
10452,1,1.128,1.128,0.0,1.414,213,1305,135.0,1.0,1.642799616294013,1.4457772812499998,1.4457772812499998,1.8123484713541664,1.2817174479166666,1.4462638771355416
10453,28,11.448,3.114,61.795,13.601,243,1316,53.973,4.919,45.998389256232365,14.67310134375,3.9912681328125,17.432639009114585,6.304768126302083,7.652909098153434
10454,1,1.128,1.128,0.0,1.414,297,1305,135.0,1.0,1.642799616294013,1.4457772812499998,1.4457772812499998,1.8123484713541664,1.2817174479166666,1.4462638771355416
10455,17,5.441,3.978,11.79,8.544,301,1310,20.556,5.657,27.927593476998222,6.973824634114583,5.0986720078125005,10.950993875,7.250675602864583,5.963098727945161
10456,4,3.676,1.385,50.31,4.243,326,1308,45.0,2.121,6.571198465176052,4.711593338541666,1.7751786653645834,5.438327131510417,2.71852270703125,2.892527754271083
10457,4,3.216,1.583,148.283,3.606,3484,1305,146.31,2.0,6.571198465176052,4.1220033125,2.028958720052083,4.6218731171875,2.5634348958333333,2.892527754271083
10458,1,1.128,1.128,0.0,1.414,3679,1305,135.0,1.0,1.642799616294013,1.4457772812499998,1.4457772812499998,1.8123484713541664,1.2817174479166666,1.4462638771355416
10459,10,6.132,2.076,96.021,6.325,188,1306,108.435,2.0,16.42799616294013,7.859491390624999,2.660845421875,8.106862858072917,2.5634348958333333,4.573487949374228
10460,1,1.128,1.128,0.0,1.414,193,1306,135.0,1.0,1.642799616294013,1.4457772812499998,1.4457772812499998,1.8123484713541664,1.2817174479166666,1.4462638771355416
10461,61,10.123,7.672,64.599,11.402,197,1317,74.745,9.0,100.2107765939348,12.974825725260416,9.833336260416667,14.614142341145833,11.535457031249999,11.295681977673365
10462,1,1.128,1.128,0.0,1.414,217,1306,135.0,1.0,1.642799616294013,1.4457772812499998,1.4457772812499998,1.8123484713541664,1.2817174479166666,1.4462638771355416
10463,3,3.385,1.128,90.0,3.162,219,1306,108.435,1.0,4.928398848882039,4.338613561197916,1.4457772812499998,4.0527905703125,1.2817174479166666,2.5050025163503102
10464,1,1.128,1.128,0.0,1.414,279,1306,135.0,1.0,1.642799616294013,1.4457772812499998,1.4457772812499998,1.8123484713541664,1.2817174479166666,1.4462638771355416
10465,19,6.5,3.722,25.885,7.211,280,1310,33.69,4.472,31.21319270958625,8.331163411458332,4.770552341145833,9.242464516927084,5.731840427083334,6.304118086127151
10466,3,2.365,1.615,45.0,2.828,289,1308,45.0,2.0,4.928398848882039,3.0312617643229167,2.069973678385417,3.624696942708333,2.5634348958333333,2.5050025163503102
10467,2,2.257,1.128,0.0,2.236,363,1306,153.435,1.0,3.285599232588026,2.892836279947917,1.4457772812499998,2.865920213541667,1.2817174479166666,2.0453259898153786
10468,1,1.128,1.128,0.0,1.414,3688,1306,135.0,1.0,1.642799616294013,1.4457772812499998,1.4457772812499998,1.8123484713541664,1.2817174479166666,1.4462638771355416
10469,1,1.128,1.128,0.0,1.414,257,1307,135.0,1.0,1.642799616294013,1.4457772812499998,1.4457772812499998,1.8123484713541664,1.2817174479166666,1.4462638771355416
10470,3,2.365,1.615,135.0,2.828,418,1307,135.0,2.0,4.928398848882039,3.0312617643229167,2.069973678385417,3.624696942708333,2.5634348958333333,2.5050025163503102
10471,2,2.257,1.128,0.0,2.236,486,1307,153.435,1.0,3.285599232588026,2.892836279947917,1.4457772812499998,2.865920213541667,1.2817174479166666,2.0453259898153786
10472,3,3.385,1.128,0.0,3.162,618,1307,161.565,1.0,4.928398848882039,4.338613561197916,1.4457772812499998,4.0527905703125,1.2817174479166666,2.5050025163503102
10473,2,2.257,1.128,0.0,2.236,735,1307,153.435,1.0,3.285599232588026,2.892836279947917,1.4457772812499998,2.865920213541667,1.2817174479166666,2.0453259898153786
10474,9,3.668,3.124,141.497,5.0,3537,1308,143.13,4.0,14.785196546646118,4.7013395989583335,4.004085307291667,6.408587239583333,5.126869791666667,4.338791631406624
10475,9,5.345,2.144,54.217,6.403,3626,1312,51.34,3.328,14.785196546646118,6.850779759114583,2.7480022083333333,8.206836819010416,4.265555666666667,4.338791631406624
10476,1,1.128,1.128,0.0,1.414,3806,1307,135.0,1.0,1.642799616294013,1.4457772812499998,1.4457772812499998,1.8123484713541664,1.2817174479166666,1.4462638771355416
10477,4,2.257,2.257,0.0,2.828,166,1308,135.0,2.0,6.571198465176052,2.892836279947917,2.892836279947917,3.624696942708333,2.5634348958333333,2.892527754271083
10478,9,3.622,3.164,29.518,5.0,252,1311,36.87,4.0,14.785196546646118,4.642380596354166,4.055354005208334,6.408587239583333,5.126869791666667,4.338791631406624
10479,2,2.596,0.981,45.0,2.828,344,1310,45.0,1.414,3.285599232588026,3.327338494791667,1.2573648164062499,3.624696942708333,1.8123484713541664,2.0453259898153786
10480,3,2.365,1.615,45.0,2.828,369,1310,45.0,2.0,4.928398848882039,3.0312617643229167,2.069973678385417,3.624696942708333,2.5634348958333333,2.5050025163503102
10481,13,5.089,3.252,52.387,5.831,469,1313,59.036,4.0,21.35639501182217,6.522660092447917,4.168145140625,7.473694438802084,5.126869791666667,5.214578566863546
10482,2,2.257,1.128,0.0,2.236,508,1308,153.435,1.0,3.285599232588026,2.892836279947917,1.4457772812499998,2.865920213541667,1.2817174479166666,2.0453259898153786
10483,3,2.365,1.615,45.0,2.828,3458,1310,45.0,2.0,4.928398848882039,3.0312617643229167,2.069973678385417,3.624696942708333,2.5634348958333333,2.5050025163503102
10484,23,8.3,3.528,93.524,10.77,3556,1308,111.801,5.64,37.7843911747623,10.638254817708335,4.52189915625,13.8040969140625,7.228886406249999,6.936037892995103
10485,24,6.136,4.98,73.411,9.487,3741,1308,108.435,7.0,39.42719079105631,7.864618260416667,6.382952890625001,12.159653428385417,8.972022135416667,7.085217064802679
10486,5,3.144,2.025,108.435,3.606,3748,1308,123.69,2.0,8.213998081470065,4.02971965625,2.59547783203125,4.6218731171875,2.5634348958333333,3.2339443426774745
10487,4,3.192,1.596,71.565,3.606,3776,1311,56.31,2.0,6.571198465176052,4.09124209375,2.045621046875,4.6218731171875,2.5634348958333333,2.892527754271083
10488,6,4.493,1.7,97.84,5.385,209,1309,111.801,2.0,9.856797697764078,5.758756493489583,2.178919661458333,6.90204845703125,2.5634348958333333,3.5426085324013394
10489,38,10.487,4.614,160.16,12.53,225,1309,151.39,6.276,62.4263854191725,13.441370876302082,5.913844304687499,16.05991962239583,8.044058703125,8.915369296202536
10490,7,3.516,2.535,79.099,4.123,293,1309,104.036,3.0,11.499597314058091,4.506518546875,3.24915373046875,5.284521037760417,3.8451523437499997,3.826454549076717
10491,3,3.213,1.189,151.845,3.606,357,1309,146.31,1.789,4.928398848882039,4.11815816015625,1.5239620455729168,4.6218731171875,2.2929925143229166,2.5050025163503102
10492,1,1.128,1.128,0.0,1.414,708,1309,135.0,1.0,1.642799616294013,1.4457772812499998,1.4457772812499998,1.8123484713541664,1.2817174479166666,1.4462638771355416
10493,2,2.257,1.128,0.0,2.236,3620,1309,153.435,1.0,3.285599232588026,2.892836279947917,1.4457772812499998,2.865920213541667,1.2817174479166666,2.0453259898153786
10494,1,1.128,1.128,0.0,1.414,3783,1309,135.0,1.0,1.642799616294013,1.4457772812499998,1.4457772812499998,1.8123484713541664,1.2817174479166666,1.4462638771355416
10495,1,1.128,1.128,0.0,1.414,3801,1309,135.0,1.0,1.642799616294013,1.4457772812499998,1.4457772812499998,1.8123484713541664,1.2817174479166666,1.4462638771355416
10496,1,1.128,1.128,0.0,1.414,155,1310,135.0,1.0,1.642799616294013,1.4457772812499998,1.4457772812499998,1.8123484713541664,1.2817174479166666,1.4462638771355416
10497,8,4.044,2.519,109.33,4.472,182,1310,116.565,3.0,13.142396930352104,5.1832653593749995,3.2286462513020835,5.731840427083334,3.8451523437499997,4.090651979630757
10498,1,1.128,1.128,0.0,1.414,233,1310,135.0,1.0,1.642799616294013,1.4457772812499998,1.4457772812499998,1.8123484713541664,1.2817174479166666,1.4462638771355416
10499,2,2.257,1.128,90.0,2.236,315,1310,116.565,1.0,3.285599232588026,2.892836279947917,1.4457772812499998,2.865920213541667,1.2817174479166666,2.0453259898153786
10500,6,3.995,1.912,80.538,4.472,374,1314,63.435,2.0,9.856797697764078,5.120461204427083,2.4506437604166664,5.731840427083334,2.5634348958333333,3.5426085324013394
10501,5,3.144,2.025,71.565,3.606,444,1313,56.31,2.0,8.213998081470065,4.02971965625,2.59547783203125,4.6218731171875,2.5634348958333333,3.2339443426774745
10502,1,1.128,1.128,0.0,1.414,531,1310,135.0,1.0,1.642799616294013,1.4457772812499998,1.4457772812499998,1.8123484713541664,1.2817174479166666,1.4462638771355416
10503,1,1.128,1.128,0.0,1.414,3543,1310,135.0,1.0,1.642799616294013,1.4457772812499998,1.4457772812499998,1.8123484713541664,1.2817174479166666,1.4462638771355416
10504,5,4.072,1.563,121.717,5.0,3559,1310,126.87,2.496,8.213998081470065,5.219153447916667,2.00332437109375,6.408587239583333,3.19916675,3.2339443426774745
10505,3,2.365,1.615,45.0,2.828,156,1313,45.0,2.0,4.928398848882039,3.0312617643229167,2.069973678385417,3.624696942708333,2.5634348958333333,2.5050025163503102
10506,5,3.144,2.025,108.435,3.606,177,1311,123.69,2.0,8.213998081470065,4.02971965625,2.59547783203125,4.6218731171875,2.5634348958333333,3.2339443426774745
10507,1,1.128,1.128,0.0,1.414,185,1311,135.0,1.0,1.642799616294013,1.4457772812499998,1.4457772812499998,1.8123484713541664,1.2817174479166666,1.4462638771355416
10508,1,1.128,1.128,0.0,1.414,285,1311,135.0,1.0,1.642799616294013,1.4457772812499998,1.4457772812499998,1.8123484713541664,1.2817174479166666,1.4462638771355416
10509,1,1.128,1.128,0.0,1.414,3780,1311,135.0,1.0,1.642799616294013,1.4457772812499998,1.4457772812499998,1.8123484713541664,1.2817174479166666,1.4462638771355416
10510,8,5.328,1.912,177.897,5.385,217,1312,158.199,2.0,13.142396930352104,6.8289905625000005,2.4506437604166664,6.90204845703125,2.5634348958333333,4.090651979630757
10511,28,6.442,5.534,158.955,8.602,268,1312,144.462,6.0,45.998389256232365,8.256823799479166,7.093024356770833,11.025333486979166,7.690304687499999,7.652909098153434
10512,1,1.128,1.128,0.0,1.414,275,1312,135.0,1.0,1.642799616294013,1.4457772812499998,1.4457772812499998,1.8123484713541664,1.2817174479166666,1.4462638771355416
10513,1,1.128,1.128,0.0,1.414,309,1312,135.0,1.0,1.642799616294013,1.4457772812499998,1.4457772812499998,1.8123484713541664,1.2817174479166666,1.4462638771355416
10514,5,4.183,1.522,10.901,4.472,380,1314,26.565,2.0,8.213998081470065,5.361424084635416,1.9507739557291666,5.731840427083334,2.5634348958333333,3.2339443426774745
10515,8,4.514,2.257,90.0,4.472,396,1312,116.565,2.0,13.142396930352104,5.785672559895834,2.892836279947917,5.731840427083334,2.5634348958333333,4.090651979630757
10516,3,2.365,1.615,135.0,2.828,514,1312,135.0,2.0,4.928398848882039,3.0312617643229167,2.069973678385417,3.624696942708333,2.5634348958333333,2.5050025163503102
10517,1,1.128,1.128,0.0,1.414,3487,1312,135.0,1.0,1.642799616294013,1.4457772812499998,1.4457772812499998,1.8123484713541664,1.2817174479166666,1.4462638771355416
10518,1,1.128,1.128,0.0,1.414,3551,1312,135.0,1.0,1.642799616294013,1.4457772812499998,1.4457772812499998,1.8123484713541664,1.2817174479166666,1.4462638771355416
10519,35,10.0,4.456,95.155,12.649,3768,1312,108.435,6.574,57.49798657029046,12.817174479166667,5.7113329479166675,16.212443998697914,8.426010502604166,8.556212484548844
10520,1,1.128,1.128,0.0,1.414,3771,1312,135.0,1.0,1.642799616294013,1.4457772812499998,1.4457772812499998,1.8123484713541664,1.2817174479166666,1.4462638771355416
10521,3,2.365,1.615,135.0,2.828,3783,1312,135.0,2.0,4.928398848882039,3.0312617643229167,2.069973678385417,3.624696942708333,2.5634348958333333,2.5050025163503102
10522,4,2.257,2.257,0.0,2.828,3826,1312,135.0,2.0,6.571198465176052,2.892836279947917,2.892836279947917,3.624696942708333,2.5634348958333333,2.892527754271083
10523,70,13.677,6.516,101.921,17.088,3834,1312,110.556,9.806,114.99597314058092,17.530049535156248,8.351670890625,21.90198775,12.568521294270832,12.100311738194971
10524,1,1.128,1.128,0.0,1.414,3839,1312,135.0,1.0,1.642799616294013,1.4457772812499998,1.4457772812499998,1.8123484713541664,1.2817174479166666,1.4462638771355416
10525,2,2.596,0.981,45.0,2.828,187,1315,45.0,1.414,3.285599232588026,3.327338494791667,1.2573648164062499,3.624696942708333,1.8123484713541664,2.0453259898153786
10526,3,2.365,1.615,45.0,2.828,203,1315,45.0,2.0,4.928398848882039,3.0312617643229167,2.069973678385417,3.624696942708333,2.5634348958333333,2.5050025163503102
10527,9,4.204,2.726,35.783,5.0,252,1316,36.87,3.0,14.785196546646118,5.388340151041667,3.4939617630208333,6.408587239583333,3.8451523437499997,4.338791631406624
10528,2,2.257,1.128,0.0,2.236,281,1313,153.435,1.0,3.285599232588026,2.892836279947917,1.4457772812499998,2.865920213541667,1.2817174479166666,2.0453259898153786
10529,1,1.128,1.128,0.0,1.414,302,1313,135.0,1.0,1.642799616294013,1.4457772812499998,1.4457772812499998,1.8123484713541664,1.2817174479166666,1.4462638771355416
10530,1,1.128,1.128,0.0,1.414,323,1313,135.0,1.0,1.642799616294013,1.4457772812499998,1.4457772812499998,1.8123484713541664,1.2817174479166666,1.4462638771355416
10531,20,7.708,3.304,80.288,9.22,3544,1313,102.529,4.0,32.85599232588026,9.879478088541667,4.234794447916666,11.817434869791667,5.126869791666667,6.467888685354949
10532,1,1.128,1.128,0.0,1.414,3748,1313,135.0,1.0,1.642799616294013,1.4457772812499998,1.4457772812499998,1.8123484713541664,1.2817174479166666,1.4462638771355416
10533,1,1.128,1.128,0.0,1.414,3753,1313,135.0,1.0,1.642799616294013,1.4457772812499998,1.4457772812499998,1.8123484713541664,1.2817174479166666,1.4462638771355416
10534,1,1.128,1.128,0.0,1.414,3774,1313,135.0,1.0,1.642799616294013,1.4457772812499998,1.4457772812499998,1.8123484713541664,1.2817174479166666,1.4462638771355416
10535,6,3.718,2.055,36.87,4.243,3779,1316,45.0,2.683,9.856797697764078,4.765425471354167,2.63392935546875,5.438327131510417,3.4388479127604166,3.5426085324013394
10536,20,6.827,3.73,96.119,9.055,3788,1313,96.34,6.0,32.85599232588026,8.750285016927084,4.780806080729167,11.605951490885417,7.690304687499999,6.467888685354949
10537,6,3.385,2.257,90.0,3.606,170,1314,123.69,2.0,9.856797697764078,4.338613561197916,2.892836279947917,4.6218731171875,2.5634348958333333,3.5426085324013394
10538,10,6.269,2.031,57.845,7.211,204,1320,56.31,3.051,16.42799616294013,8.035086680989583,2.6031681367187502,9.242464516927084,3.91051993359375,4.573487949374228
10539,11,4.675,2.996,125.008,5.657,308,1314,135.0,3.883,18.070795779234142,5.9920290690104165,3.8400254739583333,7.250675602864583,4.976908850260417,4.796714628303253
10540,1,1.128,1.128,0.0,1.414,3617,1314,135.0,1.0,1.642799616294013,1.4457772812499998,1.4457772812499998,1.8123484713541664,1.2817174479166666,1.4462638771355416
10541,14,5.666,3.146,159.543,6.708,3714,1315,153.435,4.0,22.999194628116182,7.262211059895834,4.032283091145833,8.597760640625,5.126869791666667,5.411423919108519
10542,4,2.734,1.863,90.0,3.162,332,1315,108.435,2.0,6.571198465176052,3.5042155026041666,2.38783960546875,4.0527905703125,2.5634348958333333,2.892527754271083
10543,2,2.257,1.128,0.0,2.236,354,1315,153.435,1.0,3.285599232588026,2.892836279947917,1.4457772812499998,2.865920213541667,1.2817174479166666,2.0453259898153786
10544,2,2.257,1.128,0.0,2.236,592,1315,153.435,1.0,3.285599232588026,2.892836279947917,1.4457772812499998,2.865920213541667,1.2817174479166666,2.0453259898153786
10545,1,1.128,1.128,0.0,1.414,3636,1315,135.0,1.0,1.642799616294013,1.4457772812499998,1.4457772812499998,1.8123484713541664,1.2817174479166666,1.4462638771355416
10546,55,10.336,6.775,92.556,14.56,216,1330,74.055,9.0,90.35397889617072,13.247831541666667,8.683635709635418,18.66180604166667,11.535457031249999,10.72577997755371
10547,25,6.674,4.769,81.21,8.544,312,1324,69.444,5.918,41.069990407350325,8.554182247395834,6.112510509114584,10.950993875,7.585203856770834,7.231319385677708
10548,3,3.385,1.128,90.0,3.162,429,1316,108.435,1.0,4.928398848882039,4.338613561197916,1.4457772812499998,4.0527905703125,1.2817174479166666,2.5050025163503102
10549,1,1.128,1.128,0.0,1.414,483,1316,135.0,1.0,1.642799616294013,1.4457772812499998,1.4457772812499998,1.8123484713541664,1.2817174479166666,1.4462638771355416
10550,8,5.671,1.796,116.001,6.708,485,1316,116.565,2.683,13.142396930352104,7.2686196471354165,2.301964536458333,8.597760640625,3.4388479127604166,4.090651979630757
10551,2,2.257,1.128,0.0,2.236,578,1316,153.435,1.0,3.285599232588026,2.892836279947917,1.4457772812499998,2.865920213541667,1.2817174479166666,2.0453259898153786
10552,1,1.128,1.128,0.0,1.414,3488,1316,135.0,1.0,1.642799616294013,1.4457772812499998,1.4457772812499998,1.8123484713541664,1.2817174479166666,1.4462638771355416
10553,2,2.257,1.128,90.0,2.236,3747,1316,116.565,1.0,3.285599232588026,2.892836279947917,1.4457772812499998,2.865920213541667,1.2817174479166666,2.0453259898153786
10554,3,2.365,1.615,135.0,2.828,38,1317,135.0,2.0,4.928398848882039,3.0312617643229167,2.069973678385417,3.624696942708333,2.5634348958333333,2.5050025163503102
10555,3,3.213,1.189,28.155,3.606,229,1319,33.69,1.789,4.928398848882039,4.11815816015625,1.5239620455729168,4.6218731171875,2.2929925143229166,2.5050025163503102
10556,2,2.596,0.981,135.0,2.828,246,1317,135.0,1.414,3.285599232588026,3.327338494791667,1.2573648164062499,3.624696942708333,1.8123484713541664,2.0453259898153786
10557,1,1.128,1.128,0.0,1.414,292,1317,135.0,1.0,1.642799616294013,1.4457772812499998,1.4457772812499998,1.8123484713541664,1.2817174479166666,1.4462638771355416
10558,7,3.507,2.542,59.527,4.243,465,1320,45.0,3.0,11.499597314058091,4.49498308984375,3.2581257526041663,5.438327131510417,3.8451523437499997,3.826454549076717
10559,15,6.297,3.033,27.819,7.211,3565,1321,33.69,3.9,24.641994244410196,8.070974769531249,3.8874490195312497,9.242464516927084,4.998698046875,5.601355910367322
10560,1,1.128,1.128,0.0,1.414,3573,1317,135.0,1.0,1.642799616294013,1.4457772812499998,1.4457772812499998,1.8123484713541664,1.2817174479166666,1.4462638771355416
10561,1,1.128,1.128,0.0,1.414,3588,1317,135.0,1.0,1.642799616294013,1.4457772812499998,1.4457772812499998,1.8123484713541664,1.2817174479166666,1.4462638771355416
10562,1,1.128,1.128,0.0,1.414,3736,1317,135.0,1.0,1.642799616294013,1.4457772812499998,1.4457772812499998,1.8123484713541664,1.2817174479166666,1.4462638771355416
10563,6,4.224,1.809,0.0,4.472,170,1318,153.435,2.0,9.856797697764078,5.4139745,2.3186268632812497,5.731840427083334,2.5634348958333333,3.5426085324013394
10564,63,13.077,6.134,18.455,15.62,190,1328,39.806,8.773,103.49637582652282,16.76101906640625,7.862054825520834,20.02042653645833,11.244507170572916,11.47936364723015
10565,4,3.216,1.583,31.717,3.606,323,1320,33.69,2.0,6.571198465176052,4.1220033125,2.028958720052083,4.6218731171875,2.5634348958333333,2.892527754271083
10566,5,2.791,2.281,90.0,3.606,346,1318,123.69,3.0,8.213998081470065,3.5772733971354165,2.9235974986979167,4.6218731171875,3.8451523437499997,3.2339443426774745
10567,2,2.257,1.128,0.0,2.236,492,1318,153.435,1.0,3.285599232588026,2.892836279947917,1.4457772812499998,2.865920213541667,1.2817174479166666,2.0453259898153786
10568,16,7.248,2.811,117.109,7.81,3711,1318,129.806,3.578,26.28479386070421,9.2898880625,3.60290774609375,10.010213268229165,4.585985028645833,5.785055508542166
10569,106,20.751,6.504,97.839,23.259,178,1319,115.463,9.395,174.13675932716538,26.59691876171875,8.33629028125,29.81146612109375,12.041735423177082,14.890197965257402
10570,4,2.734,1.863,0.0,3.162,188,1319,161.565,2.0,6.571198465176052,3.5042155026041666,2.38783960546875,4.0527905703125,2.5634348958333333,2.892527754271083
10571,2,2.257,1.128,0.0,2.236,211,1319,153.435,1.0,3.285599232588026,2.892836279947917,1.4457772812499998,2.865920213541667,1.2817174479166666,2.0453259898153786
10572,3,2.365,1.615,135.0,2.828,236,1319,135.0,2.0,4.928398848882039,3.0312617643229167,2.069973678385417,3.624696942708333,2.5634348958333333,2.5050025163503102
10573,15,6.742,2.833,87.689,7.28,285,1319,105.945,3.0,24.641994244410196,8.641339033854166,3.631105529947917,9.330903020833334,3.8451523437499997,5.601355910367322
10574,1,1.128,1.128,0.0,1.414,336,1319,135.0,1.0,1.642799616294013,1.4457772812499998,1.4457772812499998,1.8123484713541664,1.2817174479166666,1.4462638771355416
10575,16,6.407,3.18,88.437,7.616,3782,1319,113.199,4.0,26.28479386070421,8.211963688802083,4.075861484375,9.761560083333332,5.126869791666667,5.785055508542166
10576,1,1.128,1.128,0.0,1.414,3793,1319,135.0,1.0,1.642799616294013,1.4457772812499998,1.4457772812499998,1.8123484713541664,1.2817174479166666,1.4462638771355416
10577,4,2.257,2.257,0.0,2.828,256,1320,135.0,2.0,6.571198465176052,2.892836279947917,2.892836279947917,3.624696942708333,2.5634348958333333,2.892527754271083
10578,16,6.228,3.271,6.397,8.246,259,1322,14.036,4.0,26.28479386070421,7.982536265625,4.192497772135416,10.569042075520834,5.126869791666667,5.785055508542166
10579,3,2.365,1.615,135.0,2.828,292,1320,135.0,2.0,4.928398848882039,3.0312617643229167,2.069973678385417,3.624696942708333,2.5634348958333333,2.5050025163503102
10580,132,23.548,7.137,28.464,26.833,286,1334,26.565,11.073,216.84954935080972,30.181882463541665,9.147617425781249,34.392324279947914,14.19245730078125,16.616306891260194
10581,6,4.024,1.899,83.736,4.472,422,1324,63.435,2.0,9.856797697764078,5.157631010416667,2.43398143359375,5.731840427083334,2.5634348958333333,3.5426085324013394
10582,7,3.846,2.317,125.008,5.0,502,1320,143.13,3.479,11.499597314058091,4.9294853046875,2.969739326822917,6.408587239583333,4.459095001302083,3.826454549076717
10583,3,3.385,1.128,90.0,3.162,671,1320,108.435,1.0,4.928398848882039,4.338613561197916,1.4457772812499998,4.0527905703125,1.2817174479166666,2.5050025163503102
10584,2,2.257,1.128,90.0,2.236,3584,1320,116.565,1.0,3.285599232588026,2.892836279947917,1.4457772812499998,2.865920213541667,1.2817174479166666,2.0453259898153786
10585,9,3.919,2.924,69.699,4.472,3731,1324,63.435,3.0,14.785196546646118,5.023050678385417,3.747741817708333,5.731840427083334,3.8451523437499997,4.338791631406624
10586,6,3.988,1.916,71.565,4.472,3736,1324,63.435,2.0,9.856797697764078,5.111489182291667,2.4557706302083333,5.731840427083334,2.5634348958333333,3.5426085324013394
10587,5,3.144,2.025,161.565,3.606,3743,1320,146.31,2.0,8.213998081470065,4.02971965625,2.59547783203125,4.6218731171875,2.5634348958333333,3.2339443426774745
10588,3,3.213,1.189,28.155,3.606,3775,1322,33.69,1.789,4.928398848882039,4.11815816015625,1.5239620455729168,4.6218731171875,2.2929925143229166,2.5050025163503102
10589,51,10.9,5.957,142.425,13.454,226,1321,138.013,7.778,83.78278043099466,13.970720182291666,7.635190837239583,17.244226544270834,9.969198309895832,10.32838996735036
10590,4,3.216,1.583,121.717,3.606,268,1321,123.69,2.0,6.571198465176052,4.1220033125,2.028958720052083,4.6218731171875,2.5634348958333333,2.892527754271083
10591,1,1.128,1.128,0.0,1.414,425,1321,135.0,1.0,1.642799616294013,1.4457772812499998,1.4457772812499998,1.8123484713541664,1.2817174479166666,1.4462638771355416
10592,4,2.887,1.764,75.128,3.606,640,1324,56.31,2.0,6.571198465176052,3.7003182721354166,2.260949578125,4.6218731171875,2.5634348958333333,2.892527754271083
10593,2,2.257,1.128,0.0,2.236,3709,1321,153.435,1.0,3.285599232588026,2.892836279947917,1.4457772812499998,2.865920213541667,1.2817174479166666,2.0453259898153786
10594,6,3.489,2.19,135.0,4.243,3755,1321,135.0,2.828,9.856797697764078,4.47191217578125,2.8069612109374997,5.438327131510417,3.624696942708333,3.5426085324013394
10595,2,2.257,1.128,0.0,2.236,3798,1321,153.435,1.0,3.285599232588026,2.892836279947917,1.4457772812499998,2.865920213541667,1.2817174479166666,2.0453259898153786
10596,20,6.125,4.158,94.38,6.708,174,1322,116.565,5.0,32.85599232588026,7.850519368489583,5.3293811484375,8.597760640625,6.408587239583333,6.467888685354949
10597,14,5.542,3.216,118.917,6.708,381,1322,116.565,4.0,22.999194628116182,7.103278096354166,4.1220033125,8.597760640625,5.126869791666667,5.411423919108519
10598,12,4.729,3.231,135.0,5.657,444,1322,135.0,4.0,19.713595395528156,6.061241811197917,4.141229074218749,7.250675602864583,5.126869791666667,5.0100050327006205
10599,3,2.365,1.615,45.0,2.828,492,1324,45.0,2.0,4.928398848882039,3.0312617643229167,2.069973678385417,3.624696942708333,2.5634348958333333,2.5050025163503102
10600,180,18.346,12.492,26.484,30.017,3734,1344,29.982,20.758,295.70393093292233,23.514388299479165,16.011214359375,38.473312634114585,26.605890783854164,19.403666056064846
10601,1,1.128,1.128,0.0,1.414,327,1323,135.0,1.0,1.642799616294013,1.4457772812499998,1.4457772812499998,1.8123484713541664,1.2817174479166666,1.4462638771355416
10602,4,2.734,1.863,90.0,3.162,3602,1323,108.435,2.0,6.571198465176052,3.5042155026041666,2.38783960546875,4.0527905703125,2.5634348958333333,2.892527754271083
10603,31,6.966,5.666,33.884,8.485,3763,1331,45.0,6.934,50.926788105114404,8.9284437421875,7.262211059895834,10.875372545572915,8.887428783854167,8.052456474363645
10604,58,12.925,5.714,158.953,15.811,241,1324,145.305,8.497,95.28237774505276,16.566198014322918,7.323733497395834,20.265234569010417,10.890753154947916,11.01441753947132
10605,1,1.128,1.128,0.0,1.414,273,1324,135.0,1.0,1.642799616294013,1.4457772812499998,1.4457772812499998,1.8123484713541664,1.2817174479166666,1.4462638771355416
10606,19,6.19,3.908,38.269,7.616,332,1328,23.199,5.145,31.21319270958625,7.933831002604167,5.008951786458333,9.761560083333332,6.59443626953125,6.304118086127151
10607,1,1.128,1.128,0.0,1.414,347,1324,135.0,1.0,1.642799616294013,1.4457772812499998,1.4457772812499998,1.8123484713541664,1.2817174479166666,1.4462638771355416
10608,29,6.878,5.368,95.283,8.246,366,1324,104.036,6.0,47.64118887252638,8.815652606770833,6.880259260416667,10.569042075520834,7.690304687499999,7.788369332980218
10609,2,2.257,1.128,90.0,2.236,534,1324,116.565,1.0,3.285599232588026,2.892836279947917,1.4457772812499998,2.865920213541667,1.2817174479166666,2.0453259898153786
10610,22,5.609,4.994,149.735,8.062,3579,1330,29.745,6.548,36.141591558468285,7.1891531653645835,6.400896934895833,10.333206065104166,8.392685848958333,6.78357888217988
10611,3,3.385,1.128,0.0,3.162,88,1325,161.565,1.0,4.928398848882039,4.338613561197916,1.4457772812499998,4.0527905703125,1.2817174479166666,2.5050025163503102
10612,40,9.993,5.096,50.626,13.454,255,1336,48.013,8.2,65.71198465176052,12.80820245703125,6.531632114583333,17.244226544270834,10.510083072916666,9.146975898748456
10613,1,1.128,1.128,0.0,1.414,3605,1325,135.0,1.0,1.642799616294013,1.4457772812499998,1.4457772812499998,1.8123484713541664,1.2817174479166666,1.4462638771355416
10614,1,1.128,1.128,0.0,1.414,3675,1325,135.0,1.0,1.642799616294013,1.4457772812499998,1.4457772812499998,1.8123484713541664,1.2817174479166666,1.4462638771355416
10615,6,4.749,1.609,39.69,5.657,311,1330,45.0,2.496,9.856797697764078,6.086876160156249,2.0622833736979165,7.250675602864583,3.19916675,3.5426085324013394
10616,11,4.384,3.195,164.929,5.0,316,1326,143.13,3.0,18.070795779234142,5.619049291666667,4.095087246093749,6.408587239583333,3.8451523437499997,4.796714628303253
10617,36,8.949,5.122,154.854,10.296,347,1328,150.945,6.261,59.14078618658447,11.47008944140625,6.564956768229166,13.19656284375,8.02483294140625,8.677583262813249
10618,12,4.314,3.542,145.278,5.0,3735,1326,126.87,4.0,19.713595395528156,5.5293290703124995,4.539843200520833,6.408587239583333,5.126869791666667,5.0100050327006205
10619,4,2.257,2.257,0.0,2.828,3780,1326,135.0,2.0,6.571198465176052,2.892836279947917,2.892836279947917,3.624696942708333,2.5634348958333333,2.892527754271083
10620,1,1.128,1.128,0.0,1.414,207,1327,135.0,1.0,1.642799616294013,1.4457772812499998,1.4457772812499998,1.8123484713541664,1.2817174479166666,1.4462638771355416
10621,1,1.128,1.128,0.0,1.414,303,1327,135.0,1.0,1.642799616294013,1.4457772812499998,1.4457772812499998,1.8123484713541664,1.2817174479166666,1.4462638771355416
10622,1,1.128,1.128,0.0,1.414,305,1327,135.0,1.0,1.642799616294013,1.4457772812499998,1.4457772812499998,1.8123484713541664,1.2817174479166666,1.4462638771355416
10623,8,5.606,1.817,109.33,6.325,380,1327,108.435,2.683,13.142396930352104,7.185308013020833,2.3288806028645834,8.106862858072917,3.4388479127604166,4.090651979630757
10624,4,3.216,1.583,58.283,3.606,3538,1330,56.31,2.0,6.571198465176052,4.1220033125,2.028958720052083,4.6218731171875,2.5634348958333333,2.892527754271083
10625,2,2.257,1.128,90.0,2.236,3603,1327,116.565,1.0,3.285599232588026,2.892836279947917,1.4457772812499998,2.865920213541667,1.2817174479166666,2.0453259898153786
10626,2,2.596,0.981,45.0,2.828,376,1330,45.0,1.414,3.285599232588026,3.327338494791667,1.2573648164062499,3.624696942708333,1.8123484713541664,2.0453259898153786
10627,8,4.044,2.519,160.67,4.472,3498,1329,153.435,3.0,13.142396930352104,5.1832653593749995,3.2286462513020835,5.731840427083334,3.8451523437499997,4.090651979630757
10628,3,2.365,1.615,135.0,2.828,3710,1328,135.0,2.0,4.928398848882039,3.0312617643229167,2.069973678385417,3.624696942708333,2.5634348958333333,2.5050025163503102
10629,5,3.144,2.025,108.435,3.606,3715,1328,123.69,2.0,8.213998081470065,4.02971965625,2.59547783203125,4.6218731171875,2.5634348958333333,3.2339443426774745
10630,66,11.478,7.322,100.35,14.56,3722,1328,105.945,9.608,108.42477467540486,14.7115528671875,9.384735153645833,18.66180604166667,12.314741239583334,11.749503281086843
10631,1,1.128,1.128,0.0,1.414,3729,1328,135.0,1.0,1.642799616294013,1.4457772812499998,1.4457772812499998,1.8123484713541664,1.2817174479166666,1.4462638771355416
10632,1,1.128,1.128,0.0,1.414,3757,1328,135.0,1.0,1.642799616294013,1.4457772812499998,1.4457772812499998,1.8123484713541664,1.2817174479166666,1.4462638771355416
10633,1,1.128,1.128,0.0,1.414,204,1329,135.0,1.0,1.642799616294013,1.4457772812499998,1.4457772812499998,1.8123484713541664,1.2817174479166666,1.4462638771355416
10634,1,1.128,1.128,0.0,1.414,470,1329,135.0,1.0,1.642799616294013,1.4457772812499998,1.4457772812499998,1.8123484713541664,1.2817174479166666,1.4462638771355416
10635,2,2.257,1.128,0.0,2.236,472,1329,153.435,1.0,3.285599232588026,2.892836279947917,1.4457772812499998,2.865920213541667,1.2817174479166666,2.0453259898153786
10636,1,1.128,1.128,0.0,1.414,3475,1329,135.0,1.0,1.642799616294013,1.4457772812499998,1.4457772812499998,1.8123484713541664,1.2817174479166666,1.4462638771355416
10637,4,2.257,2.257,0.0,2.828,3524,1329,135.0,2.0,6.571198465176052,2.892836279947917,2.892836279947917,3.624696942708333,2.5634348958333333,2.892527754271083
10638,1,1.128,1.128,0.0,1.414,3556,1329,135.0,1.0,1.642799616294013,1.4457772812499998,1.4457772812499998,1.8123484713541664,1.2817174479166666,1.4462638771355416
10639,1,1.128,1.128,0.0,1.414,3605,1329,135.0,1.0,1.642799616294013,1.4457772812499998,1.4457772812499998,1.8123484713541664,1.2817174479166666,1.4462638771355416
10640,32,7.593,5.366,120.273,10.817,3667,1329,123.69,7.878,52.56958772140842,9.73208058203125,6.877695825520833,13.864337634114584,10.0973700546875,8.181303959261514
10641,2,2.257,1.128,90.0,2.236,3676,1329,116.565,1.0,3.285599232588026,2.892836279947917,1.4457772812499998,2.865920213541667,1.2817174479166666,2.0453259898153786
10642,117,16.166,9.215,9.6,22.804,3768,1341,15.255,12.955,192.20755510639952,20.720244263020835,11.811026282552083,29.228284682291665,16.604649537760416,15.643735700590637
10643,1,1.128,1.128,0.0,1.414,3798,1329,135.0,1.0,1.642799616294013,1.4457772812499998,1.4457772812499998,1.8123484713541664,1.2817174479166666,1.4462638771355416
10644,3,3.385,1.128,0.0,3.162,180,1330,161.565,1.0,4.928398848882039,4.338613561197916,1.4457772812499998,4.0527905703125,1.2817174479166666,2.5050025163503102
10645,111,12.358,11.436,163.777,17.029,195,1330,130.236,13.914,182.35075740863545,15.839464221354167,14.657720734375,21.826366420572917,17.8338165703125,15.23733544475842
10646,1,1.128,1.128,0.0,1.414,267,1330,135.0,1.0,1.642799616294013,1.4457772812499998,1.4457772812499998,1.8123484713541664,1.2817174479166666,1.4462638771355416
10647,2,2.257,1.128,0.0,2.236,440,1330,153.435,1.0,3.285599232588026,2.892836279947917,1.4457772812499998,2.865920213541667,1.2817174479166666,2.0453259898153786
10648,3,3.385,1.128,90.0,3.162,527,1330,108.435,1.0,4.928398848882039,4.338613561197916,1.4457772812499998,4.0527905703125,1.2817174479166666,2.5050025163503102
10649,1,1.128,1.128,0.0,1.414,3527,1330,135.0,1.0,1.642799616294013,1.4457772812499998,1.4457772812499998,1.8123484713541664,1.2817174479166666,1.4462638771355416
10650,1,1.128,1.128,0.0,1.414,3774,1330,135.0,1.0,1.642799616294013,1.4457772812499998,1.4457772812499998,1.8123484713541664,1.2817174479166666,1.4462638771355416
10651,5,3.144,2.025,108.435,3.606,3786,1330,123.69,2.0,8.213998081470065,4.02971965625,2.59547783203125,4.6218731171875,2.5634348958333333,3.2339443426774745
10652,13,5.365,3.085,150.894,7.211,3790,1330,146.31,4.472,21.35639501182217,6.876414108072916,3.9540983268229164,9.242464516927084,5.731840427083334,5.214578566863546
10653,9,3.668,3.124,141.497,5.0,217,1332,143.13,4.0,14.785196546646118,4.7013395989583335,4.004085307291667,6.408587239583333,5.126869791666667,4.338791631406624
10654,23,6.63,4.417,93.343,7.616,225,1331,113.199,5.0,37.7843911747623,8.4977866796875,5.661345967447916,9.761560083333332,6.408587239583333,6.936037892995103
10655,2,2.596,0.981,135.0,2.828,234,1331,135.0,1.414,3.285599232588026,3.327338494791667,1.2573648164062499,3.624696942708333,1.8123484713541664,2.0453259898153786
10656,1,1.128,1.128,0.0,1.414,275,1331,135.0,1.0,1.642799616294013,1.4457772812499998,1.4457772812499998,1.8123484713541664,1.2817174479166666,1.4462638771355416
10657,21,6.961,3.841,58.328,8.062,313,1338,60.255,4.95,34.49879194217427,8.922035154947917,4.923076717447917,10.333206065104166,6.3445013671875,6.627613691853932
10658,1,1.128,1.128,0.0,1.414,3683,1331,135.0,1.0,1.642799616294013,1.4457772812499998,1.4457772812499998,1.8123484713541664,1.2817174479166666,1.4462638771355416
10659,7,4.041,2.205,14.527,5.0,3691,1334,36.87,3.0,11.499597314058091,5.17942020703125,2.82618697265625,6.408587239583333,3.8451523437499997,3.826454549076717
10660,1,1.128,1.128,0.0,1.414,3699,1331,135.0,1.0,1.642799616294013,1.4457772812499998,1.4457772812499998,1.8123484713541664,1.2817174479166666,1.4462638771355416
10661,1,1.128,1.128,0.0,1.414,3732,1331,135.0,1.0,1.642799616294013,1.4457772812499998,1.4457772812499998,1.8123484713541664,1.2817174479166666,1.4462638771355416
10662,4,2.257,2.257,0.0,2.828,178,1332,135.0,2.0,6.571198465176052,2.892836279947917,2.892836279947917,3.624696942708333,2.5634348958333333,2.892527754271083
10663,11,4.632,3.024,146.667,5.385,299,1333,158.199,3.883,18.070795779234142,5.936915218749999,3.8759135625,6.90204845703125,4.976908850260417,4.796714628303253
10664,1,1.128,1.128,0.0,1.414,307,1332,135.0,1.0,1.642799616294013,1.4457772812499998,1.4457772812499998,1.8123484713541664,1.2817174479166666,1.4462638771355416
10665,1,1.128,1.128,0.0,1.414,441,1332,135.0,1.0,1.642799616294013,1.4457772812499998,1.4457772812499998,1.8123484713541664,1.2817174479166666,1.4462638771355416
10666,6,3.718,2.055,0.0,4.123,3492,1332,165.964,2.0,9.856797697764078,4.765425471354167,2.63392935546875,5.284521037760417,2.5634348958333333,3.5426085324013394
10667,10,4.534,2.808,139.265,6.403,3710,1332,141.34,4.0,16.42799616294013,5.811306908854166,3.59906259375,8.206836819010416,5.126869791666667,4.573487949374228
10668,20,7.591,3.355,152.86,8.602,211,1333,144.462,4.715,32.85599232588026,9.729517147135416,4.300162037760416,11.025333486979166,6.043297766927083,6.467888685354949
10669,2,2.257,1.128,90.0,2.236,265,1333,116.565,1.0,3.285599232588026,2.892836279947917,1.4457772812499998,2.865920213541667,1.2817174479166666,2.0453259898153786
10670,2,2.257,1.128,90.0,2.236,719,1333,116.565,1.0,3.285599232588026,2.892836279947917,1.4457772812499998,2.865920213541667,1.2817174479166666,2.0453259898153786
10671,17,5.315,4.072,63.503,7.81,3701,1333,129.806,6.871,27.927593476998222,6.812328235677084,5.219153447916667,10.010213268229165,8.806680584635417,5.963098727945161
10672,10,4.456,2.857,18.222,5.0,3718,1336,36.87,3.0,16.42799616294013,5.7113329479166675,3.661866748697917,6.408587239583333,3.8451523437499997,4.573487949374228
10673,27,8.773,3.919,65.566,9.434,171,1342,57.995,5.014,44.35558963993835,11.244507170572916,5.023050678385417,12.091722403645832,6.426531283854167,7.515007549050931
10674,37,7.894,5.968,94.062,8.944,241,1334,116.565,7.0,60.783585802878484,10.117877533854166,7.649289729166666,11.463680854166668,8.972022135416667,8.7972797207639
10675,1,1.128,1.128,0.0,1.414,293,1334,135.0,1.0,1.642799616294013,1.4457772812499998,1.4457772812499998,1.8123484713541664,1.2817174479166666,1.4462638771355416
10676,8,3.546,2.872,125.008,4.472,307,1334,116.565,3.536,13.142396930352104,4.5449700703125,3.6810925104166663,5.731840427083334,4.532152895833334,4.090651979630757
10677,2,2.257,1.128,90.0,2.236,349,1334,116.565,1.0,3.285599232588026,2.892836279947917,1.4457772812499998,2.865920213541667,1.2817174479166666,2.0453259898153786
10678,1,1.128,1.128,0.0,1.414,589,1334,135.0,1.0,1.642799616294013,1.4457772812499998,1.4457772812499998,1.8123484713541664,1.2817174479166666,1.4462638771355416
10679,23,6.949,4.214,61.232,11.402,3679,1343,52.125,6.641,37.7843911747623,8.906654545572916,5.401157325520834,14.614142341145833,8.511885571614583,6.936037892995103
10680,1,1.128,1.128,0.0,1.414,3751,1334,135.0,1.0,1.642799616294013,1.4457772812499998,1.4457772812499998,1.8123484713541664,1.2817174479166666,1.4462638771355416
10681,3,3.213,1.189,61.845,3.606,3829,1337,56.31,1.789,4.928398848882039,4.11815816015625,1.5239620455729168,4.6218731171875,2.2929925143229166,2.5050025163503102
10682,554,47.947,14.712,86.529,64.008,3835,1334,90.895,23.0,910.1109874268832,61.454506475260416,18.85662709375,82.04017040625,29.47950130208333,34.041008769984316
10683,2,2.257,1.128,90.0,2.236,3799,1335,116.565,1.0,3.285599232588026,2.892836279947917,1.4457772812499998,2.865920213541667,1.2817174479166666,2.0453259898153786
10684,4,3.192,1.596,71.565,3.606,270,1339,56.31,2.0,6.571198465176052,4.09124209375,2.045621046875,4.6218731171875,2.5634348958333333,2.892527754271083
10685,9,3.919,2.924,69.699,4.472,280,1340,63.435,3.0,14.785196546646118,5.023050678385417,3.747741817708333,5.731840427083334,3.8451523437499997,4.338791631406624
10686,3,2.365,1.615,135.0,2.828,588,1336,135.0,2.0,4.928398848882039,3.0312617643229167,2.069973678385417,3.624696942708333,2.5634348958333333,2.5050025163503102
10687,1,1.128,1.128,0.0,1.414,3558,1336,135.0,1.0,1.642799616294013,1.4457772812499998,1.4457772812499998,1.8123484713541664,1.2817174479166666,1.4462638771355416
10688,1,1.128,1.128,0.0,1.414,3583,1336,135.0,1.0,1.642799616294013,1.4457772812499998,1.4457772812499998,1.8123484713541664,1.2817174479166666,1.4462638771355416
10689,3,2.365,1.615,45.0,2.828,3674,1338,45.0,2.0,4.928398848882039,3.0312617643229167,2.069973678385417,3.624696942708333,2.5634348958333333,2.5050025163503102
10690,13,4.625,3.579,97.973,5.385,3826,1341,68.199,4.0,21.35639501182217,5.927943196614583,4.58726674609375,6.90204845703125,5.126869791666667,5.214578566863546
10691,2,2.257,1.128,0.0,2.236,292,1337,153.435,1.0,3.285599232588026,2.892836279947917,1.4457772812499998,2.865920213541667,1.2817174479166666,2.0453259898153786
10692,1,1.128,1.128,0.0,1.414,317,1337,135.0,1.0,1.642799616294013,1.4457772812499998,1.4457772812499998,1.8123484713541664,1.2817174479166666,1.4462638771355416
10693,1,1.128,1.128,0.0,1.414,648,1337,135.0,1.0,1.642799616294013,1.4457772812499998,1.4457772812499998,1.8123484713541664,1.2817174479166666,1.4462638771355416
10694,1,1.128,1.128,0.0,1.414,3687,1337,135.0,1.0,1.642799616294013,1.4457772812499998,1.4457772812499998,1.8123484713541664,1.2817174479166666,1.4462638771355416
10695,193,22.177,11.081,146.087,27.203,3688,1341,143.973,17.298,317.06032594474453,28.424647842447914,14.202711040364582,34.86655973567708,22.171148414062497,20.092139907070024
10696,1,1.128,1.128,0.0,1.414,3717,1337,135.0,1.0,1.642799616294013,1.4457772812499998,1.4457772812499998,1.8123484713541664,1.2817174479166666,1.4462638771355416
10697,2,2.257,1.128,0.0,2.236,3822,1337,153.435,1.0,3.285599232588026,2.892836279947917,1.4457772812499998,2.865920213541667,1.2817174479166666,2.0453259898153786
10698,2,2.596,0.981,135.0,2.828,251,1338,135.0,1.414,3.285599232588026,3.327338494791667,1.2573648164062499,3.624696942708333,1.8123484713541664,2.0453259898153786
10699,2,2.596,0.981,45.0,2.828,334,1340,45.0,1.414,3.285599232588026,3.327338494791667,1.2573648164062499,3.624696942708333,1.8123484713541664,2.0453259898153786
10700,2,2.257,1.128,90.0,2.236,409,1338,116.565,1.0,3.285599232588026,2.892836279947917,1.4457772812499998,2.865920213541667,1.2817174479166666,2.0453259898153786
10701,3,2.365,1.615,135.0,2.828,450,1338,135.0,2.0,4.928398848882039,3.0312617643229167,2.069973678385417,3.624696942708333,2.5634348958333333,2.5050025163503102
10702,10,4.525,2.814,58.043,5.657,3526,1342,45.0,3.883,16.42799616294013,5.799771451822917,3.6067528984375,7.250675602864583,4.976908850260417,4.573487949374228
10703,6,3.385,2.257,0.0,3.606,3557,1338,146.31,2.0,9.856797697764078,4.338613561197916,2.892836279947917,4.6218731171875,2.5634348958333333,3.5426085324013394
10704,1,1.128,1.128,0.0,1.414,3677,1338,135.0,1.0,1.642799616294013,1.4457772812499998,1.4457772812499998,1.8123484713541664,1.2817174479166666,1.4462638771355416
10705,15,4.963,3.848,16.579,6.708,3706,1342,26.565,4.0,24.641994244410196,6.361163694010417,4.932048739583333,8.597760640625,5.126869791666667,5.601355910367322
10706,62,15.144,5.213,12.017,19.698,3784,1346,23.962,9.535,101.85357621022881,19.41032903125,6.681593055989583,25.2472702890625,12.221175865885417,11.387893156464104
10707,3,2.365,1.615,45.0,2.828,226,1341,45.0,2.0,4.928398848882039,3.0312617643229167,2.069973678385417,3.624696942708333,2.5634348958333333,2.5050025163503102
10708,1,1.128,1.128,0.0,1.414,248,1339,135.0,1.0,1.642799616294013,1.4457772812499998,1.4457772812499998,1.8123484713541664,1.2817174479166666,1.4462638771355416
10709,2,2.257,1.128,0.0,2.236,294,1339,153.435,1.0,3.285599232588026,2.892836279947917,1.4457772812499998,2.865920213541667,1.2817174479166666,2.0453259898153786
10710,1,1.128,1.128,0.0,1.414,407,1339,135.0,1.0,1.642799616294013,1.4457772812499998,1.4457772812499998,1.8123484713541664,1.2817174479166666,1.4462638771355416
10711,5,3.144,2.025,71.565,3.606,3582,1342,56.31,2.0,8.213998081470065,4.02971965625,2.59547783203125,4.6218731171875,2.5634348958333333,3.2339443426774745
10712,2,2.257,1.128,0.0,2.236,3672,1339,153.435,1.0,3.285599232588026,2.892836279947917,1.4457772812499998,2.865920213541667,1.2817174479166666,2.0453259898153786
10713,1,1.128,1.128,0.0,1.414,222,1340,135.0,1.0,1.642799616294013,1.4457772812499998,1.4457772812499998,1.8123484713541664,1.2817174479166666,1.4462638771355416
10714,1,1.128,1.128,0.0,1.414,232,1340,135.0,1.0,1.642799616294013,1.4457772812499998,1.4457772812499998,1.8123484713541664,1.2817174479166666,1.4462638771355416
10715,35,9.303,4.79,73.736,12.649,256,1352,71.565,6.791,57.49798657029046,11.92381741796875,6.139426575520833,16.212443998697914,8.704143188802083,8.556212484548844
10716,4,2.257,2.257,0.0,2.828,312,1340,135.0,2.0,6.571198465176052,2.892836279947917,2.892836279947917,3.624696942708333,2.5634348958333333,2.892527754271083
10717,4,2.887,1.764,165.128,3.606,341,1340,146.31,2.0,6.571198465176052,3.7003182721354166,2.260949578125,4.6218731171875,2.5634348958333333,2.892527754271083
10718,2,2.257,1.128,0.0,2.236,466,1340,153.435,1.0,3.285599232588026,2.892836279947917,1.4457772812499998,2.865920213541667,1.2817174479166666,2.0453259898153786
10719,1,1.128,1.128,0.0,1.414,757,1340,135.0,1.0,1.642799616294013,1.4457772812499998,1.4457772812499998,1.8123484713541664,1.2817174479166666,1.4462638771355416
10720,50,11.709,5.437,59.56,16.155,3759,1355,68.199,8.404,82.13998081470065,15.00762959765625,6.968697764322917,20.70614537109375,10.771553432291666,10.226629949076893
10721,3,2.365,1.615,45.0,2.828,182,1343,45.0,2.0,4.928398848882039,3.0312617643229167,2.069973678385417,3.624696942708333,2.5634348958333333,2.5050025163503102
10722,1,1.128,1.128,0.0,1.414,189,1341,135.0,1.0,1.642799616294013,1.4457772812499998,1.4457772812499998,1.8123484713541664,1.2817174479166666,1.4462638771355416
10723,4,2.734,1.863,90.0,3.162,218,1341,108.435,2.0,6.571198465176052,3.5042155026041666,2.38783960546875,4.0527905703125,2.5634348958333333,2.892527754271083
10724,1,1.128,1.128,0.0,1.414,238,1341,135.0,1.0,1.642799616294013,1.4457772812499998,1.4457772812499998,1.8123484713541664,1.2817174479166666,1.4462638771355416
10725,1,1.128,1.128,0.0,1.414,248,1341,135.0,1.0,1.642799616294013,1.4457772812499998,1.4457772812499998,1.8123484713541664,1.2817174479166666,1.4462638771355416
10726,1,1.128,1.128,0.0,1.414,287,1341,135.0,1.0,1.642799616294013,1.4457772812499998,1.4457772812499998,1.8123484713541664,1.2817174479166666,1.4462638771355416
10727,1,1.128,1.128,0.0,1.414,3719,1341,135.0,1.0,1.642799616294013,1.4457772812499998,1.4457772812499998,1.8123484713541664,1.2817174479166666,1.4462638771355416
10728,1,1.128,1.128,0.0,1.414,3775,1341,135.0,1.0,1.642799616294013,1.4457772812499998,1.4457772812499998,1.8123484713541664,1.2817174479166666,1.4462638771355416
10729,4,3.676,1.385,140.31,4.243,419,1342,135.0,2.121,6.571198465176052,4.711593338541666,1.7751786653645834,5.438327131510417,2.71852270703125,2.892527754271083
10730,1,1.128,1.128,0.0,1.414,477,1342,135.0,1.0,1.642799616294013,1.4457772812499998,1.4457772812499998,1.8123484713541664,1.2817174479166666,1.4462638771355416
10731,12,7.184,2.127,94.364,7.28,3614,1342,105.945,2.0,19.713595395528156,9.207858145833333,2.7262130117187495,9.330903020833334,2.5634348958333333,5.0100050327006205
10732,2,2.257,1.128,90.0,2.236,3745,1342,116.565,1.0,3.285599232588026,2.892836279947917,1.4457772812499998,2.865920213541667,1.2817174479166666,2.0453259898153786
10733,5,3.144,2.025,108.435,3.606,3756,1342,123.69,2.0,8.213998081470065,4.02971965625,2.59547783203125,4.6218731171875,2.5634348958333333,3.2339443426774745
10734,7,3.926,2.27,108.435,4.472,3804,1342,116.565,2.846,11.499597314058091,5.032022700520834,2.9094986067708333,5.731840427083334,3.6477678567708334,3.826454549076717
10735,103,14.144,9.272,132.862,17.804,3808,1345,141.843,12.0,169.20836047828334,18.128611583333335,11.884084177083333,22.819697442708332,15.380609374999999,14.677975263558467
10736,1,1.128,1.128,0.0,1.414,3821,1342,135.0,1.0,1.642799616294013,1.4457772812499998,1.4457772812499998,1.8123484713541664,1.2817174479166666,1.4462638771355416
10737,6,4.274,1.787,28.862,5.0,237,1346,36.87,2.53,9.856797697764078,5.478060372395833,2.290429079427083,6.408587239583333,3.2427451432291665,3.5426085324013394
10738,4,3.676,1.385,39.69,4.243,335,1346,45.0,2.121,6.571198465176052,4.711593338541666,1.7751786653645834,5.438327131510417,2.71852270703125,2.892527754271083
10739,2,2.257,1.128,0.0,2.236,602,1343,153.435,1.0,3.285599232588026,2.892836279947917,1.4457772812499998,2.865920213541667,1.2817174479166666,2.0453259898153786
10740,1,1.128,1.128,0.0,1.414,3671,1343,135.0,1.0,1.642799616294013,1.4457772812499998,1.4457772812499998,1.8123484713541664,1.2817174479166666,1.4462638771355416
10741,6,4.276,1.787,146.31,5.0,3768,1343,143.13,2.683,9.856797697764078,5.480623807291666,2.290429079427083,6.408587239583333,3.4388479127604166,3.5426085324013394
10742,1,1.128,1.128,0.0,1.414,3806,1343,135.0,1.0,1.642799616294013,1.4457772812499998,1.4457772812499998,1.8123484713541664,1.2817174479166666,1.4462638771355416
10743,219,20.051,13.906,164.029,32.249,188,1344,150.255,22.0,359.7731159683889,25.69971654817708,17.823562830729166,41.33410597786459,28.197783854166666,21.40275088172689
10744,20,5.684,4.48,100.085,7.28,260,1351,74.055,5.659,32.85599232588026,7.285281973958333,5.742094166666667,9.330903020833334,7.253239037760416,6.467888685354949
10745,5,4.076,1.562,69.006,4.472,264,1348,63.435,2.0,8.213998081470065,5.224280317708333,2.0020426536458333,5.731840427083334,2.5634348958333333,3.2339443426774745
10746,2,2.257,1.128,90.0,2.236,339,1344,116.565,1.0,3.285599232588026,2.892836279947917,1.4457772812499998,2.865920213541667,1.2817174479166666,2.0453259898153786
10747,2,2.257,1.128,90.0,2.236,523,1344,116.565,1.0,3.285599232588026,2.892836279947917,1.4457772812499998,2.865920213541667,1.2817174479166666,2.0453259898153786
10748,1,1.128,1.128,0.0,1.414,3435,1344,135.0,1.0,1.642799616294013,1.4457772812499998,1.4457772812499998,1.8123484713541664,1.2817174479166666,1.4462638771355416
10749,13,4.614,3.588,158.511,5.831,3606,1348,30.964,4.0,21.35639501182217,5.913844304687499,4.598802203125,7.473694438802084,5.126869791666667,5.214578566863546
10750,33,10.05,4.181,126.318,12.806,3714,1344,128.66,6.957,54.21238733770243,12.881260351562501,5.358860649739583,16.413673638020832,8.91690828515625,8.308153445630097
10751,2,2.596,0.981,45.0,2.828,3780,1346,45.0,1.414,3.285599232588026,3.327338494791667,1.2573648164062499,3.624696942708333,1.8123484713541664,2.0453259898153786
10752,4,2.257,2.257,0.0,2.828,43,1345,135.0,2.0,6.571198465176052,2.892836279947917,2.892836279947917,3.624696942708333,2.5634348958333333,2.892527754271083
10753,2,2.257,1.128,0.0,2.236,151,1345,153.435,1.0,3.285599232588026,2.892836279947917,1.4457772812499998,2.865920213541667,1.2817174479166666,2.0453259898153786
10754,2,2.257,1.128,90.0,2.236,247,1345,116.565,1.0,3.285599232588026,2.892836279947917,1.4457772812499998,2.865920213541667,1.2817174479166666,2.0453259898153786
10755,6,3.385,2.257,0.0,3.606,289,1345,146.31,2.0,9.856797697764078,4.338613561197916,2.892836279947917,4.6218731171875,2.5634348958333333,3.5426085324013394
10756,1,1.128,1.128,0.0,1.414,362,1345,135.0,1.0,1.642799616294013,1.4457772812499998,1.4457772812499998,1.8123484713541664,1.2817174479166666,1.4462638771355416
10757,4,2.257,2.257,0.0,2.828,3502,1345,135.0,2.0,6.571198465176052,2.892836279947917,2.892836279947917,3.624696942708333,2.5634348958333333,2.892527754271083
10758,42,8.249,6.483,132.28,11.705,3730,1345,109.983,9.806,68.99758388434854,10.572887227864584,8.30937421484375,15.002502727864583,12.568521294270832,9.372861169189449
10759,2,2.257,1.128,0.0,2.236,215,1346,153.435,1.0,3.285599232588026,2.892836279947917,1.4457772812499998,2.865920213541667,1.2817174479166666,2.0453259898153786
10760,5,3.713,1.715,173.953,4.472,299,1346,153.435,2.0,8.213998081470065,4.759016884114583,2.1981454231770834,5.731840427083334,2.5634348958333333,3.2339443426774745
10761,7,4.934,1.806,165.321,5.385,310,1346,158.199,2.0,11.499597314058091,6.3239938880208335,2.3147817109375,6.90204845703125,2.5634348958333333,3.826454549076717
10762,4,2.734,1.863,0.0,3.162,390,1347,161.565,2.0,6.571198465176052,3.5042155026041666,2.38783960546875,4.0527905703125,2.5634348958333333,2.892527754271083
10763,4,3.676,1.385,39.69,4.243,3535,1349,45.0,2.121,6.571198465176052,4.711593338541666,1.7751786653645834,5.438327131510417,2.71852270703125,2.892527754271083
10764,17,7.966,2.717,134.395,8.485,3594,1346,135.0,3.536,27.927593476998222,10.210161190104166,3.4824263059895832,10.875372545572915,4.532152895833334,5.963098727945161
10765,3,2.365,1.615,135.0,2.828,3602,1346,135.0,2.0,4.928398848882039,3.0312617643229167,2.069973678385417,3.624696942708333,2.5634348958333333,2.5050025163503102
10766,14,4.778,3.73,72.704,6.403,3642,1351,51.34,4.0,22.999194628116182,6.124045966145832,4.780806080729167,8.206836819010416,5.126869791666667,5.411423919108519
10767,3,2.365,1.615,135.0,2.828,3659,1346,135.0,2.0,4.928398848882039,3.0312617643229167,2.069973678385417,3.624696942708333,2.5634348958333333,2.5050025163503102
10768,10,6.124,2.079,104.43,7.616,3679,1346,113.199,3.0,16.42799616294013,7.849237651041666,2.66469057421875,9.761560083333332,3.8451523437499997,4.573487949374228
10769,2,2.257,1.128,90.0,2.236,3796,1346,116.565,1.0,3.285599232588026,2.892836279947917,1.4457772812499998,2.865920213541667,1.2817174479166666,2.0453259898153786
10770,25,8.519,3.737,15.084,11.18,110,1352,26.565,4.713,41.069990407350325,10.918950938802084,4.789778102864584,14.329601067708333,6.04073433203125,7.231319385677708
10771,1,1.128,1.128,0.0,1.414,307,1347,135.0,1.0,1.642799616294013,1.4457772812499998,1.4457772812499998,1.8123484713541664,1.2817174479166666,1.4462638771355416
10772,1,1.128,1.128,0.0,1.414,324,1347,135.0,1.0,1.642799616294013,1.4457772812499998,1.4457772812499998,1.8123484713541664,1.2817174479166666,1.4462638771355416
10773,6,5.232,1.46,64.805,5.831,358,1352,59.036,2.214,9.856797697764078,6.7059456875,1.8713074739583333,7.473694438802084,2.8377224296875,3.5426085324013394
10774,1,1.128,1.128,0.0,1.414,519,1347,135.0,1.0,1.642799616294013,1.4457772812499998,1.4457772812499998,1.8123484713541664,1.2817174479166666,1.4462638771355416
10775,2,2.257,1.128,0.0,2.236,3441,1347,153.435,1.0,3.285599232588026,2.892836279947917,1.4457772812499998,2.865920213541667,1.2817174479166666,2.0453259898153786
10776,3,3.385,1.128,0.0,3.162,3672,1347,161.565,1.0,4.928398848882039,4.338613561197916,1.4457772812499998,4.0527905703125,1.2817174479166666,2.5050025163503102
10777,2,2.257,1.128,90.0,2.236,3683,1347,116.565,1.0,3.285599232588026,2.892836279947917,1.4457772812499998,2.865920213541667,1.2817174479166666,2.0453259898153786
10778,22,8.193,3.419,15.105,10.817,3775,1353,33.69,4.903,36.141591558468285,10.50111105078125,4.382191954427083,13.864337634114584,6.284260647135416,6.78357888217988
10779,35,9.355,4.764,48.682,11.662,223,1358,59.036,7.211,57.49798657029046,11.990466725260417,6.106101921875,14.947388877604167,9.242464516927084,8.556212484548844
10780,136,13.976,12.39,97.893,26.249,246,1348,130.365,20.0,223.42074781598578,17.913283052083333,15.8804791796875,33.64380129036458,25.634348958333334,16.866190189659594
10781,1,1.128,1.128,0.0,1.414,757,1348,135.0,1.0,1.642799616294013,1.4457772812499998,1.4457772812499998,1.8123484713541664,1.2817174479166666,1.4462638771355416
10782,4,4.514,1.128,90.0,4.123,3533,1348,104.036,1.0,6.571198465176052,5.785672559895834,1.4457772812499998,5.284521037760417,1.2817174479166666,2.892527754271083
10783,1,1.128,1.128,0.0,1.414,3744,1348,135.0,1.0,1.642799616294013,1.4457772812499998,1.4457772812499998,1.8123484713541664,1.2817174479166666,1.4462638771355416
10784,7,4.154,2.146,98.35,4.472,3749,1348,116.565,2.0,11.499597314058091,5.324254278645833,2.7505656432291663,5.731840427083334,2.5634348958333333,3.826454549076717
10785,2,2.257,1.128,90.0,2.236,3799,1348,116.565,1.0,3.285599232588026,2.892836279947917,1.4457772812499998,2.865920213541667,1.2817174479166666,2.0453259898153786
10786,1,1.128,1.128,0.0,1.414,189,1349,135.0,1.0,1.642799616294013,1.4457772812499998,1.4457772812499998,1.8123484713541664,1.2817174479166666,1.4462638771355416
10787,2,2.257,1.128,90.0,2.236,215,1349,116.565,1.0,3.285599232588026,2.892836279947917,1.4457772812499998,2.865920213541667,1.2817174479166666,2.0453259898153786
10788,1,1.128,1.128,0.0,1.414,603,1349,135.0,1.0,1.642799616294013,1.4457772812499998,1.4457772812499998,1.8123484713541664,1.2817174479166666,1.4462638771355416
10789,2,2.257,1.128,0.0,2.236,754,1349,153.435,1.0,3.285599232588026,2.892836279947917,1.4457772812499998,2.865920213541667,1.2817174479166666,2.0453259898153786
10790,1,1.128,1.128,0.0,1.414,3625,1349,135.0,1.0,1.642799616294013,1.4457772812499998,1.4457772812499998,1.8123484713541664,1.2817174479166666,1.4462638771355416
10791,1,1.128,1.128,0.0,1.414,3647,1349,135.0,1.0,1.642799616294013,1.4457772812499998,1.4457772812499998,1.8123484713541664,1.2817174479166666,1.4462638771355416
10792,4,3.192,1.596,71.565,3.606,3688,1352,56.31,2.0,6.571198465176052,4.09124209375,2.045621046875,4.6218731171875,2.5634348958333333,2.892527754271083
10793,2,2.257,1.128,90.0,2.236,3756,1349,116.565,1.0,3.285599232588026,2.892836279947917,1.4457772812499998,2.865920213541667,1.2817174479166666,2.0453259898153786
10794,24,9.436,3.238,73.478,10.77,3788,1359,68.199,4.427,39.42719079105631,12.094285838541666,4.1502010963541665,13.8040969140625,5.674163141927083,7.085217064802679
10795,1,1.128,1.128,0.0,1.414,173,1350,135.0,1.0,1.642799616294013,1.4457772812499998,1.4457772812499998,1.8123484713541664,1.2817174479166666,1.4462638771355416
10796,24,6.134,4.982,91.161,7.81,231,1350,129.806,5.0,39.42719079105631,7.862054825520834,6.385516325520833,10.010213268229165,6.408587239583333,7.085217064802679
10797,15,5.68,3.363,111.12,7.211,272,1350,123.69,4.919,24.641994244410196,7.280155104166666,4.31041577734375,9.242464516927084,6.304768126302083,5.601355910367322
10798,2,2.257,1.128,90.0,2.236,633,1350,116.565,1.0,3.285599232588026,2.892836279947917,1.4457772812499998,2.865920213541667,1.2817174479166666,2.0453259898153786
10799,15,7.844,2.435,118.356,8.944,3634,1350,116.565,3.578,24.641994244410196,10.053791661458334,3.1209819856770835,11.463680854166668,4.585985028645833,5.601355910367322
10800,3,2.365,1.615,135.0,2.828,3636,1350,135.0,2.0,4.928398848882039,3.0312617643229167,2.069973678385417,3.624696942708333,2.5634348958333333,2.5050025163503102
10801,2,2.257,1.128,90.0,2.236,3685,1350,116.565,1.0,3.285599232588026,2.892836279947917,1.4457772812499998,2.865920213541667,1.2817174479166666,2.0453259898153786
10802,3,2.365,1.615,135.0,2.828,3793,1350,135.0,2.0,4.928398848882039,3.0312617643229167,2.069973678385417,3.624696942708333,2.5634348958333333,2.5050025163503102
10803,2,2.257,1.128,0.0,2.236,3807,1350,153.435,1.0,3.285599232588026,2.892836279947917,1.4457772812499998,2.865920213541667,1.2817174479166666,2.0453259898153786
10804,1,1.128,1.128,0.0,1.414,126,1351,135.0,1.0,1.642799616294013,1.4457772812499998,1.4457772812499998,1.8123484713541664,1.2817174479166666,1.4462638771355416
10805,1,1.128,1.128,0.0,1.414,507,1351,135.0,1.0,1.642799616294013,1.4457772812499998,1.4457772812499998,1.8123484713541664,1.2817174479166666,1.4462638771355416
10806,2,2.257,1.128,0.0,2.236,3470,1351,153.435,1.0,3.285599232588026,2.892836279947917,1.4457772812499998,2.865920213541667,1.2817174479166666,2.0453259898153786
10807,1,1.128,1.128,0.0,1.414,3535,1351,135.0,1.0,1.642799616294013,1.4457772812499998,1.4457772812499998,1.8123484713541664,1.2817174479166666,1.4462638771355416
10808,1,1.128,1.128,0.0,1.414,3559,1351,135.0,1.0,1.642799616294013,1.4457772812499998,1.4457772812499998,1.8123484713541664,1.2817174479166666,1.4462638771355416
10809,1,1.128,1.128,0.0,1.414,3594,1351,135.0,1.0,1.642799616294013,1.4457772812499998,1.4457772812499998,1.8123484713541664,1.2817174479166666,1.4462638771355416
10810,6,3.988,1.916,161.565,4.472,3714,1351,153.435,2.0,9.856797697764078,5.111489182291667,2.4557706302083333,5.731840427083334,2.5634348958333333,3.5426085324013394
10811,7,3.507,2.542,59.527,4.243,3739,1354,45.0,3.0,11.499597314058091,4.49498308984375,3.2581257526041663,5.438327131510417,3.8451523437499997,3.826454549076717
10812,3,2.365,1.615,135.0,2.828,3770,1351,135.0,2.0,4.928398848882039,3.0312617643229167,2.069973678385417,3.624696942708333,2.5634348958333333,2.5050025163503102
10813,2,2.257,1.128,0.0,2.236,3798,1351,153.435,1.0,3.285599232588026,2.892836279947917,1.4457772812499998,2.865920213541667,1.2817174479166666,2.0453259898153786
10814,1,1.128,1.128,0.0,1.414,121,1352,135.0,1.0,1.642799616294013,1.4457772812499998,1.4457772812499998,1.8123484713541664,1.2817174479166666,1.4462638771355416
10815,23,6.321,4.633,80.57,7.211,182,1358,56.31,5.0,37.7843911747623,8.10173598828125,5.938196936197917,9.242464516927084,6.408587239583333,6.936037892995103
10816,22,6.965,4.022,125.472,7.81,280,1353,140.194,5.367,36.141591558468285,8.927162024739584,5.1550675755208335,10.010213268229165,6.87897754296875,6.78357888217988
10817,7,5.4,1.65,7.372,6.325,334,1354,18.435,2.0,11.499597314058091,6.921274218750001,2.1148337890624997,8.106862858072917,2.5634348958333333,3.826454549076717
10818,21,5.94,4.502,38.476,7.211,376,1358,56.31,5.547,34.49879194217427,7.613401640625001,5.770291950520833,9.242464516927084,7.10968668359375,6.627613691853932
10819,13,5.362,3.087,69.655,6.325,3602,1358,71.565,4.0,21.35639501182217,6.872568955729166,3.9566617617187503,8.106862858072917,5.126869791666667,5.214578566863546
10820,53,8.956,7.535,104.962,12.369,3615,1352,104.036,10.119,87.06837966358269,11.479061463541665,9.657740970052084,15.853563113281249,12.96969885546875,10.528959954443641
10821,1,1.128,1.128,0.0,1.414,124,1353,135.0,1.0,1.642799616294013,1.4457772812499998,1.4457772812499998,1.8123484713541664,1.2817174479166666,1.4462638771355416
10822,2,2.257,1.128,90.0,2.236,349,1353,116.565,1.0,3.285599232588026,2.892836279947917,1.4457772812499998,2.865920213541667,1.2817174479166666,2.0453259898153786
10823,1,1.128,1.128,0.0,1.414,507,1353,135.0,1.0,1.642799616294013,1.4457772812499998,1.4457772812499998,1.8123484713541664,1.2817174479166666,1.4462638771355416
10824,1,1.128,1.128,0.0,1.414,3560,1353,135.0,1.0,1.642799616294013,1.4457772812499998,1.4457772812499998,1.8123484713541664,1.2817174479166666,1.4462638771355416
10825,1,1.128,1.128,0.0,1.414,3662,1353,135.0,1.0,1.642799616294013,1.4457772812499998,1.4457772812499998,1.8123484713541664,1.2817174479166666,1.4462638771355416
10826,13,5.359,3.089,75.128,5.831,3666,1358,59.036,3.0,21.35639501182217,6.868723803385416,3.9592251966145833,7.473694438802084,3.8451523437499997,5.214578566863546
10827,1,1.128,1.128,0.0,1.414,3728,1353,135.0,1.0,1.642799616294013,1.4457772812499998,1.4457772812499998,1.8123484713541664,1.2817174479166666,1.4462638771355416
10828,164,14.84,14.071,176.078,23.854,3736,1360,146.976,17.948,269.4191370722181,19.020686927083332,18.035046209635414,30.574088002604164,23.004264755208332,18.52121457082038
10829,1,1.128,1.128,0.0,1.414,3753,1353,135.0,1.0,1.642799616294013,1.4457772812499998,1.4457772812499998,1.8123484713541664,1.2817174479166666,1.4462638771355416
10830,1,1.128,1.128,0.0,1.414,3779,1353,135.0,1.0,1.642799616294013,1.4457772812499998,1.4457772812499998,1.8123484713541664,1.2817174479166666,1.4462638771355416
10831,1,1.128,1.128,0.0,1.414,3796,1353,135.0,1.0,1.642799616294013,1.4457772812499998,1.4457772812499998,1.8123484713541664,1.2817174479166666,1.4462638771355416
10832,3,2.365,1.615,135.0,2.828,3809,1353,135.0,2.0,4.928398848882039,3.0312617643229167,2.069973678385417,3.624696942708333,2.5634348958333333,2.5050025163503102
10833,16,6.15,3.312,113.848,7.211,84,1354,123.69,4.0,26.28479386070421,7.8825623046875,4.2450481875,9.242464516927084,5.126869791666667,5.785055508542166
10834,7,3.516,2.535,79.099,4.123,243,1354,104.036,3.0,11.499597314058091,4.506518546875,3.24915373046875,5.284521037760417,3.8451523437499997,3.826454549076717
10835,2,2.257,1.128,90.0,2.236,421,1354,116.565,1.0,3.285599232588026,2.892836279947917,1.4457772812499998,2.865920213541667,1.2817174479166666,2.0453259898153786
10836,2,2.257,1.128,90.0,2.236,468,1354,116.565,1.0,3.285599232588026,2.892836279947917,1.4457772812499998,2.865920213541667,1.2817174479166666,2.0453259898153786
10837,4,2.257,2.257,0.0,2.828,470,1354,135.0,2.0,6.571198465176052,2.892836279947917,2.892836279947917,3.624696942708333,2.5634348958333333,2.892527754271083
10838,4,2.257,2.257,0.0,2.828,554,1354,135.0,2.0,6.571198465176052,2.892836279947917,2.892836279947917,3.624696942708333,2.5634348958333333,2.892527754271083
10839,2,2.257,1.128,90.0,2.236,3680,1354,116.565,1.0,3.285599232588026,2.892836279947917,1.4457772812499998,2.865920213541667,1.2817174479166666,2.0453259898153786
10840,9,3.43,3.341,90.0,4.472,3714,1354,116.565,4.0,14.785196546646118,4.396290846354167,4.282217993489583,5.731840427083334,5.126869791666667,4.338791631406624
10841,2,2.257,1.128,0.0,2.236,3768,1354,153.435,1.0,3.285599232588026,2.892836279947917,1.4457772812499998,2.865920213541667,1.2817174479166666,2.0453259898153786
10842,5,3.679,1.73,115.67,4.472,266,1355,116.565,2.53,8.213998081470065,4.7154384908854166,2.2173711848958333,5.731840427083334,3.2427451432291665,3.2339443426774745
10843,2,2.257,1.128,0.0,2.236,277,1355,153.435,1.0,3.285599232588026,2.892836279947917,1.4457772812499998,2.865920213541667,1.2817174479166666,2.0453259898153786
10844,1,1.128,1.128,0.0,1.414,3562,1355,135.0,1.0,1.642799616294013,1.4457772812499998,1.4457772812499998,1.8123484713541664,1.2817174479166666,1.4462638771355416
10845,44,9.691,5.781,114.678,11.18,3671,1355,100.305,8.05,72.28318311693657,12.421123787760417,7.409608566406249,14.329601067708333,10.317825455729167,9.593429256606505
10846,3,2.365,1.615,45.0,2.828,3741,1357,45.0,2.0,4.928398848882039,3.0312617643229167,2.069973678385417,3.624696942708333,2.5634348958333333,2.5050025163503102
10847,15,6.449,2.962,8.88,8.944,3770,1359,26.565,4.0,24.641994244410196,8.265795821614583,3.796447080729167,11.463680854166668,5.126869791666667,5.601355910367322
10848,6,3.385,2.257,0.0,3.606,287,1356,146.31,2.0,9.856797697764078,4.338613561197916,2.892836279947917,4.6218731171875,2.5634348958333333,3.5426085324013394
10849,2,2.596,0.981,45.0,2.828,312,1358,45.0,1.414,3.285599232588026,3.327338494791667,1.2573648164062499,3.624696942708333,1.8123484713541664,2.0453259898153786
10850,20,5.632,4.521,40.011,6.708,324,1362,63.435,5.367,32.85599232588026,7.218632666666666,5.79464458203125,8.597760640625,6.87897754296875,6.467888685354949
10851,5,4.183,1.522,79.099,4.472,358,1360,63.435,2.0,8.213998081470065,5.361424084635416,1.9507739557291666,5.731840427083334,2.5634348958333333,3.2339443426774745
10852,11,4.675,2.996,54.992,5.657,408,1360,45.0,3.883,18.070795779234142,5.9920290690104165,3.8400254739583333,7.250675602864583,4.976908850260417,4.796714628303253
10853,1,1.128,1.128,0.0,1.414,433,1356,135.0,1.0,1.642799616294013,1.4457772812499998,1.4457772812499998,1.8123484713541664,1.2817174479166666,1.4462638771355416
10854,14,4.699,3.794,144.485,5.657,482,1356,135.0,4.0,22.999194628116182,6.022790287760416,4.862835997395833,7.250675602864583,5.126869791666667,5.411423919108519
10855,3,2.365,1.615,135.0,2.828,550,1356,135.0,2.0,4.928398848882039,3.0312617643229167,2.069973678385417,3.624696942708333,2.5634348958333333,2.5050025163503102
10856,6,4.134,1.848,77.067,4.472,3422,1360,63.435,2.0,9.856797697764078,5.298619929687501,2.36861384375,5.731840427083334,2.5634348958333333,3.5426085324013394
10857,3,2.365,1.615,135.0,2.828,3444,1356,135.0,2.0,4.928398848882039,3.0312617643229167,2.069973678385417,3.624696942708333,2.5634348958333333,2.5050025163503102
10858,1,1.128,1.128,0.0,1.414,3491,1356,135.0,1.0,1.642799616294013,1.4457772812499998,1.4457772812499998,1.8123484713541664,1.2817174479166666,1.4462638771355416
10859,2,2.257,1.128,0.0,2.236,3608,1356,153.435,1.0,3.285599232588026,2.892836279947917,1.4457772812499998,2.865920213541667,1.2817174479166666,2.0453259898153786
10860,80,19.474,5.23,80.031,21.587,3687,1377,76.608,7.755,131.42396930352103,24.960165580729168,6.703382252604167,27.668434548177082,9.93971880859375,12.935777370709898
10861,2,2.257,1.128,90.0,2.236,3785,1356,116.565,1.0,3.285599232588026,2.892836279947917,1.4457772812499998,2.865920213541667,1.2817174479166666,2.0453259898153786
10862,1,1.128,1.128,0.0,1.414,3804,1356,135.0,1.0,1.642799616294013,1.4457772812499998,1.4457772812499998,1.8123484713541664,1.2817174479166666,1.4462638771355416
10863,1,1.128,1.128,0.0,1.414,105,1357,135.0,1.0,1.642799616294013,1.4457772812499998,1.4457772812499998,1.8123484713541664,1.2817174479166666,1.4462638771355416
10864,2,2.257,1.128,0.0,2.236,218,1357,153.435,1.0,3.285599232588026,2.892836279947917,1.4457772812499998,2.865920213541667,1.2817174479166666,2.0453259898153786
10865,46,13.591,4.309,61.927,17.0,231,1372,61.928,7.526,75.5687823495246,17.419821834635414,5.522920483072917,21.789196614583332,9.646205513020833,9.809038857407382
10866,1,1.128,1.128,0.0,1.414,368,1357,135.0,1.0,1.642799616294013,1.4457772812499998,1.4457772812499998,1.8123484713541664,1.2817174479166666,1.4462638771355416
10867,3,3.385,1.128,0.0,3.162,381,1357,161.565,1.0,4.928398848882039,4.338613561197916,1.4457772812499998,4.0527905703125,1.2817174479166666,2.5050025163503102
10868,1,1.128,1.128,0.0,1.414,393,1357,135.0,1.0,1.642799616294013,1.4457772812499998,1.4457772812499998,1.8123484713541664,1.2817174479166666,1.4462638771355416
10869,1,1.128,1.128,0.0,1.414,707,1357,135.0,1.0,1.642799616294013,1.4457772812499998,1.4457772812499998,1.8123484713541664,1.2817174479166666,1.4462638771355416
10870,12,4.526,3.376,4.881,5.385,3677,1360,21.801,4.0,19.713595395528156,5.801053169270833,4.327078104166667,6.90204845703125,5.126869791666667,5.0100050327006205
10871,1,1.128,1.128,0.0,1.414,3768,1357,135.0,1.0,1.642799616294013,1.4457772812499998,1.4457772812499998,1.8123484713541664,1.2817174479166666,1.4462638771355416
10872,4,2.257,2.257,0.0,2.828,3780,1357,135.0,2.0,6.571198465176052,2.892836279947917,2.892836279947917,3.624696942708333,2.5634348958333333,2.892527754271083
10873,1,1.128,1.128,0.0,1.414,3791,1357,135.0,1.0,1.642799616294013,1.4457772812499998,1.4457772812499998,1.8123484713541664,1.2817174479166666,1.4462638771355416
10874,8,3.538,2.879,135.0,4.243,339,1358,135.0,3.0,13.142396930352104,4.534716330729166,3.6900645325520833,5.438327131510417,3.8451523437499997,4.090651979630757
10875,3,2.365,1.615,135.0,2.828,420,1358,135.0,2.0,4.928398848882039,3.0312617643229167,2.069973678385417,3.624696942708333,2.5634348958333333,2.5050025163503102
10876,1,1.128,1.128,0.0,1.414,431,1358,135.0,1.0,1.642799616294013,1.4457772812499998,1.4457772812499998,1.8123484713541664,1.2817174479166666,1.4462638771355416
10877,2,2.257,1.128,0.0,2.236,3487,1358,153.435,1.0,3.285599232588026,2.892836279947917,1.4457772812499998,2.865920213541667,1.2817174479166666,2.0453259898153786
10878,23,6.86,4.269,13.6,7.81,3626,1363,39.806,5.0,37.7843911747623,8.792581692708334,5.47165178515625,10.010213268229165,6.408587239583333,6.936037892995103
10879,1,1.128,1.128,0.0,1.414,3655,1358,135.0,1.0,1.642799616294013,1.4457772812499998,1.4457772812499998,1.8123484713541664,1.2817174479166666,1.4462638771355416
10880,1,1.128,1.128,0.0,1.414,3730,1358,135.0,1.0,1.642799616294013,1.4457772812499998,1.4457772812499998,1.8123484713541664,1.2817174479166666,1.4462638771355416
10881,7,4.44,2.007,117.231,5.0,3732,1358,126.87,2.683,11.499597314058091,5.69082546875,2.5724069179687503,6.408587239583333,3.4388479127604166,3.826454549076717
10882,188,18.42,12.995,54.369,26.0,3800,1374,22.62,21.8,308.84632786327444,23.609235390625003,16.65591823567708,33.32465364583333,27.941440364583332,19.83017120535625
10883,1,1.128,1.128,0.0,1.414,184,1359,135.0,1.0,1.642799616294013,1.4457772812499998,1.4457772812499998,1.8123484713541664,1.2817174479166666,1.4462638771355416
10884,4,2.734,1.863,90.0,3.162,329,1359,108.435,2.0,6.571198465176052,3.5042155026041666,2.38783960546875,4.0527905703125,2.5634348958333333,2.892527754271083
10885,1,1.128,1.128,0.0,1.414,392,1359,135.0,1.0,1.642799616294013,1.4457772812499998,1.4457772812499998,1.8123484713541664,1.2817174479166666,1.4462638771355416
10886,1,1.128,1.128,0.0,1.414,435,1359,135.0,1.0,1.642799616294013,1.4457772812499998,1.4457772812499998,1.8123484713541664,1.2817174479166666,1.4462638771355416
10887,2,2.257,1.128,90.0,2.236,445,1359,116.565,1.0,3.285599232588026,2.892836279947917,1.4457772812499998,2.865920213541667,1.2817174479166666,2.0453259898153786
10888,1,1.128,1.128,0.0,1.414,496,1359,135.0,1.0,1.642799616294013,1.4457772812499998,1.4457772812499998,1.8123484713541664,1.2817174479166666,1.4462638771355416
10889,1,1.128,1.128,0.0,1.414,3474,1359,135.0,1.0,1.642799616294013,1.4457772812499998,1.4457772812499998,1.8123484713541664,1.2817174479166666,1.4462638771355416
10890,1,1.128,1.128,0.0,1.414,3702,1359,135.0,1.0,1.642799616294013,1.4457772812499998,1.4457772812499998,1.8123484713541664,1.2817174479166666,1.4462638771355416
10891,45,9.196,6.231,46.128,10.817,3757,1366,33.69,7.603,73.92598273323058,11.786673651041665,7.98638141796875,13.864337634114584,9.744897756510417,9.701833028032423
10892,3,2.365,1.615,45.0,2.828,3795,1361,45.0,2.0,4.928398848882039,3.0312617643229167,2.069973678385417,3.624696942708333,2.5634348958333333,2.5050025163503102
10893,1,1.128,1.128,0.0,1.414,108,1360,135.0,1.0,1.642799616294013,1.4457772812499998,1.4457772812499998,1.8123484713541664,1.2817174479166666,1.4462638771355416
10894,2,2.257,1.128,0.0,2.236,208,1360,153.435,1.0,3.285599232588026,2.892836279947917,1.4457772812499998,2.865920213541667,1.2817174479166666,2.0453259898153786
10895,1,1.128,1.128,0.0,1.414,241,1360,135.0,1.0,1.642799616294013,1.4457772812499998,1.4457772812499998,1.8123484713541664,1.2817174479166666,1.4462638771355416
10896,10,4.525,2.814,148.043,5.657,370,1360,135.0,3.883,16.42799616294013,5.799771451822917,3.6067528984375,7.250675602864583,4.976908850260417,4.573487949374228
10897,2,2.596,0.981,45.0,2.828,378,1362,45.0,1.414,3.285599232588026,3.327338494791667,1.2573648164062499,3.624696942708333,1.8123484713541664,2.0453259898153786
10898,1,1.128,1.128,0.0,1.414,399,1360,135.0,1.0,1.642799616294013,1.4457772812499998,1.4457772812499998,1.8123484713541664,1.2817174479166666,1.4462638771355416
10899,4,2.257,2.257,0.0,2.828,3460,1360,135.0,2.0,6.571198465176052,2.892836279947917,2.892836279947917,3.624696942708333,2.5634348958333333,2.892527754271083
10900,3,2.365,1.615,45.0,2.828,3466,1362,45.0,2.0,4.928398848882039,3.0312617643229167,2.069973678385417,3.624696942708333,2.5634348958333333,2.5050025163503102
10901,32,7.299,5.582,10.227,9.849,3469,1366,23.962,6.791,52.56958772140842,9.35525565234375,7.154546794270833,12.62363514453125,8.704143188802083,8.181303959261514
10902,248,21.879,14.432,19.046,35.847,3521,1381,22.989,22.361,407.41430484091524,28.04269604296875,18.497746208333332,45.94572535546875,28.660483852864584,22.775786312928208
10903,11,4.131,3.39,45.0,5.0,3570,1363,36.87,4.0,18.070795779234142,5.294774777343751,4.3450221484375,6.408587239583333,5.126869791666667,4.796714628303253
10904,2,2.257,1.128,90.0,2.236,3584,1360,116.565,1.0,3.285599232588026,2.892836279947917,1.4457772812499998,2.865920213541667,1.2817174479166666,2.0453259898153786
10905,9,3.635,3.153,108.435,4.472,3799,1361,153.435,3.578,14.785196546646118,4.659042923177083,4.04125511328125,5.731840427083334,4.585985028645833,4.338791631406624
10906,2,2.257,1.128,90.0,2.236,3821,1360,116.565,1.0,3.285599232588026,2.892836279947917,1.4457772812499998,2.865920213541667,1.2817174479166666,2.0453259898153786
10907,5,3.244,1.963,90.0,3.606,183,1361,123.69,2.0,8.213998081470065,4.157891401041667,2.516011350260417,4.6218731171875,2.5634348958333333,3.2339443426774745
10908,2,2.257,1.128,0.0,2.236,288,1361,153.435,1.0,3.285599232588026,2.892836279947917,1.4457772812499998,2.865920213541667,1.2817174479166666,2.0453259898153786
10909,2,2.257,1.128,0.0,2.236,432,1361,153.435,1.0,3.285599232588026,2.892836279947917,1.4457772812499998,2.865920213541667,1.2817174479166666,2.0453259898153786
10910,7,4.285,2.08,142.267,5.0,498,1361,143.13,2.828,11.499597314058091,5.4921592643229165,2.665972291666667,6.408587239583333,3.624696942708333,3.826454549076717
10911,1,1.128,1.128,0.0,1.414,3547,1361,135.0,1.0,1.642799616294013,1.4457772812499998,1.4457772812499998,1.8123484713541664,1.2817174479166666,1.4462638771355416
10912,1,1.128,1.128,0.0,1.414,3704,1361,135.0,1.0,1.642799616294013,1.4457772812499998,1.4457772812499998,1.8123484713541664,1.2817174479166666,1.4462638771355416
10913,89,16.129,7.026,141.675,18.788,3783,1363,154.799,8.677,146.20916585016715,20.67282071744792,9.0053467890625,24.080907411458334,11.121462295572917,13.644026128871728
10914,28,7.26,4.911,130.998,9.434,186,1363,147.995,6.641,45.998389256232365,9.305268671875,6.294514386718749,12.091722403645832,8.511885571614583,7.652909098153434
10915,2,2.257,1.128,0.0,2.236,229,1362,153.435,1.0,3.285599232588026,2.892836279947917,1.4457772812499998,2.865920213541667,1.2817174479166666,2.0453259898153786
10916,1,1.128,1.128,0.0,1.414,263,1362,135.0,1.0,1.642799616294013,1.4457772812499998,1.4457772812499998,1.8123484713541664,1.2817174479166666,1.4462638771355416
10917,2,2.596,0.981,45.0,2.828,282,1364,45.0,1.414,3.285599232588026,3.327338494791667,1.2573648164062499,3.624696942708333,1.8123484713541664,2.0453259898153786
10918,15,5.043,3.787,90.0,6.325,352,1362,108.435,4.0,24.641994244410196,6.46370108984375,4.853863975260417,8.106862858072917,5.126869791666667,5.601355910367322
10919,1,1.128,1.128,0.0,1.414,367,1362,135.0,1.0,1.642799616294013,1.4457772812499998,1.4457772812499998,1.8123484713541664,1.2817174479166666,1.4462638771355416
10920,3,2.365,1.615,135.0,2.828,430,1362,135.0,2.0,4.928398848882039,3.0312617643229167,2.069973678385417,3.624696942708333,2.5634348958333333,2.5050025163503102
10921,4,2.734,1.863,90.0,3.162,3345,1362,108.435,2.0,6.571198465176052,3.5042155026041666,2.38783960546875,4.0527905703125,2.5634348958333333,2.892527754271083
10922,1,1.128,1.128,0.0,1.414,3523,1362,135.0,1.0,1.642799616294013,1.4457772812499998,1.4457772812499998,1.8123484713541664,1.2817174479166666,1.4462638771355416
10923,1,1.128,1.128,0.0,1.414,3587,1362,135.0,1.0,1.642799616294013,1.4457772812499998,1.4457772812499998,1.8123484713541664,1.2817174479166666,1.4462638771355416
10924,4,2.734,1.863,90.0,3.162,3702,1362,108.435,2.0,6.571198465176052,3.5042155026041666,2.38783960546875,4.0527905703125,2.5634348958333333,2.892527754271083
10925,4,3.676,1.385,50.31,4.243,208,1366,45.0,2.121,6.571198465176052,4.711593338541666,1.7751786653645834,5.438327131510417,2.71852270703125,2.892527754271083
10926,4,2.734,1.863,90.0,3.162,222,1363,108.435,2.0,6.571198465176052,3.5042155026041666,2.38783960546875,4.0527905703125,2.5634348958333333,2.892527754271083
10927,1,1.128,1.128,0.0,1.414,287,1363,135.0,1.0,1.642799616294013,1.4457772812499998,1.4457772812499998,1.8123484713541664,1.2817174479166666,1.4462638771355416
10928,1,1.128,1.128,0.0,1.414,312,1363,135.0,1.0,1.642799616294013,1.4457772812499998,1.4457772812499998,1.8123484713541664,1.2817174479166666,1.4462638771355416
10929,3,3.385,1.128,90.0,3.162,339,1363,108.435,1.0,4.928398848882039,4.338613561197916,1.4457772812499998,4.0527905703125,1.2817174479166666,2.5050025163503102
10930,2,2.596,0.981,135.0,2.828,676,1363,135.0,1.414,3.285599232588026,3.327338494791667,1.2573648164062499,3.624696942708333,1.8123484713541664,2.0453259898153786
10931,7,3.987,2.235,135.0,4.472,3654,1363,116.565,2.828,11.499597314058091,5.11020746484375,2.86463849609375,5.731840427083334,3.624696942708333,3.826454549076717
10932,7,4.214,2.115,169.099,5.0,3660,1363,143.13,3.0,11.499597314058091,5.401157325520834,2.7108324023437502,6.408587239583333,3.8451523437499997,3.826454549076717
10933,2,2.257,1.128,0.0,2.236,3695,1363,153.435,1.0,3.285599232588026,2.892836279947917,1.4457772812499998,2.865920213541667,1.2817174479166666,2.0453259898153786
10934,251,28.522,11.205,114.251,38.588,3774,1363,121.218,18.818,412.3427036897973,36.55714504947916,14.36164400390625,49.45891288020833,24.119358934895835,22.913128982727116
10935,3,2.365,1.615,135.0,2.828,365,1364,135.0,2.0,4.928398848882039,3.0312617643229167,2.069973678385417,3.624696942708333,2.5634348958333333,2.5050025163503102
10936,5,3.144,2.025,18.435,3.606,526,1366,33.69,2.0,8.213998081470065,4.02971965625,2.59547783203125,4.6218731171875,2.5634348958333333,3.2339443426774745
10937,1,1.128,1.128,0.0,1.414,817,1364,135.0,1.0,1.642799616294013,1.4457772812499998,1.4457772812499998,1.8123484713541664,1.2817174479166666,1.4462638771355416
10938,13,5.03,3.291,28.323,6.325,3620,1367,18.435,4.0,21.35639501182217,6.447038763020833,4.21813212109375,8.106862858072917,5.126869791666667,5.214578566863546
10939,4,2.257,2.257,0.0,2.828,3680,1364,135.0,2.0,6.571198465176052,2.892836279947917,2.892836279947917,3.624696942708333,2.5634348958333333,2.892527754271083
10940,16,6.973,2.922,135.0,9.434,262,1365,147.995,4.609,26.28479386070421,8.937415764322916,3.7451783828125,12.091722403645832,5.907435717447917,5.785055508542166
10941,2,2.257,1.128,0.0,2.236,378,1365,153.435,1.0,3.285599232588026,2.892836279947917,1.4457772812499998,2.865920213541667,1.2817174479166666,2.0453259898153786
10942,1,1.128,1.128,0.0,1.414,3461,1365,135.0,1.0,1.642799616294013,1.4457772812499998,1.4457772812499998,1.8123484713541664,1.2817174479166666,1.4462638771355416
10943,7,3.516,2.535,79.099,4.123,3806,1365,104.036,3.0,11.499597314058091,4.506518546875,3.24915373046875,5.284521037760417,3.8451523437499997,3.826454549076717
10944,11,4.83,2.9,177.298,6.083,202,1368,170.538,4.0,18.070795779234142,6.1906952734375,3.716980598958333,7.7966872356770835,5.126869791666667,4.796714628303253
10945,1,1.128,1.128,0.0,1.414,282,1366,135.0,1.0,1.642799616294013,1.4457772812499998,1.4457772812499998,1.8123484713541664,1.2817174479166666,1.4462638771355416
10946,1,1.128,1.128,0.0,1.414,3329,1366,135.0,1.0,1.642799616294013,1.4457772812499998,1.4457772812499998,1.8123484713541664,1.2817174479166666,1.4462638771355416
10947,3,2.365,1.615,45.0,2.828,3452,1368,45.0,2.0,4.928398848882039,3.0312617643229167,2.069973678385417,3.624696942708333,2.5634348958333333,2.5050025163503102
10948,16,5.61,3.631,83.719,6.708,3598,1372,63.435,4.0,26.28479386070421,7.1904348828125,4.653916053385417,8.597760640625,5.126869791666667,5.785055508542166
10949,1,1.128,1.128,0.0,1.414,3609,1366,135.0,1.0,1.642799616294013,1.4457772812499998,1.4457772812499998,1.8123484713541664,1.2817174479166666,1.4462638771355416
10950,17,5.339,4.054,11.714,7.616,3693,1372,23.199,6.0,27.927593476998222,6.8430894544270835,5.196082533854167,9.761560083333332,7.690304687499999,5.963098727945161
10951,25,7.257,4.386,155.797,10.817,3705,1366,146.31,6.0,41.069990407350325,9.30142351953125,5.6216127265625,13.864337634114584,7.690304687499999,7.231319385677708
10952,7,4.044,2.204,116.063,5.0,3719,1366,126.87,2.846,11.499597314058091,5.1832653593749995,2.8249052552083334,6.408587239583333,3.6477678567708334,3.826454549076717
10953,5,3.144,2.025,108.435,3.606,3728,1366,123.69,2.0,8.213998081470065,4.02971965625,2.59547783203125,4.6218731171875,2.5634348958333333,3.2339443426774745
10954,2,2.596,0.981,135.0,2.828,216,1367,135.0,1.414,3.285599232588026,3.327338494791667,1.2573648164062499,3.624696942708333,1.8123484713541664,2.0453259898153786
10955,1,1.128,1.128,0.0,1.414,222,1367,135.0,1.0,1.642799616294013,1.4457772812499998,1.4457772812499998,1.8123484713541664,1.2817174479166666,1.4462638771355416
10956,2,2.596,0.981,135.0,2.828,254,1367,135.0,1.414,3.285599232588026,3.327338494791667,1.2573648164062499,3.624696942708333,1.8123484713541664,2.0453259898153786
10957,2,2.257,1.128,90.0,2.236,285,1367,116.565,1.0,3.285599232588026,2.892836279947917,1.4457772812499998,2.865920213541667,1.2817174479166666,2.0453259898153786
10958,4,3.216,1.583,121.717,3.606,3658,1367,123.69,2.0,6.571198465176052,4.1220033125,2.028958720052083,4.6218731171875,2.5634348958333333,2.892527754271083
10959,25,6.656,4.783,34.219,7.81,279,1374,50.194,5.547,41.069990407350325,8.531111333333333,6.130454553385417,10.010213268229165,7.10968668359375,7.231319385677708
10960,11,5.863,2.389,94.87,6.325,317,1368,108.435,3.0,18.070795779234142,7.514709397135417,3.062022983072916,8.106862858072917,3.8451523437499997,4.796714628303253
10961,11,4.216,3.322,66.801,5.0,393,1372,53.13,4.0,18.070795779234142,5.403720760416666,4.257865361979166,6.408587239583333,5.126869791666667,4.796714628303253
10962,1,1.128,1.128,0.0,1.414,3397,1368,135.0,1.0,1.642799616294013,1.4457772812499998,1.4457772812499998,1.8123484713541664,1.2817174479166666,1.4462638771355416
10963,2,2.257,1.128,90.0,2.236,3473,1368,116.565,1.0,3.285599232588026,2.892836279947917,1.4457772812499998,2.865920213541667,1.2817174479166666,2.0453259898153786
10964,91,13.297,8.713,14.988,19.925,3619,1378,17.526,14.527,149.49476508275518,17.042996904947916,11.167604123697915,25.538220149739583,18.619509365885417,13.79647807992854
10965,1,1.128,1.128,0.0,1.414,3649,1368,135.0,1.0,1.642799616294013,1.4457772812499998,1.4457772812499998,1.8123484713541664,1.2817174479166666,1.4462638771355416
10966,42,13.994,3.821,55.901,16.401,3657,1381,52.431,5.547,68.99758388434854,17.936353966145834,4.897442368489584,21.02144786328125,7.10968668359375,9.372861169189449
10967,21,9.89,2.704,134.746,10.63,3668,1368,138.814,4.243,34.49879194217427,12.676185559895833,3.465763979166667,13.624656471354168,5.438327131510417,6.627613691853932
10968,1,1.128,1.128,0.0,1.414,3686,1368,135.0,1.0,1.642799616294013,1.4457772812499998,1.4457772812499998,1.8123484713541664,1.2817174479166666,1.4462638771355416
10969,6,3.385,2.257,90.0,3.606,3702,1368,123.69,2.0,9.856797697764078,4.338613561197916,2.892836279947917,4.6218731171875,2.5634348958333333,3.5426085324013394
10970,6,3.718,2.055,143.13,4.243,3715,1368,135.0,2.683,9.856797697764078,4.765425471354167,2.63392935546875,5.438327131510417,3.4388479127604166,3.5426085324013394
10971,1,1.128,1.128,0.0,1.414,3733,1368,135.0,1.0,1.642799616294013,1.4457772812499998,1.4457772812499998,1.8123484713541664,1.2817174479166666,1.4462638771355416
10972,1,1.128,1.128,0.0,1.414,3757,1368,135.0,1.0,1.642799616294013,1.4457772812499998,1.4457772812499998,1.8123484713541664,1.2817174479166666,1.4462638771355416
10973,1,1.128,1.128,0.0,1.414,192,1369,135.0,1.0,1.642799616294013,1.4457772812499998,1.4457772812499998,1.8123484713541664,1.2817174479166666,1.4462638771355416
10974,1,1.128,1.128,0.0,1.414,226,1369,135.0,1.0,1.642799616294013,1.4457772812499998,1.4457772812499998,1.8123484713541664,1.2817174479166666,1.4462638771355416
10975,1,1.128,1.128,0.0,1.414,229,1369,135.0,1.0,1.642799616294013,1.4457772812499998,1.4457772812499998,1.8123484713541664,1.2817174479166666,1.4462638771355416
10976,2,2.257,1.128,0.0,2.236,271,1369,153.435,1.0,3.285599232588026,2.892836279947917,1.4457772812499998,2.865920213541667,1.2817174479166666,2.0453259898153786
10977,4,3.192,1.596,71.565,3.606,488,1372,56.31,2.0,6.571198465176052,4.09124209375,2.045621046875,4.6218731171875,2.5634348958333333,2.892527754271083
10978,8,4.619,2.205,46.023,5.0,558,1372,36.87,2.828,13.142396930352104,5.920252891927083,2.82618697265625,6.408587239583333,3.624696942708333,4.090651979630757
10979,1,1.128,1.128,0.0,1.414,3596,1369,135.0,1.0,1.642799616294013,1.4457772812499998,1.4457772812499998,1.8123484713541664,1.2817174479166666,1.4462638771355416
10980,1,1.128,1.128,0.0,1.414,3726,1369,135.0,1.0,1.642799616294013,1.4457772812499998,1.4457772812499998,1.8123484713541664,1.2817174479166666,1.4462638771355416
10981,41,7.959,6.559,76.859,10.77,3728,1373,21.801,9.328,67.35478426805453,10.20118916796875,8.406784740885417,13.8040969140625,11.955860354166665,9.26060728541019
10982,4,3.216,1.583,31.717,3.606,211,1372,33.69,2.0,6.571198465176052,4.1220033125,2.028958720052083,4.6218731171875,2.5634348958333333,2.892527754271083
10983,107,18.518,7.357,29.052,25.08,233,1382,23.499,11.811,175.7795589434594,23.734843700520834,9.429595264322916,32.14547359375,15.13836477734375,14.960269872126732
10984,8,4.037,2.523,123.69,5.0,289,1370,126.87,3.0,13.142396930352104,5.174293337239583,3.23377312109375,6.408587239583333,3.8451523437499997,4.090651979630757
10985,18,5.36,4.276,22.59,6.403,298,1374,38.66,4.0,29.570393093292235,6.870005520833334,5.480623807291666,8.206836819010416,5.126869791666667,6.135977969446135
10986,6,4.633,1.649,50.31,5.0,406,1374,53.13,2.121,9.856797697764078,5.938196936197917,2.1135520716145835,6.408587239583333,2.71852270703125,3.5426085324013394
10987,10,4.237,3.005,85.455,5.0,411,1370,126.87,3.0,16.42799616294013,5.430636826822917,3.8515609309895833,6.408587239583333,3.8451523437499997,4.573487949374228
10988,1,1.128,1.128,0.0,1.414,3555,1370,135.0,1.0,1.642799616294013,1.4457772812499998,1.4457772812499998,1.8123484713541664,1.2817174479166666,1.4462638771355416
10989,3,2.365,1.615,45.0,2.828,3572,1372,45.0,2.0,4.928398848882039,3.0312617643229167,2.069973678385417,3.624696942708333,2.5634348958333333,2.5050025163503102
10990,1,1.128,1.128,0.0,1.414,3589,1370,135.0,1.0,1.642799616294013,1.4457772812499998,1.4457772812499998,1.8123484713541664,1.2817174479166666,1.4462638771355416
10991,6,4.361,1.752,52.466,5.657,105,1375,45.0,2.828,9.856797697764078,5.589569790364583,2.24556896875,7.250675602864583,3.624696942708333,3.5426085324013394
10992,1,1.128,1.128,0.0,1.414,205,1371,135.0,1.0,1.642799616294013,1.4457772812499998,1.4457772812499998,1.8123484713541664,1.2817174479166666,1.4462638771355416
10993,3,2.365,1.615,135.0,2.828,239,1371,135.0,2.0,4.928398848882039,3.0312617643229167,2.069973678385417,3.624696942708333,2.5634348958333333,2.5050025163503102
10994,1,1.128,1.128,0.0,1.414,327,1371,135.0,1.0,1.642799616294013,1.4457772812499998,1.4457772812499998,1.8123484713541664,1.2817174479166666,1.4462638771355416
10995,6,3.385,2.257,90.0,3.606,428,1371,123.69,2.0,9.856797697764078,4.338613561197916,2.892836279947917,4.6218731171875,2.5634348958333333,3.5426085324013394
10996,1,1.128,1.128,0.0,1.414,504,1371,135.0,1.0,1.642799616294013,1.4457772812499998,1.4457772812499998,1.8123484713541664,1.2817174479166666,1.4462638771355416
10997,7,4.473,1.992,157.5,5.385,3761,1372,158.199,3.0,11.499597314058091,5.73312214453125,2.55318115625,6.90204845703125,3.8451523437499997,3.826454549076717
10998,1,1.128,1.128,0.0,1.414,259,1372,135.0,1.0,1.642799616294013,1.4457772812499998,1.4457772812499998,1.8123484713541664,1.2817174479166666,1.4462638771355416
10999,2,2.257,1.128,90.0,2.236,273,1372,116.565,1.0,3.285599232588026,2.892836279947917,1.4457772812499998,2.865920213541667,1.2817174479166666,2.0453259898153786
11000,2,2.257,1.128,90.0,2.236,310,1372,116.565,1.0,3.285599232588026,2.892836279947917,1.4457772812499998,2.865920213541667,1.2817174479166666,2.0453259898153786
11001,4,2.257,2.257,0.0,2.828,656,1372,135.0,2.0,6.571198465176052,2.892836279947917,2.892836279947917,3.624696942708333,2.5634348958333333,2.892527754271083
11002,2,2.257,1.128,90.0,2.236,3495,1372,116.565,1.0,3.285599232588026,2.892836279947917,1.4457772812499998,2.865920213541667,1.2817174479166666,2.0453259898153786
11003,6,3.385,2.257,90.0,3.606,3616,1372,123.69,2.0,9.856797697764078,4.338613561197916,2.892836279947917,4.6218731171875,2.5634348958333333,3.5426085324013394
11004,6,3.493,2.187,0.0,4.472,3700,1372,153.435,3.0,9.856797697764078,4.4770390455729165,2.8031160585937496,5.731840427083334,3.8451523437499997,3.5426085324013394
11005,5,3.679,1.73,154.33,4.472,3742,1373,153.435,2.53,8.213998081470065,4.7154384908854166,2.2173711848958333,5.731840427083334,3.2427451432291665,3.2339443426774745
11006,1,1.128,1.128,0.0,1.414,3789,1372,135.0,1.0,1.642799616294013,1.4457772812499998,1.4457772812499998,1.8123484713541664,1.2817174479166666,1.4462638771355416
11007,3,3.213,1.189,118.155,3.606,287,1373,123.69,1.789,4.928398848882039,4.11815816015625,1.5239620455729168,4.6218731171875,2.2929925143229166,2.5050025163503102
11008,2,2.257,1.128,90.0,2.236,315,1373,116.565,1.0,3.285599232588026,2.892836279947917,1.4457772812499998,2.865920213541667,1.2817174479166666,2.0453259898153786
11009,4,3.216,1.583,121.717,3.606,344,1373,123.69,2.0,6.571198465176052,4.1220033125,2.028958720052083,4.6218731171875,2.5634348958333333,2.892527754271083
11010,2,2.257,1.128,90.0,2.236,3565,1373,116.565,1.0,3.285599232588026,2.892836279947917,1.4457772812499998,2.865920213541667,1.2817174479166666,2.0453259898153786
11011,2,2.257,1.128,0.0,2.236,3572,1373,153.435,1.0,3.285599232588026,2.892836279947917,1.4457772812499998,2.865920213541667,1.2817174479166666,2.0453259898153786
11012,1,1.128,1.128,0.0,1.414,3577,1373,135.0,1.0,1.642799616294013,1.4457772812499998,1.4457772812499998,1.8123484713541664,1.2817174479166666,1.4462638771355416
11013,1,1.128,1.128,0.0,1.414,3608,1373,135.0,1.0,1.642799616294013,1.4457772812499998,1.4457772812499998,1.8123484713541664,1.2817174479166666,1.4462638771355416
11014,1,1.128,1.128,0.0,1.414,3669,1373,135.0,1.0,1.642799616294013,1.4457772812499998,1.4457772812499998,1.8123484713541664,1.2817174479166666,1.4462638771355416
11015,3,3.385,1.128,0.0,3.162,3705,1373,161.565,1.0,4.928398848882039,4.338613561197916,1.4457772812499998,4.0527905703125,1.2817174479166666,2.5050025163503102
11016,1,1.128,1.128,0.0,1.414,111,1374,135.0,1.0,1.642799616294013,1.4457772812499998,1.4457772812499998,1.8123484713541664,1.2817174479166666,1.4462638771355416
11017,4,3.216,1.583,31.717,3.606,203,1376,33.69,2.0,6.571198465176052,4.1220033125,2.028958720052083,4.6218731171875,2.5634348958333333,2.892527754271083
11018,16,5.423,3.757,150.128,6.403,207,1374,141.34,4.0,26.28479386070421,6.9507537200520835,4.815412451822917,8.206836819010416,5.126869791666667,5.785055508542166
11019,8,4.348,2.343,88.341,5.099,219,1374,101.31,3.0,13.142396930352104,5.572907463541666,3.00306398046875,6.535477266927083,3.8451523437499997,4.090651979630757
11020,4,4.514,1.128,90.0,4.123,257,1374,104.036,1.0,6.571198465176052,5.785672559895834,1.4457772812499998,5.284521037760417,1.2817174479166666,2.892527754271083
11021,9,4.005,2.861,125.783,5.0,339,1374,126.87,3.883,14.785196546646118,5.13327837890625,3.6669936184895837,6.408587239583333,4.976908850260417,4.338791631406624
11022,5,3.144,2.025,18.435,3.606,437,1376,33.69,2.0,8.213998081470065,4.02971965625,2.59547783203125,4.6218731171875,2.5634348958333333,3.2339443426774745
11023,1,1.128,1.128,0.0,1.414,3556,1374,135.0,1.0,1.642799616294013,1.4457772812499998,1.4457772812499998,1.8123484713541664,1.2817174479166666,1.4462638771355416
11024,21,6.861,3.897,147.803,7.28,3715,1377,164.055,4.992,34.49879194217427,8.79386341015625,4.99485289453125,9.330903020833334,6.3983335,6.627613691853932
11025,8,4.044,2.519,19.33,4.472,3752,1376,26.565,3.0,13.142396930352104,5.1832653593749995,3.2286462513020835,5.731840427083334,3.8451523437499997,4.090651979630757
11026,3,2.365,1.615,45.0,2.828,3772,1376,45.0,2.0,4.928398848882039,3.0312617643229167,2.069973678385417,3.624696942708333,2.5634348958333333,2.5050025163503102
11027,6,3.718,2.055,126.87,4.243,214,1375,135.0,2.683,9.856797697764078,4.765425471354167,2.63392935546875,5.438327131510417,3.4388479127604166,3.5426085324013394
11028,1,1.128,1.128,0.0,1.414,241,1375,135.0,1.0,1.642799616294013,1.4457772812499998,1.4457772812499998,1.8123484713541664,1.2817174479166666,1.4462638771355416
11029,8,6.006,1.696,130.81,7.071,275,1375,135.0,2.8,13.142396930352104,7.6979949921875,2.1737927916666666,9.063024074218749,3.5888088541666665,4.090651979630757
11030,2,2.257,1.128,0.0,2.236,284,1375,153.435,1.0,3.285599232588026,2.892836279947917,1.4457772812499998,2.865920213541667,1.2817174479166666,2.0453259898153786
11031,1,1.128,1.128,0.0,1.414,427,1375,135.0,1.0,1.642799616294013,1.4457772812499998,1.4457772812499998,1.8123484713541664,1.2817174479166666,1.4462638771355416
11032,4,3.192,1.596,18.435,3.606,479,1377,33.69,2.0,6.571198465176052,4.09124209375,2.045621046875,4.6218731171875,2.5634348958333333,2.892527754271083
11033,1,1.128,1.128,0.0,1.414,3562,1375,135.0,1.0,1.642799616294013,1.4457772812499998,1.4457772812499998,1.8123484713541664,1.2817174479166666,1.4462638771355416
11034,9,4.204,2.726,144.217,5.0,3653,1375,143.13,3.0,14.785196546646118,5.388340151041667,3.4939617630208333,6.408587239583333,3.8451523437499997,4.338791631406624
11035,1,1.128,1.128,0.0,1.414,3777,1375,135.0,1.0,1.642799616294013,1.4457772812499998,1.4457772812499998,1.8123484713541664,1.2817174479166666,1.4462638771355416
11036,5,3.144,2.025,108.435,3.606,97,1376,123.69,2.0,8.213998081470065,4.02971965625,2.59547783203125,4.6218731171875,2.5634348958333333,3.2339443426774745
11037,7,4.154,2.146,98.35,4.472,268,1376,116.565,2.0,11.499597314058091,5.324254278645833,2.7505656432291663,5.731840427083334,2.5634348958333333,3.826454549076717
11038,2,2.596,0.981,135.0,2.828,298,1376,135.0,1.414,3.285599232588026,3.327338494791667,1.2573648164062499,3.624696942708333,1.8123484713541664,2.0453259898153786
11039,24,8.937,3.419,42.262,10.0,348,1384,53.13,4.95,39.42719079105631,11.45470883203125,4.382191954427083,12.817174479166667,6.3445013671875,7.085217064802679
11040,3,2.365,1.615,45.0,2.828,554,1378,45.0,2.0,4.928398848882039,3.0312617643229167,2.069973678385417,3.624696942708333,2.5634348958333333,2.5050025163503102
11041,8,4.514,2.257,90.0,4.472,3556,1376,116.565,2.0,13.142396930352104,5.785672559895834,2.892836279947917,5.731840427083334,2.5634348958333333,4.090651979630757
11042,9,4.038,2.838,43.939,5.0,3587,1380,53.13,3.536,14.785196546646118,5.1755750546875,3.6375141171875,6.408587239583333,4.532152895833334,4.338791631406624
11043,4,2.734,1.863,0.0,3.162,3592,1376,161.565,2.0,6.571198465176052,3.5042155026041666,2.38783960546875,4.0527905703125,2.5634348958333333,2.892527754271083
11044,49,9.209,6.774,45.761,13.892,3691,1384,30.256,9.597,80.49718119840664,11.803335977864583,8.6823539921875,17.805618786458332,12.300642347656249,10.12384713994879
11045,9,3.923,2.921,78.019,4.472,3740,1376,116.565,3.0,14.785196546646118,5.028177548177084,3.743896665364583,5.731840427083334,3.8451523437499997,4.338791631406624
11046,1,1.128,1.128,0.0,1.414,3797,1376,135.0,1.0,1.642799616294013,1.4457772812499998,1.4457772812499998,1.8123484713541664,1.2817174479166666,1.4462638771355416
11047,1,1.128,1.128,0.0,1.414,194,1377,135.0,1.0,1.642799616294013,1.4457772812499998,1.4457772812499998,1.8123484713541664,1.2817174479166666,1.4462638771355416
11048,1,1.128,1.128,0.0,1.414,196,1377,135.0,1.0,1.642799616294013,1.4457772812499998,1.4457772812499998,1.8123484713541664,1.2817174479166666,1.4462638771355416
11049,1,1.128,1.128,0.0,1.414,199,1377,135.0,1.0,1.642799616294013,1.4457772812499998,1.4457772812499998,1.8123484713541664,1.2817174479166666,1.4462638771355416
11050,4,2.838,1.795,135.0,3.606,203,1377,123.69,2.683,6.571198465176052,3.6375141171875,2.3006828190104165,4.6218731171875,3.4388479127604166,2.892527754271083
11051,1,1.128,1.128,0.0,1.414,310,1377,135.0,1.0,1.642799616294013,1.4457772812499998,1.4457772812499998,1.8123484713541664,1.2817174479166666,1.4462638771355416
11052,19,6.41,3.774,15.914,7.616,327,1382,23.199,4.608,31.21319270958625,8.215808841145833,4.8372016484375,9.761560083333332,5.906153999999999,6.304118086127151
11053,1,1.128,1.128,0.0,1.414,370,1377,135.0,1.0,1.642799616294013,1.4457772812499998,1.4457772812499998,1.8123484713541664,1.2817174479166666,1.4462638771355416
11054,1,1.128,1.128,0.0,1.414,600,1377,135.0,1.0,1.642799616294013,1.4457772812499998,1.4457772812499998,1.8123484713541664,1.2817174479166666,1.4462638771355416
11055,1,1.128,1.128,0.0,1.414,3839,1377,135.0,1.0,1.642799616294013,1.4457772812499998,1.4457772812499998,1.8123484713541664,1.2817174479166666,1.4462638771355416
11056,12,6.192,2.467,116.941,7.616,231,1378,113.199,3.944,19.713595395528156,7.9363944375,3.1619969440104168,9.761560083333332,5.055093614583333,5.0100050327006205
11057,10,4.561,2.792,164.702,5.657,386,1378,135.0,3.638,16.42799616294013,5.845913279947917,3.578555114583333,7.250675602864583,4.662888075520833,4.573487949374228
11058,1,1.128,1.128,0.0,1.414,417,1378,135.0,1.0,1.642799616294013,1.4457772812499998,1.4457772812499998,1.8123484713541664,1.2817174479166666,1.4462638771355416
11059,1,1.128,1.128,0.0,1.414,769,1378,135.0,1.0,1.642799616294013,1.4457772812499998,1.4457772812499998,1.8123484713541664,1.2817174479166666,1.4462638771355416
11060,53,10.452,6.456,149.202,12.806,3704,1378,141.34,8.875,87.06837966358269,13.396510765624999,8.27476784375,16.413673638020832,11.375242350260416,10.528959954443641
11061,2,2.257,1.128,90.0,2.236,3727,1378,116.565,1.0,3.285599232588026,2.892836279947917,1.4457772812499998,2.865920213541667,1.2817174479166666,2.0453259898153786
11062,17,5.134,4.216,176.883,6.708,3753,1382,26.565,5.814,27.927593476998222,6.580337377604167,5.403720760416666,8.597760640625,7.4519052421875,5.963098727945161
11063,18,5.733,3.997,171.539,7.28,3762,1381,164.055,5.0,29.570393093292235,7.34808612890625,5.123024639322916,9.330903020833334,6.408587239583333,6.135977969446135
11064,1,1.128,1.128,0.0,1.414,197,1379,135.0,1.0,1.642799616294013,1.4457772812499998,1.4457772812499998,1.8123484713541664,1.2817174479166666,1.4462638771355416
11065,2,2.257,1.128,0.0,2.236,265,1379,153.435,1.0,3.285599232588026,2.892836279947917,1.4457772812499998,2.865920213541667,1.2817174479166666,2.0453259898153786
11066,11,6.221,2.251,147.024,7.071,296,1379,135.0,3.578,18.070795779234142,7.973564243489584,2.8851459752604165,9.063024074218749,4.585985028645833,4.796714628303253
11067,4,3.192,1.596,71.565,3.606,364,1382,56.31,2.0,6.571198465176052,4.09124209375,2.045621046875,4.6218731171875,2.5634348958333333,2.892527754271083
11068,5,3.144,2.025,108.435,3.606,415,1379,123.69,2.0,8.213998081470065,4.02971965625,2.59547783203125,4.6218731171875,2.5634348958333333,3.2339443426774745
11069,7,4.11,2.168,157.5,4.472,3770,1380,153.435,2.683,11.499597314058091,5.2678587109375,2.7787634270833337,5.731840427083334,3.4388479127604166,3.826454549076717
11070,7,4.285,2.08,142.267,5.0,3792,1379,143.13,2.828,11.499597314058091,5.4921592643229165,2.665972291666667,6.408587239583333,3.624696942708333,3.826454549076717
11071,1,1.128,1.128,0.0,1.414,3814,1379,135.0,1.0,1.642799616294013,1.4457772812499998,1.4457772812499998,1.8123484713541664,1.2817174479166666,1.4462638771355416
11072,139,20.122,8.795,41.151,28.601,206,1398,36.469,13.0,228.34914666486782,25.790718486979166,11.272704954427082,36.65840072786458,16.662326822916665,17.05119963875536
11073,9,5.229,2.191,85.269,5.385,324,1385,68.199,2.0,14.785196546646118,6.70210053515625,2.8082429283854164,6.90204845703125,2.5634348958333333,4.338791631406624
11074,1,1.128,1.128,0.0,1.414,663,1380,135.0,1.0,1.642799616294013,1.4457772812499998,1.4457772812499998,1.8123484713541664,1.2817174479166666,1.4462638771355416
11075,2,2.257,1.128,90.0,2.236,3607,1380,116.565,1.0,3.285599232588026,2.892836279947917,1.4457772812499998,2.865920213541667,1.2817174479166666,2.0453259898153786
11076,24,9.056,3.374,88.11,10.198,3730,1390,78.69,4.0,39.42719079105631,11.607233208333332,4.324514669270833,13.070954533854167,5.126869791666667,7.085217064802679
11077,123,18.48,8.475,76.824,23.537,3739,1403,77.735,13.023,202.0643528041636,23.6861384375,10.86255537109375,30.16778357161458,16.69180632421875,16.039842327272947
11078,1,1.128,1.128,0.0,1.414,3747,1380,135.0,1.0,1.642799616294013,1.4457772812499998,1.4457772812499998,1.8123484713541664,1.2817174479166666,1.4462638771355416
11079,7,4.154,2.146,81.65,4.472,3798,1384,63.435,2.0,11.499597314058091,5.324254278645833,2.7505656432291663,5.731840427083334,2.5634348958333333,3.826454549076717
11080,8,4.085,2.494,121.35,5.657,274,1381,135.0,3.536,13.142396930352104,5.235815774739583,3.196603315104167,7.250675602864583,4.532152895833334,4.090651979630757
11081,22,6.699,4.181,172.652,8.544,352,1383,159.444,5.0,36.141591558468285,8.586225183593749,5.358860649739583,10.950993875,6.408587239583333,6.78357888217988
11082,1,1.128,1.128,0.0,1.414,380,1381,135.0,1.0,1.642799616294013,1.4457772812499998,1.4457772812499998,1.8123484713541664,1.2817174479166666,1.4462638771355416
11083,3,3.385,1.128,0.0,3.162,410,1381,161.565,1.0,4.928398848882039,4.338613561197916,1.4457772812499998,4.0527905703125,1.2817174479166666,2.5050025163503102
11084,1,1.128,1.128,0.0,1.414,3335,1381,135.0,1.0,1.642799616294013,1.4457772812499998,1.4457772812499998,1.8123484713541664,1.2817174479166666,1.4462638771355416
11085,1,1.128,1.128,0.0,1.414,3604,1381,135.0,1.0,1.642799616294013,1.4457772812499998,1.4457772812499998,1.8123484713541664,1.2817174479166666,1.4462638771355416
11086,2,2.257,1.128,0.0,2.236,3614,1381,153.435,1.0,3.285599232588026,2.892836279947917,1.4457772812499998,2.865920213541667,1.2817174479166666,2.0453259898153786
11087,2,2.257,1.128,90.0,2.236,3721,1381,116.565,1.0,3.285599232588026,2.892836279947917,1.4457772812499998,2.865920213541667,1.2817174479166666,2.0453259898153786
11088,5,3.086,2.063,124.099,3.606,3760,1381,123.69,2.683,8.213998081470065,3.955380044270833,2.6441830950520835,4.6218731171875,3.4388479127604166,3.2339443426774745
11089,1,1.128,1.128,0.0,1.414,3776,1381,135.0,1.0,1.642799616294013,1.4457772812499998,1.4457772812499998,1.8123484713541664,1.2817174479166666,1.4462638771355416
11090,1,1.128,1.128,0.0,1.414,3815,1381,135.0,1.0,1.642799616294013,1.4457772812499998,1.4457772812499998,1.8123484713541664,1.2817174479166666,1.4462638771355416
11091,4,2.257,2.257,0.0,2.828,192,1382,135.0,2.0,6.571198465176052,2.892836279947917,2.892836279947917,3.624696942708333,2.5634348958333333,2.892527754271083
11092,59,16.872,4.452,85.618,21.378,202,1382,100.784,7.338,96.92517736134677,21.62513678125,5.706206078125,27.4005556015625,9.4052426328125,11.108963630155632
11093,37,9.636,4.889,153.626,11.662,254,1382,149.036,6.791,60.783585802878484,12.350629328124999,6.266316602864584,14.947388877604167,8.704143188802083,8.7972797207639
11094,1,1.128,1.128,0.0,1.414,313,1382,135.0,1.0,1.642799616294013,1.4457772812499998,1.4457772812499998,1.8123484713541664,1.2817174479166666,1.4462638771355416
11095,4,2.734,1.863,90.0,3.162,333,1382,108.435,2.0,6.571198465176052,3.5042155026041666,2.38783960546875,4.0527905703125,2.5634348958333333,2.892527754271083
11096,6,4.125,1.852,24.749,5.385,488,1385,21.801,2.846,9.856797697764078,5.28708447265625,2.373740713541667,6.90204845703125,3.6477678567708334,3.5426085324013394
11097,4,2.734,1.863,90.0,3.162,3484,1382,108.435,2.0,6.571198465176052,3.5042155026041666,2.38783960546875,4.0527905703125,2.5634348958333333,2.892527754271083
11098,4,2.257,2.257,0.0,2.828,3598,1382,135.0,2.0,6.571198465176052,2.892836279947917,2.892836279947917,3.624696942708333,2.5634348958333333,2.892527754271083
11099,2,2.257,1.128,0.0,2.236,3718,1382,153.435,1.0,3.285599232588026,2.892836279947917,1.4457772812499998,2.865920213541667,1.2817174479166666,2.0453259898153786
11100,97,14.407,8.573,95.104,20.616,3803,1402,75.964,12.0,159.35156278051926,18.465703272135418,10.988163680989583,26.42388690625,15.380609374999999,14.24404726978226
11101,4,4.514,1.128,90.0,4.123,3823,1382,104.036,1.0,6.571198465176052,5.785672559895834,1.4457772812499998,5.284521037760417,1.2817174479166666,2.892527754271083
11102,1,1.128,1.128,0.0,1.414,279,1383,135.0,1.0,1.642799616294013,1.4457772812499998,1.4457772812499998,1.8123484713541664,1.2817174479166666,1.4462638771355416
11103,14,5.314,3.355,94.081,6.325,362,1383,108.435,4.0,22.999194628116182,6.811046518229166,4.300162037760416,8.106862858072917,5.126869791666667,5.411423919108519
11104,1,1.128,1.128,0.0,1.414,413,1383,135.0,1.0,1.642799616294013,1.4457772812499998,1.4457772812499998,1.8123484713541664,1.2817174479166666,1.4462638771355416
11105,6,4.215,1.812,103.283,5.385,3792,1383,111.801,2.668,9.856797697764078,5.40243904296875,2.322472015625,6.90204845703125,3.4196221510416667,3.5426085324013394
11106,4,2.257,2.257,0.0,2.828,176,1384,135.0,2.0,6.571198465176052,2.892836279947917,2.892836279947917,3.624696942708333,2.5634348958333333,2.892527754271083
11107,1,1.128,1.128,0.0,1.414,263,1384,135.0,1.0,1.642799616294013,1.4457772812499998,1.4457772812499998,1.8123484713541664,1.2817174479166666,1.4462638771355416
11108,19,7.034,3.439,48.527,7.81,308,1390,39.806,4.4,31.21319270958625,9.015600528645832,4.407826303385416,10.010213268229165,5.639556770833334,6.304118086127151
11109,4,2.257,2.257,0.0,2.828,430,1384,135.0,2.0,6.571198465176052,2.892836279947917,2.892836279947917,3.624696942708333,2.5634348958333333,2.892527754271083
11110,11,4.994,2.804,45.0,5.657,462,1388,45.0,3.536,18.070795779234142,6.400896934895833,3.593935723958333,7.250675602864583,4.532152895833334,4.796714628303253
11111,1,1.128,1.128,0.0,1.414,3509,1384,135.0,1.0,1.642799616294013,1.4457772812499998,1.4457772812499998,1.8123484713541664,1.2817174479166666,1.4462638771355416
11112,1,1.128,1.128,0.0,1.414,3527,1384,135.0,1.0,1.642799616294013,1.4457772812499998,1.4457772812499998,1.8123484713541664,1.2817174479166666,1.4462638771355416
11113,11,4.506,3.108,30.286,5.0,3678,1388,36.87,3.578,18.070795779234142,5.7754188203125,3.983577828125,6.408587239583333,4.585985028645833,4.796714628303253
11114,1,1.128,1.128,0.0,1.414,3715,1384,135.0,1.0,1.642799616294013,1.4457772812499998,1.4457772812499998,1.8123484713541664,1.2817174479166666,1.4462638771355416
11115,1,1.128,1.128,0.0,1.414,3751,1384,135.0,1.0,1.642799616294013,1.4457772812499998,1.4457772812499998,1.8123484713541664,1.2817174479166666,1.4462638771355416
11116,13,5.03,3.291,106.845,6.083,3763,1384,99.462,4.0,21.35639501182217,6.447038763020833,4.21813212109375,7.7966872356770835,5.126869791666667,5.214578566863546
11117,1,1.128,1.128,0.0,1.414,3773,1384,135.0,1.0,1.642799616294013,1.4457772812499998,1.4457772812499998,1.8123484713541664,1.2817174479166666,1.4462638771355416
11118,15,6.069,3.147,107.518,6.708,3811,1384,116.565,3.795,24.641994244410196,7.7787431914062495,4.033564808593749,8.597760640625,4.86411771484375,5.601355910367322
11119,3,2.365,1.615,45.0,2.828,327,1387,45.0,2.0,4.928398848882039,3.0312617643229167,2.069973678385417,3.624696942708333,2.5634348958333333,2.5050025163503102
11120,1,1.128,1.128,0.0,1.414,369,1385,135.0,1.0,1.642799616294013,1.4457772812499998,1.4457772812499998,1.8123484713541664,1.2817174479166666,1.4462638771355416
11121,1,1.128,1.128,0.0,1.414,497,1385,135.0,1.0,1.642799616294013,1.4457772812499998,1.4457772812499998,1.8123484713541664,1.2817174479166666,1.4462638771355416
11122,1,1.128,1.128,0.0,1.414,3601,1385,135.0,1.0,1.642799616294013,1.4457772812499998,1.4457772812499998,1.8123484713541664,1.2817174479166666,1.4462638771355416
11123,1,1.128,1.128,0.0,1.414,3701,1385,135.0,1.0,1.642799616294013,1.4457772812499998,1.4457772812499998,1.8123484713541664,1.2817174479166666,1.4462638771355416
11124,1,1.128,1.128,0.0,1.414,3770,1385,135.0,1.0,1.642799616294013,1.4457772812499998,1.4457772812499998,1.8123484713541664,1.2817174479166666,1.4462638771355416
11125,1,1.128,1.128,0.0,1.414,3801,1385,135.0,1.0,1.642799616294013,1.4457772812499998,1.4457772812499998,1.8123484713541664,1.2817174479166666,1.4462638771355416
11126,2,2.257,1.128,0.0,2.236,198,1386,153.435,1.0,3.285599232588026,2.892836279947917,1.4457772812499998,2.865920213541667,1.2817174479166666,2.0453259898153786
11127,3,2.365,1.615,135.0,2.828,229,1386,135.0,2.0,4.928398848882039,3.0312617643229167,2.069973678385417,3.624696942708333,2.5634348958333333,2.5050025163503102
11128,2,2.257,1.128,90.0,2.236,299,1386,116.565,1.0,3.285599232588026,2.892836279947917,1.4457772812499998,2.865920213541667,1.2817174479166666,2.0453259898153786
11129,2,2.257,1.128,90.0,2.236,491,1386,116.565,1.0,3.285599232588026,2.892836279947917,1.4457772812499998,2.865920213541667,1.2817174479166666,2.0453259898153786
11130,3,2.365,1.615,45.0,2.828,530,1388,45.0,2.0,4.928398848882039,3.0312617643229167,2.069973678385417,3.624696942708333,2.5634348958333333,2.5050025163503102
11131,4,3.969,1.283,72.391,4.472,3566,1390,63.435,1.897,6.571198465176052,5.08713655078125,1.644443485677083,5.731840427083334,2.4314179986979165,2.892527754271083
11132,10,4.62,2.756,35.998,5.657,3636,1390,45.0,3.578,16.42799616294013,5.921534609375,3.532413286458333,7.250675602864583,4.585985028645833,4.573487949374228
11133,20,6.54,3.894,67.047,7.211,3644,1392,56.31,4.851,32.85599232588026,8.382432109375,4.9910077421875,9.242464516927084,6.21761133984375,6.467888685354949
11134,3,2.365,1.615,135.0,2.828,3693,1386,135.0,2.0,4.928398848882039,3.0312617643229167,2.069973678385417,3.624696942708333,2.5634348958333333,2.5050025163503102
11135,11,4.869,2.877,126.158,5.657,3716,1386,135.0,3.578,18.070795779234142,6.240682253906249,3.6875010976562494,7.250675602864583,4.585985028645833,4.796714628303253
11136,2,2.257,1.128,0.0,2.236,3738,1386,153.435,1.0,3.285599232588026,2.892836279947917,1.4457772812499998,2.865920213541667,1.2817174479166666,2.0453259898153786
11137,4,3.192,1.596,161.565,3.606,3752,1386,146.31,2.0,6.571198465176052,4.09124209375,2.045621046875,4.6218731171875,2.5634348958333333,2.892527754271083
11138,4,3.216,1.583,148.283,3.606,3816,1386,146.31,2.0,6.571198465176052,4.1220033125,2.028958720052083,4.6218731171875,2.5634348958333333,2.892527754271083
11139,1,1.128,1.128,0.0,1.414,302,1387,135.0,1.0,1.642799616294013,1.4457772812499998,1.4457772812499998,1.8123484713541664,1.2817174479166666,1.4462638771355416
11140,1,1.128,1.128,0.0,1.414,357,1387,135.0,1.0,1.642799616294013,1.4457772812499998,1.4457772812499998,1.8123484713541664,1.2817174479166666,1.4462638771355416
11141,1,1.128,1.128,0.0,1.414,3507,1387,135.0,1.0,1.642799616294013,1.4457772812499998,1.4457772812499998,1.8123484713541664,1.2817174479166666,1.4462638771355416
11142,38,9.278,5.215,82.359,10.44,3702,1387,106.699,6.0,62.4263854191725,11.891774481770833,6.6841564908854165,13.381130156249998,7.690304687499999,8.915369296202536
11143,1,1.128,1.128,0.0,1.414,3760,1387,135.0,1.0,1.642799616294013,1.4457772812499998,1.4457772812499998,1.8123484713541664,1.2817174479166666,1.4462638771355416
11144,1,1.128,1.128,0.0,1.414,179,1388,135.0,1.0,1.642799616294013,1.4457772812499998,1.4457772812499998,1.8123484713541664,1.2817174479166666,1.4462638771355416
11145,2,2.257,1.128,0.0,2.236,241,1388,153.435,1.0,3.285599232588026,2.892836279947917,1.4457772812499998,2.865920213541667,1.2817174479166666,2.0453259898153786
11146,4,2.257,2.257,0.0,2.828,249,1388,135.0,2.0,6.571198465176052,2.892836279947917,2.892836279947917,3.624696942708333,2.5634348958333333,2.892527754271083
11147,6,3.995,1.912,9.462,4.472,292,1390,26.565,2.0,9.856797697764078,5.120461204427083,2.4506437604166664,5.731840427083334,2.5634348958333333,3.5426085324013394
11148,18,5.65,4.056,63.999,7.211,322,1394,56.31,4.0,29.570393093292235,7.241703580729167,5.19864596875,9.242464516927084,5.126869791666667,6.135977969446135
11149,13,4.806,3.444,146.652,5.657,334,1388,135.0,4.0,21.35639501182217,6.1599340546875,4.414234890625,7.250675602864583,5.126869791666667,5.214578566863546
11150,8,4.618,2.206,53.086,5.657,374,1392,45.0,3.479,13.142396930352104,5.918971174479167,2.8274686901041663,7.250675602864583,4.459095001302083,4.090651979630757
11151,11,3.93,3.564,69.006,5.0,412,1388,143.13,4.0,18.070795779234142,5.0371495703125,4.568040984375,6.408587239583333,5.126869791666667,4.796714628303253
11152,2,2.596,0.981,45.0,2.828,640,1390,45.0,1.414,3.285599232588026,3.327338494791667,1.2573648164062499,3.624696942708333,1.8123484713541664,2.0453259898153786
11153,105,18.033,7.414,26.197,20.591,3514,1401,29.055,10.286,172.49395971087137,23.11321073828125,9.502653158854166,26.391843970052083,13.183745669270833,14.819794743593736
11154,8,3.961,2.571,97.796,4.472,3614,1388,116.565,3.0,13.142396930352104,5.076882811197916,3.2952955585937502,5.731840427083334,3.8451523437499997,4.090651979630757
11155,13,4.934,3.354,128.226,5.831,3694,1389,149.036,4.243,21.35639501182217,6.3239938880208335,4.2988803203125,7.473694438802084,5.438327131510417,5.214578566863546
11156,1,1.128,1.128,0.0,1.414,149,1389,135.0,1.0,1.642799616294013,1.4457772812499998,1.4457772812499998,1.8123484713541664,1.2817174479166666,1.4462638771355416
11157,1,1.128,1.128,0.0,1.414,198,1389,135.0,1.0,1.642799616294013,1.4457772812499998,1.4457772812499998,1.8123484713541664,1.2817174479166666,1.4462638771355416
11158,2,2.257,1.128,0.0,2.236,262,1389,153.435,1.0,3.285599232588026,2.892836279947917,1.4457772812499998,2.865920213541667,1.2817174479166666,2.0453259898153786
11159,9,4.94,2.32,114.805,6.708,275,1389,116.565,3.578,14.785196546646118,6.331684192708334,2.9735844791666666,8.597760640625,4.585985028645833,4.338791631406624
11160,2,2.257,1.128,90.0,2.236,277,1389,116.565,1.0,3.285599232588026,2.892836279947917,1.4457772812499998,2.865920213541667,1.2817174479166666,2.0453259898153786
11161,1,1.128,1.128,0.0,1.414,465,1389,135.0,1.0,1.642799616294013,1.4457772812499998,1.4457772812499998,1.8123484713541664,1.2817174479166666,1.4462638771355416
11162,1,1.128,1.128,0.0,1.414,549,1389,135.0,1.0,1.642799616294013,1.4457772812499998,1.4457772812499998,1.8123484713541664,1.2817174479166666,1.4462638771355416
11163,1,1.128,1.128,0.0,1.414,3550,1389,135.0,1.0,1.642799616294013,1.4457772812499998,1.4457772812499998,1.8123484713541664,1.2817174479166666,1.4462638771355416
11164,130,21.047,7.864,35.543,27.785,3714,1406,30.256,12.387,213.5639501182217,26.976307126302082,10.079426010416666,35.61251929036458,15.87663402734375,16.489945309185437
11165,1,1.128,1.128,0.0,1.414,3759,1389,135.0,1.0,1.642799616294013,1.4457772812499998,1.4457772812499998,1.8123484713541664,1.2817174479166666,1.4462638771355416
11166,7,4.11,2.168,22.5,4.472,150,1393,26.565,2.683,11.499597314058091,5.2678587109375,2.7787634270833337,5.731840427083334,3.4388479127604166,3.826454549076717
11167,70,11.434,7.795,5.462,15.652,227,1390,153.435,12.393,114.99597314058092,14.655157299479166,9.990987506510416,20.061441494791666,15.88432433203125,12.100311738194971
11168,27,8.528,4.031,78.816,8.944,282,1398,63.435,4.0,44.35558963993835,10.930486395833334,5.166603032552083,11.463680854166668,5.126869791666667,7.515007549050931
11169,1,1.128,1.128,0.0,1.414,287,1390,135.0,1.0,1.642799616294013,1.4457772812499998,1.4457772812499998,1.8123484713541664,1.2817174479166666,1.4462638771355416
11170,4,2.257,2.257,0.0,2.828,526,1390,135.0,2.0,6.571198465176052,2.892836279947917,2.892836279947917,3.624696942708333,2.5634348958333333,2.892527754271083
11171,15,6.595,2.896,63.827,7.81,3572,1396,50.194,4.366,24.641994244410196,8.452926569010415,3.7118537291666667,10.010213268229165,5.595978377604166,5.601355910367322
11172,3,2.365,1.615,45.0,2.828,3596,1392,45.0,2.0,4.928398848882039,3.0312617643229167,2.069973678385417,3.624696942708333,2.5634348958333333,2.5050025163503102
11173,3,2.365,1.615,135.0,2.828,3622,1390,135.0,2.0,4.928398848882039,3.0312617643229167,2.069973678385417,3.624696942708333,2.5634348958333333,2.5050025163503102
11174,13,5.712,2.898,128.834,7.81,3688,1391,140.194,4.243,21.35639501182217,7.321170062499999,3.7144171640625,10.010213268229165,5.438327131510417,5.214578566863546
11175,1,1.128,1.128,0.0,1.414,3723,1390,135.0,1.0,1.642799616294013,1.4457772812499998,1.4457772812499998,1.8123484713541664,1.2817174479166666,1.4462638771355416
11176,7,4.647,1.918,94.308,5.099,3765,1390,101.31,2.0,11.499597314058091,5.95614098046875,2.4583340651041667,6.535477266927083,2.5634348958333333,3.826454549076717
11177,1,1.128,1.128,0.0,1.414,3771,1390,135.0,1.0,1.642799616294013,1.4457772812499998,1.4457772812499998,1.8123484713541664,1.2817174479166666,1.4462638771355416
11178,139,17.402,10.17,44.105,20.881,3810,1403,16.699,15.202,228.34914666486782,22.304447028645836,13.0350664453125,26.763542029947917,19.484668643229167,17.05119963875536
11179,15,6.593,2.897,76.051,7.28,245,1391,105.945,4.511,24.641994244410196,8.450363134114584,3.713135446614583,9.330903020833334,5.7818274075520835,5.601355910367322
11180,3,2.365,1.615,45.0,2.828,261,1393,45.0,2.0,4.928398848882039,3.0312617643229167,2.069973678385417,3.624696942708333,2.5634348958333333,2.5050025163503102
11181,3,2.365,1.615,135.0,2.828,378,1391,135.0,2.0,4.928398848882039,3.0312617643229167,2.069973678385417,3.624696942708333,2.5634348958333333,2.5050025163503102
11182,3,2.365,1.615,135.0,2.828,432,1391,135.0,2.0,4.928398848882039,3.0312617643229167,2.069973678385417,3.624696942708333,2.5634348958333333,2.5050025163503102
11183,1,1.128,1.128,0.0,1.414,462,1391,135.0,1.0,1.642799616294013,1.4457772812499998,1.4457772812499998,1.8123484713541664,1.2817174479166666,1.4462638771355416
11184,7,3.086,2.888,0.0,3.606,3298,1391,123.69,3.0,11.499597314058091,3.955380044270833,3.701599989583333,4.6218731171875,3.8451523437499997,3.826454549076717
11185,9,4.196,2.731,6.047,4.472,3638,1392,153.435,3.0,14.785196546646118,5.378086411458333,3.5003703502604164,5.731840427083334,3.8451523437499997,4.338791631406624
11186,1,1.128,1.128,0.0,1.414,3681,1391,135.0,1.0,1.642799616294013,1.4457772812499998,1.4457772812499998,1.8123484713541664,1.2817174479166666,1.4462638771355416
11187,2,2.257,1.128,90.0,2.236,3715,1391,116.565,1.0,3.285599232588026,2.892836279947917,1.4457772812499998,2.865920213541667,1.2817174479166666,2.0453259898153786
11188,1,1.128,1.128,0.0,1.414,3795,1391,135.0,1.0,1.642799616294013,1.4457772812499998,1.4457772812499998,1.8123484713541664,1.2817174479166666,1.4462638771355416
11189,34,8.686,4.984,114.673,10.0,249,1392,126.87,6.499,55.855186953996444,11.132997752604167,6.388079760416667,12.817174479166667,8.329881694010416,8.433095094829797
11190,1,1.128,1.128,0.0,1.414,401,1392,135.0,1.0,1.642799616294013,1.4457772812499998,1.4457772812499998,1.8123484713541664,1.2817174479166666,1.4462638771355416
11191,6,4.134,1.848,77.067,4.472,3508,1396,63.435,2.0,9.856797697764078,5.298619929687501,2.36861384375,5.731840427083334,2.5634348958333333,3.5426085324013394
11192,5,3.144,2.025,71.565,3.606,3566,1395,56.31,2.0,8.213998081470065,4.02971965625,2.59547783203125,4.6218731171875,2.5634348958333333,3.2339443426774745
11193,12,5.947,2.569,31.475,7.211,3624,1396,33.69,3.883,19.713595395528156,7.622373662760417,3.2927321236979163,9.242464516927084,4.976908850260417,5.0100050327006205
11194,5,3.144,2.025,108.435,3.606,3664,1392,123.69,2.0,8.213998081470065,4.02971965625,2.59547783203125,4.6218731171875,2.5634348958333333,3.2339443426774745
11195,1,1.128,1.128,0.0,1.414,3673,1392,135.0,1.0,1.642799616294013,1.4457772812499998,1.4457772812499998,1.8123484713541664,1.2817174479166666,1.4462638771355416
11196,4,2.734,1.863,90.0,3.162,3755,1392,108.435,2.0,6.571198465176052,3.5042155026041666,2.38783960546875,4.0527905703125,2.5634348958333333,2.892527754271083
11197,2,2.257,1.128,0.0,2.236,3810,1392,153.435,1.0,3.285599232588026,2.892836279947917,1.4457772812499998,2.865920213541667,1.2817174479166666,2.0453259898153786
11198,1,1.128,1.128,0.0,1.414,154,1393,135.0,1.0,1.642799616294013,1.4457772812499998,1.4457772812499998,1.8123484713541664,1.2817174479166666,1.4462638771355416
11199,484,26.753,23.035,9.816,41.881,164,1420,33.311,33.57,795.1150142863023,34.289786884114584,29.524361412760417,53.67960843619792,43.0272547265625,31.817805296981913
11200,3,2.365,1.615,135.0,2.828,586,1393,135.0,2.0,4.928398848882039,3.0312617643229167,2.069973678385417,3.624696942708333,2.5634348958333333,2.5050025163503102
11201,1,1.128,1.128,0.0,1.414,3605,1393,135.0,1.0,1.642799616294013,1.4457772812499998,1.4457772812499998,1.8123484713541664,1.2817174479166666,1.4462638771355416
11202,3,2.365,1.615,135.0,2.828,3617,1393,135.0,2.0,4.928398848882039,3.0312617643229167,2.069973678385417,3.624696942708333,2.5634348958333333,2.5050025163503102
11203,3,2.365,1.615,135.0,2.828,188,1394,135.0,2.0,4.928398848882039,3.0312617643229167,2.069973678385417,3.624696942708333,2.5634348958333333,2.5050025163503102
11204,1,1.128,1.128,0.0,1.414,223,1394,135.0,1.0,1.642799616294013,1.4457772812499998,1.4457772812499998,1.8123484713541664,1.2817174479166666,1.4462638771355416
11205,2,2.257,1.128,90.0,2.236,259,1394,116.565,1.0,3.285599232588026,2.892836279947917,1.4457772812499998,2.865920213541667,1.2817174479166666,2.0453259898153786
11206,14,7.791,2.288,95.904,8.246,306,1394,104.036,3.0,22.999194628116182,9.98586063671875,2.932569520833333,10.569042075520834,3.8451523437499997,5.411423919108519
11207,26,9.363,3.536,126.333,11.314,396,1394,135.0,5.31,42.71279002364434,12.000720464843749,4.532152895833334,14.501351205729167,6.8059196484374995,7.374527731318484
11208,3,2.365,1.615,135.0,2.828,420,1394,135.0,2.0,4.928398848882039,3.0312617643229167,2.069973678385417,3.624696942708333,2.5634348958333333,2.5050025163503102
11209,2,2.596,0.981,45.0,2.828,676,1396,45.0,1.414,3.285599232588026,3.327338494791667,1.2573648164062499,3.624696942708333,1.8123484713541664,2.0453259898153786
11210,2,2.257,1.128,90.0,2.236,3593,1394,116.565,1.0,3.285599232588026,2.892836279947917,1.4457772812499998,2.865920213541667,1.2817174479166666,2.0453259898153786
11211,55,9.514,7.361,109.695,15.232,3692,1401,156.801,11.926,90.35397889617072,12.194259799479166,9.434722134114583,19.523120166666665,15.285762283854167,10.72577997755371
11212,2,2.257,1.128,0.0,2.236,256,1395,153.435,1.0,3.285599232588026,2.892836279947917,1.4457772812499998,2.865920213541667,1.2817174479166666,2.0453259898153786
11213,16,7.34,2.776,71.202,8.062,277,1402,60.255,3.714,26.28479386070421,9.407806067708332,3.558047635416666,10.333206065104166,4.7602986015625,5.785055508542166
11214,2,2.257,1.128,90.0,2.236,287,1395,116.565,1.0,3.285599232588026,2.892836279947917,1.4457772812499998,2.865920213541667,1.2817174479166666,2.0453259898153786
11215,3,2.365,1.615,45.0,2.828,3317,1397,45.0,2.0,4.928398848882039,3.0312617643229167,2.069973678385417,3.624696942708333,2.5634348958333333,2.5050025163503102
11216,1,1.128,1.128,0.0,1.414,3800,1395,135.0,1.0,1.642799616294013,1.4457772812499998,1.4457772812499998,1.8123484713541664,1.2817174479166666,1.4462638771355416
11217,1,1.128,1.128,0.0,1.414,223,1396,135.0,1.0,1.642799616294013,1.4457772812499998,1.4457772812499998,1.8123484713541664,1.2817174479166666,1.4462638771355416
11218,3,2.365,1.615,135.0,2.828,269,1396,135.0,2.0,4.928398848882039,3.0312617643229167,2.069973678385417,3.624696942708333,2.5634348958333333,2.5050025163503102
11219,3,3.213,1.189,118.155,3.606,409,1396,123.69,1.789,4.928398848882039,4.11815816015625,1.5239620455729168,4.6218731171875,2.2929925143229166,2.5050025163503102
11220,12,4.58,3.336,9.437,5.831,412,1400,30.964,4.0,19.713595395528156,5.8702659114583335,4.27580940625,7.473694438802084,5.126869791666667,5.0100050327006205
11221,3,2.365,1.615,45.0,2.828,3360,1398,45.0,2.0,4.928398848882039,3.0312617643229167,2.069973678385417,3.624696942708333,2.5634348958333333,2.5050025163503102
11222,9,3.9,2.938,119.872,5.0,3560,1396,126.87,4.0,14.785196546646118,4.998698046875,3.7656858619791667,6.408587239583333,5.126869791666667,4.338791631406624
11223,1,1.128,1.128,0.0,1.414,3767,1396,135.0,1.0,1.642799616294013,1.4457772812499998,1.4457772812499998,1.8123484713541664,1.2817174479166666,1.4462638771355416
11224,67,12.228,6.976,155.749,14.866,3768,1401,160.346,10.4,110.06757429169888,15.672840953125,8.941260916666666,19.054011580729167,13.329861458333333,11.838180035570401
11225,6,4.134,1.848,77.067,4.472,3778,1400,63.435,2.0,9.856797697764078,5.298619929687501,2.36861384375,5.731840427083334,2.5634348958333333,3.5426085324013394
11226,2,2.257,1.128,0.0,2.236,105,1397,153.435,1.0,3.285599232588026,2.892836279947917,1.4457772812499998,2.865920213541667,1.2817174479166666,2.0453259898153786
11227,1,1.128,1.128,0.0,1.414,125,1397,135.0,1.0,1.642799616294013,1.4457772812499998,1.4457772812499998,1.8123484713541664,1.2817174479166666,1.4462638771355416
11228,4,3.192,1.596,71.565,3.606,395,1400,56.31,2.0,6.571198465176052,4.09124209375,2.045621046875,4.6218731171875,2.5634348958333333,2.892527754271083
11229,1,1.128,1.128,0.0,1.414,602,1397,135.0,1.0,1.642799616294013,1.4457772812499998,1.4457772812499998,1.8123484713541664,1.2817174479166666,1.4462638771355416
11230,1,1.128,1.128,0.0,1.414,623,1397,135.0,1.0,1.642799616294013,1.4457772812499998,1.4457772812499998,1.8123484713541664,1.2817174479166666,1.4462638771355416
11231,1,1.128,1.128,0.0,1.414,682,1397,135.0,1.0,1.642799616294013,1.4457772812499998,1.4457772812499998,1.8123484713541664,1.2817174479166666,1.4462638771355416
11232,6,3.14,2.433,135.0,3.606,3708,1397,123.69,2.828,9.856797697764078,4.024592786458333,3.1184185507812496,4.6218731171875,3.624696942708333,3.5426085324013394
11233,97,15.34,8.051,8.596,21.19,3747,1406,19.29,12.259,159.35156278051926,19.661545651041667,10.319107173177084,27.15959272135417,15.712574194010417,14.24404726978226
11234,1,1.128,1.128,0.0,1.414,3791,1397,135.0,1.0,1.642799616294013,1.4457772812499998,1.4457772812499998,1.8123484713541664,1.2817174479166666,1.4462638771355416
11235,12,7.197,2.123,88.626,7.28,3838,1404,74.055,2.0,19.713595395528156,9.22452047265625,2.7210861419270835,9.330903020833334,2.5634348958333333,5.0100050327006205
11236,1,1.128,1.128,0.0,1.414,213,1398,135.0,1.0,1.642799616294013,1.4457772812499998,1.4457772812499998,1.8123484713541664,1.2817174479166666,1.4462638771355416
11237,1,1.128,1.128,0.0,1.414,309,1398,135.0,1.0,1.642799616294013,1.4457772812499998,1.4457772812499998,1.8123484713541664,1.2817174479166666,1.4462638771355416
11238,8,5.987,1.701,144.992,6.403,323,1398,141.34,2.496,13.142396930352104,7.673642360677083,2.18020137890625,8.206836819010416,3.19916675,4.090651979630757
11239,2,2.257,1.128,90.0,2.236,373,1398,116.565,1.0,3.285599232588026,2.892836279947917,1.4457772812499998,2.865920213541667,1.2817174479166666,2.0453259898153786
11240,9,4.387,2.612,139.486,5.0,518,1398,126.87,3.328,14.785196546646118,5.622894444010416,3.3478459739583335,6.408587239583333,4.265555666666667,4.338791631406624
11241,4,2.734,1.863,90.0,3.162,661,1398,108.435,2.0,6.571198465176052,3.5042155026041666,2.38783960546875,4.0527905703125,2.5634348958333333,2.892527754271083
11242,2,2.257,1.128,90.0,2.236,671,1398,116.565,1.0,3.285599232588026,2.892836279947917,1.4457772812499998,2.865920213541667,1.2817174479166666,2.0453259898153786
11243,7,3.926,2.27,161.565,4.472,3498,1399,153.435,2.846,11.499597314058091,5.032022700520834,2.9094986067708333,5.731840427083334,3.6477678567708334,3.826454549076717
11244,2,2.257,1.128,0.0,2.236,3548,1398,153.435,1.0,3.285599232588026,2.892836279947917,1.4457772812499998,2.865920213541667,1.2817174479166666,2.0453259898153786
11245,1,1.128,1.128,0.0,1.414,3593,1398,135.0,1.0,1.642799616294013,1.4457772812499998,1.4457772812499998,1.8123484713541664,1.2817174479166666,1.4462638771355416
11246,24,6.302,4.849,86.766,7.28,3614,1398,105.945,5.0,39.42719079105631,8.077383356770833,6.215047904947917,9.330903020833334,6.408587239583333,7.085217064802679
11247,32,9.091,4.482,171.255,10.44,3646,1399,163.301,6.0,52.56958772140842,11.652093319010415,5.7446576015625,13.381130156249998,7.690304687499999,8.181303959261514
11248,25,10.991,2.896,128.755,12.207,3682,1398,124.992,4.243,41.069990407350325,14.087356470052082,3.7118537291666667,15.64592488671875,5.438327131510417,7.231319385677708
11249,8,5.11,1.993,8.677,5.385,3686,1400,21.801,2.0,13.142396930352104,6.549576158854167,2.5544628736979167,6.90204845703125,2.5634348958333333,4.090651979630757
11250,1,1.128,1.128,0.0,1.414,211,1399,135.0,1.0,1.642799616294013,1.4457772812499998,1.4457772812499998,1.8123484713541664,1.2817174479166666,1.4462638771355416
11251,2,2.257,1.128,90.0,2.236,423,1399,116.565,1.0,3.285599232588026,2.892836279947917,1.4457772812499998,2.865920213541667,1.2817174479166666,2.0453259898153786
11252,3,3.385,1.128,0.0,3.162,575,1399,161.565,1.0,4.928398848882039,4.338613561197916,1.4457772812499998,4.0527905703125,1.2817174479166666,2.5050025163503102
11253,4,3.192,1.596,108.435,3.606,602,1399,123.69,2.0,6.571198465176052,4.09124209375,2.045621046875,4.6218731171875,2.5634348958333333,2.892527754271083
11254,1,1.128,1.128,0.0,1.414,644,1399,135.0,1.0,1.642799616294013,1.4457772812499998,1.4457772812499998,1.8123484713541664,1.2817174479166666,1.4462638771355416
11255,1,1.128,1.128,0.0,1.414,691,1399,135.0,1.0,1.642799616294013,1.4457772812499998,1.4457772812499998,1.8123484713541664,1.2817174479166666,1.4462638771355416
11256,2,2.257,1.128,90.0,2.236,3555,1399,116.565,1.0,3.285599232588026,2.892836279947917,1.4457772812499998,2.865920213541667,1.2817174479166666,2.0453259898153786
11257,1,1.128,1.128,0.0,1.414,3711,1399,135.0,1.0,1.642799616294013,1.4457772812499998,1.4457772812499998,1.8123484713541664,1.2817174479166666,1.4462638771355416
11258,3,3.385,1.128,0.0,3.162,3745,1399,161.565,1.0,4.928398848882039,4.338613561197916,1.4457772812499998,4.0527905703125,1.2817174479166666,2.5050025163503102
11259,1,1.128,1.128,0.0,1.414,3758,1399,135.0,1.0,1.642799616294013,1.4457772812499998,1.4457772812499998,1.8123484713541664,1.2817174479166666,1.4462638771355416
11260,1,1.128,1.128,0.0,1.414,3808,1399,135.0,1.0,1.642799616294013,1.4457772812499998,1.4457772812499998,1.8123484713541664,1.2817174479166666,1.4462638771355416
11261,2,2.257,1.128,0.0,2.236,3830,1399,153.435,1.0,3.285599232588026,2.892836279947917,1.4457772812499998,2.865920213541667,1.2817174479166666,2.0453259898153786
11262,15,6.224,3.068,58.476,7.211,330,1406,56.31,4.0,24.641994244410196,7.977409395833334,3.9323091302083335,9.242464516927084,5.126869791666667,5.601355910367322
11263,2,2.596,0.981,135.0,2.828,343,1400,135.0,1.414,3.285599232588026,3.327338494791667,1.2573648164062499,3.624696942708333,1.8123484713541664,2.0453259898153786
11264,3,2.365,1.615,135.0,2.828,454,1400,135.0,2.0,4.928398848882039,3.0312617643229167,2.069973678385417,3.624696942708333,2.5634348958333333,2.5050025163503102
11265,22,6.702,4.18,124.748,8.062,3550,1400,119.745,5.547,36.141591558468285,8.590070335937499,5.357578932291666,10.333206065104166,7.10968668359375,6.78357888217988
11266,1,1.128,1.128,0.0,1.414,3627,1400,135.0,1.0,1.642799616294013,1.4457772812499998,1.4457772812499998,1.8123484713541664,1.2817174479166666,1.4462638771355416
11267,7,3.507,2.542,149.527,4.243,3834,1400,135.0,3.0,11.499597314058091,4.49498308984375,3.2581257526041663,5.438327131510417,3.8451523437499997,3.826454549076717
11268,1,1.128,1.128,0.0,1.414,215,1401,135.0,1.0,1.642799616294013,1.4457772812499998,1.4457772812499998,1.8123484713541664,1.2817174479166666,1.4462638771355416
11269,12,6.962,2.195,61.187,8.602,245,1408,54.462,3.578,19.713595395528156,8.923316872395834,2.813369798177083,11.025333486979166,4.585985028645833,5.0100050327006205
11270,12,4.775,3.2,129.923,5.831,265,1401,120.964,4.0,19.713595395528156,6.120200813802084,4.101495833333334,7.473694438802084,5.126869791666667,5.0100050327006205
11271,1,1.128,1.128,0.0,1.414,339,1401,135.0,1.0,1.642799616294013,1.4457772812499998,1.4457772812499998,1.8123484713541664,1.2817174479166666,1.4462638771355416
11272,1,1.128,1.128,0.0,1.414,359,1401,135.0,1.0,1.642799616294013,1.4457772812499998,1.4457772812499998,1.8123484713541664,1.2817174479166666,1.4462638771355416
11273,2,2.257,1.128,0.0,2.236,3494,1401,153.435,1.0,3.285599232588026,2.892836279947917,1.4457772812499998,2.865920213541667,1.2817174479166666,2.0453259898153786
11274,16,6.818,2.988,151.287,8.602,219,1402,144.462,4.243,26.28479386070421,8.738749559895833,3.829771734375,11.025333486979166,5.438327131510417,5.785055508542166
11275,4,2.257,2.257,0.0,2.828,242,1402,135.0,2.0,6.571198465176052,2.892836279947917,2.892836279947917,3.624696942708333,2.5634348958333333,2.892527754271083
11276,10,4.387,2.902,161.112,5.385,251,1405,21.801,3.795,16.42799616294013,5.622894444010416,3.719544033854167,6.90204845703125,4.86411771484375,4.573487949374228
11277,29,7.952,4.643,156.492,10.296,311,1403,150.945,6.0,47.64118887252638,10.192217145833332,5.951014110677083,13.19656284375,7.690304687499999,7.788369332980218
11278,2,2.257,1.128,0.0,2.236,376,1402,153.435,1.0,3.285599232588026,2.892836279947917,1.4457772812499998,2.865920213541667,1.2817174479166666,2.0453259898153786
11279,2,2.596,0.981,135.0,2.828,422,1402,135.0,1.414,3.285599232588026,3.327338494791667,1.2573648164062499,3.624696942708333,1.8123484713541664,2.0453259898153786
11280,3,2.365,1.615,45.0,2.828,527,1404,45.0,2.0,4.928398848882039,3.0312617643229167,2.069973678385417,3.624696942708333,2.5634348958333333,2.5050025163503102
11281,31,11.285,3.497,156.312,13.0,1972,1402,157.38,5.267,50.926788105114404,14.464181399739584,4.482165915364583,16.662326822916665,6.750805798177083,8.052456474363645
11282,2,2.257,1.128,90.0,2.236,3445,1402,116.565,1.0,3.285599232588026,2.892836279947917,1.4457772812499998,2.865920213541667,1.2817174479166666,2.0453259898153786
11283,1,1.128,1.128,0.0,1.414,3571,1402,135.0,1.0,1.642799616294013,1.4457772812499998,1.4457772812499998,1.8123484713541664,1.2817174479166666,1.4462638771355416
11284,9,4.488,2.553,103.283,5.0,3646,1402,126.87,3.0,14.785196546646118,5.752347906250001,3.2722246445312497,6.408587239583333,3.8451523437499997,4.338791631406624
11285,1,1.128,1.128,0.0,1.414,3659,1402,135.0,1.0,1.642799616294013,1.4457772812499998,1.4457772812499998,1.8123484713541664,1.2817174479166666,1.4462638771355416
11286,14,6.422,2.775,119.11,7.211,3678,1402,123.69,3.9,22.999194628116182,8.231189450520834,3.55676591796875,9.242464516927084,4.998698046875,5.411423919108519
11287,3,2.365,1.615,45.0,2.828,3786,1404,45.0,2.0,4.928398848882039,3.0312617643229167,2.069973678385417,3.624696942708333,2.5634348958333333,2.5050025163503102
11288,61,13.52,5.745,158.629,15.264,3796,1404,148.392,8.356,100.2107765939348,17.328819895833334,7.36346673828125,19.564135125,10.710030994791666,11.295681977673365
11289,10,5.961,2.136,122.825,6.403,342,1403,128.66,3.051,16.42799616294013,7.64031770703125,2.73774846875,8.206836819010416,3.91051993359375,4.573487949374228
11290,1,1.128,1.128,0.0,1.414,459,1403,135.0,1.0,1.642799616294013,1.4457772812499998,1.4457772812499998,1.8123484713541664,1.2817174479166666,1.4462638771355416
11291,1,1.128,1.128,0.0,1.414,3710,1403,135.0,1.0,1.642799616294013,1.4457772812499998,1.4457772812499998,1.8123484713541664,1.2817174479166666,1.4462638771355416
11292,1,1.128,1.128,0.0,1.414,3821,1403,135.0,1.0,1.642799616294013,1.4457772812499998,1.4457772812499998,1.8123484713541664,1.2817174479166666,1.4462638771355416
11293,9,4.03,2.843,125.783,5.657,227,1404,135.0,4.0,14.785196546646118,5.165321315104167,3.643922704427083,7.250675602864583,5.126869791666667,4.338791631406624
11294,6,3.14,2.433,135.0,3.606,232,1404,123.69,2.828,9.856797697764078,4.024592786458333,3.1184185507812496,4.6218731171875,3.624696942708333,3.5426085324013394
11295,1,1.128,1.128,0.0,1.414,235,1404,135.0,1.0,1.642799616294013,1.4457772812499998,1.4457772812499998,1.8123484713541664,1.2817174479166666,1.4462638771355416
11296,3,2.365,1.615,135.0,2.828,275,1404,135.0,2.0,4.928398848882039,3.0312617643229167,2.069973678385417,3.624696942708333,2.5634348958333333,2.5050025163503102
11297,3,3.385,1.128,90.0,3.162,305,1404,108.435,1.0,4.928398848882039,4.338613561197916,1.4457772812499998,4.0527905703125,1.2817174479166666,2.5050025163503102
11298,1,1.128,1.128,0.0,1.414,383,1404,135.0,1.0,1.642799616294013,1.4457772812499998,1.4457772812499998,1.8123484713541664,1.2817174479166666,1.4462638771355416
11299,4,2.257,2.257,0.0,2.828,408,1404,135.0,2.0,6.571198465176052,2.892836279947917,2.892836279947917,3.624696942708333,2.5634348958333333,2.892527754271083
11300,7,3.878,2.298,105.233,4.472,486,1404,116.565,3.0,11.499597314058091,4.970500263020833,2.9453866953125,5.731840427083334,3.8451523437499997,3.826454549076717
11301,19,6.248,3.872,148.957,8.544,1967,1406,159.444,6.0,31.21319270958625,8.008170614583333,4.962809958333333,10.950993875,7.690304687499999,6.304118086127151
11302,2,2.257,1.128,90.0,2.236,3601,1404,116.565,1.0,3.285599232588026,2.892836279947917,1.4457772812499998,2.865920213541667,1.2817174479166666,2.0453259898153786
11303,34,9.352,4.629,12.777,10.44,3652,1408,16.699,5.942,55.855186953996444,11.986621572916667,5.933070066406249,13.381130156249998,7.615965075520833,8.433095094829797
11304,97,16.57,7.453,130.282,21.471,3733,1404,117.759,11.451,159.35156278051926,21.238058111979168,9.552640139322916,27.51975532421875,14.67694649609375,14.24404726978226
11305,1,1.128,1.128,0.0,1.414,3741,1404,135.0,1.0,1.642799616294013,1.4457772812499998,1.4457772812499998,1.8123484713541664,1.2817174479166666,1.4462638771355416
11306,137,16.082,10.847,151.957,21.26,3824,1405,138.814,16.553,225.0635474322798,20.612579997395834,13.902789157552082,27.249312942708336,21.216268915364584,16.928084673585392
11307,2,2.257,1.128,0.0,2.236,202,1405,153.435,1.0,3.285599232588026,2.892836279947917,1.4457772812499998,2.865920213541667,1.2817174479166666,2.0453259898153786
11308,1,1.128,1.128,0.0,1.414,208,1405,135.0,1.0,1.642799616294013,1.4457772812499998,1.4457772812499998,1.8123484713541664,1.2817174479166666,1.4462638771355416
11309,9,3.919,2.924,159.699,4.472,300,1405,153.435,3.0,14.785196546646118,5.023050678385417,3.747741817708333,5.731840427083334,3.8451523437499997,4.338791631406624
11310,1,1.128,1.128,0.0,1.414,477,1405,135.0,1.0,1.642799616294013,1.4457772812499998,1.4457772812499998,1.8123484713541664,1.2817174479166666,1.4462638771355416
11311,1,1.128,1.128,0.0,1.414,3376,1405,135.0,1.0,1.642799616294013,1.4457772812499998,1.4457772812499998,1.8123484713541664,1.2817174479166666,1.4462638771355416
11312,1,1.128,1.128,0.0,1.414,3612,1405,135.0,1.0,1.642799616294013,1.4457772812499998,1.4457772812499998,1.8123484713541664,1.2817174479166666,1.4462638771355416
11313,1,1.128,1.128,0.0,1.414,422,1406,135.0,1.0,1.642799616294013,1.4457772812499998,1.4457772812499998,1.8123484713541664,1.2817174479166666,1.4462638771355416
11314,48,11.649,5.246,133.731,14.213,3529,1407,140.711,7.905,78.85438158211262,14.930726550781248,6.723889731770834,18.21705008723958,10.13197642578125,10.020010065401241
11315,2,2.257,1.128,90.0,2.236,3543,1406,116.565,1.0,3.285599232588026,2.892836279947917,1.4457772812499998,2.865920213541667,1.2817174479166666,2.0453259898153786
11316,2,2.596,0.981,45.0,2.828,3594,1408,45.0,1.414,3.285599232588026,3.327338494791667,1.2573648164062499,3.624696942708333,1.8123484713541664,2.0453259898153786
11317,4,2.257,2.257,0.0,2.828,3616,1406,135.0,2.0,6.571198465176052,2.892836279947917,2.892836279947917,3.624696942708333,2.5634348958333333,2.892527754271083
11318,12,5.993,2.549,105.051,6.708,3628,1406,116.565,3.0,19.713595395528156,7.681332665364583,3.2670977747395833,8.597760640625,3.8451523437499997,5.0100050327006205
11319,1,1.128,1.128,0.0,1.414,3631,1406,135.0,1.0,1.642799616294013,1.4457772812499998,1.4457772812499998,1.8123484713541664,1.2817174479166666,1.4462638771355416
11320,30,11.034,3.462,121.853,12.207,3637,1406,124.992,5.367,49.28398848882039,14.142470320312501,4.4373058046875,15.64592488671875,6.87897754296875,7.921513496120161
11321,1,1.128,1.128,0.0,1.414,3669,1406,135.0,1.0,1.642799616294013,1.4457772812499998,1.4457772812499998,1.8123484713541664,1.2817174479166666,1.4462638771355416
11322,7,3.926,2.27,18.435,4.472,3737,1409,26.565,2.846,11.499597314058091,5.032022700520834,2.9094986067708333,5.731840427083334,3.6477678567708334,3.826454549076717
11323,2,2.257,1.128,90.0,2.236,3787,1406,116.565,1.0,3.285599232588026,2.892836279947917,1.4457772812499998,2.865920213541667,1.2817174479166666,2.0453259898153786
11324,18,5.202,4.405,16.764,6.708,328,1412,26.565,5.0,29.570393093292235,6.6674941640625,5.6459653580729166,8.597760640625,6.408587239583333,6.135977969446135
11325,2,2.596,0.981,135.0,2.828,374,1407,135.0,1.414,3.285599232588026,3.327338494791667,1.2573648164062499,3.624696942708333,1.8123484713541664,2.0453259898153786
11326,1,1.128,1.128,0.0,1.414,395,1407,135.0,1.0,1.642799616294013,1.4457772812499998,1.4457772812499998,1.8123484713541664,1.2817174479166666,1.4462638771355416
11327,4,2.734,1.863,0.0,3.162,675,1407,161.565,2.0,6.571198465176052,3.5042155026041666,2.38783960546875,4.0527905703125,2.5634348958333333,2.892527754271083
11328,2,2.257,1.128,90.0,2.236,3351,1407,116.565,1.0,3.285599232588026,2.892836279947917,1.4457772812499998,2.865920213541667,1.2817174479166666,2.0453259898153786
11329,1,1.128,1.128,0.0,1.414,3465,1407,135.0,1.0,1.642799616294013,1.4457772812499998,1.4457772812499998,1.8123484713541664,1.2817174479166666,1.4462638771355416
11330,1,1.128,1.128,0.0,1.414,3493,1407,135.0,1.0,1.642799616294013,1.4457772812499998,1.4457772812499998,1.8123484713541664,1.2817174479166666,1.4462638771355416
11331,6,3.489,2.19,135.0,4.243,3550,1407,135.0,2.828,9.856797697764078,4.47191217578125,2.8069612109374997,5.438327131510417,3.624696942708333,3.5426085324013394
11332,3,3.385,1.128,0.0,3.162,3675,1407,161.565,1.0,4.928398848882039,4.338613561197916,1.4457772812499998,4.0527905703125,1.2817174479166666,2.5050025163503102
11333,9,4.488,2.553,103.283,5.0,3721,1407,126.87,3.0,14.785196546646118,5.752347906250001,3.2722246445312497,6.408587239583333,3.8451523437499997,4.338791631406624
11334,5,3.144,2.025,71.565,3.606,3747,1410,56.31,2.0,8.213998081470065,4.02971965625,2.59547783203125,4.6218731171875,2.5634348958333333,3.2339443426774745
11335,10,4.456,2.857,108.222,5.0,222,1408,126.87,3.0,16.42799616294013,5.7113329479166675,3.661866748697917,6.408587239583333,3.8451523437499997,4.573487949374228
11336,1,1.128,1.128,0.0,1.414,311,1408,135.0,1.0,1.642799616294013,1.4457772812499998,1.4457772812499998,1.8123484713541664,1.2817174479166666,1.4462638771355416
11337,11,4.842,2.893,16.35,6.325,360,1410,18.435,3.881,18.070795779234142,6.2060758828125,3.7080085768229165,8.106862858072917,4.974345415364583,4.796714628303253
11338,1,1.128,1.128,0.0,1.414,377,1408,135.0,1.0,1.642799616294013,1.4457772812499998,1.4457772812499998,1.8123484713541664,1.2817174479166666,1.4462638771355416
11339,1,1.128,1.128,0.0,1.414,422,1408,135.0,1.0,1.642799616294013,1.4457772812499998,1.4457772812499998,1.8123484713541664,1.2817174479166666,1.4462638771355416
11340,6,3.489,2.19,45.0,4.243,3699,1411,45.0,2.828,9.856797697764078,4.47191217578125,2.8069612109374997,5.438327131510417,3.624696942708333,3.5426085324013394
11341,102,19.444,6.679,44.427,25.495,234,1428,48.18,10.755,167.56556086198933,24.921714057291666,8.560590834635416,32.677386334635415,13.78487115234375,14.606549169305087
11342,6,3.718,2.055,0.0,4.123,273,1409,165.964,2.0,9.856797697764078,4.765425471354167,2.63392935546875,5.284521037760417,2.5634348958333333,3.5426085324013394
11343,1,1.128,1.128,0.0,1.414,308,1409,135.0,1.0,1.642799616294013,1.4457772812499998,1.4457772812499998,1.8123484713541664,1.2817174479166666,1.4462638771355416
11344,1,1.128,1.128,0.0,1.414,338,1409,135.0,1.0,1.642799616294013,1.4457772812499998,1.4457772812499998,1.8123484713541664,1.2817174479166666,1.4462638771355416
11345,1,1.128,1.128,0.0,1.414,622,1409,135.0,1.0,1.642799616294013,1.4457772812499998,1.4457772812499998,1.8123484713541664,1.2817174479166666,1.4462638771355416
11346,1,1.128,1.128,0.0,1.414,3634,1409,135.0,1.0,1.642799616294013,1.4457772812499998,1.4457772812499998,1.8123484713541664,1.2817174479166666,1.4462638771355416
11347,1,1.128,1.128,0.0,1.414,3714,1409,135.0,1.0,1.642799616294013,1.4457772812499998,1.4457772812499998,1.8123484713541664,1.2817174479166666,1.4462638771355416
11348,86,12.762,8.58,41.415,19.723,3762,1426,59.534,12.728,141.2807670012851,16.3572780703125,10.997135703125,25.279313225260413,16.31369967708333,13.412099440371483
11349,54,13.555,5.072,157.496,15.652,3787,1409,153.435,6.261,88.7111792798767,17.373680006510416,6.500870895833334,20.061441494791666,8.02483294140625,10.62782559720402
11350,1,1.128,1.128,0.0,1.414,117,1410,135.0,1.0,1.642799616294013,1.4457772812499998,1.4457772812499998,1.8123484713541664,1.2817174479166666,1.4462638771355416
11351,1,1.128,1.128,0.0,1.414,205,1410,135.0,1.0,1.642799616294013,1.4457772812499998,1.4457772812499998,1.8123484713541664,1.2817174479166666,1.4462638771355416
11352,8,4.605,2.212,67.903,5.831,211,1415,59.036,3.0,13.142396930352104,5.902308847656251,2.8351589947916667,7.473694438802084,3.8451523437499997,4.090651979630757
11353,19,6.53,3.705,135.79,8.602,230,1411,144.462,5.547,31.21319270958625,8.369614934895834,4.74876314453125,11.025333486979166,7.10968668359375,6.304118086127151
11354,3,2.365,1.615,135.0,2.828,237,1410,135.0,2.0,4.928398848882039,3.0312617643229167,2.069973678385417,3.624696942708333,2.5634348958333333,2.5050025163503102
11355,12,4.424,3.453,122.067,5.0,252,1410,126.87,4.0,19.713595395528156,5.670317989583333,4.4257703476562495,6.408587239583333,5.126869791666667,5.0100050327006205
11356,26,8.803,3.76,158.534,9.434,312,1411,147.995,5.06,42.71279002364434,11.282958694010418,4.819257604166666,12.091722403645832,6.485490286458333,7.374527731318484
11357,1,1.128,1.128,0.0,1.414,375,1410,135.0,1.0,1.642799616294013,1.4457772812499998,1.4457772812499998,1.8123484713541664,1.2817174479166666,1.4462638771355416
11358,30,9.84,3.882,30.786,10.296,384,1416,29.055,5.367,49.28398848882039,12.612099687499999,4.9756271328125,13.19656284375,6.87897754296875,7.921513496120161
11359,3,2.365,1.615,45.0,2.828,548,1412,45.0,2.0,4.928398848882039,3.0312617643229167,2.069973678385417,3.624696942708333,2.5634348958333333,2.5050025163503102
11360,1,1.128,1.128,0.0,1.414,679,1410,135.0,1.0,1.642799616294013,1.4457772812499998,1.4457772812499998,1.8123484713541664,1.2817174479166666,1.4462638771355416
11361,2,2.257,1.128,0.0,2.236,3524,1410,153.435,1.0,3.285599232588026,2.892836279947917,1.4457772812499998,2.865920213541667,1.2817174479166666,2.0453259898153786
11362,4,2.257,2.257,0.0,2.828,3529,1410,135.0,2.0,6.571198465176052,2.892836279947917,2.892836279947917,3.624696942708333,2.5634348958333333,2.892527754271083
11363,3,2.365,1.615,45.0,2.828,3596,1412,45.0,2.0,4.928398848882039,3.0312617643229167,2.069973678385417,3.624696942708333,2.5634348958333333,2.5050025163503102
11364,12,4.729,3.231,45.0,5.657,3646,1414,45.0,4.0,19.713595395528156,6.061241811197917,4.141229074218749,7.250675602864583,5.126869791666667,5.0100050327006205
11365,21,7.04,3.798,169.716,7.616,3671,1411,156.801,5.0,34.49879194217427,9.023290833333332,4.8679628671875,9.761560083333332,6.408587239583333,6.627613691853932
11366,1,1.128,1.128,0.0,1.414,3707,1410,135.0,1.0,1.642799616294013,1.4457772812499998,1.4457772812499998,1.8123484713541664,1.2817174479166666,1.4462638771355416
11367,2,2.257,1.128,90.0,2.236,3725,1410,116.565,1.0,3.285599232588026,2.892836279947917,1.4457772812499998,2.865920213541667,1.2817174479166666,2.0453259898153786
11368,4,4.514,1.128,90.0,4.123,3761,1410,104.036,1.0,6.571198465176052,5.785672559895834,1.4457772812499998,5.284521037760417,1.2817174479166666,2.892527754271083
11369,1,1.128,1.128,0.0,1.414,3793,1410,135.0,1.0,1.642799616294013,1.4457772812499998,1.4457772812499998,1.8123484713541664,1.2817174479166666,1.4462638771355416
11370,2,2.257,1.128,0.0,2.236,3816,1410,153.435,1.0,3.285599232588026,2.892836279947917,1.4457772812499998,2.865920213541667,1.2817174479166666,2.0453259898153786
11371,3,2.365,1.615,135.0,2.828,199,1411,135.0,2.0,4.928398848882039,3.0312617643229167,2.069973678385417,3.624696942708333,2.5634348958333333,2.5050025163503102
11372,2,2.257,1.128,90.0,2.236,203,1411,116.565,1.0,3.285599232588026,2.892836279947917,1.4457772812499998,2.865920213541667,1.2817174479166666,2.0453259898153786
11373,10,4.434,2.871,22.741,5.0,290,1415,36.87,3.479,16.42799616294013,5.6831351640625005,3.67981079296875,6.408587239583333,4.459095001302083,4.573487949374228
11374,1,1.128,1.128,0.0,1.414,300,1411,135.0,1.0,1.642799616294013,1.4457772812499998,1.4457772812499998,1.8123484713541664,1.2817174479166666,1.4462638771355416
11375,3,3.969,0.963,45.0,4.243,336,1414,45.0,1.414,4.928398848882039,5.08713655078125,1.23429390234375,5.438327131510417,1.8123484713541664,2.5050025163503102
11376,1,1.128,1.128,0.0,1.414,3336,1411,135.0,1.0,1.642799616294013,1.4457772812499998,1.4457772812499998,1.8123484713541664,1.2817174479166666,1.4462638771355416
11377,1,1.128,1.128,0.0,1.414,3393,1411,135.0,1.0,1.642799616294013,1.4457772812499998,1.4457772812499998,1.8123484713541664,1.2817174479166666,1.4462638771355416
11378,1,1.128,1.128,0.0,1.414,3652,1411,135.0,1.0,1.642799616294013,1.4457772812499998,1.4457772812499998,1.8123484713541664,1.2817174479166666,1.4462638771355416
11379,1,1.128,1.128,0.0,1.414,3655,1411,135.0,1.0,1.642799616294013,1.4457772812499998,1.4457772812499998,1.8123484713541664,1.2817174479166666,1.4462638771355416
11380,4,3.192,1.596,161.565,3.606,3692,1411,146.31,2.0,6.571198465176052,4.09124209375,2.045621046875,4.6218731171875,2.5634348958333333,2.892527754271083
11381,1,1.128,1.128,0.0,1.414,3811,1411,135.0,1.0,1.642799616294013,1.4457772812499998,1.4457772812499998,1.8123484713541664,1.2817174479166666,1.4462638771355416
11382,68,12.17,7.114,70.562,17.464,201,1428,66.371,11.0,111.71037390799289,15.598501341145832,9.118137924479166,22.383913510416665,14.098891927083333,11.926197455890321
11383,1,1.128,1.128,0.0,1.414,261,1412,135.0,1.0,1.642799616294013,1.4457772812499998,1.4457772812499998,1.8123484713541664,1.2817174479166666,1.4462638771355416
11384,4,2.257,2.257,0.0,2.828,404,1412,135.0,2.0,6.571198465176052,2.892836279947917,2.892836279947917,3.624696942708333,2.5634348958333333,2.892527754271083
11385,1,1.128,1.128,0.0,1.414,447,1412,135.0,1.0,1.642799616294013,1.4457772812499998,1.4457772812499998,1.8123484713541664,1.2817174479166666,1.4462638771355416
11386,3,2.365,1.615,135.0,2.828,518,1412,135.0,2.0,4.928398848882039,3.0312617643229167,2.069973678385417,3.624696942708333,2.5634348958333333,2.5050025163503102
11387,4,3.969,1.283,162.391,4.472,3520,1412,153.435,1.897,6.571198465176052,5.08713655078125,1.644443485677083,5.731840427083334,2.4314179986979165,2.892527754271083
11388,1,1.128,1.128,0.0,1.414,3549,1412,135.0,1.0,1.642799616294013,1.4457772812499998,1.4457772812499998,1.8123484713541664,1.2817174479166666,1.4462638771355416
11389,12,4.395,3.477,18.608,5.657,3620,1416,45.0,4.0,19.713595395528156,5.633148183593749,4.45653156640625,7.250675602864583,5.126869791666667,5.0100050327006205
11390,4,4.514,1.128,90.0,4.123,3660,1412,104.036,1.0,6.571198465176052,5.785672559895834,1.4457772812499998,5.284521037760417,1.2817174479166666,2.892527754271083
11391,33,7.335,5.728,52.523,8.602,3663,1419,54.462,6.0,54.21238733770243,9.40139748046875,7.341677541666666,11.025333486979166,7.690304687499999,8.308153445630097
11392,7,4.285,2.08,127.733,5.0,3701,1412,126.87,2.828,11.499597314058091,5.4921592643229165,2.665972291666667,6.408587239583333,3.624696942708333,3.826454549076717
11393,5,3.144,2.025,161.565,3.606,3722,1412,146.31,2.0,8.213998081470065,4.02971965625,2.59547783203125,4.6218731171875,2.5634348958333333,3.2339443426774745
11394,26,7.666,4.318,61.637,9.22,3752,1419,49.399,5.814,42.71279002364434,9.825645955729167,5.534455940104166,11.817434869791667,7.4519052421875,7.374527731318484
11395,109,12.904,10.755,109.055,20.809,3800,1412,125.218,16.977,179.06515817604742,16.539281947916667,13.78487115234375,26.671258373697917,21.75971711328125,15.099438170060402
11396,5,3.144,2.025,108.435,3.606,257,1413,123.69,2.0,8.213998081470065,4.02971965625,2.59547783203125,4.6218731171875,2.5634348958333333,3.2339443426774745
11397,1,1.128,1.128,0.0,1.414,350,1413,135.0,1.0,1.642799616294013,1.4457772812499998,1.4457772812499998,1.8123484713541664,1.2817174479166666,1.4462638771355416
11398,1,1.128,1.128,0.0,1.414,361,1413,135.0,1.0,1.642799616294013,1.4457772812499998,1.4457772812499998,1.8123484713541664,1.2817174479166666,1.4462638771355416
11399,1,1.128,1.128,0.0,1.414,642,1413,135.0,1.0,1.642799616294013,1.4457772812499998,1.4457772812499998,1.8123484713541664,1.2817174479166666,1.4462638771355416
11400,12,4.657,3.281,92.776,5.831,3592,1418,59.036,4.0,19.713595395528156,5.9689581549479165,4.205314946614584,7.473694438802084,5.126869791666667,5.0100050327006205
11401,2,2.257,1.128,0.0,2.236,3596,1413,153.435,1.0,3.285599232588026,2.892836279947917,1.4457772812499998,2.865920213541667,1.2817174479166666,2.0453259898153786
11402,1,1.128,1.128,0.0,1.414,3606,1413,135.0,1.0,1.642799616294013,1.4457772812499998,1.4457772812499998,1.8123484713541664,1.2817174479166666,1.4462638771355416
11403,5,3.144,2.025,71.565,3.606,3630,1416,56.31,2.0,8.213998081470065,4.02971965625,2.59547783203125,4.6218731171875,2.5634348958333333,3.2339443426774745
11404,309,23.803,16.529,145.653,36.125,3776,1413,131.634,27.516,507.62508143485,30.508720412760418,21.185507696614582,46.30204280598958,35.267737296875,25.422998908722448
11405,1,1.128,1.128,0.0,1.414,3784,1413,135.0,1.0,1.642799616294013,1.4457772812499998,1.4457772812499998,1.8123484713541664,1.2817174479166666,1.4462638771355416
11406,9,3.642,3.146,153.435,4.472,272,1415,153.435,3.536,14.785196546646118,4.6680149453125,4.032283091145833,5.731840427083334,4.532152895833334,4.338791631406624
11407,16,9.19,2.217,60.111,10.817,280,1423,56.31,3.578,26.28479386070421,11.778983346354165,2.8415675820312503,13.864337634114584,4.585985028645833,5.785055508542166
11408,5,3.144,2.025,161.565,3.606,411,1414,146.31,2.0,8.213998081470065,4.02971965625,2.59547783203125,4.6218731171875,2.5634348958333333,3.2339443426774745
11409,2,2.257,1.128,0.0,2.236,618,1414,153.435,1.0,3.285599232588026,2.892836279947917,1.4457772812499998,2.865920213541667,1.2817174479166666,2.0453259898153786
11410,8,3.254,3.13,90.0,4.243,3504,1414,135.0,3.0,13.142396930352104,4.170708575520833,4.011775611979166,5.438327131510417,3.8451523437499997,4.090651979630757
11411,1,1.128,1.128,0.0,1.414,3509,1414,135.0,1.0,1.642799616294013,1.4457772812499998,1.4457772812499998,1.8123484713541664,1.2817174479166666,1.4462638771355416
11412,10,5.592,2.277,48.563,6.403,3541,1418,38.66,3.051,16.42799616294013,7.167363968749999,2.9184706289062503,8.206836819010416,3.91051993359375,4.573487949374228
11413,2,2.257,1.128,0.0,2.236,3601,1414,153.435,1.0,3.285599232588026,2.892836279947917,1.4457772812499998,2.865920213541667,1.2817174479166666,2.0453259898153786
11414,1,1.128,1.128,0.0,1.414,3713,1414,135.0,1.0,1.642799616294013,1.4457772812499998,1.4457772812499998,1.8123484713541664,1.2817174479166666,1.4462638771355416
11415,136,21.036,8.232,78.135,25.632,3711,1438,69.444,13.086,223.42074781598578,26.962208234375,10.55109803125,32.852981625,16.7725545234375,16.866190189659594
11416,1,1.128,1.128,0.0,1.414,3817,1414,135.0,1.0,1.642799616294013,1.4457772812499998,1.4457772812499998,1.8123484713541664,1.2817174479166666,1.4462638771355416
11417,6,3.385,2.257,90.0,3.606,196,1415,123.69,2.0,9.856797697764078,4.338613561197916,2.892836279947917,4.6218731171875,2.5634348958333333,3.5426085324013394
11418,1,1.128,1.128,0.0,1.414,303,1415,135.0,1.0,1.642799616294013,1.4457772812499998,1.4457772812499998,1.8123484713541664,1.2817174479166666,1.4462638771355416
11419,1,1.128,1.128,0.0,1.414,314,1415,135.0,1.0,1.642799616294013,1.4457772812499998,1.4457772812499998,1.8123484713541664,1.2817174479166666,1.4462638771355416
11420,12,4.84,3.157,39.311,6.403,443,1420,51.34,4.366,19.713595395528156,6.203512447916666,4.046381983072917,8.206836819010416,5.595978377604166,5.0100050327006205
11421,1,1.128,1.128,0.0,1.414,592,1415,135.0,1.0,1.642799616294013,1.4457772812499998,1.4457772812499998,1.8123484713541664,1.2817174479166666,1.4462638771355416
11422,2,2.257,1.128,90.0,2.236,671,1415,116.565,1.0,3.285599232588026,2.892836279947917,1.4457772812499998,2.865920213541667,1.2817174479166666,2.0453259898153786
11423,1,1.128,1.128,0.0,1.414,3371,1415,135.0,1.0,1.642799616294013,1.4457772812499998,1.4457772812499998,1.8123484713541664,1.2817174479166666,1.4462638771355416
11424,1,1.128,1.128,0.0,1.414,3514,1415,135.0,1.0,1.642799616294013,1.4457772812499998,1.4457772812499998,1.8123484713541664,1.2817174479166666,1.4462638771355416
11425,5,3.144,2.025,71.565,3.606,3548,1418,56.31,2.0,8.213998081470065,4.02971965625,2.59547783203125,4.6218731171875,2.5634348958333333,3.2339443426774745
11426,18,7.459,3.072,135.927,8.062,3573,1415,119.745,4.243,29.570393093292235,9.560330444010416,3.937436,10.333206065104166,5.438327131510417,6.135977969446135
11427,2,2.257,1.128,90.0,2.236,3645,1415,116.565,1.0,3.285599232588026,2.892836279947917,1.4457772812499998,2.865920213541667,1.2817174479166666,2.0453259898153786
11428,1,1.128,1.128,0.0,1.414,3819,1415,135.0,1.0,1.642799616294013,1.4457772812499998,1.4457772812499998,1.8123484713541664,1.2817174479166666,1.4462638771355416
11429,1,1.128,1.128,0.0,1.414,139,1416,135.0,1.0,1.642799616294013,1.4457772812499998,1.4457772812499998,1.8123484713541664,1.2817174479166666,1.4462638771355416
11430,111,16.909,8.358,115.982,20.125,174,1416,116.565,12.075,182.35075740863545,21.672560326822914,10.7125944296875,25.794563639322917,15.47673818359375,15.23733544475842
11431,1,1.128,1.128,0.0,1.414,224,1416,135.0,1.0,1.642799616294013,1.4457772812499998,1.4457772812499998,1.8123484713541664,1.2817174479166666,1.4462638771355416
11432,3,2.365,1.615,135.0,2.828,3498,1416,135.0,2.0,4.928398848882039,3.0312617643229167,2.069973678385417,3.624696942708333,2.5634348958333333,2.5050025163503102
11433,1,1.128,1.128,0.0,1.414,3609,1416,135.0,1.0,1.642799616294013,1.4457772812499998,1.4457772812499998,1.8123484713541664,1.2817174479166666,1.4462638771355416
11434,27,8.554,4.019,57.479,10.296,3692,1425,60.945,5.367,44.35558963993835,10.963811049479167,5.151222423177083,13.19656284375,6.87897754296875,7.515007549050931
11435,16,5.619,3.625,71.565,6.708,3706,1422,63.435,4.0,26.28479386070421,7.20197033984375,4.646225748697916,8.597760640625,5.126869791666667,5.785055508542166
11436,21,9.442,2.832,144.604,10.63,249,1417,138.814,4.4,34.49879194217427,12.101976143229166,3.6298238124999997,13.624656471354168,5.639556770833334,6.627613691853932
11437,1,1.128,1.128,0.0,1.414,264,1417,135.0,1.0,1.642799616294013,1.4457772812499998,1.4457772812499998,1.8123484713541664,1.2817174479166666,1.4462638771355416
11438,1,1.128,1.128,0.0,1.414,815,1417,135.0,1.0,1.642799616294013,1.4457772812499998,1.4457772812499998,1.8123484713541664,1.2817174479166666,1.4462638771355416
11439,1,1.128,1.128,0.0,1.414,3369,1417,135.0,1.0,1.642799616294013,1.4457772812499998,1.4457772812499998,1.8123484713541664,1.2817174479166666,1.4462638771355416
11440,1,1.128,1.128,0.0,1.414,3527,1417,135.0,1.0,1.642799616294013,1.4457772812499998,1.4457772812499998,1.8123484713541664,1.2817174479166666,1.4462638771355416
11441,1,1.128,1.128,0.0,1.414,3546,1417,135.0,1.0,1.642799616294013,1.4457772812499998,1.4457772812499998,1.8123484713541664,1.2817174479166666,1.4462638771355416
11442,1,1.128,1.128,0.0,1.414,3738,1417,135.0,1.0,1.642799616294013,1.4457772812499998,1.4457772812499998,1.8123484713541664,1.2817174479166666,1.4462638771355416
11443,1,1.128,1.128,0.0,1.414,3760,1417,135.0,1.0,1.642799616294013,1.4457772812499998,1.4457772812499998,1.8123484713541664,1.2817174479166666,1.4462638771355416
11444,1,1.128,1.128,0.0,1.414,131,1418,135.0,1.0,1.642799616294013,1.4457772812499998,1.4457772812499998,1.8123484713541664,1.2817174479166666,1.4462638771355416
11445,1,1.128,1.128,0.0,1.414,217,1418,135.0,1.0,1.642799616294013,1.4457772812499998,1.4457772812499998,1.8123484713541664,1.2817174479166666,1.4462638771355416
11446,7,3.507,2.542,149.527,4.243,269,1418,135.0,3.0,11.499597314058091,4.49498308984375,3.2581257526041663,5.438327131510417,3.8451523437499997,3.826454549076717
11447,1,1.128,1.128,0.0,1.414,294,1418,135.0,1.0,1.642799616294013,1.4457772812499998,1.4457772812499998,1.8123484713541664,1.2817174479166666,1.4462638771355416
11448,17,4.755,4.552,102.673,6.403,308,1418,128.66,5.0,27.927593476998222,6.09456646484375,5.834377822916666,8.206836819010416,6.408587239583333,5.963098727945161
11449,3,2.365,1.615,45.0,2.828,354,1420,45.0,2.0,4.928398848882039,3.0312617643229167,2.069973678385417,3.624696942708333,2.5634348958333333,2.5050025163503102
11450,4,3.216,1.583,31.717,3.606,663,1420,33.69,2.0,6.571198465176052,4.1220033125,2.028958720052083,4.6218731171875,2.5634348958333333,2.892527754271083
11451,2,2.257,1.128,90.0,2.236,3529,1418,116.565,1.0,3.285599232588026,2.892836279947917,1.4457772812499998,2.865920213541667,1.2817174479166666,2.0453259898153786
11452,1,1.128,1.128,0.0,1.414,3601,1418,135.0,1.0,1.642799616294013,1.4457772812499998,1.4457772812499998,1.8123484713541664,1.2817174479166666,1.4462638771355416
11453,21,5.571,4.8,38.38,7.211,3606,1422,33.69,5.814,34.49879194217427,7.14044790234375,6.152243749999999,9.242464516927084,7.4519052421875,6.627613691853932
11454,1,1.128,1.128,0.0,1.414,3613,1418,135.0,1.0,1.642799616294013,1.4457772812499998,1.4457772812499998,1.8123484713541664,1.2817174479166666,1.4462638771355416
11455,52,11.442,5.786,56.502,15.0,3648,1430,53.13,8.6,85.42558004728868,14.6654110390625,7.416017153645833,19.22576171875,11.022770052083333,10.429157133727092
11456,20,6.238,4.082,167.093,7.81,3684,1418,140.194,5.0,32.85599232588026,7.995353440104167,5.231970622395833,10.010213268229165,6.408587239583333,6.467888685354949
11457,1,1.128,1.128,0.0,1.414,3785,1418,135.0,1.0,1.642799616294013,1.4457772812499998,1.4457772812499998,1.8123484713541664,1.2817174479166666,1.4462638771355416
11458,4,3.216,1.583,121.717,3.606,127,1419,123.69,2.0,6.571198465176052,4.1220033125,2.028958720052083,4.6218731171875,2.5634348958333333,2.892527754271083
11459,1,1.128,1.128,0.0,1.414,233,1419,135.0,1.0,1.642799616294013,1.4457772812499998,1.4457772812499998,1.8123484713541664,1.2817174479166666,1.4462638771355416
11460,1,1.128,1.128,0.0,1.414,304,1419,135.0,1.0,1.642799616294013,1.4457772812499998,1.4457772812499998,1.8123484713541664,1.2817174479166666,1.4462638771355416
11461,1,1.128,1.128,0.0,1.414,618,1419,135.0,1.0,1.642799616294013,1.4457772812499998,1.4457772812499998,1.8123484713541664,1.2817174479166666,1.4462638771355416
11462,1,1.128,1.128,0.0,1.414,3207,1419,135.0,1.0,1.642799616294013,1.4457772812499998,1.4457772812499998,1.8123484713541664,1.2817174479166666,1.4462638771355416
11463,2,2.257,1.128,90.0,2.236,3354,1419,116.565,1.0,3.285599232588026,2.892836279947917,1.4457772812499998,2.865920213541667,1.2817174479166666,2.0453259898153786
11464,1,1.128,1.128,0.0,1.414,3499,1419,135.0,1.0,1.642799616294013,1.4457772812499998,1.4457772812499998,1.8123484713541664,1.2817174479166666,1.4462638771355416
11465,5,3.461,1.839,135.0,4.243,3533,1419,135.0,2.683,8.213998081470065,4.436024087239583,2.35707838671875,5.438327131510417,3.4388479127604166,3.2339443426774745
11466,22,7.3,3.837,78.222,9.487,3674,1419,108.435,6.0,36.141591558468285,9.356537369791667,4.91794984765625,12.159653428385417,7.690304687499999,6.78357888217988
11467,1,1.128,1.128,0.0,1.414,3682,1419,135.0,1.0,1.642799616294013,1.4457772812499998,1.4457772812499998,1.8123484713541664,1.2817174479166666,1.4462638771355416
11468,2,2.257,1.128,0.0,2.236,3703,1419,153.435,1.0,3.285599232588026,2.892836279947917,1.4457772812499998,2.865920213541667,1.2817174479166666,2.0453259898153786
11469,7,4.44,2.007,17.769,5.385,3723,1422,21.801,2.668,11.499597314058091,5.69082546875,2.5724069179687503,6.90204845703125,3.4196221510416667,3.826454549076717
11470,2,2.596,0.981,135.0,2.828,3736,1419,135.0,1.414,3.285599232588026,3.327338494791667,1.2573648164062499,3.624696942708333,1.8123484713541664,2.0453259898153786
11471,434,38.849,14.224,124.062,55.082,227,1420,105.803,27.354,712.9750334716017,49.79344113411458,18.231148979166665,70.59956046614583,35.060099070312496,30.129533248978383
11472,1,1.128,1.128,0.0,1.414,257,1420,135.0,1.0,1.642799616294013,1.4457772812499998,1.4457772812499998,1.8123484713541664,1.2817174479166666,1.4462638771355416
11473,2,2.257,1.128,90.0,2.236,306,1420,116.565,1.0,3.285599232588026,2.892836279947917,1.4457772812499998,2.865920213541667,1.2817174479166666,2.0453259898153786
11474,1,1.128,1.128,0.0,1.414,327,1420,135.0,1.0,1.642799616294013,1.4457772812499998,1.4457772812499998,1.8123484713541664,1.2817174479166666,1.4462638771355416
11475,5,3.144,2.025,71.565,3.606,333,1423,56.31,2.0,8.213998081470065,4.02971965625,2.59547783203125,4.6218731171875,2.5634348958333333,3.2339443426774745
11476,6,3.718,2.055,0.0,4.123,3359,1421,165.964,2.0,9.856797697764078,4.765425471354167,2.63392935546875,5.284521037760417,2.5634348958333333,3.5426085324013394
11477,1,1.128,1.128,0.0,1.414,3661,1420,135.0,1.0,1.642799616294013,1.4457772812499998,1.4457772812499998,1.8123484713541664,1.2817174479166666,1.4462638771355416
11478,11,5.807,2.412,71.52,6.708,263,1427,63.435,3.0,18.070795779234142,7.442933220052083,3.091502484375,8.597760640625,3.8451523437499997,4.796714628303253
11479,4,3.216,1.583,58.283,3.606,276,1424,56.31,2.0,6.571198465176052,4.1220033125,2.028958720052083,4.6218731171875,2.5634348958333333,2.892527754271083
11480,8,4.293,2.373,71.001,5.385,293,1426,68.199,3.0,13.142396930352104,5.50241300390625,3.04151550390625,6.90204845703125,3.8451523437499997,4.090651979630757
11481,4,3.192,1.596,108.435,3.606,346,1421,123.69,2.0,6.571198465176052,4.09124209375,2.045621046875,4.6218731171875,2.5634348958333333,2.892527754271083
11482,6,3.385,2.257,90.0,3.606,3588,1421,123.69,2.0,9.856797697764078,4.338613561197916,2.892836279947917,4.6218731171875,2.5634348958333333,3.5426085324013394
11483,6,4.274,1.787,151.138,5.0,3734,1421,143.13,2.53,9.856797697764078,5.478060372395833,2.290429079427083,6.408587239583333,3.2427451432291665,3.5426085324013394
11484,120,19.896,7.68,153.226,25.0,3820,1421,143.13,12.005,197.13595395528156,25.501050343750002,9.843589999999999,32.04293619791667,15.387017962239584,15.843026992240322
11485,2,2.257,1.128,0.0,2.236,321,1422,153.435,1.0,3.285599232588026,2.892836279947917,1.4457772812499998,2.865920213541667,1.2817174479166666,2.0453259898153786
11486,7,4.154,2.146,98.35,4.472,380,1422,116.565,2.0,11.499597314058091,5.324254278645833,2.7505656432291663,5.731840427083334,2.5634348958333333,3.826454549076717
11487,8,6.118,1.665,80.738,6.325,394,1428,71.565,2.353,13.142396930352104,7.841547346354167,2.13405955078125,8.106862858072917,3.015881154947917,4.090651979630757
11488,20,7.57,3.364,103.737,8.544,3553,1422,110.556,4.0,32.85599232588026,9.702601080729167,4.311697494791667,10.950993875,5.126869791666667,6.467888685354949
11489,5,3.144,2.025,18.435,3.606,3627,1424,33.69,2.0,8.213998081470065,4.02971965625,2.59547783203125,4.6218731171875,2.5634348958333333,3.2339443426774745
11490,16,5.213,3.908,108.945,7.211,3634,1422,123.69,5.0,26.28479386070421,6.681593055989583,5.008951786458333,9.242464516927084,6.408587239583333,5.785055508542166
11491,6,3.14,2.433,45.0,3.606,3670,1425,33.69,2.828,9.856797697764078,4.024592786458333,3.1184185507812496,4.6218731171875,3.624696942708333,3.5426085324013394
11492,179,18.818,12.112,174.794,27.074,3673,1437,4.236,17.366,294.06113131662835,24.119358934895835,15.524161729166666,34.701218184895836,22.258305200520834,19.349691915195343
11493,3,2.365,1.615,45.0,2.828,3698,1424,45.0,2.0,4.928398848882039,3.0312617643229167,2.069973678385417,3.624696942708333,2.5634348958333333,2.5050025163503102
11494,4,2.257,2.257,0.0,2.828,3728,1422,135.0,2.0,6.571198465176052,2.892836279947917,2.892836279947917,3.624696942708333,2.5634348958333333,2.892527754271083
11495,31,10.908,3.618,178.084,14.318,3744,1423,167.905,5.794,50.926788105114404,13.980973921874998,4.637253726562499,18.351630419270833,7.426270893229166,8.052456474363645
11496,1,1.128,1.128,0.0,1.414,3815,1422,135.0,1.0,1.642799616294013,1.4457772812499998,1.4457772812499998,1.8123484713541664,1.2817174479166666,1.4462638771355416
11497,1,1.128,1.128,0.0,1.414,189,1423,135.0,1.0,1.642799616294013,1.4457772812499998,1.4457772812499998,1.8123484713541664,1.2817174479166666,1.4462638771355416
11498,16,6.24,3.265,35.962,7.81,310,1428,39.806,4.608,26.28479386070421,7.9979168750000005,4.184807467447917,10.010213268229165,5.906153999999999,5.785055508542166
11499,2,2.257,1.128,0.0,2.236,353,1423,153.435,1.0,3.285599232588026,2.892836279947917,1.4457772812499998,2.865920213541667,1.2817174479166666,2.0453259898153786
11500,2,2.257,1.128,0.0,2.236,570,1423,153.435,1.0,3.285599232588026,2.892836279947917,1.4457772812499998,2.865920213541667,1.2817174479166666,2.0453259898153786
11501,4,3.216,1.583,58.283,3.606,3534,1426,56.31,2.0,6.571198465176052,4.1220033125,2.028958720052083,4.6218731171875,2.5634348958333333,2.892527754271083
11502,1,1.128,1.128,0.0,1.414,3663,1423,135.0,1.0,1.642799616294013,1.4457772812499998,1.4457772812499998,1.8123484713541664,1.2817174479166666,1.4462638771355416
11503,75,13.626,7.008,131.575,18.439,242,1426,130.601,11.328,123.20997122205098,17.4646819453125,8.982275875,23.633588022135417,14.519295249999999,12.52501258175155
11504,12,6.107,2.502,116.063,7.211,289,1424,123.69,3.395,19.713595395528156,7.827448454427083,3.2068570546874997,9.242464516927084,4.351430735677083,5.0100050327006205
11505,1,1.128,1.128,0.0,1.414,385,1424,135.0,1.0,1.642799616294013,1.4457772812499998,1.4457772812499998,1.8123484713541664,1.2817174479166666,1.4462638771355416
11506,3,3.213,1.189,151.845,3.606,397,1424,146.31,1.789,4.928398848882039,4.11815816015625,1.5239620455729168,4.6218731171875,2.2929925143229166,2.5050025163503102
11507,22,8.212,3.411,80.767,9.487,433,1433,71.565,4.0,36.141591558468285,10.525463682291667,4.37193821484375,12.159653428385417,5.126869791666667,6.78357888217988
11508,3,2.365,1.615,135.0,2.828,3688,1424,135.0,2.0,4.928398848882039,3.0312617643229167,2.069973678385417,3.624696942708333,2.5634348958333333,2.5050025163503102
11509,34,9.456,4.578,1.064,11.18,3701,1426,169.695,6.0,55.855186953996444,12.1199201875,5.8677024765625,14.329601067708333,7.690304687499999,8.433095094829797
11510,1,1.128,1.128,0.0,1.414,219,1425,135.0,1.0,1.642799616294013,1.4457772812499998,1.4457772812499998,1.8123484713541664,1.2817174479166666,1.4462638771355416
11511,4,3.676,1.385,140.31,4.243,269,1425,135.0,2.121,6.571198465176052,4.711593338541666,1.7751786653645834,5.438327131510417,2.71852270703125,2.892527754271083
11512,2,2.257,1.128,0.0,2.236,360,1425,153.435,1.0,3.285599232588026,2.892836279947917,1.4457772812499998,2.865920213541667,1.2817174479166666,2.0453259898153786
11513,1,1.128,1.128,0.0,1.414,3467,1425,135.0,1.0,1.642799616294013,1.4457772812499998,1.4457772812499998,1.8123484713541664,1.2817174479166666,1.4462638771355416
11514,5,3.732,1.706,58.283,4.243,3494,1428,45.0,2.236,8.213998081470065,4.783369515625,2.1866099661458334,5.438327131510417,2.865920213541667,3.2339443426774745
11515,1,1.128,1.128,0.0,1.414,3615,1425,135.0,1.0,1.642799616294013,1.4457772812499998,1.4457772812499998,1.8123484713541664,1.2817174479166666,1.4462638771355416
11516,19,6.23,3.883,75.896,7.28,3626,1425,105.945,4.851,31.21319270958625,7.985099700520833,4.976908850260417,9.330903020833334,6.21761133984375,6.304118086127151
11517,24,7.483,4.083,27.781,9.434,3764,1431,32.005,5.578,39.42719079105631,9.591091662760416,5.23325233984375,12.091722403645832,7.149419924479167,7.085217064802679
11518,1,1.128,1.128,0.0,1.414,3813,1425,135.0,1.0,1.642799616294013,1.4457772812499998,1.4457772812499998,1.8123484713541664,1.2817174479166666,1.4462638771355416
11519,4,2.257,2.257,0.0,2.828,326,1426,135.0,2.0,6.571198465176052,2.892836279947917,2.892836279947917,3.624696942708333,2.5634348958333333,2.892527754271083
11520,15,4.726,4.042,35.588,5.831,3562,1430,30.964,4.0,24.641994244410196,6.057396658854167,5.180701924479166,7.473694438802084,5.126869791666667,5.601355910367322
11521,3,2.365,1.615,135.0,2.828,3612,1426,135.0,2.0,4.928398848882039,3.0312617643229167,2.069973678385417,3.624696942708333,2.5634348958333333,2.5050025163503102
11522,2,2.257,1.128,90.0,2.236,3661,1426,116.565,1.0,3.285599232588026,2.892836279947917,1.4457772812499998,2.865920213541667,1.2817174479166666,2.0453259898153786
11523,1,1.128,1.128,0.0,1.414,3816,1426,135.0,1.0,1.642799616294013,1.4457772812499998,1.4457772812499998,1.8123484713541664,1.2817174479166666,1.4462638771355416
11524,1,1.128,1.128,0.0,1.414,199,1427,135.0,1.0,1.642799616294013,1.4457772812499998,1.4457772812499998,1.8123484713541664,1.2817174479166666,1.4462638771355416
11525,5,3.144,2.025,161.565,3.606,339,1427,146.31,2.0,8.213998081470065,4.02971965625,2.59547783203125,4.6218731171875,2.5634348958333333,3.2339443426774745
11526,1,1.128,1.128,0.0,1.414,655,1427,135.0,1.0,1.642799616294013,1.4457772812499998,1.4457772812499998,1.8123484713541664,1.2817174479166666,1.4462638771355416
11527,2,2.257,1.128,90.0,2.236,3459,1427,116.565,1.0,3.285599232588026,2.892836279947917,1.4457772812499998,2.865920213541667,1.2817174479166666,2.0453259898153786
11528,2,2.257,1.128,0.0,2.236,3499,1427,153.435,1.0,3.285599232588026,2.892836279947917,1.4457772812499998,2.865920213541667,1.2817174479166666,2.0453259898153786
11529,5,3.086,2.063,145.901,3.606,3538,1427,123.69,2.683,8.213998081470065,3.955380044270833,2.6441830950520835,4.6218731171875,3.4388479127604166,3.2339443426774745
11530,291,29.132,12.718,18.432,40.311,3709,1446,23.385,21.065,478.0546883415578,37.33899269270834,16.300882502604168,51.667312042968746,26.999378040364583,24.671413576675626
11531,2,2.257,1.128,90.0,2.236,3819,1427,116.565,1.0,3.285599232588026,2.892836279947917,1.4457772812499998,2.865920213541667,1.2817174479166666,2.0453259898153786
11532,20,7.544,3.375,13.848,8.944,188,1432,26.565,4.0,32.85599232588026,9.669276427083332,4.32579638671875,11.463680854166668,5.126869791666667,6.467888685354949
11533,1,1.128,1.128,0.0,1.414,231,1428,135.0,1.0,1.642799616294013,1.4457772812499998,1.4457772812499998,1.8123484713541664,1.2817174479166666,1.4462638771355416
11534,5,3.144,2.025,161.565,3.606,262,1428,146.31,2.0,8.213998081470065,4.02971965625,2.59547783203125,4.6218731171875,2.5634348958333333,3.2339443426774745
11535,99,12.633,9.978,133.363,18.868,270,1433,147.995,16.194,162.6371620131073,16.19193651953125,12.788976695312499,24.183444807291664,20.7561323515625,14.39014388490976
11536,1,1.128,1.128,0.0,1.414,322,1428,135.0,1.0,1.642799616294013,1.4457772812499998,1.4457772812499998,1.8123484713541664,1.2817174479166666,1.4462638771355416
11537,3,3.213,1.189,118.155,3.606,346,1428,123.69,1.789,4.928398848882039,4.11815816015625,1.5239620455729168,4.6218731171875,2.2929925143229166,2.5050025163503102
11538,3,2.365,1.615,135.0,2.828,378,1428,135.0,2.0,4.928398848882039,3.0312617643229167,2.069973678385417,3.624696942708333,2.5634348958333333,2.5050025163503102
11539,19,6.136,3.942,31.246,8.485,386,1434,45.0,5.657,31.21319270958625,7.864618260416667,5.0525301796875,10.875372545572915,7.250675602864583,6.304118086127151
11540,7,4.285,2.08,127.733,5.0,415,1428,126.87,2.828,11.499597314058091,5.4921592643229165,2.665972291666667,6.408587239583333,3.624696942708333,3.826454549076717
11541,2,2.257,1.128,90.0,2.236,419,1428,116.565,1.0,3.285599232588026,2.892836279947917,1.4457772812499998,2.865920213541667,1.2817174479166666,2.0453259898153786
11542,3,2.365,1.615,45.0,2.828,514,1430,45.0,2.0,4.928398848882039,3.0312617643229167,2.069973678385417,3.624696942708333,2.5634348958333333,2.5050025163503102
11543,3,2.365,1.615,135.0,2.828,789,1428,135.0,2.0,4.928398848882039,3.0312617643229167,2.069973678385417,3.624696942708333,2.5634348958333333,2.5050025163503102
11544,3,2.365,1.615,135.0,2.828,3362,1428,135.0,2.0,4.928398848882039,3.0312617643229167,2.069973678385417,3.624696942708333,2.5634348958333333,2.5050025163503102
11545,241,30.322,10.12,5.097,37.363,3514,1442,15.524,16.0,395.91470752685717,38.86423645572916,12.970980572916666,47.888809006510414,20.507479166666666,22.45205308554249
11546,2,2.596,0.981,45.0,2.828,3654,1430,45.0,1.414,3.285599232588026,3.327338494791667,1.2573648164062499,3.624696942708333,1.8123484713541664,2.0453259898153786
11547,2,2.257,1.128,90.0,2.236,3659,1428,116.565,1.0,3.285599232588026,2.892836279947917,1.4457772812499998,2.865920213541667,1.2817174479166666,2.0453259898153786
11548,1,1.128,1.128,0.0,1.414,3688,1428,135.0,1.0,1.642799616294013,1.4457772812499998,1.4457772812499998,1.8123484713541664,1.2817174479166666,1.4462638771355416
11549,1,1.128,1.128,0.0,1.414,3740,1428,135.0,1.0,1.642799616294013,1.4457772812499998,1.4457772812499998,1.8123484713541664,1.2817174479166666,1.4462638771355416
11550,7,7.899,1.128,90.0,7.071,3816,1428,98.13,1.0,11.499597314058091,10.12428612109375,1.4457772812499998,9.063024074218749,1.2817174479166666,3.826454549076717
11551,3,2.365,1.615,45.0,2.828,216,1431,45.0,2.0,4.928398848882039,3.0312617643229167,2.069973678385417,3.624696942708333,2.5634348958333333,2.5050025163503102
11552,2,2.257,1.128,0.0,2.236,267,1429,153.435,1.0,3.285599232588026,2.892836279947917,1.4457772812499998,2.865920213541667,1.2817174479166666,2.0453259898153786
11553,2,2.257,1.128,0.0,2.236,367,1429,153.435,1.0,3.285599232588026,2.892836279947917,1.4457772812499998,2.865920213541667,1.2817174479166666,2.0453259898153786
11554,2,2.257,1.128,0.0,2.236,3749,1429,153.435,1.0,3.285599232588026,2.892836279947917,1.4457772812499998,2.865920213541667,1.2817174479166666,2.0453259898153786
11555,3,2.365,1.615,45.0,2.828,3827,1431,45.0,2.0,4.928398848882039,3.0312617643229167,2.069973678385417,3.624696942708333,2.5634348958333333,2.5050025163503102
11556,1,1.128,1.128,0.0,1.414,255,1430,135.0,1.0,1.642799616294013,1.4457772812499998,1.4457772812499998,1.8123484713541664,1.2817174479166666,1.4462638771355416
11557,3,3.385,1.128,90.0,3.162,311,1430,108.435,1.0,4.928398848882039,4.338613561197916,1.4457772812499998,4.0527905703125,1.2817174479166666,2.5050025163503102
11558,4,2.734,1.863,90.0,3.162,325,1430,108.435,2.0,6.571198465176052,3.5042155026041666,2.38783960546875,4.0527905703125,2.5634348958333333,2.892527754271083
11559,4,4.514,1.128,90.0,4.123,353,1430,104.036,1.0,6.571198465176052,5.785672559895834,1.4457772812499998,5.284521037760417,1.2817174479166666,2.892527754271083
11560,2,2.596,0.981,45.0,2.828,408,1432,45.0,1.414,3.285599232588026,3.327338494791667,1.2573648164062499,3.624696942708333,1.8123484713541664,2.0453259898153786
11561,4,2.257,2.257,0.0,2.828,474,1430,135.0,2.0,6.571198465176052,2.892836279947917,2.892836279947917,3.624696942708333,2.5634348958333333,2.892527754271083
11562,3,2.365,1.615,45.0,2.828,3442,1432,45.0,2.0,4.928398848882039,3.0312617643229167,2.069973678385417,3.624696942708333,2.5634348958333333,2.5050025163503102
11563,12,5.257,2.906,161.565,6.403,3587,1430,141.34,4.0,19.713595395528156,6.737988623697916,3.7246709036458334,8.206836819010416,5.126869791666667,5.0100050327006205
11564,10,4.111,3.097,2.596e-14,4.472,3670,1430,153.435,3.0,16.42799616294013,5.269140428385416,3.9694789361979166,5.731840427083334,3.8451523437499997,4.573487949374228
11565,1,1.128,1.128,0.0,1.414,3677,1430,135.0,1.0,1.642799616294013,1.4457772812499998,1.4457772812499998,1.8123484713541664,1.2817174479166666,1.4462638771355416
11566,3,2.365,1.615,45.0,2.828,3700,1432,45.0,2.0,4.928398848882039,3.0312617643229167,2.069973678385417,3.624696942708333,2.5634348958333333,2.5050025163503102
11567,7,3.507,2.542,149.527,4.243,3755,1430,135.0,3.0,11.499597314058091,4.49498308984375,3.2581257526041663,5.438327131510417,3.8451523437499997,3.826454549076717
11568,33,8.818,4.765,55.346,10.0,3806,1438,53.13,5.814,54.21238733770243,11.302184455729165,6.107383639322916,12.817174479166667,7.4519052421875,8.308153445630097
11569,172,27.928,7.841,26.89,37.0,3795,1448,18.925,13.967,282.5615340025702,35.795804885416665,10.049946509114584,47.423545572916666,17.901747595052083,18.96757292846995
11570,1,1.128,1.128,0.0,1.414,158,1431,135.0,1.0,1.642799616294013,1.4457772812499998,1.4457772812499998,1.8123484713541664,1.2817174479166666,1.4462638771355416
11571,5,3.144,2.025,18.435,3.606,236,1433,33.69,2.0,8.213998081470065,4.02971965625,2.59547783203125,4.6218731171875,2.5634348958333333,3.2339443426774745
11572,1,1.128,1.128,0.0,1.414,265,1431,135.0,1.0,1.642799616294013,1.4457772812499998,1.4457772812499998,1.8123484713541664,1.2817174479166666,1.4462638771355416
11573,1,1.128,1.128,0.0,1.414,273,1431,135.0,1.0,1.642799616294013,1.4457772812499998,1.4457772812499998,1.8123484713541664,1.2817174479166666,1.4462638771355416
11574,1,1.128,1.128,0.0,1.414,366,1431,135.0,1.0,1.642799616294013,1.4457772812499998,1.4457772812499998,1.8123484713541664,1.2817174479166666,1.4462638771355416
11575,1,1.128,1.128,0.0,1.414,689,1431,135.0,1.0,1.642799616294013,1.4457772812499998,1.4457772812499998,1.8123484713541664,1.2817174479166666,1.4462638771355416
11576,1,1.128,1.128,0.0,1.414,3651,1431,135.0,1.0,1.642799616294013,1.4457772812499998,1.4457772812499998,1.8123484713541664,1.2817174479166666,1.4462638771355416
11577,39,10.178,4.879,146.441,12.369,3767,1435,165.964,7.155,64.0691850354665,13.045320184895834,6.253499428385416,15.853563113281249,9.17068833984375,9.031915017867364
11578,1,1.128,1.128,0.0,1.414,3801,1431,135.0,1.0,1.642799616294013,1.4457772812499998,1.4457772812499998,1.8123484713541664,1.2817174479166666,1.4462638771355416
11579,4,3.192,1.596,161.565,3.606,285,1432,146.31,2.0,6.571198465176052,4.09124209375,2.045621046875,4.6218731171875,2.5634348958333333,2.892527754271083
11580,9,5.612,2.042,79.202,6.325,292,1438,71.565,2.846,14.785196546646118,7.192998317708334,2.617267028645833,8.106862858072917,3.6477678567708334,4.338791631406624
11581,14,7.343,2.428,100.923,8.544,633,1432,110.556,3.922,22.999194628116182,9.411651220052082,3.1120099635416665,10.950993875,5.026895830729167,5.411423919108519
11582,21,6.65,4.021,71.74,8.544,3510,1440,69.444,5.0,34.49879194217427,8.523421028645833,5.153785858072917,10.950993875,6.408587239583333,6.627613691853932
11583,3,2.365,1.615,45.0,2.828,3658,1434,45.0,2.0,4.928398848882039,3.0312617643229167,2.069973678385417,3.624696942708333,2.5634348958333333,2.5050025163503102
11584,2,2.596,0.981,135.0,2.828,176,1433,135.0,1.414,3.285599232588026,3.327338494791667,1.2573648164062499,3.624696942708333,1.8123484713541664,2.0453259898153786
11585,2,2.257,1.128,90.0,2.236,267,1433,116.565,1.0,3.285599232588026,2.892836279947917,1.4457772812499998,2.865920213541667,1.2817174479166666,2.0453259898153786
11586,3,3.385,1.128,0.0,3.162,320,1433,161.565,1.0,4.928398848882039,4.338613561197916,1.4457772812499998,4.0527905703125,1.2817174479166666,2.5050025163503102
11587,1,1.128,1.128,0.0,1.414,517,1433,135.0,1.0,1.642799616294013,1.4457772812499998,1.4457772812499998,1.8123484713541664,1.2817174479166666,1.4462638771355416
11588,1,1.128,1.128,0.0,1.414,3440,1433,135.0,1.0,1.642799616294013,1.4457772812499998,1.4457772812499998,1.8123484713541664,1.2817174479166666,1.4462638771355416
11589,1,1.128,1.128,0.0,1.414,3647,1433,135.0,1.0,1.642799616294013,1.4457772812499998,1.4457772812499998,1.8123484713541664,1.2817174479166666,1.4462638771355416
11590,11,5.458,2.566,97.568,6.325,3661,1439,71.565,3.0,18.070795779234142,6.995613830729167,3.288886971354166,8.106862858072917,3.8451523437499997,4.796714628303253
11591,4,4.514,1.128,0.0,4.123,3702,1433,165.964,1.0,6.571198465176052,5.785672559895834,1.4457772812499998,5.284521037760417,1.2817174479166666,2.892527754271083
11592,1,1.128,1.128,0.0,1.414,3747,1433,135.0,1.0,1.642799616294013,1.4457772812499998,1.4457772812499998,1.8123484713541664,1.2817174479166666,1.4462638771355416
11593,1,1.128,1.128,0.0,1.414,160,1434,135.0,1.0,1.642799616294013,1.4457772812499998,1.4457772812499998,1.8123484713541664,1.2817174479166666,1.4462638771355416
11594,1,1.128,1.128,0.0,1.414,3523,1434,135.0,1.0,1.642799616294013,1.4457772812499998,1.4457772812499998,1.8123484713541664,1.2817174479166666,1.4462638771355416
11595,13,5.213,3.175,122.501,7.81,3623,1434,129.806,4.707,21.35639501182217,6.681593055989583,4.069452897135417,10.010213268229165,6.03304402734375,5.214578566863546
11596,8,4.514,2.257,0.0,4.472,3630,1434,153.435,2.0,13.142396930352104,5.785672559895834,2.892836279947917,5.731840427083334,2.5634348958333333,4.090651979630757
11597,2,2.257,1.128,90.0,2.236,257,1435,116.565,1.0,3.285599232588026,2.892836279947917,1.4457772812499998,2.865920213541667,1.2817174479166666,2.0453259898153786
11598,1,1.128,1.128,0.0,1.414,285,1435,135.0,1.0,1.642799616294013,1.4457772812499998,1.4457772812499998,1.8123484713541664,1.2817174479166666,1.4462638771355416
11599,2,2.257,1.128,0.0,2.236,298,1435,153.435,1.0,3.285599232588026,2.892836279947917,1.4457772812499998,2.865920213541667,1.2817174479166666,2.0453259898153786
11600,4,3.192,1.596,18.435,3.606,329,1437,33.69,2.0,6.571198465176052,4.09124209375,2.045621046875,4.6218731171875,2.5634348958333333,2.892527754271083
11601,1,1.128,1.128,0.0,1.414,3367,1435,135.0,1.0,1.642799616294013,1.4457772812499998,1.4457772812499998,1.8123484713541664,1.2817174479166666,1.4462638771355416
11602,1,1.128,1.128,0.0,1.414,3459,1435,135.0,1.0,1.642799616294013,1.4457772812499998,1.4457772812499998,1.8123484713541664,1.2817174479166666,1.4462638771355416
11603,6,3.385,2.257,90.0,3.606,3560,1435,123.69,2.0,9.856797697764078,4.338613561197916,2.892836279947917,4.6218731171875,2.5634348958333333,3.5426085324013394
11604,1,1.128,1.128,0.0,1.414,3564,1435,135.0,1.0,1.642799616294013,1.4457772812499998,1.4457772812499998,1.8123484713541664,1.2817174479166666,1.4462638771355416
11605,16,7.825,2.603,0.0,8.246,3756,1435,165.964,3.0,26.28479386070421,10.029439029947916,3.3363105169270835,10.569042075520834,3.8451523437499997,5.785055508542166
11606,1,1.128,1.128,0.0,1.414,121,1436,135.0,1.0,1.642799616294013,1.4457772812499998,1.4457772812499998,1.8123484713541664,1.2817174479166666,1.4462638771355416
11607,1,1.128,1.128,0.0,1.414,216,1436,135.0,1.0,1.642799616294013,1.4457772812499998,1.4457772812499998,1.8123484713541664,1.2817174479166666,1.4462638771355416
11608,55,13.156,5.323,12.308,13.601,257,1443,17.103,6.45,90.35397889617072,16.862274744791666,6.822581975260417,17.432639009114585,8.2670775390625,10.72577997755371
11609,1,1.128,1.128,0.0,1.414,373,1436,135.0,1.0,1.642799616294013,1.4457772812499998,1.4457772812499998,1.8123484713541664,1.2817174479166666,1.4462638771355416
11610,9,4.571,2.507,7.338,5.099,397,1437,168.69,3.0,14.785196546646118,5.858730454427083,3.2132656419270833,6.535477266927083,3.8451523437499997,4.338791631406624
11611,1,1.128,1.128,0.0,1.414,512,1436,135.0,1.0,1.642799616294013,1.4457772812499998,1.4457772812499998,1.8123484713541664,1.2817174479166666,1.4462638771355416
11612,3,2.365,1.615,135.0,2.828,532,1436,135.0,2.0,4.928398848882039,3.0312617643229167,2.069973678385417,3.624696942708333,2.5634348958333333,2.5050025163503102
11613,1,1.128,1.128,0.0,1.414,3389,1436,135.0,1.0,1.642799616294013,1.4457772812499998,1.4457772812499998,1.8123484713541664,1.2817174479166666,1.4462638771355416
11614,8,5.222,1.951,39.938,5.657,3454,1440,45.0,2.774,13.142396930352104,6.693128513020834,2.5006307408854167,7.250675602864583,3.555484200520833,4.090651979630757
11615,24,7.714,3.961,166.215,8.544,3634,1437,159.444,4.0,39.42719079105631,9.887168393229167,5.076882811197916,10.950993875,5.126869791666667,7.085217064802679
11616,1,1.128,1.128,0.0,1.414,3657,1436,135.0,1.0,1.642799616294013,1.4457772812499998,1.4457772812499998,1.8123484713541664,1.2817174479166666,1.4462638771355416
11617,3,2.365,1.615,45.0,2.828,3670,1438,45.0,2.0,4.928398848882039,3.0312617643229167,2.069973678385417,3.624696942708333,2.5634348958333333,2.5050025163503102
11618,2,2.257,1.128,0.0,2.236,3706,1436,153.435,1.0,3.285599232588026,2.892836279947917,1.4457772812499998,2.865920213541667,1.2817174479166666,2.0453259898153786
11619,4,3.216,1.583,148.283,3.606,118,1437,146.31,2.0,6.571198465176052,4.1220033125,2.028958720052083,4.6218731171875,2.5634348958333333,2.892527754271083
11620,1,1.128,1.128,0.0,1.414,241,1437,135.0,1.0,1.642799616294013,1.4457772812499998,1.4457772812499998,1.8123484713541664,1.2817174479166666,1.4462638771355416
11621,1,1.128,1.128,0.0,1.414,323,1437,135.0,1.0,1.642799616294013,1.4457772812499998,1.4457772812499998,1.8123484713541664,1.2817174479166666,1.4462638771355416
11622,1,1.128,1.128,0.0,1.414,3365,1437,135.0,1.0,1.642799616294013,1.4457772812499998,1.4457772812499998,1.8123484713541664,1.2817174479166666,1.4462638771355416
11623,2,2.257,1.128,90.0,2.236,3449,1437,116.565,1.0,3.285599232588026,2.892836279947917,1.4457772812499998,2.865920213541667,1.2817174479166666,2.0453259898153786
11624,9,5.109,2.243,105.325,5.385,3753,1437,111.801,2.846,14.785196546646118,6.54829444140625,2.874892235677083,6.90204845703125,3.6477678567708334,4.338791631406624
11625,2,2.257,1.128,90.0,2.236,3839,1437,116.565,1.0,3.285599232588026,2.892836279947917,1.4457772812499998,2.865920213541667,1.2817174479166666,2.0453259898153786
11626,1,1.128,1.128,0.0,1.414,217,1438,135.0,1.0,1.642799616294013,1.4457772812499998,1.4457772812499998,1.8123484713541664,1.2817174479166666,1.4462638771355416
11627,6,3.718,2.055,36.87,4.243,295,1441,45.0,2.683,9.856797697764078,4.765425471354167,2.63392935546875,5.438327131510417,3.4388479127604166,3.5426085324013394
11628,6,3.385,2.257,0.0,3.606,299,1438,146.31,2.0,9.856797697764078,4.338613561197916,2.892836279947917,4.6218731171875,2.5634348958333333,3.5426085324013394
11629,2,2.257,1.128,90.0,2.236,303,1438,116.565,1.0,3.285599232588026,2.892836279947917,1.4457772812499998,2.865920213541667,1.2817174479166666,2.0453259898153786
11630,4,2.734,1.863,90.0,3.162,319,1438,108.435,2.0,6.571198465176052,3.5042155026041666,2.38783960546875,4.0527905703125,2.5634348958333333,2.892527754271083
11631,4,2.257,2.257,0.0,2.828,370,1438,135.0,2.0,6.571198465176052,2.892836279947917,2.892836279947917,3.624696942708333,2.5634348958333333,2.892527754271083
11632,5,3.461,1.839,45.0,4.243,377,1441,45.0,2.683,8.213998081470065,4.436024087239583,2.35707838671875,5.438327131510417,3.4388479127604166,3.2339443426774745
11633,4,2.257,2.257,0.0,2.828,420,1438,135.0,2.0,6.571198465176052,2.892836279947917,2.892836279947917,3.624696942708333,2.5634348958333333,2.892527754271083
11634,1,1.128,1.128,0.0,1.414,475,1438,135.0,1.0,1.642799616294013,1.4457772812499998,1.4457772812499998,1.8123484713541664,1.2817174479166666,1.4462638771355416
11635,5,3.732,1.706,174.848,4.123,512,1439,165.964,2.0,8.213998081470065,4.783369515625,2.1866099661458334,5.284521037760417,2.5634348958333333,3.2339443426774745
11636,39,10.364,4.791,123.662,13.601,3588,1438,126.027,6.656,64.0691850354665,13.283719630208335,6.140708292968751,17.432639009114585,8.531111333333333,9.031915017867364
11637,2,2.257,1.128,90.0,2.236,3657,1438,116.565,1.0,3.285599232588026,2.892836279947917,1.4457772812499998,2.865920213541667,1.2817174479166666,2.0453259898153786
11638,1,1.128,1.128,0.0,1.414,359,1439,135.0,1.0,1.642799616294013,1.4457772812499998,1.4457772812499998,1.8123484713541664,1.2817174479166666,1.4462638771355416
11639,5,3.144,2.025,71.565,3.606,3486,1442,56.31,2.0,8.213998081470065,4.02971965625,2.59547783203125,4.6218731171875,2.5634348958333333,3.2339443426774745
11640,1,1.128,1.128,0.0,1.414,3561,1439,135.0,1.0,1.642799616294013,1.4457772812499998,1.4457772812499998,1.8123484713541664,1.2817174479166666,1.4462638771355416
11641,26,8.296,3.99,88.54,9.22,3606,1439,102.529,4.0,42.71279002364434,10.633127947916666,5.1140526171875,11.817434869791667,5.126869791666667,7.374527731318484
11642,3,3.969,0.963,45.0,4.243,3628,1442,45.0,1.414,4.928398848882039,5.08713655078125,1.23429390234375,5.438327131510417,1.8123484713541664,2.5050025163503102
11643,2,2.257,1.128,90.0,2.236,3653,1439,116.565,1.0,3.285599232588026,2.892836279947917,1.4457772812499998,2.865920213541667,1.2817174479166666,2.0453259898153786
11644,5,3.144,2.025,108.435,3.606,3705,1439,123.69,2.0,8.213998081470065,4.02971965625,2.59547783203125,4.6218731171875,2.5634348958333333,3.2339443426774745
11645,1,1.128,1.128,0.0,1.414,292,1440,135.0,1.0,1.642799616294013,1.4457772812499998,1.4457772812499998,1.8123484713541664,1.2817174479166666,1.4462638771355416
11646,1,1.128,1.128,0.0,1.414,313,1440,135.0,1.0,1.642799616294013,1.4457772812499998,1.4457772812499998,1.8123484713541664,1.2817174479166666,1.4462638771355416
11647,7,3.086,2.888,90.0,3.606,3422,1440,123.69,3.0,11.499597314058091,3.955380044270833,3.701599989583333,4.6218731171875,3.8451523437499997,3.826454549076717
11648,5,3.144,2.025,71.565,3.606,3802,1443,56.31,2.0,8.213998081470065,4.02971965625,2.59547783203125,4.6218731171875,2.5634348958333333,3.2339443426774745
11649,3,2.365,1.615,135.0,2.828,3837,1440,135.0,2.0,4.928398848882039,3.0312617643229167,2.069973678385417,3.624696942708333,2.5634348958333333,2.5050025163503102
11650,3,2.365,1.615,135.0,2.828,297,1441,135.0,2.0,4.928398848882039,3.0312617643229167,2.069973678385417,3.624696942708333,2.5634348958333333,2.5050025163503102
11651,10,3.94,3.232,174.345,5.099,314,1443,168.69,4.0,16.42799616294013,5.049966744791666,4.142510791666667,6.535477266927083,5.126869791666667,4.573487949374228
11652,2,2.257,1.128,0.0,2.236,362,1441,153.435,1.0,3.285599232588026,2.892836279947917,1.4457772812499998,2.865920213541667,1.2817174479166666,2.0453259898153786
11653,29,9.303,3.969,99.559,15.133,3483,1456,82.405,7.0,47.64118887252638,11.92381741796875,5.08713655078125,19.396230139322917,8.972022135416667,7.788369332980218
11654,22,6.656,4.209,123.894,9.22,3543,1442,139.399,6.791,36.141591558468285,8.531111333333333,5.394748738281249,11.817434869791667,8.704143188802083,6.78357888217988
11655,1,1.128,1.128,0.0,1.414,3655,1441,135.0,1.0,1.642799616294013,1.4457772812499998,1.4457772812499998,1.8123484713541664,1.2817174479166666,1.4462638771355416
11656,5,3.144,2.025,108.435,3.606,3670,1441,123.69,2.0,8.213998081470065,4.02971965625,2.59547783203125,4.6218731171875,2.5634348958333333,3.2339443426774745
11657,2,2.257,1.128,0.0,2.236,3681,1441,153.435,1.0,3.285599232588026,2.892836279947917,1.4457772812499998,2.865920213541667,1.2817174479166666,2.0453259898153786
11658,96,17.237,7.091,10.84,20.881,3683,1447,16.699,8.682,157.70876316422525,22.09296364973958,9.088658423177083,26.763542029947917,11.1278708828125,14.170434129605358
11659,118,13.752,10.925,150.393,19.799,3826,1443,135.0,14.12,193.85035472269354,17.626178343750002,14.002763118489584,25.376723751302084,18.097850364583334,15.710447029675546
11660,4,2.257,2.257,0.0,2.828,200,1442,135.0,2.0,6.571198465176052,2.892836279947917,2.892836279947917,3.624696942708333,2.5634348958333333,2.892527754271083
11661,10,4.767,2.671,94.065,5.385,250,1442,111.801,3.0,16.42799616294013,6.10994707421875,3.4234673033854164,6.90204845703125,3.8451523437499997,4.573487949374228
11662,1,1.128,1.128,0.0,1.414,389,1442,135.0,1.0,1.642799616294013,1.4457772812499998,1.4457772812499998,1.8123484713541664,1.2817174479166666,1.4462638771355416
11663,1,1.128,1.128,0.0,1.414,3481,1442,135.0,1.0,1.642799616294013,1.4457772812499998,1.4457772812499998,1.8123484713541664,1.2817174479166666,1.4462638771355416
11664,8,4.712,2.162,26.565,5.0,3614,1445,36.87,2.683,13.142396930352104,6.0394526145833325,2.7710731223958334,6.408587239583333,3.4388479127604166,4.090651979630757
11665,6,3.14,2.433,135.0,3.606,3750,1442,123.69,2.828,9.856797697764078,4.024592786458333,3.1184185507812496,4.6218731171875,3.624696942708333,3.5426085324013394
11666,192,17.275,14.151,161.399,25.298,3764,1452,18.435,20.879,315.4175263284505,22.141668912760416,18.13758360546875,32.42488799739583,26.760978595052084,20.040020130802482
11667,11,4.775,2.933,21.255,6.325,220,1445,18.435,4.0,18.070795779234142,6.120200813802084,3.759277274739583,8.106862858072917,5.126869791666667,4.796714628303253
11668,1,1.128,1.128,0.0,1.414,262,1443,135.0,1.0,1.642799616294013,1.4457772812499998,1.4457772812499998,1.8123484713541664,1.2817174479166666,1.4462638771355416
11669,2,2.596,0.981,135.0,2.828,3589,1443,135.0,1.414,3.285599232588026,3.327338494791667,1.2573648164062499,3.624696942708333,1.8123484713541664,2.0453259898153786
11670,63,12.251,6.548,176.201,18.439,249,1453,12.529,9.778,103.49637582652282,15.702320454427083,8.392685848958333,23.633588022135417,12.532633205729168,11.47936364723015
11671,23,5.891,4.971,141.438,8.062,269,1444,119.745,6.0,37.7843911747623,7.550597485677083,6.37141743359375,10.333206065104166,7.690304687499999,6.936037892995103
11672,10,6.537,1.948,146.548,7.211,291,1445,146.31,3.0,16.42799616294013,8.37858695703125,2.4967855885416665,9.242464516927084,3.8451523437499997,4.573487949374228
11673,2,2.257,1.128,90.0,2.236,399,1444,116.565,1.0,3.285599232588026,2.892836279947917,1.4457772812499998,2.865920213541667,1.2817174479166666,2.0453259898153786
11674,6,3.988,1.916,18.435,4.472,692,1446,26.565,2.0,9.856797697764078,5.111489182291667,2.4557706302083333,5.731840427083334,2.5634348958333333,3.5426085324013394
11675,1,1.128,1.128,0.0,1.414,3419,1444,135.0,1.0,1.642799616294013,1.4457772812499998,1.4457772812499998,1.8123484713541664,1.2817174479166666,1.4462638771355416
11676,3,2.365,1.615,45.0,2.828,3560,1446,45.0,2.0,4.928398848882039,3.0312617643229167,2.069973678385417,3.624696942708333,2.5634348958333333,2.5050025163503102
11677,1,1.128,1.128,0.0,1.414,3619,1444,135.0,1.0,1.642799616294013,1.4457772812499998,1.4457772812499998,1.8123484713541664,1.2817174479166666,1.4462638771355416
11678,57,12.035,6.03,64.251,17.889,3656,1460,63.435,10.891,93.63957812875874,15.425469485677084,7.7287562109375,22.92864342578125,13.959184725260416,10.919052822086096
11679,1,1.128,1.128,0.0,1.414,3665,1444,135.0,1.0,1.642799616294013,1.4457772812499998,1.4457772812499998,1.8123484713541664,1.2817174479166666,1.4462638771355416
11680,1,1.128,1.128,0.0,1.414,3703,1444,135.0,1.0,1.642799616294013,1.4457772812499998,1.4457772812499998,1.8123484713541664,1.2817174479166666,1.4462638771355416
11681,2,2.257,1.128,90.0,2.236,3743,1444,116.565,1.0,3.285599232588026,2.892836279947917,1.4457772812499998,2.865920213541667,1.2817174479166666,2.0453259898153786
11682,3,2.365,1.615,45.0,2.828,3764,1446,45.0,2.0,4.928398848882039,3.0312617643229167,2.069973678385417,3.624696942708333,2.5634348958333333,2.5050025163503102
11683,6,3.718,2.055,53.13,4.243,3821,1447,45.0,2.683,9.856797697764078,4.765425471354167,2.63392935546875,5.438327131510417,3.4388479127604166,3.5426085324013394
11684,2,2.257,1.128,0.0,2.236,206,1445,153.435,1.0,3.285599232588026,2.892836279947917,1.4457772812499998,2.865920213541667,1.2817174479166666,2.0453259898153786
11685,1,1.128,1.128,0.0,1.414,245,1445,135.0,1.0,1.642799616294013,1.4457772812499998,1.4457772812499998,1.8123484713541664,1.2817174479166666,1.4462638771355416
11686,2,2.257,1.128,0.0,2.236,3272,1445,153.435,1.0,3.285599232588026,2.892836279947917,1.4457772812499998,2.865920213541667,1.2817174479166666,2.0453259898153786
11687,3,2.365,1.615,45.0,2.828,3352,1447,45.0,2.0,4.928398848882039,3.0312617643229167,2.069973678385417,3.624696942708333,2.5634348958333333,2.5050025163503102
11688,1,1.128,1.128,0.0,1.414,3558,1445,135.0,1.0,1.642799616294013,1.4457772812499998,1.4457772812499998,1.8123484713541664,1.2817174479166666,1.4462638771355416
11689,1,1.128,1.128,0.0,1.414,3792,1445,135.0,1.0,1.642799616294013,1.4457772812499998,1.4457772812499998,1.8123484713541664,1.2817174479166666,1.4462638771355416
11690,8,3.978,2.56,65.593,4.472,216,1450,63.435,3.0,13.142396930352104,5.0986720078125005,3.2811966666666668,5.731840427083334,3.8451523437499997,4.090651979630757
11691,16,7.472,2.726,93.613,8.246,286,1446,104.036,3.0,26.28479386070421,9.576992770833334,3.4939617630208333,10.569042075520834,3.8451523437499997,5.785055508542166
11692,1,1.128,1.128,0.0,1.414,349,1446,135.0,1.0,1.642799616294013,1.4457772812499998,1.4457772812499998,1.8123484713541664,1.2817174479166666,1.4462638771355416
11693,35,7.924,5.624,5.775,8.944,366,1448,153.435,7.0,57.49798657029046,10.156329057291668,7.2083789270833325,11.463680854166668,8.972022135416667,8.556212484548844
11694,7,4.11,2.168,157.5,4.472,388,1447,153.435,2.683,11.499597314058091,5.2678587109375,2.7787634270833337,5.731840427083334,3.4388479127604166,3.826454549076717
11695,9,3.769,3.04,145.278,5.0,456,1446,143.13,3.883,14.785196546646118,4.830793061197917,3.8964210416666667,6.408587239583333,4.976908850260417,4.338791631406624
11696,10,5.788,2.2,57.131,7.211,466,1452,56.31,3.536,16.42799616294013,7.4185805885416665,2.819778385416667,9.242464516927084,4.532152895833334,4.573487949374228
11697,2,2.257,1.128,90.0,2.236,479,1446,116.565,1.0,3.285599232588026,2.892836279947917,1.4457772812499998,2.865920213541667,1.2817174479166666,2.0453259898153786
11698,1,1.128,1.128,0.0,1.414,481,1446,135.0,1.0,1.642799616294013,1.4457772812499998,1.4457772812499998,1.8123484713541664,1.2817174479166666,1.4462638771355416
11699,15,5.614,3.402,164.518,6.708,512,1447,153.435,4.0,24.641994244410196,7.195561752604166,4.3604027578125,8.597760640625,5.126869791666667,5.601355910367322
11700,1,1.128,1.128,0.0,1.414,3567,1446,135.0,1.0,1.642799616294013,1.4457772812499998,1.4457772812499998,1.8123484713541664,1.2817174479166666,1.4462638771355416
11701,3,2.365,1.615,45.0,2.828,3668,1448,45.0,2.0,4.928398848882039,3.0312617643229167,2.069973678385417,3.624696942708333,2.5634348958333333,2.5050025163503102
11702,72,10.291,8.908,36.023,16.279,3744,1459,42.51,12.0,118.28157237316894,13.190154256510416,11.417539026041666,20.865078334635417,15.380609374999999,12.27195593889227
11703,7,3.507,2.542,149.527,4.243,201,1447,135.0,3.0,11.499597314058091,4.49498308984375,3.2581257526041663,5.438327131510417,3.8451523437499997,3.826454549076717
11704,1,1.128,1.128,0.0,1.414,231,1447,135.0,1.0,1.642799616294013,1.4457772812499998,1.4457772812499998,1.8123484713541664,1.2817174479166666,1.4462638771355416
11705,1,1.128,1.128,0.0,1.414,282,1447,135.0,1.0,1.642799616294013,1.4457772812499998,1.4457772812499998,1.8123484713541664,1.2817174479166666,1.4462638771355416
11706,2,2.257,1.128,0.0,2.236,301,1447,153.435,1.0,3.285599232588026,2.892836279947917,1.4457772812499998,2.865920213541667,1.2817174479166666,2.0453259898153786
11707,3,3.385,1.128,90.0,3.162,341,1447,108.435,1.0,4.928398848882039,4.338613561197916,1.4457772812499998,4.0527905703125,1.2817174479166666,2.5050025163503102
11708,1,1.128,1.128,0.0,1.414,637,1447,135.0,1.0,1.642799616294013,1.4457772812499998,1.4457772812499998,1.8123484713541664,1.2817174479166666,1.4462638771355416
11709,1,1.128,1.128,0.0,1.414,3345,1447,135.0,1.0,1.642799616294013,1.4457772812499998,1.4457772812499998,1.8123484713541664,1.2817174479166666,1.4462638771355416
11710,3,2.365,1.615,45.0,2.828,3640,1449,45.0,2.0,4.928398848882039,3.0312617643229167,2.069973678385417,3.624696942708333,2.5634348958333333,2.5050025163503102
11711,1,1.128,1.128,0.0,1.414,3649,1447,135.0,1.0,1.642799616294013,1.4457772812499998,1.4457772812499998,1.8123484713541664,1.2817174479166666,1.4462638771355416
11712,1,1.128,1.128,0.0,1.414,3740,1447,135.0,1.0,1.642799616294013,1.4457772812499998,1.4457772812499998,1.8123484713541664,1.2817174479166666,1.4462638771355416
11713,42,10.379,5.152,150.794,12.042,275,1448,138.366,6.641,68.99758388434854,13.302945391927082,6.603408291666667,15.4344415078125,8.511885571614583,9.372861169189449
11714,2,2.257,1.128,90.0,2.236,450,1448,116.565,1.0,3.285599232588026,2.892836279947917,1.4457772812499998,2.865920213541667,1.2817174479166666,2.0453259898153786
11715,4,3.216,1.583,121.717,3.606,510,1448,123.69,2.0,6.571198465176052,4.1220033125,2.028958720052083,4.6218731171875,2.5634348958333333,2.892527754271083
11716,2,2.257,1.128,90.0,2.236,691,1448,116.565,1.0,3.285599232588026,2.892836279947917,1.4457772812499998,2.865920213541667,1.2817174479166666,2.0453259898153786
11717,3,2.365,1.615,135.0,2.828,3348,1448,135.0,2.0,4.928398848882039,3.0312617643229167,2.069973678385417,3.624696942708333,2.5634348958333333,2.5050025163503102
11718,1,1.128,1.128,0.0,1.414,3459,1448,135.0,1.0,1.642799616294013,1.4457772812499998,1.4457772812499998,1.8123484713541664,1.2817174479166666,1.4462638771355416
11719,3,2.365,1.615,45.0,2.828,3702,1450,45.0,2.0,4.928398848882039,3.0312617643229167,2.069973678385417,3.624696942708333,2.5634348958333333,2.5050025163503102
11720,14,7.636,2.334,177.869,8.246,3722,1448,165.964,3.0,22.999194628116182,9.787194432291667,2.9915285234375,10.569042075520834,3.8451523437499997,5.411423919108519
11721,1,1.128,1.128,0.0,1.414,220,1449,135.0,1.0,1.642799616294013,1.4457772812499998,1.4457772812499998,1.8123484713541664,1.2817174479166666,1.4462638771355416
11722,1,1.128,1.128,0.0,1.414,299,1449,135.0,1.0,1.642799616294013,1.4457772812499998,1.4457772812499998,1.8123484713541664,1.2817174479166666,1.4462638771355416
11723,1,1.128,1.128,0.0,1.414,346,1449,135.0,1.0,1.642799616294013,1.4457772812499998,1.4457772812499998,1.8123484713541664,1.2817174479166666,1.4462638771355416
11724,1,1.128,1.128,0.0,1.414,348,1449,135.0,1.0,1.642799616294013,1.4457772812499998,1.4457772812499998,1.8123484713541664,1.2817174479166666,1.4462638771355416
11725,1,1.128,1.128,0.0,1.414,418,1449,135.0,1.0,1.642799616294013,1.4457772812499998,1.4457772812499998,1.8123484713541664,1.2817174479166666,1.4462638771355416
11726,6,3.441,2.22,16.845,4.472,580,1452,26.565,3.0,9.856797697764078,4.41038973828125,2.845412734375,5.731840427083334,3.8451523437499997,3.5426085324013394
11727,3,2.365,1.615,135.0,2.828,3418,1449,135.0,2.0,4.928398848882039,3.0312617643229167,2.069973678385417,3.624696942708333,2.5634348958333333,2.5050025163503102
11728,1,1.128,1.128,0.0,1.414,3456,1449,135.0,1.0,1.642799616294013,1.4457772812499998,1.4457772812499998,1.8123484713541664,1.2817174479166666,1.4462638771355416
11729,13,6.836,2.421,143.495,7.81,3578,1449,140.194,3.328,21.35639501182217,8.761820473958334,3.10303794140625,10.010213268229165,4.265555666666667,5.214578566863546
11730,34,8.963,4.83,62.453,11.314,3606,1458,45.0,6.128,55.855186953996444,11.488033485677082,6.1906952734375,14.501351205729167,7.854364520833333,8.433095094829797
11731,1,1.128,1.128,0.0,1.414,3709,1449,135.0,1.0,1.642799616294013,1.4457772812499998,1.4457772812499998,1.8123484713541664,1.2817174479166666,1.4462638771355416
11732,2,2.257,1.128,0.0,2.236,3806,1449,153.435,1.0,3.285599232588026,2.892836279947917,1.4457772812499998,2.865920213541667,1.2817174479166666,2.0453259898153786
11733,2,2.257,1.128,0.0,2.236,3814,1449,153.435,1.0,3.285599232588026,2.892836279947917,1.4457772812499998,2.865920213541667,1.2817174479166666,2.0453259898153786
11734,2,2.257,1.128,0.0,2.236,3823,1449,153.435,1.0,3.285599232588026,2.892836279947917,1.4457772812499998,2.865920213541667,1.2817174479166666,2.0453259898153786
11735,9,4.77,2.402,37.372,5.657,328,1454,45.0,3.479,14.785196546646118,6.1137922265624995,3.0786853098958336,7.250675602864583,4.459095001302083,4.338791631406624
11736,4,2.257,2.257,0.0,2.828,462,1450,135.0,2.0,6.571198465176052,2.892836279947917,2.892836279947917,3.624696942708333,2.5634348958333333,2.892527754271083
11737,83,13.016,8.119,4.494,19.105,528,1458,6.009,12.0,136.35236815240307,16.682834302083332,10.406263959635416,24.487211842447916,15.380609374999999,13.17609099055906
11738,4,2.734,1.863,90.0,3.162,613,1450,108.435,2.0,6.571198465176052,3.5042155026041666,2.38783960546875,4.0527905703125,2.5634348958333333,2.892527754271083
11739,5,4.183,1.522,79.099,4.472,648,1454,63.435,2.0,8.213998081470065,5.361424084635416,1.9507739557291666,5.731840427083334,2.5634348958333333,3.2339443426774745
11740,7,3.516,2.535,100.901,4.123,3361,1450,104.036,3.0,11.499597314058091,4.506518546875,3.24915373046875,5.284521037760417,3.8451523437499997,3.826454549076717
11741,10,6.69,1.903,176.04,7.28,3465,1450,164.055,2.0,16.42799616294013,8.5746897265625,2.439108303385417,9.330903020833334,2.5634348958333333,4.573487949374228
11742,1,1.128,1.128,0.0,1.414,3487,1450,135.0,1.0,1.642799616294013,1.4457772812499998,1.4457772812499998,1.8123484713541664,1.2817174479166666,1.4462638771355416
11743,1,1.128,1.128,0.0,1.414,3501,1450,135.0,1.0,1.642799616294013,1.4457772812499998,1.4457772812499998,1.8123484713541664,1.2817174479166666,1.4462638771355416
11744,369,29.783,15.775,90.897,41.773,3543,1491,78.959,22.0,606.1930584124908,38.17339075130209,20.219092740885415,53.54118295182292,28.197783854166666,27.781821856230568
11745,2,2.257,1.128,0.0,2.236,3600,1450,153.435,1.0,3.285599232588026,2.892836279947917,1.4457772812499998,2.865920213541667,1.2817174479166666,2.0453259898153786
11746,29,10.682,3.457,98.417,11.18,3665,1450,116.565,4.417,47.64118887252638,13.691305778645834,4.430897217447916,14.329601067708333,5.661345967447916,7.788369332980218
11747,22,6.06,4.622,169.592,8.062,3675,1456,29.745,6.0,36.141591558468285,7.767207734374999,5.924098044270833,10.333206065104166,7.690304687499999,6.78357888217988
11748,11,7.775,1.801,26.063,8.062,3706,1454,29.745,2.683,18.070795779234142,9.965353157552084,2.3083731236979164,10.333206065104166,3.4388479127604166,4.796714628303253
11749,9,4.196,2.731,96.047,4.472,3736,1450,116.565,3.0,14.785196546646118,5.378086411458333,3.5003703502604164,5.731840427083334,3.8451523437499997,4.338791631406624
11750,8,4.936,2.064,79.099,5.385,254,1456,68.199,2.0,13.142396930352104,6.326557322916666,2.6454648125,6.90204845703125,2.5634348958333333,4.090651979630757
11751,4,3.969,1.283,17.609,4.472,343,1453,26.565,1.897,6.571198465176052,5.08713655078125,1.644443485677083,5.731840427083334,2.4314179986979165,2.892527754271083
11752,1,1.128,1.128,0.0,1.414,403,1451,135.0,1.0,1.642799616294013,1.4457772812499998,1.4457772812499998,1.8123484713541664,1.2817174479166666,1.4462638771355416
11753,2,2.596,0.981,135.0,2.828,451,1451,135.0,1.414,3.285599232588026,3.327338494791667,1.2573648164062499,3.624696942708333,1.8123484713541664,2.0453259898153786
11754,6,3.385,2.257,90.0,3.606,630,1451,123.69,2.0,9.856797697764078,4.338613561197916,2.892836279947917,4.6218731171875,2.5634348958333333,3.5426085324013394
11755,1,1.128,1.128,0.0,1.414,3342,1451,135.0,1.0,1.642799616294013,1.4457772812499998,1.4457772812499998,1.8123484713541664,1.2817174479166666,1.4462638771355416
11756,1,1.128,1.128,0.0,1.414,3473,1451,135.0,1.0,1.642799616294013,1.4457772812499998,1.4457772812499998,1.8123484713541664,1.2817174479166666,1.4462638771355416
11757,1,1.128,1.128,0.0,1.414,3634,1451,135.0,1.0,1.642799616294013,1.4457772812499998,1.4457772812499998,1.8123484713541664,1.2817174479166666,1.4462638771355416
11758,1,1.128,1.128,0.0,1.414,3690,1451,135.0,1.0,1.642799616294013,1.4457772812499998,1.4457772812499998,1.8123484713541664,1.2817174479166666,1.4462638771355416
11759,4,3.676,1.385,129.69,4.243,3720,1451,135.0,2.121,6.571198465176052,4.711593338541666,1.7751786653645834,5.438327131510417,2.71852270703125,2.892527754271083
11760,111828,461.0,308.859,72.998,756.904,3342,2028,48.857,485.888,183710.9954909269,590.8717434895833,395.8699692460937,970.1370631979166,622.7711273333333,483.64067429818346
11761,1,1.128,1.128,0.0,1.414,3824,1451,135.0,1.0,1.642799616294013,1.4457772812499998,1.4457772812499998,1.8123484713541664,1.2817174479166666,1.4462638771355416
11762,50,12.413,5.129,55.514,15.652,259,1466,63.435,7.938,82.13998081470065,15.909958680989583,6.573928790364582,20.061441494791666,10.1742731015625,10.226629949076893
11763,22,6.267,4.47,83.016,8.544,291,1460,69.444,6.0,36.141591558468285,8.032523246093751,5.7292769921875,10.950993875,7.690304687499999,6.78357888217988
11764,18,5.838,3.926,176.102,7.616,303,1457,23.199,5.883,29.570393093292235,7.4826664609375,5.032022700520834,9.761560083333332,7.5403437460937495,6.135977969446135
11765,1,1.128,1.128,0.0,1.414,326,1452,135.0,1.0,1.642799616294013,1.4457772812499998,1.4457772812499998,1.8123484713541664,1.2817174479166666,1.4462638771355416
11766,1,1.128,1.128,0.0,1.414,405,1452,135.0,1.0,1.642799616294013,1.4457772812499998,1.4457772812499998,1.8123484713541664,1.2817174479166666,1.4462638771355416
11767,6,3.718,2.055,36.87,4.243,3498,1455,45.0,2.683,9.856797697764078,4.765425471354167,2.63392935546875,5.438327131510417,3.4388479127604166,3.5426085324013394
11768,10,5.046,2.523,41.634,5.657,3598,1456,45.0,3.536,16.42799616294013,6.4675462421875,3.23377312109375,7.250675602864583,4.532152895833334,4.573487949374228
11769,1,1.128,1.128,0.0,1.414,3629,1452,135.0,1.0,1.642799616294013,1.4457772812499998,1.4457772812499998,1.8123484713541664,1.2817174479166666,1.4462638771355416
11770,7,3.131,2.846,45.001,4.243,3700,1456,45.0,3.536,11.499597314058091,4.013057329427083,3.6477678567708334,5.438327131510417,4.532152895833334,3.826454549076717
11771,2,2.257,1.128,0.0,2.236,3730,1452,153.435,1.0,3.285599232588026,2.892836279947917,1.4457772812499998,2.865920213541667,1.2817174479166666,2.0453259898153786
11772,3,3.385,1.128,90.0,3.162,3743,1452,108.435,1.0,4.928398848882039,4.338613561197916,1.4457772812499998,4.0527905703125,1.2817174479166666,2.5050025163503102
11773,1,1.128,1.128,0.0,1.414,3787,1452,135.0,1.0,1.642799616294013,1.4457772812499998,1.4457772812499998,1.8123484713541664,1.2817174479166666,1.4462638771355416
11774,2,2.596,0.981,135.0,2.828,3821,1452,135.0,1.414,3.285599232588026,3.327338494791667,1.2573648164062499,3.624696942708333,1.8123484713541664,2.0453259898153786
11775,4,2.257,2.257,0.0,2.828,270,1453,135.0,2.0,6.571198465176052,2.892836279947917,2.892836279947917,3.624696942708333,2.5634348958333333,2.892527754271083
11776,1,1.128,1.128,0.0,1.414,285,1453,135.0,1.0,1.642799616294013,1.4457772812499998,1.4457772812499998,1.8123484713541664,1.2817174479166666,1.4462638771355416
11777,4,3.676,1.385,129.69,4.243,296,1453,135.0,2.121,6.571198465176052,4.711593338541666,1.7751786653645834,5.438327131510417,2.71852270703125,2.892527754271083
11778,1,1.128,1.128,0.0,1.414,350,1453,135.0,1.0,1.642799616294013,1.4457772812499998,1.4457772812499998,1.8123484713541664,1.2817174479166666,1.4462638771355416
11779,1,1.128,1.128,0.0,1.414,489,1453,135.0,1.0,1.642799616294013,1.4457772812499998,1.4457772812499998,1.8123484713541664,1.2817174479166666,1.4462638771355416
11780,2,2.257,1.128,0.0,2.236,3324,1453,153.435,1.0,3.285599232588026,2.892836279947917,1.4457772812499998,2.865920213541667,1.2817174479166666,2.0453259898153786
11781,1,1.128,1.128,0.0,1.414,3403,1453,135.0,1.0,1.642799616294013,1.4457772812499998,1.4457772812499998,1.8123484713541664,1.2817174479166666,1.4462638771355416
11782,2,2.257,1.128,0.0,2.236,3558,1453,153.435,1.0,3.285599232588026,2.892836279947917,1.4457772812499998,2.865920213541667,1.2817174479166666,2.0453259898153786
11783,7,4.265,2.09,41.579,5.0,3560,1456,36.87,2.828,11.499597314058091,5.466524915364583,2.678789466145833,6.408587239583333,3.624696942708333,3.826454549076717
11784,3,3.385,1.128,90.0,3.162,3685,1453,108.435,1.0,4.928398848882039,4.338613561197916,1.4457772812499998,4.0527905703125,1.2817174479166666,2.5050025163503102
11785,1,1.128,1.128,0.0,1.414,3759,1453,135.0,1.0,1.642799616294013,1.4457772812499998,1.4457772812499998,1.8123484713541664,1.2817174479166666,1.4462638771355416
11786,4,3.676,1.385,39.69,4.243,319,1457,45.0,2.121,6.571198465176052,4.711593338541666,1.7751786653645834,5.438327131510417,2.71852270703125,2.892527754271083
11787,3,2.365,1.615,135.0,2.828,361,1454,135.0,2.0,4.928398848882039,3.0312617643229167,2.069973678385417,3.624696942708333,2.5634348958333333,2.5050025163503102
11788,16,5.289,3.851,117.724,7.211,386,1454,123.69,4.0,26.28479386070421,6.779003582031249,4.935893891927083,9.242464516927084,5.126869791666667,5.785055508542166
11789,12,4.514,3.385,90.0,5.0,450,1454,126.87,3.0,19.713595395528156,5.785672559895834,4.338613561197916,6.408587239583333,3.8451523437499997,5.0100050327006205
11790,3,2.365,1.615,135.0,2.828,3363,1454,135.0,2.0,4.928398848882039,3.0312617643229167,2.069973678385417,3.624696942708333,2.5634348958333333,2.5050025163503102
11791,5,4.409,1.444,130.735,5.0,3489,1454,126.87,2.121,8.213998081470065,5.6510922278645825,1.8507999947916665,6.408587239583333,2.71852270703125,3.2339443426774745
11792,1,1.128,1.128,0.0,1.414,3633,1454,135.0,1.0,1.642799616294013,1.4457772812499998,1.4457772812499998,1.8123484713541664,1.2817174479166666,1.4462638771355416
11793,26,8.524,3.884,1.334,11.18,3758,1459,10.305,5.821,42.71279002364434,10.925359526041666,4.978190567708333,14.329601067708333,7.460877264322916,7.374527731318484
11794,2,2.257,1.128,0.0,2.236,3825,1454,153.435,1.0,3.285599232588026,2.892836279947917,1.4457772812499998,2.865920213541667,1.2817174479166666,2.0453259898153786
11795,1,1.128,1.128,0.0,1.414,277,1455,135.0,1.0,1.642799616294013,1.4457772812499998,1.4457772812499998,1.8123484713541664,1.2817174479166666,1.4462638771355416
11796,1,1.128,1.128,0.0,1.414,328,1455,135.0,1.0,1.642799616294013,1.4457772812499998,1.4457772812499998,1.8123484713541664,1.2817174479166666,1.4462638771355416
11797,1,1.128,1.128,0.0,1.414,585,1455,135.0,1.0,1.642799616294013,1.4457772812499998,1.4457772812499998,1.8123484713541664,1.2817174479166666,1.4462638771355416
11798,1,1.128,1.128,0.0,1.414,3536,1455,135.0,1.0,1.642799616294013,1.4457772812499998,1.4457772812499998,1.8123484713541664,1.2817174479166666,1.4462638771355416
11799,11,4.177,3.353,48.291,7.071,3627,1460,45.0,4.707,18.070795779234142,5.353733779947916,4.297598602864584,9.063024074218749,6.03304402734375,4.796714628303253
11800,6,4.068,1.878,125.072,5.0,3707,1455,126.87,2.683,9.856797697764078,5.214026578124999,2.4070653671874997,6.408587239583333,3.4388479127604166,3.5426085324013394
11801,5,3.244,1.963,90.0,3.606,3731,1455,123.69,2.0,8.213998081470065,4.157891401041667,2.516011350260417,4.6218731171875,2.5634348958333333,3.2339443426774745
11802,1,1.128,1.128,0.0,1.414,313,1456,135.0,1.0,1.642799616294013,1.4457772812499998,1.4457772812499998,1.8123484713541664,1.2817174479166666,1.4462638771355416
11803,4,4.428,1.15,36.091,5.0,632,1459,36.87,1.941,6.571198465176052,5.675444859375,1.4739750651041665,6.408587239583333,2.48781356640625,2.892527754271083
11804,2,2.257,1.128,90.0,2.236,3449,1456,116.565,1.0,3.285599232588026,2.892836279947917,1.4457772812499998,2.865920213541667,1.2817174479166666,2.0453259898153786
11805,128,15.922,10.236,118.28,20.518,3516,1457,133.025,13.727,210.27835088563367,20.407505205729166,13.119659796875,26.298278596354166,17.594135407552084,16.36260791852303
11806,1,1.128,1.128,0.0,1.414,3633,1456,135.0,1.0,1.642799616294013,1.4457772812499998,1.4457772812499998,1.8123484713541664,1.2817174479166666,1.4462638771355416
11807,55,12.19,5.745,114.839,15.264,3692,1457,121.608,8.0,90.35397889617072,15.624135690104167,7.36346673828125,19.564135125,10.253739583333333,10.72577997755371
11808,2,2.257,1.128,90.0,2.236,245,1457,116.565,1.0,3.285599232588026,2.892836279947917,1.4457772812499998,2.865920213541667,1.2817174479166666,2.0453259898153786
11809,5,3.144,2.025,108.435,3.606,278,1457,123.69,2.0,8.213998081470065,4.02971965625,2.59547783203125,4.6218731171875,2.5634348958333333,3.2339443426774745
11810,3,3.385,1.128,90.0,3.162,301,1457,108.435,1.0,4.928398848882039,4.338613561197916,1.4457772812499998,4.0527905703125,1.2817174479166666,2.5050025163503102
11811,1,1.128,1.128,0.0,1.414,3275,1457,135.0,1.0,1.642799616294013,1.4457772812499998,1.4457772812499998,1.8123484713541664,1.2817174479166666,1.4462638771355416
11812,1,1.128,1.128,0.0,1.414,3323,1457,135.0,1.0,1.642799616294013,1.4457772812499998,1.4457772812499998,1.8123484713541664,1.2817174479166666,1.4462638771355416
11813,1,1.128,1.128,0.0,1.414,3652,1457,135.0,1.0,1.642799616294013,1.4457772812499998,1.4457772812499998,1.8123484713541664,1.2817174479166666,1.4462638771355416
11814,1,1.128,1.128,0.0,1.414,3672,1457,135.0,1.0,1.642799616294013,1.4457772812499998,1.4457772812499998,1.8123484713541664,1.2817174479166666,1.4462638771355416
11815,1,1.128,1.128,0.0,1.414,275,1458,135.0,1.0,1.642799616294013,1.4457772812499998,1.4457772812499998,1.8123484713541664,1.2817174479166666,1.4462638771355416
11816,4,2.734,1.863,90.0,3.162,287,1458,108.435,2.0,6.571198465176052,3.5042155026041666,2.38783960546875,4.0527905703125,2.5634348958333333,2.892527754271083
11817,3,2.365,1.615,135.0,2.828,334,1458,135.0,2.0,4.928398848882039,3.0312617643229167,2.069973678385417,3.624696942708333,2.5634348958333333,2.5050025163503102
11818,1,1.128,1.128,0.0,1.414,481,1458,135.0,1.0,1.642799616294013,1.4457772812499998,1.4457772812499998,1.8123484713541664,1.2817174479166666,1.4462638771355416
11819,8,5.683,1.792,173.265,6.325,3642,1458,161.565,2.0,13.142396930352104,7.284000256510416,2.2968376666666668,8.106862858072917,2.5634348958333333,4.090651979630757
11820,19,6.519,3.711,56.107,7.211,3710,1464,33.69,4.919,31.21319270958625,8.35551604296875,4.75645344921875,9.242464516927084,6.304768126302083,6.304118086127151
11821,137,19.24,9.066,148.843,26.249,3719,1467,162.255,14.248,225.0635474322798,24.660243697916663,11.6200503828125,33.64380129036458,18.261910197916666,16.928084673585392
11822,1,1.128,1.128,0.0,1.414,585,1459,135.0,1.0,1.642799616294013,1.4457772812499998,1.4457772812499998,1.8123484713541664,1.2817174479166666,1.4462638771355416
11823,1,1.128,1.128,0.0,1.414,630,1459,135.0,1.0,1.642799616294013,1.4457772812499998,1.4457772812499998,1.8123484713541664,1.2817174479166666,1.4462638771355416
11824,1,1.128,1.128,0.0,1.414,680,1459,135.0,1.0,1.642799616294013,1.4457772812499998,1.4457772812499998,1.8123484713541664,1.2817174479166666,1.4462638771355416
11825,2,2.257,1.128,0.0,2.236,3488,1459,153.435,1.0,3.285599232588026,2.892836279947917,1.4457772812499998,2.865920213541667,1.2817174479166666,2.0453259898153786
11826,53,8.902,7.581,96.368,11.18,225,1460,116.565,9.391,87.06837966358269,11.409848721354166,9.71669997265625,14.329601067708333,12.036608553385417,10.528959954443641
11827,10,5.793,2.198,149.515,6.403,283,1460,141.34,3.13,16.42799616294013,7.42498917578125,2.817214950520833,8.206836819010416,4.011775611979166,4.573487949374228
11828,9,5.866,1.953,100.278,6.325,295,1460,108.435,2.0,14.785196546646118,7.518554549479166,2.50319417578125,8.106862858072917,2.5634348958333333,4.338791631406624
11829,17,7.14,3.031,136.691,8.485,344,1460,135.0,4.243,27.927593476998222,9.151462578124999,3.8848855846354167,10.875372545572915,5.438327131510417,5.963098727945161
11830,13,5.856,2.827,105.573,6.708,363,1460,116.565,3.0,21.35639501182217,7.505737375,3.6234152252604166,8.597760640625,3.8451523437499997,5.214578566863546
11831,1,1.128,1.128,0.0,1.414,402,1460,135.0,1.0,1.642799616294013,1.4457772812499998,1.4457772812499998,1.8123484713541664,1.2817174479166666,1.4462638771355416
11832,4,2.257,2.257,0.0,2.828,418,1460,135.0,2.0,6.571198465176052,2.892836279947917,2.892836279947917,3.624696942708333,2.5634348958333333,2.892527754271083
11833,2,2.596,0.981,45.0,2.828,428,1462,45.0,1.414,3.285599232588026,3.327338494791667,1.2573648164062499,3.624696942708333,1.8123484713541664,2.0453259898153786
11834,1,1.128,1.128,0.0,1.414,3617,1460,135.0,1.0,1.642799616294013,1.4457772812499998,1.4457772812499998,1.8123484713541664,1.2817174479166666,1.4462638771355416
11835,7,3.69,2.416,33.401,4.472,3649,1463,26.565,3.0,11.499597314058091,4.7295373828125,3.0966293541666663,5.731840427083334,3.8451523437499997,3.826454549076717
11836,27,8.915,3.856,97.239,10.198,3686,1470,78.69,5.687,44.35558963993835,11.426511048177082,4.942302479166666,13.070954533854167,7.289127126302083,7.515007549050931
11837,3,2.365,1.615,45.0,2.828,3734,1462,45.0,2.0,4.928398848882039,3.0312617643229167,2.069973678385417,3.624696942708333,2.5634348958333333,2.5050025163503102
11838,1,1.128,1.128,0.0,1.414,3799,1460,135.0,1.0,1.642799616294013,1.4457772812499998,1.4457772812499998,1.8123484713541664,1.2817174479166666,1.4462638771355416
11839,3,3.385,1.128,0.0,3.162,275,1461,161.565,1.0,4.928398848882039,4.338613561197916,1.4457772812499998,4.0527905703125,1.2817174479166666,2.5050025163503102
11840,2,2.596,0.981,135.0,2.828,340,1461,135.0,1.414,3.285599232588026,3.327338494791667,1.2573648164062499,3.624696942708333,1.8123484713541664,2.0453259898153786
11841,1,1.128,1.128,0.0,1.414,391,1461,135.0,1.0,1.642799616294013,1.4457772812499998,1.4457772812499998,1.8123484713541664,1.2817174479166666,1.4462638771355416
11842,3,2.365,1.615,135.0,2.828,607,1461,135.0,2.0,4.928398848882039,3.0312617643229167,2.069973678385417,3.624696942708333,2.5634348958333333,2.5050025163503102
11843,1,1.128,1.128,0.0,1.414,634,1461,135.0,1.0,1.642799616294013,1.4457772812499998,1.4457772812499998,1.8123484713541664,1.2817174479166666,1.4462638771355416
11844,1,1.128,1.128,0.0,1.414,3517,1461,135.0,1.0,1.642799616294013,1.4457772812499998,1.4457772812499998,1.8123484713541664,1.2817174479166666,1.4462638771355416
11845,48,10.811,5.653,28.252,14.213,3666,1472,50.711,9.899,78.85438158211262,13.856647329427084,7.245548733072916,18.21705008723958,12.687721016927082,10.020010065401241
11846,2,2.257,1.128,90.0,2.236,3742,1461,116.565,1.0,3.285599232588026,2.892836279947917,1.4457772812499998,2.865920213541667,1.2817174479166666,2.0453259898153786
11847,3,2.365,1.615,45.0,2.828,3745,1463,45.0,2.0,4.928398848882039,3.0312617643229167,2.069973678385417,3.624696942708333,2.5634348958333333,2.5050025163503102
11848,3,2.365,1.615,45.0,2.828,203,1464,45.0,2.0,4.928398848882039,3.0312617643229167,2.069973678385417,3.624696942708333,2.5634348958333333,2.5050025163503102
11849,27,6.798,5.057,146.694,8.485,382,1462,135.0,6.0,44.35558963993835,8.7131152109375,6.481645134114584,10.875372545572915,7.690304687499999,7.515007549050931
11850,3,2.365,1.615,45.0,2.828,448,1464,45.0,2.0,4.928398848882039,3.0312617643229167,2.069973678385417,3.624696942708333,2.5634348958333333,2.5050025163503102
11851,4,2.257,2.257,0.0,2.828,480,1462,135.0,2.0,6.571198465176052,2.892836279947917,2.892836279947917,3.624696942708333,2.5634348958333333,2.892527754271083
11852,1,1.128,1.128,0.0,1.414,3559,1462,135.0,1.0,1.642799616294013,1.4457772812499998,1.4457772812499998,1.8123484713541664,1.2817174479166666,1.4462638771355416
11853,1,1.128,1.128,0.0,1.414,3605,1462,135.0,1.0,1.642799616294013,1.4457772812499998,1.4457772812499998,1.8123484713541664,1.2817174479166666,1.4462638771355416
11854,2,2.257,1.128,90.0,2.236,3689,1462,116.565,1.0,3.285599232588026,2.892836279947917,1.4457772812499998,2.865920213541667,1.2817174479166666,2.0453259898153786
11855,1,1.128,1.128,0.0,1.414,3749,1462,135.0,1.0,1.642799616294013,1.4457772812499998,1.4457772812499998,1.8123484713541664,1.2817174479166666,1.4462638771355416
11856,1,1.128,1.128,0.0,1.414,3753,1462,135.0,1.0,1.642799616294013,1.4457772812499998,1.4457772812499998,1.8123484713541664,1.2817174479166666,1.4462638771355416
11857,16,6.007,3.392,34.363,9.434,3758,1467,32.005,4.95,26.28479386070421,7.699276709635416,4.347585583333333,12.091722403645832,6.3445013671875,5.785055508542166
11858,1,1.128,1.128,0.0,1.414,207,1463,135.0,1.0,1.642799616294013,1.4457772812499998,1.4457772812499998,1.8123484713541664,1.2817174479166666,1.4462638771355416
11859,3,2.365,1.615,45.0,2.828,302,1465,45.0,2.0,4.928398848882039,3.0312617643229167,2.069973678385417,3.624696942708333,2.5634348958333333,2.5050025163503102
11860,2,2.257,1.128,0.0,2.236,310,1463,153.435,1.0,3.285599232588026,2.892836279947917,1.4457772812499998,2.865920213541667,1.2817174479166666,2.0453259898153786
11861,2,2.257,1.128,90.0,2.236,328,1463,116.565,1.0,3.285599232588026,2.892836279947917,1.4457772812499998,2.865920213541667,1.2817174479166666,2.0453259898153786
11862,3,3.213,1.189,28.155,3.606,541,1465,33.69,1.789,4.928398848882039,4.11815816015625,1.5239620455729168,4.6218731171875,2.2929925143229166,2.5050025163503102
11863,2,2.257,1.128,90.0,2.236,3409,1463,116.565,1.0,3.285599232588026,2.892836279947917,1.4457772812499998,2.865920213541667,1.2817174479166666,2.0453259898153786
11864,3,3.385,1.128,90.0,3.162,3487,1463,108.435,1.0,4.928398848882039,4.338613561197916,1.4457772812499998,4.0527905703125,1.2817174479166666,2.5050025163503102
11865,27,8.28,4.152,3.487,9.487,3619,1465,161.565,5.0,44.35558963993835,10.612620468749999,5.32169084375,12.159653428385417,6.408587239583333,7.515007549050931
11866,1,1.128,1.128,0.0,1.414,3642,1463,135.0,1.0,1.642799616294013,1.4457772812499998,1.4457772812499998,1.8123484713541664,1.2817174479166666,1.4462638771355416
11867,1,1.128,1.128,0.0,1.414,3777,1463,135.0,1.0,1.642799616294013,1.4457772812499998,1.4457772812499998,1.8123484713541664,1.2817174479166666,1.4462638771355416
11868,10,5.793,2.198,54.11,6.403,144,1469,51.34,3.328,16.42799616294013,7.42498917578125,2.817214950520833,8.206836819010416,4.265555666666667,4.573487949374228
11869,8,4.514,2.257,90.0,4.472,254,1464,116.565,2.0,13.142396930352104,5.785672559895834,2.892836279947917,5.731840427083334,2.5634348958333333,4.090651979630757
11870,7,3.644,2.446,112.5,4.472,268,1464,116.565,3.0,11.499597314058091,4.670578380208333,3.135080877604167,5.731840427083334,3.8451523437499997,3.826454549076717
11871,3,2.365,1.615,45.0,2.828,272,1466,45.0,2.0,4.928398848882039,3.0312617643229167,2.069973678385417,3.624696942708333,2.5634348958333333,2.5050025163503102
11872,114,18.002,8.063,30.316,27.203,312,1480,36.027,14.272,187.27915625751749,23.07347749739583,10.334487782552085,34.86655973567708,18.292671416666668,15.441872589262374
11873,5,4.076,1.562,69.006,4.472,3570,1468,63.435,2.0,8.213998081470065,5.224280317708333,2.0020426536458333,5.731840427083334,2.5634348958333333,3.2339443426774745
11874,3,2.365,1.615,45.0,2.828,3586,1466,45.0,2.0,4.928398848882039,3.0312617643229167,2.069973678385417,3.624696942708333,2.5634348958333333,2.5050025163503102
11875,2,2.257,1.128,0.0,2.236,3614,1464,153.435,1.0,3.285599232588026,2.892836279947917,1.4457772812499998,2.865920213541667,1.2817174479166666,2.0453259898153786
11876,63,14.98,5.355,71.637,19.313,3699,1482,68.749,8.73,103.49637582652282,19.200127369791666,6.86359693359375,24.753809071614583,11.189393320312501,11.47936364723015
11877,1,1.128,1.128,0.0,1.414,3737,1464,135.0,1.0,1.642799616294013,1.4457772812499998,1.4457772812499998,1.8123484713541664,1.2817174479166666,1.4462638771355416
11878,18,7.988,2.869,114.72,8.944,3748,1464,116.565,4.743,29.570393093292235,10.238358973958334,3.677247358072917,11.463680854166668,6.07918585546875,6.135977969446135
11879,1,1.128,1.128,0.0,1.414,3773,1464,135.0,1.0,1.642799616294013,1.4457772812499998,1.4457772812499998,1.8123484713541664,1.2817174479166666,1.4462638771355416
11880,1,1.128,1.128,0.0,1.414,265,1465,135.0,1.0,1.642799616294013,1.4457772812499998,1.4457772812499998,1.8123484713541664,1.2817174479166666,1.4462638771355416
11881,102,17.033,7.625,164.903,25.495,288,1467,154.44,14.0,167.56556086198933,21.831493290364584,9.773095540364583,32.677386334635415,17.944044270833334,14.606549169305087
11882,1,1.128,1.128,0.0,1.414,395,1465,135.0,1.0,1.642799616294013,1.4457772812499998,1.4457772812499998,1.8123484713541664,1.2817174479166666,1.4462638771355416
11883,1,1.128,1.128,0.0,1.414,3589,1465,135.0,1.0,1.642799616294013,1.4457772812499998,1.4457772812499998,1.8123484713541664,1.2817174479166666,1.4462638771355416
11884,8,4.249,2.397,167.443,5.0,3612,1465,143.13,3.0,13.142396930352104,5.446017436197916,3.0722767226562495,6.408587239583333,3.8451523437499997,4.090651979630757
11885,2,2.257,1.128,90.0,2.236,169,1466,116.565,1.0,3.285599232588026,2.892836279947917,1.4457772812499998,2.865920213541667,1.2817174479166666,2.0453259898153786
11886,3,2.365,1.615,135.0,2.828,257,1466,135.0,2.0,4.928398848882039,3.0312617643229167,2.069973678385417,3.624696942708333,2.5634348958333333,2.5050025163503102
11887,130,14.371,11.518,50.046,22.561,3765,1488,77.196,15.947,213.5639501182217,18.419561444010416,14.762821565104167,28.916827342447917,20.43954814192708,16.489945309185437
11888,7,4.154,2.146,81.65,4.472,3838,1470,63.435,2.0,11.499597314058091,5.324254278645833,2.7505656432291663,5.731840427083334,2.5634348958333333,3.826454549076717
11889,8,3.739,2.724,178.212,4.472,260,1470,26.565,3.0,13.142396930352104,4.792341537760416,3.4913983281250003,5.731840427083334,3.8451523437499997,4.090651979630757
11890,1,1.128,1.128,0.0,1.414,351,1467,135.0,1.0,1.642799616294013,1.4457772812499998,1.4457772812499998,1.8123484713541664,1.2817174479166666,1.4462638771355416
11891,1,1.128,1.128,0.0,1.414,454,1467,135.0,1.0,1.642799616294013,1.4457772812499998,1.4457772812499998,1.8123484713541664,1.2817174479166666,1.4462638771355416
11892,2,2.257,1.128,90.0,2.236,700,1467,116.565,1.0,3.285599232588026,2.892836279947917,1.4457772812499998,2.865920213541667,1.2817174479166666,2.0453259898153786
11893,1,1.128,1.128,0.0,1.414,3663,1467,135.0,1.0,1.642799616294013,1.4457772812499998,1.4457772812499998,1.8123484713541664,1.2817174479166666,1.4462638771355416
11894,1,1.128,1.128,0.0,1.414,3707,1467,135.0,1.0,1.642799616294013,1.4457772812499998,1.4457772812499998,1.8123484713541664,1.2817174479166666,1.4462638771355416
11895,2,2.257,1.128,0.0,2.236,3732,1467,153.435,1.0,3.285599232588026,2.892836279947917,1.4457772812499998,2.865920213541667,1.2817174479166666,2.0453259898153786
11896,5,3.732,1.706,148.283,4.243,265,1468,135.0,2.236,8.213998081470065,4.783369515625,2.1866099661458334,5.438327131510417,2.865920213541667,3.2339443426774745
11897,61,14.475,5.366,31.404,17.493,264,1479,30.964,8.558,100.2107765939348,18.552860058593748,6.877695825520833,22.421083316406246,10.968937919270832,11.295681977673365
11898,1,1.128,1.128,0.0,1.414,557,1468,135.0,1.0,1.642799616294013,1.4457772812499998,1.4457772812499998,1.8123484713541664,1.2817174479166666,1.4462638771355416
11899,3,2.365,1.615,45.0,2.828,683,1470,45.0,2.0,4.928398848882039,3.0312617643229167,2.069973678385417,3.624696942708333,2.5634348958333333,2.5050025163503102
11900,1,1.128,1.128,0.0,1.414,783,1468,135.0,1.0,1.642799616294013,1.4457772812499998,1.4457772812499998,1.8123484713541664,1.2817174479166666,1.4462638771355416
11901,8,4.308,2.364,45.0,5.657,3562,1472,45.0,3.536,13.142396930352104,5.521638765625,3.029980046875,7.250675602864583,4.532152895833334,4.090651979630757
11902,1,1.128,1.128,0.0,1.414,3633,1468,135.0,1.0,1.642799616294013,1.4457772812499998,1.4457772812499998,1.8123484713541664,1.2817174479166666,1.4462638771355416
11903,3,2.365,1.615,135.0,2.828,3689,1468,135.0,2.0,4.928398848882039,3.0312617643229167,2.069973678385417,3.624696942708333,2.5634348958333333,2.5050025163503102
11904,1,1.128,1.128,0.0,1.414,3715,1468,135.0,1.0,1.642799616294013,1.4457772812499998,1.4457772812499998,1.8123484713541664,1.2817174479166666,1.4462638771355416
11905,1,1.128,1.128,0.0,1.414,3748,1468,135.0,1.0,1.642799616294013,1.4457772812499998,1.4457772812499998,1.8123484713541664,1.2817174479166666,1.4462638771355416
11906,3,2.365,1.615,45.0,2.828,3756,1470,45.0,2.0,4.928398848882039,3.0312617643229167,2.069973678385417,3.624696942708333,2.5634348958333333,2.5050025163503102
11907,6,4.79,1.595,175.269,5.099,3792,1469,168.69,2.0,9.856797697764078,6.139426575520833,2.0443393294270833,6.535477266927083,2.5634348958333333,3.5426085324013394
11908,3,2.365,1.615,45.0,2.828,193,1471,45.0,2.0,4.928398848882039,3.0312617643229167,2.069973678385417,3.624696942708333,2.5634348958333333,2.5050025163503102
11909,3,3.385,1.128,0.0,3.162,418,1469,161.565,1.0,4.928398848882039,4.338613561197916,1.4457772812499998,4.0527905703125,1.2817174479166666,2.5050025163503102
11910,2,2.257,1.128,90.0,2.236,555,1469,116.565,1.0,3.285599232588026,2.892836279947917,1.4457772812499998,2.865920213541667,1.2817174479166666,2.0453259898153786
11911,18,6.214,3.688,126.585,7.28,566,1469,105.945,4.992,29.570393093292235,7.964592221354167,4.726973947916667,9.330903020833334,6.3983335,6.135977969446135
11912,1,1.128,1.128,0.0,1.414,703,1469,135.0,1.0,1.642799616294013,1.4457772812499998,1.4457772812499998,1.8123484713541664,1.2817174479166666,1.4462638771355416
11913,1,1.128,1.128,0.0,1.414,3575,1469,135.0,1.0,1.642799616294013,1.4457772812499998,1.4457772812499998,1.8123484713541664,1.2817174479166666,1.4462638771355416
11914,2,2.257,1.128,0.0,2.236,3610,1469,153.435,1.0,3.285599232588026,2.892836279947917,1.4457772812499998,2.865920213541667,1.2817174479166666,2.0453259898153786
11915,2,2.257,1.128,0.0,2.236,3626,1469,153.435,1.0,3.285599232588026,2.892836279947917,1.4457772812499998,2.865920213541667,1.2817174479166666,2.0453259898153786
11916,6,3.931,1.943,120.964,4.472,391,1470,116.565,2.683,9.856797697764078,5.0384312877604165,2.4903770013020834,5.731840427083334,3.4388479127604166,3.5426085324013394
11917,20,6.289,4.049,108.435,7.211,438,1470,123.69,4.0,32.85599232588026,8.060721029947915,5.189673946614584,9.242464516927084,5.126869791666667,6.467888685354949
11918,4,2.257,2.257,0.0,2.828,480,1470,135.0,2.0,6.571198465176052,2.892836279947917,2.892836279947917,3.624696942708333,2.5634348958333333,2.892527754271083
11919,12,6.145,2.486,93.365,6.325,3632,1470,108.435,3.0,19.713595395528156,7.876153717447916,3.1863495755208335,8.106862858072917,3.8451523437499997,5.0100050327006205
11920,2,2.596,0.981,45.0,2.828,3712,1472,45.0,1.414,3.285599232588026,3.327338494791667,1.2573648164062499,3.624696942708333,1.8123484713541664,2.0453259898153786
11921,8,4.635,2.198,7.546,5.385,3783,1473,21.801,3.0,13.142396930352104,5.9407603710937495,2.817214950520833,6.90204845703125,3.8451523437499997,4.090651979630757
11922,1,1.128,1.128,0.0,1.414,385,1471,135.0,1.0,1.642799616294013,1.4457772812499998,1.4457772812499998,1.8123484713541664,1.2817174479166666,1.4462638771355416
11923,1,1.128,1.128,0.0,1.414,544,1471,135.0,1.0,1.642799616294013,1.4457772812499998,1.4457772812499998,1.8123484713541664,1.2817174479166666,1.4462638771355416
11924,7,3.507,2.542,120.473,4.243,685,1471,135.0,3.0,11.499597314058091,4.49498308984375,3.2581257526041663,5.438327131510417,3.8451523437499997,3.826454549076717
11925,11,4.217,3.321,75.85,5.099,3542,1471,101.31,4.0,18.070795779234142,5.405002477864583,4.25658364453125,6.535477266927083,5.126869791666667,4.796714628303253
11926,1,1.128,1.128,0.0,1.414,3568,1471,135.0,1.0,1.642799616294013,1.4457772812499998,1.4457772812499998,1.8123484713541664,1.2817174479166666,1.4462638771355416
11927,32,7.055,5.775,5.947,8.944,3682,1476,26.565,7.0,52.56958772140842,9.042516595052083,7.40191826171875,11.463680854166668,8.972022135416667,8.181303959261514
11928,1,1.128,1.128,0.0,1.414,3797,1471,135.0,1.0,1.642799616294013,1.4457772812499998,1.4457772812499998,1.8123484713541664,1.2817174479166666,1.4462638771355416
11929,3,2.365,1.615,45.0,2.828,160,1474,45.0,2.0,4.928398848882039,3.0312617643229167,2.069973678385417,3.624696942708333,2.5634348958333333,2.5050025163503102
11930,6,3.724,2.051,39.608,5.0,229,1476,36.87,3.328,9.856797697764078,4.773115776041667,2.6288024856770833,6.408587239583333,4.265555666666667,3.5426085324013394
11931,1,1.128,1.128,0.0,1.414,246,1472,135.0,1.0,1.642799616294013,1.4457772812499998,1.4457772812499998,1.8123484713541664,1.2817174479166666,1.4462638771355416
11932,12,4.729,3.231,135.0,5.657,344,1472,135.0,4.0,19.713595395528156,6.061241811197917,4.141229074218749,7.250675602864583,5.126869791666667,5.0100050327006205
11933,1,1.128,1.128,0.0,1.414,374,1472,135.0,1.0,1.642799616294013,1.4457772812499998,1.4457772812499998,1.8123484713541664,1.2817174479166666,1.4462638771355416
11934,2,2.257,1.128,0.0,2.236,3406,1472,153.435,1.0,3.285599232588026,2.892836279947917,1.4457772812499998,2.865920213541667,1.2817174479166666,2.0453259898153786
11935,3,2.365,1.615,45.0,2.828,3522,1474,45.0,2.0,4.928398848882039,3.0312617643229167,2.069973678385417,3.624696942708333,2.5634348958333333,2.5050025163503102
11936,4,2.734,1.863,0.0,3.162,3717,1473,161.565,2.0,6.571198465176052,3.5042155026041666,2.38783960546875,4.0527905703125,2.5634348958333333,2.892527754271083
11937,4,2.734,1.863,90.0,3.162,255,1473,108.435,2.0,6.571198465176052,3.5042155026041666,2.38783960546875,4.0527905703125,2.5634348958333333,2.892527754271083
11938,3,2.365,1.615,135.0,2.828,278,1473,135.0,2.0,4.928398848882039,3.0312617643229167,2.069973678385417,3.624696942708333,2.5634348958333333,2.5050025163503102
11939,4,4.428,1.15,53.909,5.0,369,1477,53.13,1.941,6.571198465176052,5.675444859375,1.4739750651041665,6.408587239583333,2.48781356640625,2.892527754271083
11940,1,1.128,1.128,0.0,1.414,486,1473,135.0,1.0,1.642799616294013,1.4457772812499998,1.4457772812499998,1.8123484713541664,1.2817174479166666,1.4462638771355416
11941,1,1.128,1.128,0.0,1.414,3669,1473,135.0,1.0,1.642799616294013,1.4457772812499998,1.4457772812499998,1.8123484713541664,1.2817174479166666,1.4462638771355416
11942,1,1.128,1.128,0.0,1.414,3753,1473,135.0,1.0,1.642799616294013,1.4457772812499998,1.4457772812499998,1.8123484713541664,1.2817174479166666,1.4462638771355416
11943,1,1.128,1.128,0.0,1.414,3777,1473,135.0,1.0,1.642799616294013,1.4457772812499998,1.4457772812499998,1.8123484713541664,1.2817174479166666,1.4462638771355416
11944,1,1.128,1.128,0.0,1.414,237,1474,135.0,1.0,1.642799616294013,1.4457772812499998,1.4457772812499998,1.8123484713541664,1.2817174479166666,1.4462638771355416
11945,31,8.431,4.681,152.352,9.849,244,1475,156.038,5.814,50.926788105114404,10.806159803385416,5.999719373697917,12.62363514453125,7.4519052421875,8.052456474363645
11946,10,4.217,3.019,152.296,5.0,378,1474,126.87,3.795,16.42799616294013,5.405002477864583,3.869504975260417,6.408587239583333,4.86411771484375,4.573487949374228
11947,12,6.214,2.459,109.419,7.211,464,1474,123.69,3.343,19.713595395528156,7.964592221354167,3.1517432044270834,9.242464516927084,4.284781428385417,5.0100050327006205
11948,5,3.244,1.963,0.0,3.606,3513,1474,146.31,2.0,8.213998081470065,4.157891401041667,2.516011350260417,4.6218731171875,2.5634348958333333,3.2339443426774745
11949,3,2.365,1.615,45.0,2.828,3574,1476,45.0,2.0,4.928398848882039,3.0312617643229167,2.069973678385417,3.624696942708333,2.5634348958333333,2.5050025163503102
11950,3,2.365,1.615,135.0,2.828,3596,1474,135.0,2.0,4.928398848882039,3.0312617643229167,2.069973678385417,3.624696942708333,2.5634348958333333,2.5050025163503102
11951,17,4.954,4.369,168.69,5.831,3611,1475,149.036,4.0,27.927593476998222,6.349628236979166,5.599823529947916,7.473694438802084,5.126869791666667,5.963098727945161
11952,9,5.356,2.14,0.281,6.325,3639,1474,161.565,3.0,14.785196546646118,6.864878651041666,2.742875338541667,8.106862858072917,3.8451523437499997,4.338791631406624
11953,5,3.144,2.025,108.435,3.606,3676,1474,123.69,2.0,8.213998081470065,4.02971965625,2.59547783203125,4.6218731171875,2.5634348958333333,3.2339443426774745
11954,13,8.124,2.038,73.198,9.487,3719,1483,71.565,3.022,21.35639501182217,10.412672546875001,2.6121401588541664,12.159653428385417,3.873350127604166,5.214578566863546
11955,72,11.525,7.954,50.19,17.205,3742,1484,35.538,12.758,118.28157237316894,14.771793587239584,10.194780580729166,22.05194869140625,16.352151200520833,12.27195593889227
11956,3,2.365,1.615,135.0,2.828,327,1475,135.0,2.0,4.928398848882039,3.0312617643229167,2.069973678385417,3.624696942708333,2.5634348958333333,2.5050025163503102
11957,5,3.461,1.839,45.0,4.243,401,1478,45.0,2.683,8.213998081470065,4.436024087239583,2.35707838671875,5.438327131510417,3.4388479127604166,3.2339443426774745
11958,1,1.128,1.128,0.0,1.414,438,1475,135.0,1.0,1.642799616294013,1.4457772812499998,1.4457772812499998,1.8123484713541664,1.2817174479166666,1.4462638771355416
11959,1,1.128,1.128,0.0,1.414,3192,1475,135.0,1.0,1.642799616294013,1.4457772812499998,1.4457772812499998,1.8123484713541664,1.2817174479166666,1.4462638771355416
11960,1,1.128,1.128,0.0,1.414,3385,1475,135.0,1.0,1.642799616294013,1.4457772812499998,1.4457772812499998,1.8123484713541664,1.2817174479166666,1.4462638771355416
11961,2,2.257,1.128,0.0,2.236,3469,1475,153.435,1.0,3.285599232588026,2.892836279947917,1.4457772812499998,2.865920213541667,1.2817174479166666,2.0453259898153786
11962,1,1.128,1.128,0.0,1.414,3652,1475,135.0,1.0,1.642799616294013,1.4457772812499998,1.4457772812499998,1.8123484713541664,1.2817174479166666,1.4462638771355416
11963,3,3.385,1.128,90.0,3.162,3671,1475,108.435,1.0,4.928398848882039,4.338613561197916,1.4457772812499998,4.0527905703125,1.2817174479166666,2.5050025163503102
11964,1,1.128,1.128,0.0,1.414,3716,1475,135.0,1.0,1.642799616294013,1.4457772812499998,1.4457772812499998,1.8123484713541664,1.2817174479166666,1.4462638771355416
11965,1,1.128,1.128,0.0,1.414,3828,1475,135.0,1.0,1.642799616294013,1.4457772812499998,1.4457772812499998,1.8123484713541664,1.2817174479166666,1.4462638771355416
11966,113,16.073,8.951,155.916,20.616,232,1481,165.964,12.821,185.63635664122347,20.601044540364583,11.472652876302083,26.42388690625,16.432899399739583,15.373995897641755
11967,27,6.769,5.078,111.897,8.602,364,1477,125.538,6.0,44.35558963993835,8.675945404947917,6.508561200520834,11.025333486979166,7.690304687499999,7.515007549050931
11968,13,4.704,3.519,92.464,5.385,3494,1476,111.801,4.0,21.35639501182217,6.029198875,4.51036369921875,6.90204845703125,5.126869791666667,5.214578566863546
11969,1,1.128,1.128,0.0,1.414,3529,1476,135.0,1.0,1.642799616294013,1.4457772812499998,1.4457772812499998,1.8123484713541664,1.2817174479166666,1.4462638771355416
11970,1,1.128,1.128,0.0,1.414,3570,1476,135.0,1.0,1.642799616294013,1.4457772812499998,1.4457772812499998,1.8123484713541664,1.2817174479166666,1.4462638771355416
11971,1,1.128,1.128,0.0,1.414,3783,1476,135.0,1.0,1.642799616294013,1.4457772812499998,1.4457772812499998,1.8123484713541664,1.2817174479166666,1.4462638771355416
11972,5,3.144,2.025,71.565,3.606,158,1480,56.31,2.0,8.213998081470065,4.02971965625,2.59547783203125,4.6218731171875,2.5634348958333333,3.2339443426774745
11973,3,3.385,1.128,90.0,3.162,230,1477,108.435,1.0,4.928398848882039,4.338613561197916,1.4457772812499998,4.0527905703125,1.2817174479166666,2.5050025163503102
11974,1,1.128,1.128,0.0,1.414,3382,1477,135.0,1.0,1.642799616294013,1.4457772812499998,1.4457772812499998,1.8123484713541664,1.2817174479166666,1.4462638771355416
11975,1,1.128,1.128,0.0,1.414,3512,1477,135.0,1.0,1.642799616294013,1.4457772812499998,1.4457772812499998,1.8123484713541664,1.2817174479166666,1.4462638771355416
11976,3,3.213,1.189,151.845,3.606,3531,1477,146.31,1.789,4.928398848882039,4.11815816015625,1.5239620455729168,4.6218731171875,2.2929925143229166,2.5050025163503102
11977,52,11.204,5.91,22.48,14.422,3560,1486,33.69,7.519,85.42558004728868,14.360362286458335,7.5749501171875,18.48492903385417,9.637233490885416,10.429157133727092
11978,1,1.128,1.128,0.0,1.414,3731,1477,135.0,1.0,1.642799616294013,1.4457772812499998,1.4457772812499998,1.8123484713541664,1.2817174479166666,1.4462638771355416
11979,1,1.128,1.128,0.0,1.414,3777,1477,135.0,1.0,1.642799616294013,1.4457772812499998,1.4457772812499998,1.8123484713541664,1.2817174479166666,1.4462638771355416
11980,35,7.246,6.15,12.332,10.63,3786,1478,131.186,8.0,57.49798657029046,9.287324627604168,7.8825623046875,13.624656471354168,10.253739583333333,8.556212484548844
11981,3,2.365,1.615,45.0,2.828,162,1480,45.0,2.0,4.928398848882039,3.0312617643229167,2.069973678385417,3.624696942708333,2.5634348958333333,2.5050025163503102
11982,3,2.365,1.615,45.0,2.828,254,1480,45.0,2.0,4.928398848882039,3.0312617643229167,2.069973678385417,3.624696942708333,2.5634348958333333,2.5050025163503102
11983,2,2.257,1.128,90.0,2.236,502,1478,116.565,1.0,3.285599232588026,2.892836279947917,1.4457772812499998,2.865920213541667,1.2817174479166666,2.0453259898153786
11984,1,1.128,1.128,0.0,1.414,3479,1478,135.0,1.0,1.642799616294013,1.4457772812499998,1.4457772812499998,1.8123484713541664,1.2817174479166666,1.4462638771355416
11985,60,12.322,6.2,23.813,15.0,3666,1488,36.87,8.731,98.56797697764078,15.793322393229165,7.9466481770833335,19.22576171875,11.190675037760416,11.202711820734644
11986,3,3.385,1.128,90.0,3.162,187,1479,108.435,1.0,4.928398848882039,4.338613561197916,1.4457772812499998,4.0527905703125,1.2817174479166666,2.5050025163503102
11987,1,1.128,1.128,0.0,1.414,279,1479,135.0,1.0,1.642799616294013,1.4457772812499998,1.4457772812499998,1.8123484713541664,1.2817174479166666,1.4462638771355416
11988,1,1.128,1.128,0.0,1.414,284,1479,135.0,1.0,1.642799616294013,1.4457772812499998,1.4457772812499998,1.8123484713541664,1.2817174479166666,1.4462638771355416
11989,2,2.596,0.981,45.0,2.828,377,1481,45.0,1.414,3.285599232588026,3.327338494791667,1.2573648164062499,3.624696942708333,1.8123484713541664,2.0453259898153786
11990,1,1.128,1.128,0.0,1.414,446,1479,135.0,1.0,1.642799616294013,1.4457772812499998,1.4457772812499998,1.8123484713541664,1.2817174479166666,1.4462638771355416
11991,3,2.365,1.615,45.0,2.828,460,1481,45.0,2.0,4.928398848882039,3.0312617643229167,2.069973678385417,3.624696942708333,2.5634348958333333,2.5050025163503102
11992,1,1.128,1.128,0.0,1.414,472,1479,135.0,1.0,1.642799616294013,1.4457772812499998,1.4457772812499998,1.8123484713541664,1.2817174479166666,1.4462638771355416
11993,178,16.836,13.462,44.647,21.024,3492,1495,25.346,18.198,292.4183317003343,21.578994953124997,17.254480283854168,26.946827625,23.3246941171875,19.295566796823277
11994,14,4.357,4.091,51.62,5.657,270,1481,135.0,4.0,22.999194628116182,5.584442920572917,5.243506079427084,7.250675602864583,5.126869791666667,5.411423919108519
11995,8,3.546,2.872,54.992,4.472,325,1484,63.435,3.536,13.142396930352104,4.5449700703125,3.6810925104166663,5.731840427083334,4.532152895833334,4.090651979630757
11996,9,4.684,2.446,135.0,5.0,333,1480,126.87,2.828,14.785196546646118,6.003564526041667,3.135080877604167,6.408587239583333,3.624696942708333,4.338791631406624
11997,1,1.128,1.128,0.0,1.414,401,1480,135.0,1.0,1.642799616294013,1.4457772812499998,1.4457772812499998,1.8123484713541664,1.2817174479166666,1.4462638771355416
11998,2,2.257,1.128,90.0,2.236,3531,1480,116.565,1.0,3.285599232588026,2.892836279947917,1.4457772812499998,2.865920213541667,1.2817174479166666,2.0453259898153786
11999,1,1.128,1.128,0.0,1.414,3559,1480,135.0,1.0,1.642799616294013,1.4457772812499998,1.4457772812499998,1.8123484713541664,1.2817174479166666,1.4462638771355416
12000,1,1.128,1.128,0.0,1.414,3593,1480,135.0,1.0,1.642799616294013,1.4457772812499998,1.4457772812499998,1.8123484713541664,1.2817174479166666,1.4462638771355416
12001,17,7.99,2.709,80.136,8.246,3732,1480,104.036,3.452,27.927593476998222,10.240922408854166,3.47217256640625,10.569042075520834,4.424488630208333,5.963098727945161
12002,14,7.683,2.32,160.692,8.062,257,1481,150.255,3.162,22.999194628116182,9.847435152343749,2.9735844791666666,10.333206065104166,4.0527905703125,5.411423919108519
12003,1,1.128,1.128,0.0,1.414,268,1481,135.0,1.0,1.642799616294013,1.4457772812499998,1.4457772812499998,1.8123484713541664,1.2817174479166666,1.4462638771355416
12004,51,11.491,5.651,135.779,15.62,286,1481,129.806,7.6,83.78278043099466,14.728215194010415,7.242985298177083,20.02042653645833,9.741052604166667,10.32838996735036
12005,8,4.444,2.292,54.645,5.0,303,1485,53.13,2.828,13.142396930352104,5.695952338541667,2.9376963906249998,6.408587239583333,3.624696942708333,4.090651979630757
12006,10,4.779,2.664,21.801,5.831,310,1484,30.964,3.0,16.42799616294013,6.12532768359375,3.4144952812500002,7.473694438802084,3.8451523437499997,4.573487949374228
12007,2,2.257,1.128,90.0,2.236,355,1481,116.565,1.0,3.285599232588026,2.892836279947917,1.4457772812499998,2.865920213541667,1.2817174479166666,2.0453259898153786
12008,1,1.128,1.128,0.0,1.414,387,1481,135.0,1.0,1.642799616294013,1.4457772812499998,1.4457772812499998,1.8123484713541664,1.2817174479166666,1.4462638771355416
12009,2,2.257,1.128,0.0,2.236,504,1481,153.435,1.0,3.285599232588026,2.892836279947917,1.4457772812499998,2.865920213541667,1.2817174479166666,2.0453259898153786
12010,15,6.221,3.07,53.596,7.071,3518,1486,45.0,3.883,24.641994244410196,7.973564243489584,3.9348725651041665,9.063024074218749,4.976908850260417,5.601355910367322
12011,2,2.596,0.981,45.0,2.828,3617,1483,45.0,1.414,3.285599232588026,3.327338494791667,1.2573648164062499,3.624696942708333,1.8123484713541664,2.0453259898153786
12012,11,5.682,2.465,129.393,6.403,3758,1481,128.66,3.536,18.070795779234142,7.2827185390625,3.159433509114583,8.206836819010416,4.532152895833334,4.796714628303253
12013,1,1.128,1.128,0.0,1.414,229,1482,135.0,1.0,1.642799616294013,1.4457772812499998,1.4457772812499998,1.8123484713541664,1.2817174479166666,1.4462638771355416
12014,2,2.257,1.128,90.0,2.236,391,1482,116.565,1.0,3.285599232588026,2.892836279947917,1.4457772812499998,2.865920213541667,1.2817174479166666,2.0453259898153786
12015,12,4.729,3.231,45.0,5.657,398,1486,45.0,4.0,19.713595395528156,6.061241811197917,4.141229074218749,7.250675602864583,5.126869791666667,5.0100050327006205
12016,1,1.128,1.128,0.0,1.414,3375,1482,135.0,1.0,1.642799616294013,1.4457772812499998,1.4457772812499998,1.8123484713541664,1.2817174479166666,1.4462638771355416
12017,2,2.257,1.128,90.0,2.236,3613,1482,116.565,1.0,3.285599232588026,2.892836279947917,1.4457772812499998,2.865920213541667,1.2817174479166666,2.0453259898153786
12018,2,2.257,1.128,90.0,2.236,3697,1482,116.565,1.0,3.285599232588026,2.892836279947917,1.4457772812499998,2.865920213541667,1.2817174479166666,2.0453259898153786
12019,1,1.128,1.128,0.0,1.414,275,1483,135.0,1.0,1.642799616294013,1.4457772812499998,1.4457772812499998,1.8123484713541664,1.2817174479166666,1.4462638771355416
12020,1,1.128,1.128,0.0,1.414,364,1483,135.0,1.0,1.642799616294013,1.4457772812499998,1.4457772812499998,1.8123484713541664,1.2817174479166666,1.4462638771355416
12021,4,3.192,1.596,71.565,3.606,640,1486,56.31,2.0,6.571198465176052,4.09124209375,2.045621046875,4.6218731171875,2.5634348958333333,2.892527754271083
12022,2,2.257,1.128,90.0,2.236,3513,1483,116.565,1.0,3.285599232588026,2.892836279947917,1.4457772812499998,2.865920213541667,1.2817174479166666,2.0453259898153786
12023,1,1.128,1.128,0.0,1.414,3558,1483,135.0,1.0,1.642799616294013,1.4457772812499998,1.4457772812499998,1.8123484713541664,1.2817174479166666,1.4462638771355416
12024,1,1.128,1.128,0.0,1.414,3630,1483,135.0,1.0,1.642799616294013,1.4457772812499998,1.4457772812499998,1.8123484713541664,1.2817174479166666,1.4462638771355416
12025,4,2.257,2.257,0.0,2.828,3663,1483,135.0,2.0,6.571198465176052,2.892836279947917,2.892836279947917,3.624696942708333,2.5634348958333333,2.892527754271083
12026,1,1.128,1.128,0.0,1.414,3688,1483,135.0,1.0,1.642799616294013,1.4457772812499998,1.4457772812499998,1.8123484713541664,1.2817174479166666,1.4462638771355416
12027,2,2.257,1.128,90.0,2.236,3707,1483,116.565,1.0,3.285599232588026,2.892836279947917,1.4457772812499998,2.865920213541667,1.2817174479166666,2.0453259898153786
12028,7,4.566,1.952,146.599,5.0,3710,1483,143.13,2.683,11.499597314058091,5.8523218671874995,2.5019124583333334,6.408587239583333,3.4388479127604166,3.826454549076717
12029,1,1.128,1.128,0.0,1.414,277,1484,135.0,1.0,1.642799616294013,1.4457772812499998,1.4457772812499998,1.8123484713541664,1.2817174479166666,1.4462638771355416
12030,15,4.37,4.37,0.0,5.657,316,1488,45.0,4.95,24.641994244410196,5.601105247395833,5.601105247395833,7.250675602864583,6.3445013671875,5.601355910367322
12031,16,6.609,3.082,67.246,7.211,420,1490,56.31,4.0,26.28479386070421,8.47087061328125,3.9502531744791662,9.242464516927084,5.126869791666667,5.785055508542166
12032,9,4.974,2.304,172.982,5.831,3411,1484,149.036,3.0,14.785196546646118,6.3752625859375005,2.9530769999999995,7.473694438802084,3.8451523437499997,4.338791631406624
12033,1,1.128,1.128,0.0,1.414,3433,1484,135.0,1.0,1.642799616294013,1.4457772812499998,1.4457772812499998,1.8123484713541664,1.2817174479166666,1.4462638771355416
12034,3,3.213,1.189,28.155,3.606,3535,1486,33.69,1.789,4.928398848882039,4.11815816015625,1.5239620455729168,4.6218731171875,2.2929925143229166,2.5050025163503102
12035,1,1.128,1.128,0.0,1.414,3624,1484,135.0,1.0,1.642799616294013,1.4457772812499998,1.4457772812499998,1.8123484713541664,1.2817174479166666,1.4462638771355416
12036,1,1.128,1.128,0.0,1.414,3684,1484,135.0,1.0,1.642799616294013,1.4457772812499998,1.4457772812499998,1.8123484713541664,1.2817174479166666,1.4462638771355416
12037,5,5.642,1.128,0.0,5.099,265,1485,168.69,1.0,8.213998081470065,7.2314498411458334,1.4457772812499998,6.535477266927083,1.2817174479166666,3.2339443426774745
12038,1,1.128,1.128,0.0,1.414,356,1485,135.0,1.0,1.642799616294013,1.4457772812499998,1.4457772812499998,1.8123484713541664,1.2817174479166666,1.4462638771355416
12039,1,1.128,1.128,0.0,1.414,371,1485,135.0,1.0,1.642799616294013,1.4457772812499998,1.4457772812499998,1.8123484713541664,1.2817174479166666,1.4462638771355416
12040,1,1.128,1.128,0.0,1.414,453,1485,135.0,1.0,1.642799616294013,1.4457772812499998,1.4457772812499998,1.8123484713541664,1.2817174479166666,1.4462638771355416
12041,1,1.128,1.128,0.0,1.414,651,1485,135.0,1.0,1.642799616294013,1.4457772812499998,1.4457772812499998,1.8123484713541664,1.2817174479166666,1.4462638771355416
12042,1,1.128,1.128,0.0,1.414,3317,1485,135.0,1.0,1.642799616294013,1.4457772812499998,1.4457772812499998,1.8123484713541664,1.2817174479166666,1.4462638771355416
12043,2,2.257,1.128,90.0,2.236,3615,1485,116.565,1.0,3.285599232588026,2.892836279947917,1.4457772812499998,2.865920213541667,1.2817174479166666,2.0453259898153786
12044,13,5.598,2.957,3.743,6.325,3624,1488,18.435,4.0,21.35639501182217,7.1750542734375,3.790038493489583,8.106862858072917,5.126869791666667,5.214578566863546
12045,7,4.647,1.918,94.308,5.099,3643,1485,101.31,2.0,11.499597314058091,5.95614098046875,2.4583340651041667,6.535477266927083,2.5634348958333333,3.826454549076717
12046,16,6.775,3.007,60.15,8.062,3688,1492,60.255,4.0,26.28479386070421,8.683635709635418,3.8541243658854167,10.333206065104166,5.126869791666667,5.785055508542166
12047,3,3.385,1.128,0.0,3.162,3725,1485,161.565,1.0,4.928398848882039,4.338613561197916,1.4457772812499998,4.0527905703125,1.2817174479166666,2.5050025163503102
12048,1,1.128,1.128,0.0,1.414,3772,1485,135.0,1.0,1.642799616294013,1.4457772812499998,1.4457772812499998,1.8123484713541664,1.2817174479166666,1.4462638771355416
12049,1,1.128,1.128,0.0,1.414,3781,1485,135.0,1.0,1.642799616294013,1.4457772812499998,1.4457772812499998,1.8123484713541664,1.2817174479166666,1.4462638771355416
12050,39,12.188,4.074,68.684,15.652,253,1500,63.435,6.306,64.0691850354665,15.621572255208333,5.221716882812499,20.061441494791666,8.0825102265625,9.031915017867364
12051,7,5.648,1.578,91.455,6.083,283,1486,99.462,2.0,11.499597314058091,7.239140145833333,2.0225501328125,7.7966872356770835,2.5634348958333333,3.826454549076717
12052,8,4.514,2.257,90.0,4.472,410,1486,116.565,2.0,13.142396930352104,5.785672559895834,2.892836279947917,5.731840427083334,2.5634348958333333,4.090651979630757
12053,12,4.314,3.542,145.278,5.0,2505,1486,126.87,4.0,19.713595395528156,5.5293290703124995,4.539843200520833,6.408587239583333,5.126869791666667,5.0100050327006205
12054,3,2.365,1.615,45.0,2.828,3488,1488,45.0,2.0,4.928398848882039,3.0312617643229167,2.069973678385417,3.624696942708333,2.5634348958333333,2.5050025163503102
12055,2,2.257,1.128,90.0,2.236,3609,1486,116.565,1.0,3.285599232588026,2.892836279947917,1.4457772812499998,2.865920213541667,1.2817174479166666,2.0453259898153786
12056,1,1.128,1.128,0.0,1.414,179,1487,135.0,1.0,1.642799616294013,1.4457772812499998,1.4457772812499998,1.8123484713541664,1.2817174479166666,1.4462638771355416
12057,3,3.385,1.128,0.0,3.162,270,1487,161.565,1.0,4.928398848882039,4.338613561197916,1.4457772812499998,4.0527905703125,1.2817174479166666,2.5050025163503102
12058,1,1.128,1.128,0.0,1.414,297,1487,135.0,1.0,1.642799616294013,1.4457772812499998,1.4457772812499998,1.8123484713541664,1.2817174479166666,1.4462638771355416
12059,1,1.128,1.128,0.0,1.414,301,1487,135.0,1.0,1.642799616294013,1.4457772812499998,1.4457772812499998,1.8123484713541664,1.2817174479166666,1.4462638771355416
12060,3,3.385,1.128,0.0,3.162,455,1487,161.565,1.0,4.928398848882039,4.338613561197916,1.4457772812499998,4.0527905703125,1.2817174479166666,2.5050025163503102
12061,6,3.718,2.055,90.0,4.123,3475,1487,104.036,2.0,9.856797697764078,4.765425471354167,2.63392935546875,5.284521037760417,2.5634348958333333,3.5426085324013394
12062,8,5.693,1.789,145.008,6.403,3537,1487,141.34,2.683,13.142396930352104,7.296817430989583,2.2929925143229166,8.206836819010416,3.4388479127604166,4.090651979630757
12063,2,2.257,1.128,90.0,2.236,3556,1487,116.565,1.0,3.285599232588026,2.892836279947917,1.4457772812499998,2.865920213541667,1.2817174479166666,2.0453259898153786
12064,2,2.596,0.981,45.0,2.828,3683,1489,45.0,1.414,3.285599232588026,3.327338494791667,1.2573648164062499,3.624696942708333,1.8123484713541664,2.0453259898153786
12065,31,6.789,5.814,112.225,8.062,3743,1487,119.745,6.499,50.926788105114404,8.70157975390625,7.4519052421875,10.333206065104166,8.329881694010416,8.052456474363645
12066,1,1.128,1.128,0.0,1.414,197,1488,135.0,1.0,1.642799616294013,1.4457772812499998,1.4457772812499998,1.8123484713541664,1.2817174479166666,1.4462638771355416
12067,4,4.514,1.128,90.0,4.123,375,1488,104.036,1.0,6.571198465176052,5.785672559895834,1.4457772812499998,5.284521037760417,1.2817174479166666,2.892527754271083
12068,1,1.128,1.128,0.0,1.414,383,1488,135.0,1.0,1.642799616294013,1.4457772812499998,1.4457772812499998,1.8123484713541664,1.2817174479166666,1.4462638771355416
12069,3,2.365,1.615,135.0,2.828,396,1488,135.0,2.0,4.928398848882039,3.0312617643229167,2.069973678385417,3.624696942708333,2.5634348958333333,2.5050025163503102
12070,4,2.257,2.257,0.0,2.828,426,1488,135.0,2.0,6.571198465176052,2.892836279947917,2.892836279947917,3.624696942708333,2.5634348958333333,2.892527754271083
12071,3,2.365,1.615,45.0,2.828,3448,1490,45.0,2.0,4.928398848882039,3.0312617643229167,2.069973678385417,3.624696942708333,2.5634348958333333,2.5050025163503102
12072,209,17.705,15.03,136.647,23.324,3507,1497,149.036,20.714,343.34511980544875,22.69280741536458,19.2642132421875,29.894777755208334,26.549495216145832,20.908394325777145
12073,13,5.892,2.809,130.692,7.81,3648,1488,129.806,4.243,21.35639501182217,7.551879203125,3.600344311197917,10.010213268229165,5.438327131510417,5.214578566863546
12074,17,6.071,3.565,81.475,6.708,3717,1494,63.435,4.0,27.927593476998222,7.781306626302083,4.569322701822917,8.597760640625,5.126869791666667,5.963098727945161
12075,1,1.128,1.128,0.0,1.414,3771,1488,135.0,1.0,1.642799616294013,1.4457772812499998,1.4457772812499998,1.8123484713541664,1.2817174479166666,1.4462638771355416
12076,1,1.128,1.128,0.0,1.414,3816,1488,135.0,1.0,1.642799616294013,1.4457772812499998,1.4457772812499998,1.8123484713541664,1.2817174479166666,1.4462638771355416
12077,1,1.128,1.128,0.0,1.414,216,1489,135.0,1.0,1.642799616294013,1.4457772812499998,1.4457772812499998,1.8123484713541664,1.2817174479166666,1.4462638771355416
12078,1,1.128,1.128,0.0,1.414,3415,1489,135.0,1.0,1.642799616294013,1.4457772812499998,1.4457772812499998,1.8123484713541664,1.2817174479166666,1.4462638771355416
12079,3,2.365,1.615,135.0,2.828,3477,1489,135.0,2.0,4.928398848882039,3.0312617643229167,2.069973678385417,3.624696942708333,2.5634348958333333,2.5050025163503102
12080,1,1.128,1.128,0.0,1.414,3523,1489,135.0,1.0,1.642799616294013,1.4457772812499998,1.4457772812499998,1.8123484713541664,1.2817174479166666,1.4462638771355416
12081,3,2.365,1.615,135.0,2.828,3558,1489,135.0,2.0,4.928398848882039,3.0312617643229167,2.069973678385417,3.624696942708333,2.5634348958333333,2.5050025163503102
12082,1,1.128,1.128,0.0,1.414,3712,1489,135.0,1.0,1.642799616294013,1.4457772812499998,1.4457772812499998,1.8123484713541664,1.2817174479166666,1.4462638771355416
12083,1,1.128,1.128,0.0,1.414,3764,1489,135.0,1.0,1.642799616294013,1.4457772812499998,1.4457772812499998,1.8123484713541664,1.2817174479166666,1.4462638771355416
12084,8,5.049,2.017,94.213,5.385,209,1490,111.801,2.0,13.142396930352104,6.47139139453125,2.5852240924479166,6.90204845703125,2.5634348958333333,4.090651979630757
12085,1,1.128,1.128,0.0,1.414,231,1490,135.0,1.0,1.642799616294013,1.4457772812499998,1.4457772812499998,1.8123484713541664,1.2817174479166666,1.4462638771355416
12086,6,3.995,1.912,80.538,4.472,285,1494,63.435,2.0,9.856797697764078,5.120461204427083,2.4506437604166664,5.731840427083334,2.5634348958333333,3.5426085324013394
12087,4,3.969,1.283,17.609,4.472,340,1492,26.565,1.897,6.571198465176052,5.08713655078125,1.644443485677083,5.731840427083334,2.4314179986979165,2.892527754271083
12088,34,7.199,6.013,155.264,9.22,351,1493,167.471,7.071,55.855186953996444,9.227083907552084,7.706967014322917,11.817434869791667,9.063024074218749,8.433095094829797
12089,10,3.716,3.426,104.036,5.0,370,1490,143.13,4.0,16.42799616294013,4.762862036458333,4.3911639765625,6.408587239583333,5.126869791666667,4.573487949374228
12090,2,2.257,1.128,90.0,2.236,3513,1490,116.565,1.0,3.285599232588026,2.892836279947917,1.4457772812499998,2.865920213541667,1.2817174479166666,2.0453259898153786
12091,15,4.829,3.955,76.296,5.657,3534,1494,45.0,4.0,24.641994244410196,6.189413555989583,5.069192506510417,7.250675602864583,5.126869791666667,5.601355910367322
12092,25,6.187,5.145,31.212,7.81,3586,1496,50.194,6.0,41.069990407350325,7.929985850260417,6.59443626953125,10.010213268229165,7.690304687499999,7.231319385677708
12093,10,5.538,2.299,56.024,6.403,3628,1495,51.34,3.479,16.42799616294013,7.0981512265625,2.9466684127604164,8.206836819010416,4.459095001302083,4.573487949374228
12094,14,5.649,3.155,123.72,6.403,3750,1490,128.66,4.0,22.999194628116182,7.24042186328125,4.043818548177083,8.206836819010416,5.126869791666667,5.411423919108519
12095,107,16.25,8.384,33.357,23.022,3754,1506,34.38,13.023,175.7795589434594,20.827908528645832,10.745919083333334,29.507699085937496,16.69180632421875,14.960269872126732
12096,2,2.257,1.128,90.0,2.236,3774,1490,116.565,1.0,3.285599232588026,2.892836279947917,1.4457772812499998,2.865920213541667,1.2817174479166666,2.0453259898153786
12097,1,1.128,1.128,0.0,1.414,242,1491,135.0,1.0,1.642799616294013,1.4457772812499998,1.4457772812499998,1.8123484713541664,1.2817174479166666,1.4462638771355416
12098,2,2.596,0.981,135.0,2.828,246,1491,135.0,1.414,3.285599232588026,3.327338494791667,1.2573648164062499,3.624696942708333,1.8123484713541664,2.0453259898153786
12099,1,1.128,1.128,0.0,1.414,252,1491,135.0,1.0,1.642799616294013,1.4457772812499998,1.4457772812499998,1.8123484713541664,1.2817174479166666,1.4462638771355416
12100,15,7.249,2.635,63.381,8.602,261,1498,54.462,4.366,24.641994244410196,9.291169779947916,3.3773254752604163,11.025333486979166,5.595978377604166,5.601355910367322
12101,4,2.734,1.863,90.0,3.162,311,1491,108.435,2.0,6.571198465176052,3.5042155026041666,2.38783960546875,4.0527905703125,2.5634348958333333,2.892527754271083
12102,1,1.128,1.128,0.0,1.414,3401,1491,135.0,1.0,1.642799616294013,1.4457772812499998,1.4457772812499998,1.8123484713541664,1.2817174479166666,1.4462638771355416
12103,1,1.128,1.128,0.0,1.414,3463,1491,135.0,1.0,1.642799616294013,1.4457772812499998,1.4457772812499998,1.8123484713541664,1.2817174479166666,1.4462638771355416
12104,4,3.192,1.596,90.0,4.123,3529,1491,104.036,2.0,6.571198465176052,4.09124209375,2.045621046875,5.284521037760417,2.5634348958333333,2.892527754271083
12105,1,1.128,1.128,0.0,1.414,3561,1491,135.0,1.0,1.642799616294013,1.4457772812499998,1.4457772812499998,1.8123484713541664,1.2817174479166666,1.4462638771355416
12106,3,2.365,1.615,135.0,2.828,3658,1491,135.0,2.0,4.928398848882039,3.0312617643229167,2.069973678385417,3.624696942708333,2.5634348958333333,2.5050025163503102
12107,12,6.067,2.518,76.563,6.708,3755,1497,63.435,3.0,19.713595395528156,7.776179756510417,3.2273645338541663,8.597760640625,3.8451523437499997,5.0100050327006205
12108,1,1.128,1.128,0.0,1.414,271,1492,135.0,1.0,1.642799616294013,1.4457772812499998,1.4457772812499998,1.8123484713541664,1.2817174479166666,1.4462638771355416
12109,3,3.385,1.128,0.0,3.162,305,1492,161.565,1.0,4.928398848882039,4.338613561197916,1.4457772812499998,4.0527905703125,1.2817174479166666,2.5050025163503102
12110,1,1.128,1.128,0.0,1.414,319,1492,135.0,1.0,1.642799616294013,1.4457772812499998,1.4457772812499998,1.8123484713541664,1.2817174479166666,1.4462638771355416
12111,1,1.128,1.128,0.0,1.414,501,1492,135.0,1.0,1.642799616294013,1.4457772812499998,1.4457772812499998,1.8123484713541664,1.2817174479166666,1.4462638771355416
12112,48,10.149,6.022,171.857,14.318,3572,1494,155.225,9.0,78.85438158211262,13.00815037890625,7.718502471354167,18.351630419270833,11.535457031249999,10.020010065401241
12113,2,2.257,1.128,90.0,2.236,3761,1492,116.565,1.0,3.285599232588026,2.892836279947917,1.4457772812499998,2.865920213541667,1.2817174479166666,2.0453259898153786
12114,1,1.128,1.128,0.0,1.414,3787,1492,135.0,1.0,1.642799616294013,1.4457772812499998,1.4457772812499998,1.8123484713541664,1.2817174479166666,1.4462638771355416
12115,1,1.128,1.128,0.0,1.414,235,1493,135.0,1.0,1.642799616294013,1.4457772812499998,1.4457772812499998,1.8123484713541664,1.2817174479166666,1.4462638771355416
12116,29,8.009,4.61,60.078,13.454,273,1504,48.013,7.519,47.64118887252638,10.265275040364584,5.908717434895833,17.244226544270834,9.637233490885416,7.788369332980218
12117,18,6.585,3.48,17.756,8.246,334,1494,165.964,4.851,29.570393093292235,8.44010939453125,4.46037671875,10.569042075520834,6.21761133984375,6.135977969446135
12118,4,2.257,2.257,0.0,2.828,343,1493,135.0,2.0,6.571198465176052,2.892836279947917,2.892836279947917,3.624696942708333,2.5634348958333333,2.892527754271083
12119,1,1.128,1.128,0.0,1.414,718,1493,135.0,1.0,1.642799616294013,1.4457772812499998,1.4457772812499998,1.8123484713541664,1.2817174479166666,1.4462638771355416
12120,1,1.128,1.128,0.0,1.414,3398,1493,135.0,1.0,1.642799616294013,1.4457772812499998,1.4457772812499998,1.8123484713541664,1.2817174479166666,1.4462638771355416
12121,1,1.128,1.128,0.0,1.414,3405,1493,135.0,1.0,1.642799616294013,1.4457772812499998,1.4457772812499998,1.8123484713541664,1.2817174479166666,1.4462638771355416
12122,1,1.128,1.128,0.0,1.414,3540,1493,135.0,1.0,1.642799616294013,1.4457772812499998,1.4457772812499998,1.8123484713541664,1.2817174479166666,1.4462638771355416
12123,1481,58.38,32.3,40.091,95.441,3505,1572,54.811,60.104,2432.9862317314332,74.826664609375,41.39947356770833,122.32839494661458,77.03634548958333,55.65767600804814
12124,1,1.128,1.128,0.0,1.414,3644,1493,135.0,1.0,1.642799616294013,1.4457772812499998,1.4457772812499998,1.8123484713541664,1.2817174479166666,1.4462638771355416
12125,1,1.128,1.128,0.0,1.414,3775,1493,135.0,1.0,1.642799616294013,1.4457772812499998,1.4457772812499998,1.8123484713541664,1.2817174479166666,1.4462638771355416
12126,1,1.128,1.128,0.0,1.414,3795,1493,135.0,1.0,1.642799616294013,1.4457772812499998,1.4457772812499998,1.8123484713541664,1.2817174479166666,1.4462638771355416
12127,6,5.173,1.477,72.391,5.831,201,1499,59.036,2.183,9.856797697764078,6.630324358072917,1.8930966705729166,7.473694438802084,2.797989188802083,3.5426085324013394
12128,2,2.257,1.128,90.0,2.236,271,1494,116.565,1.0,3.285599232588026,2.892836279947917,1.4457772812499998,2.865920213541667,1.2817174479166666,2.0453259898153786
12129,1,1.128,1.128,0.0,1.414,293,1494,135.0,1.0,1.642799616294013,1.4457772812499998,1.4457772812499998,1.8123484713541664,1.2817174479166666,1.4462638771355416
12130,8,5.191,1.962,45.0,5.657,300,1498,45.0,2.828,13.142396930352104,6.653395272135416,2.5147296328124997,7.250675602864583,3.624696942708333,4.090651979630757
12131,24,6.438,4.747,16.768,7.81,313,1499,39.806,5.0,39.42719079105631,8.2516969296875,6.084312725260417,10.010213268229165,6.408587239583333,7.085217064802679
12132,3,2.365,1.615,135.0,2.828,486,1494,135.0,2.0,4.928398848882039,3.0312617643229167,2.069973678385417,3.624696942708333,2.5634348958333333,2.5050025163503102
12133,1,1.128,1.128,0.0,1.414,3515,1494,135.0,1.0,1.642799616294013,1.4457772812499998,1.4457772812499998,1.8123484713541664,1.2817174479166666,1.4462638771355416
12134,3,3.385,1.128,0.0,3.162,3567,1494,161.565,1.0,4.928398848882039,4.338613561197916,1.4457772812499998,4.0527905703125,1.2817174479166666,2.5050025163503102
12135,1,1.128,1.128,0.0,1.414,3595,1494,135.0,1.0,1.642799616294013,1.4457772812499998,1.4457772812499998,1.8123484713541664,1.2817174479166666,1.4462638771355416
12136,1,1.128,1.128,0.0,1.414,3799,1494,135.0,1.0,1.642799616294013,1.4457772812499998,1.4457772812499998,1.8123484713541664,1.2817174479166666,1.4462638771355416
12137,1,1.128,1.128,0.0,1.414,3801,1494,135.0,1.0,1.642799616294013,1.4457772812499998,1.4457772812499998,1.8123484713541664,1.2817174479166666,1.4462638771355416
12138,2,2.596,0.981,135.0,2.828,307,1495,135.0,1.414,3.285599232588026,3.327338494791667,1.2573648164062499,3.624696942708333,1.8123484713541664,2.0453259898153786
12139,1,1.128,1.128,0.0,1.414,430,1495,135.0,1.0,1.642799616294013,1.4457772812499998,1.4457772812499998,1.8123484713541664,1.2817174479166666,1.4462638771355416
12140,1,1.128,1.128,0.0,1.414,478,1495,135.0,1.0,1.642799616294013,1.4457772812499998,1.4457772812499998,1.8123484713541664,1.2817174479166666,1.4462638771355416
12141,10,5.306,2.399,25.67,5.831,579,1498,30.964,3.0,16.42799616294013,6.8007927786458335,3.0748401575520834,7.473694438802084,3.8451523437499997,4.573487949374228
12142,1,1.128,1.128,0.0,1.414,592,1495,135.0,1.0,1.642799616294013,1.4457772812499998,1.4457772812499998,1.8123484713541664,1.2817174479166666,1.4462638771355416
12143,4,2.734,1.863,90.0,3.162,3360,1495,108.435,2.0,6.571198465176052,3.5042155026041666,2.38783960546875,4.0527905703125,2.5634348958333333,2.892527754271083
12144,3,2.365,1.615,135.0,2.828,3470,1495,135.0,2.0,4.928398848882039,3.0312617643229167,2.069973678385417,3.624696942708333,2.5634348958333333,2.5050025163503102
12145,20,6.42,3.967,88.852,7.28,3650,1495,105.945,4.0,32.85599232588026,8.228626015625,5.084573115885417,9.330903020833334,5.126869791666667,6.467888685354949
12146,39,9.407,5.279,168.684,13.038,3733,1495,147.529,6.626,64.0691850354665,12.057116032552083,6.766186407552083,16.7110320859375,8.492659809895834,9.031915017867364
12147,201,21.595,11.851,90.919,33.136,3777,1495,95.194,19.922,330.20272287509664,27.678688287760416,15.189633475260418,42.47098935416667,25.534374997395833,20.504329290755475
12148,9,3.685,3.109,82.372,4.472,3791,1499,63.435,3.0,14.785196546646118,4.723128795572917,3.9848595455729168,5.731840427083334,3.8451523437499997,4.338791631406624
12149,2,2.257,1.128,0.0,2.236,3806,1495,153.435,1.0,3.285599232588026,2.892836279947917,1.4457772812499998,2.865920213541667,1.2817174479166666,2.0453259898153786
12150,1,1.128,1.128,0.0,1.414,3809,1495,135.0,1.0,1.642799616294013,1.4457772812499998,1.4457772812499998,1.8123484713541664,1.2817174479166666,1.4462638771355416
12151,3,2.365,1.615,45.0,2.828,267,1498,45.0,2.0,4.928398848882039,3.0312617643229167,2.069973678385417,3.624696942708333,2.5634348958333333,2.5050025163503102
12152,10,4.525,2.814,121.957,5.657,292,1496,135.0,3.883,16.42799616294013,5.799771451822917,3.6067528984375,7.250675602864583,4.976908850260417,4.573487949374228
12153,5,4.072,1.563,58.283,5.0,319,1500,53.13,2.496,8.213998081470065,5.219153447916667,2.00332437109375,6.408587239583333,3.19916675,3.2339443426774745
12154,2,2.257,1.128,90.0,2.236,343,1496,116.565,1.0,3.285599232588026,2.892836279947917,1.4457772812499998,2.865920213541667,1.2817174479166666,2.0453259898153786
12155,45,9.139,6.269,26.834,11.662,356,1502,30.964,8.0,73.92598273323058,11.713615756510416,8.035086680989583,14.947388877604167,10.253739583333333,9.701833028032423
12156,1,1.128,1.128,0.0,1.414,382,1496,135.0,1.0,1.642799616294013,1.4457772812499998,1.4457772812499998,1.8123484713541664,1.2817174479166666,1.4462638771355416
12157,7,4.154,2.146,98.35,4.472,474,1496,116.565,2.0,11.499597314058091,5.324254278645833,2.7505656432291663,5.731840427083334,2.5634348958333333,3.826454549076717
12158,5,3.144,2.025,18.435,3.606,540,1498,33.69,2.0,8.213998081470065,4.02971965625,2.59547783203125,4.6218731171875,2.5634348958333333,3.2339443426774745
12159,2,2.257,1.128,90.0,2.236,3269,1496,116.565,1.0,3.285599232588026,2.892836279947917,1.4457772812499998,2.865920213541667,1.2817174479166666,2.0453259898153786
12160,8,3.978,2.56,114.407,4.472,3378,1496,116.565,3.0,13.142396930352104,5.0986720078125005,3.2811966666666668,5.731840427083334,3.8451523437499997,4.090651979630757
12161,1,1.128,1.128,0.0,1.414,3394,1496,135.0,1.0,1.642799616294013,1.4457772812499998,1.4457772812499998,1.8123484713541664,1.2817174479166666,1.4462638771355416
12162,65,14.326,5.777,63.64,21.471,3656,1517,62.241,11.448,106.78197505911085,18.361884158854167,7.404481696614583,27.51975532421875,14.67310134375,11.660152149520322
12163,1,1.128,1.128,0.0,1.414,3665,1496,135.0,1.0,1.642799616294013,1.4457772812499998,1.4457772812499998,1.8123484713541664,1.2817174479166666,1.4462638771355416
12164,5,3.144,2.025,108.435,3.606,3677,1496,123.69,2.0,8.213998081470065,4.02971965625,2.59547783203125,4.6218731171875,2.5634348958333333,3.2339443426774745
12165,117,15.254,9.766,146.664,18.601,3703,1499,143.746,14.616,192.20755510639952,19.551317950520833,12.517252596354167,23.841226248697915,18.733582218749998,15.643735700590637
12166,3,2.365,1.615,135.0,2.828,3751,1496,135.0,2.0,4.928398848882039,3.0312617643229167,2.069973678385417,3.624696942708333,2.5634348958333333,2.5050025163503102
12167,2,2.257,1.128,0.0,2.236,3795,1496,153.435,1.0,3.285599232588026,2.892836279947917,1.4457772812499998,2.865920213541667,1.2817174479166666,2.0453259898153786
12168,1,1.128,1.128,0.0,1.414,259,1497,135.0,1.0,1.642799616294013,1.4457772812499998,1.4457772812499998,1.8123484713541664,1.2817174479166666,1.4462638771355416
12169,14,5.354,3.329,149.996,7.81,286,1497,140.194,4.707,22.999194628116182,6.862315216145833,4.2668373841145835,10.010213268229165,6.03304402734375,5.411423919108519
12170,5,3.144,2.025,18.435,3.606,332,1499,33.69,2.0,8.213998081470065,4.02971965625,2.59547783203125,4.6218731171875,2.5634348958333333,3.2339443426774745
12171,1,1.128,1.128,0.0,1.414,349,1497,135.0,1.0,1.642799616294013,1.4457772812499998,1.4457772812499998,1.8123484713541664,1.2817174479166666,1.4462638771355416
12172,2,2.596,0.981,45.0,2.828,367,1499,45.0,1.414,3.285599232588026,3.327338494791667,1.2573648164062499,3.624696942708333,1.8123484713541664,2.0453259898153786
12173,1,1.128,1.128,0.0,1.414,3326,1497,135.0,1.0,1.642799616294013,1.4457772812499998,1.4457772812499998,1.8123484713541664,1.2817174479166666,1.4462638771355416
12174,2,2.257,1.128,90.0,2.236,3369,1497,116.565,1.0,3.285599232588026,2.892836279947917,1.4457772812499998,2.865920213541667,1.2817174479166666,2.0453259898153786
12175,1,1.128,1.128,0.0,1.414,3425,1497,135.0,1.0,1.642799616294013,1.4457772812499998,1.4457772812499998,1.8123484713541664,1.2817174479166666,1.4462638771355416
12176,1,1.128,1.128,0.0,1.414,3531,1497,135.0,1.0,1.642799616294013,1.4457772812499998,1.4457772812499998,1.8123484713541664,1.2817174479166666,1.4462638771355416
12177,1,1.128,1.128,0.0,1.414,3692,1497,135.0,1.0,1.642799616294013,1.4457772812499998,1.4457772812499998,1.8123484713541664,1.2817174479166666,1.4462638771355416
12178,15,5.183,3.685,100.162,5.831,3699,1497,120.964,4.0,24.641994244410196,6.643141532552083,4.723128795572917,7.473694438802084,5.126869791666667,5.601355910367322
12179,3,2.365,1.615,45.0,2.828,198,1500,45.0,2.0,4.928398848882039,3.0312617643229167,2.069973678385417,3.624696942708333,2.5634348958333333,2.5050025163503102
12180,2,2.257,1.128,90.0,2.236,281,1498,116.565,1.0,3.285599232588026,2.892836279947917,1.4457772812499998,2.865920213541667,1.2817174479166666,2.0453259898153786
12181,7,4.154,2.146,98.35,4.472,447,1498,116.565,2.0,11.499597314058091,5.324254278645833,2.7505656432291663,5.731840427083334,2.5634348958333333,3.826454549076717
12182,9,4.919,2.33,75.009,5.831,3605,1503,59.036,2.91,14.785196546646118,6.304768126302083,2.9864016536458333,7.473694438802084,3.7297977734375003,4.338791631406624
12183,1,1.128,1.128,0.0,1.414,3713,1498,135.0,1.0,1.642799616294013,1.4457772812499998,1.4457772812499998,1.8123484713541664,1.2817174479166666,1.4462638771355416
12184,29,8.283,4.458,88.801,8.544,3728,1506,69.444,4.0,47.64118887252638,10.616465621093749,5.7138963828125,10.950993875,5.126869791666667,7.788369332980218
12185,4,3.969,1.283,72.391,4.472,3779,1502,63.435,1.897,6.571198465176052,5.08713655078125,1.644443485677083,5.731840427083334,2.4314179986979165,2.892527754271083
12186,1,1.128,1.128,0.0,1.414,263,1499,135.0,1.0,1.642799616294013,1.4457772812499998,1.4457772812499998,1.8123484713541664,1.2817174479166666,1.4462638771355416
12187,4,3.676,1.385,129.69,4.243,267,1499,135.0,2.121,6.571198465176052,4.711593338541666,1.7751786653645834,5.438327131510417,2.71852270703125,2.892527754271083
12188,4,2.734,1.863,0.0,3.162,309,1500,161.565,2.0,6.571198465176052,3.5042155026041666,2.38783960546875,4.0527905703125,2.5634348958333333,2.892527754271083
12189,3,2.365,1.615,135.0,2.828,340,1499,135.0,2.0,4.928398848882039,3.0312617643229167,2.069973678385417,3.624696942708333,2.5634348958333333,2.5050025163503102
12190,4,2.887,1.764,75.128,3.606,498,1502,56.31,2.0,6.571198465176052,3.7003182721354166,2.260949578125,4.6218731171875,2.5634348958333333,2.892527754271083
12191,1,1.128,1.128,0.0,1.414,503,1499,135.0,1.0,1.642799616294013,1.4457772812499998,1.4457772812499998,1.8123484713541664,1.2817174479166666,1.4462638771355416
12192,9,3.685,3.109,7.628,4.472,2250,1502,26.565,3.0,14.785196546646118,4.723128795572917,3.9848595455729168,5.731840427083334,3.8451523437499997,4.338791631406624
12193,7,3.507,2.542,149.527,4.243,3627,1499,135.0,3.0,11.499597314058091,4.49498308984375,3.2581257526041663,5.438327131510417,3.8451523437499997,3.826454549076717
12194,4,3.589,1.419,45.0,4.243,3680,1502,45.0,2.121,6.571198465176052,4.600083920572916,1.81875705859375,5.438327131510417,2.71852270703125,2.892527754271083
12195,1,1.128,1.128,0.0,1.414,301,1500,135.0,1.0,1.642799616294013,1.4457772812499998,1.4457772812499998,1.8123484713541664,1.2817174479166666,1.4462638771355416
12196,5,3.144,2.025,18.435,3.606,313,1502,33.69,2.0,8.213998081470065,4.02971965625,2.59547783203125,4.6218731171875,2.5634348958333333,3.2339443426774745
12197,14,4.398,4.053,22.955,5.657,330,1500,135.0,4.0,22.999194628116182,5.6369933359374995,5.19480081640625,7.250675602864583,5.126869791666667,5.411423919108519
12198,4,2.257,2.257,0.0,2.828,440,1500,135.0,2.0,6.571198465176052,2.892836279947917,2.892836279947917,3.624696942708333,2.5634348958333333,2.892527754271083
12199,1,1.128,1.128,0.0,1.414,452,1500,135.0,1.0,1.642799616294013,1.4457772812499998,1.4457772812499998,1.8123484713541664,1.2817174479166666,1.4462638771355416
12200,2,2.596,0.981,45.0,2.828,630,1502,45.0,1.414,3.285599232588026,3.327338494791667,1.2573648164062499,3.624696942708333,1.8123484713541664,2.0453259898153786
12201,2,2.257,1.128,90.0,2.236,655,1500,116.565,1.0,3.285599232588026,2.892836279947917,1.4457772812499998,2.865920213541667,1.2817174479166666,2.0453259898153786
12202,3,2.365,1.615,45.0,2.828,3572,1502,45.0,2.0,4.928398848882039,3.0312617643229167,2.069973678385417,3.624696942708333,2.5634348958333333,2.5050025163503102
12203,1,1.128,1.128,0.0,1.414,3755,1500,135.0,1.0,1.642799616294013,1.4457772812499998,1.4457772812499998,1.8123484713541664,1.2817174479166666,1.4462638771355416
12204,1,1.128,1.128,0.0,1.414,378,1501,135.0,1.0,1.642799616294013,1.4457772812499998,1.4457772812499998,1.8123484713541664,1.2817174479166666,1.4462638771355416
12205,18,5.733,3.997,107.234,6.403,462,1501,128.66,4.0,29.570393093292235,7.34808612890625,5.123024639322916,8.206836819010416,5.126869791666667,6.135977969446135
12206,11,5.474,2.559,73.202,6.708,505,1507,63.435,3.638,18.070795779234142,7.0161213098958335,3.27991494921875,8.597760640625,4.662888075520833,4.796714628303253
12207,1,1.128,1.128,0.0,1.414,606,1501,135.0,1.0,1.642799616294013,1.4457772812499998,1.4457772812499998,1.8123484713541664,1.2817174479166666,1.4462638771355416
12208,2,2.257,1.128,0.0,2.236,816,1501,153.435,1.0,3.285599232588026,2.892836279947917,1.4457772812499998,2.865920213541667,1.2817174479166666,2.0453259898153786
12209,2,2.257,1.128,0.0,2.236,3592,1501,153.435,1.0,3.285599232588026,2.892836279947917,1.4457772812499998,2.865920213541667,1.2817174479166666,2.0453259898153786
12210,2,2.257,1.128,0.0,2.236,3596,1501,153.435,1.0,3.285599232588026,2.892836279947917,1.4457772812499998,2.865920213541667,1.2817174479166666,2.0453259898153786
12211,38,10.64,4.547,61.046,13.928,321,1515,68.962,7.0,62.4263854191725,13.637473645833333,5.827969235677083,17.851760614583334,8.972022135416667,8.915369296202536
12212,1,1.128,1.128,0.0,1.414,375,1502,135.0,1.0,1.642799616294013,1.4457772812499998,1.4457772812499998,1.8123484713541664,1.2817174479166666,1.4462638771355416
12213,1,1.128,1.128,0.0,1.414,519,1502,135.0,1.0,1.642799616294013,1.4457772812499998,1.4457772812499998,1.8123484713541664,1.2817174479166666,1.4462638771355416
12214,2,2.257,1.128,90.0,2.236,557,1502,116.565,1.0,3.285599232588026,2.892836279947917,1.4457772812499998,2.865920213541667,1.2817174479166666,2.0453259898153786
12215,4,3.192,1.596,161.565,3.606,779,1502,146.31,2.0,6.571198465176052,4.09124209375,2.045621046875,4.6218731171875,2.5634348958333333,2.892527754271083
12216,3,2.365,1.615,135.0,2.828,3331,1502,135.0,2.0,4.928398848882039,3.0312617643229167,2.069973678385417,3.624696942708333,2.5634348958333333,2.5050025163503102
12217,32,8.459,4.817,24.023,13.892,3490,1510,30.256,8.856,52.56958772140842,10.842047891927082,6.174032946614584,17.805618786458332,11.35088971875,8.181303959261514
12218,1,1.128,1.128,0.0,1.414,3577,1502,135.0,1.0,1.642799616294013,1.4457772812499998,1.4457772812499998,1.8123484713541664,1.2817174479166666,1.4462638771355416
12219,8,4.444,2.292,125.355,5.0,3661,1502,126.87,2.828,13.142396930352104,5.695952338541667,2.9376963906249998,6.408587239583333,3.624696942708333,4.090651979630757
12220,35,9.707,4.591,17.015,12.083,296,1509,24.444,6.0,57.49798657029046,12.441631266927084,5.884364803385417,15.486991923177083,7.690304687499999,8.556212484548844
12221,4,3.969,1.283,17.609,4.472,347,1505,26.565,1.897,6.571198465176052,5.08713655078125,1.644443485677083,5.731840427083334,2.4314179986979165,2.892527754271083
12222,1,1.128,1.128,0.0,1.414,630,1503,135.0,1.0,1.642799616294013,1.4457772812499998,1.4457772812499998,1.8123484713541664,1.2817174479166666,1.4462638771355416
12223,1,1.128,1.128,0.0,1.414,3529,1503,135.0,1.0,1.642799616294013,1.4457772812499998,1.4457772812499998,1.8123484713541664,1.2817174479166666,1.4462638771355416
12224,3,2.365,1.615,45.0,2.828,3573,1505,45.0,2.0,4.928398848882039,3.0312617643229167,2.069973678385417,3.624696942708333,2.5634348958333333,2.5050025163503102
12225,1,1.128,1.128,0.0,1.414,3701,1503,135.0,1.0,1.642799616294013,1.4457772812499998,1.4457772812499998,1.8123484713541664,1.2817174479166666,1.4462638771355416
12226,2,2.257,1.128,0.0,2.236,3742,1503,153.435,1.0,3.285599232588026,2.892836279947917,1.4457772812499998,2.865920213541667,1.2817174479166666,2.0453259898153786
12227,16,5.906,3.45,101.07,6.708,288,1504,116.565,4.0,26.28479386070421,7.569823247395833,4.4219251953125,8.597760640625,5.126869791666667,5.785055508542166
12228,4,2.734,1.863,90.0,3.162,339,1504,108.435,2.0,6.571198465176052,3.5042155026041666,2.38783960546875,4.0527905703125,2.5634348958333333,2.892527754271083
12229,4,2.257,2.257,0.0,2.828,480,1504,135.0,2.0,6.571198465176052,2.892836279947917,2.892836279947917,3.624696942708333,2.5634348958333333,2.892527754271083
12230,2,2.257,1.128,90.0,2.236,671,1504,116.565,1.0,3.285599232588026,2.892836279947917,1.4457772812499998,2.865920213541667,1.2817174479166666,2.0453259898153786
12231,1,1.128,1.128,0.0,1.414,733,1504,135.0,1.0,1.642799616294013,1.4457772812499998,1.4457772812499998,1.8123484713541664,1.2817174479166666,1.4462638771355416
12232,6,3.718,2.055,53.13,4.243,3362,1507,45.0,2.683,9.856797697764078,4.765425471354167,2.63392935546875,5.438327131510417,3.4388479127604166,3.5426085324013394
12233,2,2.596,0.981,45.0,2.828,3410,1506,45.0,1.414,3.285599232588026,3.327338494791667,1.2573648164062499,3.624696942708333,1.8123484713541664,2.0453259898153786
12234,11,6.209,2.256,74.285,6.708,3584,1510,63.435,3.0,18.070795779234142,7.958183634114583,2.8915545624999996,8.597760640625,3.8451523437499997,4.796714628303253
12235,6,3.718,2.055,90.0,4.123,353,1505,104.036,2.0,9.856797697764078,4.765425471354167,2.63392935546875,5.284521037760417,2.5634348958333333,3.5426085324013394
12236,1,1.128,1.128,0.0,1.414,356,1505,135.0,1.0,1.642799616294013,1.4457772812499998,1.4457772812499998,1.8123484713541664,1.2817174479166666,1.4462638771355416
12237,3,3.385,1.128,0.0,3.162,566,1505,161.565,1.0,4.928398848882039,4.338613561197916,1.4457772812499998,4.0527905703125,1.2817174479166666,2.5050025163503102
12238,4,2.257,2.257,0.0,2.828,620,1505,135.0,2.0,6.571198465176052,2.892836279947917,2.892836279947917,3.624696942708333,2.5634348958333333,2.892527754271083
12239,1,1.128,1.128,0.0,1.414,3333,1505,135.0,1.0,1.642799616294013,1.4457772812499998,1.4457772812499998,1.8123484713541664,1.2817174479166666,1.4462638771355416
12240,2,2.257,1.128,0.0,2.236,3598,1505,153.435,1.0,3.285599232588026,2.892836279947917,1.4457772812499998,2.865920213541667,1.2817174479166666,2.0453259898153786
12241,2,2.257,1.128,0.0,2.236,3675,1505,153.435,1.0,3.285599232588026,2.892836279947917,1.4457772812499998,2.865920213541667,1.2817174479166666,2.0453259898153786
12242,1,1.128,1.128,0.0,1.414,3687,1505,135.0,1.0,1.642799616294013,1.4457772812499998,1.4457772812499998,1.8123484713541664,1.2817174479166666,1.4462638771355416
12243,44,12.223,4.584,155.316,15.62,3784,1505,140.194,7.209,72.28318311693657,15.666432365885417,5.8753927812499995,20.02042653645833,9.239901082031249,9.593429256606505
12244,95,14.15,8.548,97.03,16.763,269,1506,107.354,10.0,156.06596354793123,18.136301888020835,10.956120744791667,21.485429579427084,12.817174479166667,14.096436578766182
12245,16,6.046,3.369,87.844,6.708,283,1506,116.565,4.0,26.28479386070421,7.749263690104167,4.3181060820312505,8.597760640625,5.126869791666667,5.785055508542166
12246,1,1.128,1.128,0.0,1.414,455,1506,135.0,1.0,1.642799616294013,1.4457772812499998,1.4457772812499998,1.8123484713541664,1.2817174479166666,1.4462638771355416
12247,4,2.257,2.257,0.0,2.828,3390,1506,135.0,2.0,6.571198465176052,2.892836279947917,2.892836279947917,3.624696942708333,2.5634348958333333,2.892527754271083
12248,14,4.807,3.708,96.8,5.831,3457,1506,120.964,4.0,22.999194628116182,6.161215772135417,4.7526082968750005,7.473694438802084,5.126869791666667,5.411423919108519
12249,2,2.596,0.981,45.0,2.828,3482,1508,45.0,1.414,3.285599232588026,3.327338494791667,1.2573648164062499,3.624696942708333,1.8123484713541664,2.0453259898153786
12250,5,3.144,2.025,18.435,3.606,3555,1508,33.69,2.0,8.213998081470065,4.02971965625,2.59547783203125,4.6218731171875,2.5634348958333333,3.2339443426774745
12251,5,3.144,2.025,161.565,3.606,3696,1506,146.31,2.0,8.213998081470065,4.02971965625,2.59547783203125,4.6218731171875,2.5634348958333333,3.2339443426774745
12252,3,2.365,1.615,45.0,2.828,3720,1508,45.0,2.0,4.928398848882039,3.0312617643229167,2.069973678385417,3.624696942708333,2.5634348958333333,2.5050025163503102
12253,4,2.257,2.257,0.0,2.828,3796,1506,135.0,2.0,6.571198465176052,2.892836279947917,2.892836279947917,3.624696942708333,2.5634348958333333,2.892527754271083
12254,13,5.354,3.092,176.186,5.831,499,1507,149.036,3.0,21.35639501182217,6.862315216145833,3.9630703489583334,7.473694438802084,3.8451523437499997,5.214578566863546
12255,1,1.128,1.128,0.0,1.414,596,1507,135.0,1.0,1.642799616294013,1.4457772812499998,1.4457772812499998,1.8123484713541664,1.2817174479166666,1.4462638771355416
12256,7,4.633,1.924,157.5,5.0,618,1507,143.13,2.53,11.499597314058091,5.938196936197917,2.4660243697916666,6.408587239583333,3.2427451432291665,3.826454549076717
12257,2,2.257,1.128,90.0,2.236,3495,1507,116.565,1.0,3.285599232588026,2.892836279947917,1.4457772812499998,2.865920213541667,1.2817174479166666,2.0453259898153786
12258,16,5.382,3.785,41.818,6.403,3684,1512,51.34,4.243,26.28479386070421,6.8982033046875,4.8513005403645835,8.206836819010416,5.438327131510417,5.785055508542166
12259,2,2.596,0.981,45.0,2.828,309,1510,45.0,1.414,3.285599232588026,3.327338494791667,1.2573648164062499,3.624696942708333,1.8123484713541664,2.0453259898153786
12260,1,1.128,1.128,0.0,1.414,312,1508,135.0,1.0,1.642799616294013,1.4457772812499998,1.4457772812499998,1.8123484713541664,1.2817174479166666,1.4462638771355416
12261,4,2.257,2.257,0.0,2.828,316,1508,135.0,2.0,6.571198465176052,2.892836279947917,2.892836279947917,3.624696942708333,2.5634348958333333,2.892527754271083
12262,3,2.365,1.615,135.0,2.828,331,1508,135.0,2.0,4.928398848882039,3.0312617643229167,2.069973678385417,3.624696942708333,2.5634348958333333,2.5050025163503102
12263,2,2.257,1.128,90.0,2.236,343,1508,116.565,1.0,3.285599232588026,2.892836279947917,1.4457772812499998,2.865920213541667,1.2817174479166666,2.0453259898153786
12264,3,2.365,1.615,135.0,2.828,518,1508,135.0,2.0,4.928398848882039,3.0312617643229167,2.069973678385417,3.624696942708333,2.5634348958333333,2.5050025163503102
12265,1,1.128,1.128,0.0,1.414,710,1508,135.0,1.0,1.642799616294013,1.4457772812499998,1.4457772812499998,1.8123484713541664,1.2817174479166666,1.4462638771355416
12266,9,4.534,2.528,52.628,5.0,3634,1511,36.87,3.536,14.785196546646118,5.811306908854166,3.2401817083333335,6.408587239583333,4.532152895833334,4.338791631406624
12267,2,2.257,1.128,90.0,2.236,302,1509,116.565,1.0,3.285599232588026,2.892836279947917,1.4457772812499998,2.865920213541667,1.2817174479166666,2.0453259898153786
12268,1,1.128,1.128,0.0,1.414,630,1509,135.0,1.0,1.642799616294013,1.4457772812499998,1.4457772812499998,1.8123484713541664,1.2817174479166666,1.4462638771355416
12269,1,1.128,1.128,0.0,1.414,672,1509,135.0,1.0,1.642799616294013,1.4457772812499998,1.4457772812499998,1.8123484713541664,1.2817174479166666,1.4462638771355416
12270,3,2.365,1.615,45.0,2.828,3303,1511,45.0,2.0,4.928398848882039,3.0312617643229167,2.069973678385417,3.624696942708333,2.5634348958333333,2.5050025163503102
12271,1,1.128,1.128,0.0,1.414,3597,1509,135.0,1.0,1.642799616294013,1.4457772812499998,1.4457772812499998,1.8123484713541664,1.2817174479166666,1.4462638771355416
12272,1,1.128,1.128,0.0,1.414,3712,1509,135.0,1.0,1.642799616294013,1.4457772812499998,1.4457772812499998,1.8123484713541664,1.2817174479166666,1.4462638771355416
12273,4,2.257,2.257,0.0,2.828,256,1510,135.0,2.0,6.571198465176052,2.892836279947917,2.892836279947917,3.624696942708333,2.5634348958333333,2.892527754271083
12274,8,4.826,2.11,171.525,5.385,294,1510,158.199,3.0,13.142396930352104,6.185568403645833,2.7044238151041666,6.90204845703125,3.8451523437499997,4.090651979630757
12275,6,4.134,1.848,102.933,4.472,488,1510,116.565,2.0,9.856797697764078,5.298619929687501,2.36861384375,5.731840427083334,2.5634348958333333,3.5426085324013394
12276,1,1.128,1.128,0.0,1.414,795,1510,135.0,1.0,1.642799616294013,1.4457772812499998,1.4457772812499998,1.8123484713541664,1.2817174479166666,1.4462638771355416
12277,3,2.365,1.615,45.0,2.828,882,1512,45.0,2.0,4.928398848882039,3.0312617643229167,2.069973678385417,3.624696942708333,2.5634348958333333,2.5050025163503102
12278,1,1.128,1.128,0.0,1.414,3405,1510,135.0,1.0,1.642799616294013,1.4457772812499998,1.4457772812499998,1.8123484713541664,1.2817174479166666,1.4462638771355416
12279,1,1.128,1.128,0.0,1.414,3673,1510,135.0,1.0,1.642799616294013,1.4457772812499998,1.4457772812499998,1.8123484713541664,1.2817174479166666,1.4462638771355416
12280,1,1.128,1.128,0.0,1.414,198,1511,135.0,1.0,1.642799616294013,1.4457772812499998,1.4457772812499998,1.8123484713541664,1.2817174479166666,1.4462638771355416
12281,1,1.128,1.128,0.0,1.414,208,1511,135.0,1.0,1.642799616294013,1.4457772812499998,1.4457772812499998,1.8123484713541664,1.2817174479166666,1.4462638771355416
12282,2,2.257,1.128,0.0,2.236,329,1511,153.435,1.0,3.285599232588026,2.892836279947917,1.4457772812499998,2.865920213541667,1.2817174479166666,2.0453259898153786
12283,3,3.969,0.963,135.0,4.243,361,1511,135.0,1.414,4.928398848882039,5.08713655078125,1.23429390234375,5.438327131510417,1.8123484713541664,2.5050025163503102
12284,3,3.213,1.189,151.845,3.606,3579,1511,146.31,1.789,4.928398848882039,4.11815816015625,1.5239620455729168,4.6218731171875,2.2929925143229166,2.5050025163503102
12285,1,1.128,1.128,0.0,1.414,3622,1511,135.0,1.0,1.642799616294013,1.4457772812499998,1.4457772812499998,1.8123484713541664,1.2817174479166666,1.4462638771355416
12286,16,5.601,3.637,63.014,6.708,3673,1517,63.435,4.0,26.28479386070421,7.17889942578125,4.661606358072917,8.597760640625,5.126869791666667,5.785055508542166
12287,1,1.128,1.128,0.0,1.414,3717,1511,135.0,1.0,1.642799616294013,1.4457772812499998,1.4457772812499998,1.8123484713541664,1.2817174479166666,1.4462638771355416
12288,1,1.128,1.128,0.0,1.414,287,1512,135.0,1.0,1.642799616294013,1.4457772812499998,1.4457772812499998,1.8123484713541664,1.2817174479166666,1.4462638771355416
12289,10,5.642,2.257,90.0,5.385,334,1512,111.801,2.0,16.42799616294013,7.2314498411458334,2.892836279947917,6.90204845703125,2.5634348958333333,4.573487949374228
12290,7,3.507,2.542,149.527,4.243,369,1512,135.0,3.0,11.499597314058091,4.49498308984375,3.2581257526041663,5.438327131510417,3.8451523437499997,3.826454549076717
12291,1,1.128,1.128,0.0,1.414,481,1512,135.0,1.0,1.642799616294013,1.4457772812499998,1.4457772812499998,1.8123484713541664,1.2817174479166666,1.4462638771355416
12292,1,1.128,1.128,0.0,1.414,483,1512,135.0,1.0,1.642799616294013,1.4457772812499998,1.4457772812499998,1.8123484713541664,1.2817174479166666,1.4462638771355416
12293,1,1.128,1.128,0.0,1.414,3641,1512,135.0,1.0,1.642799616294013,1.4457772812499998,1.4457772812499998,1.8123484713541664,1.2817174479166666,1.4462638771355416
12294,13,4.622,3.581,112.903,5.657,3708,1512,135.0,4.0,21.35639501182217,5.924098044270833,4.589830180989583,7.250675602864583,5.126869791666667,5.214578566863546
12295,10,4.762,2.674,46.085,5.657,3762,1516,45.0,3.536,16.42799616294013,6.103538486979166,3.4273124557291665,7.250675602864583,4.532152895833334,4.573487949374228
12296,1,1.128,1.128,0.0,1.414,205,1513,135.0,1.0,1.642799616294013,1.4457772812499998,1.4457772812499998,1.8123484713541664,1.2817174479166666,1.4462638771355416
12297,2,2.257,1.128,90.0,2.236,332,1513,116.565,1.0,3.285599232588026,2.892836279947917,1.4457772812499998,2.865920213541667,1.2817174479166666,2.0453259898153786
12298,4,2.734,1.863,90.0,3.162,367,1513,108.435,2.0,6.571198465176052,3.5042155026041666,2.38783960546875,4.0527905703125,2.5634348958333333,2.892527754271083
12299,2,2.257,1.128,0.0,2.236,748,1513,153.435,1.0,3.285599232588026,2.892836279947917,1.4457772812499998,2.865920213541667,1.2817174479166666,2.0453259898153786
12300,1,1.128,1.128,0.0,1.414,3317,1513,135.0,1.0,1.642799616294013,1.4457772812499998,1.4457772812499998,1.8123484713541664,1.2817174479166666,1.4462638771355416
12301,3,3.385,1.128,0.0,3.162,3623,1513,161.565,1.0,4.928398848882039,4.338613561197916,1.4457772812499998,4.0527905703125,1.2817174479166666,2.5050025163503102
12302,2,2.257,1.128,0.0,2.236,3742,1513,153.435,1.0,3.285599232588026,2.892836279947917,1.4457772812499998,2.865920213541667,1.2817174479166666,2.0453259898153786
12303,7,3.507,2.542,120.473,4.243,196,1514,135.0,3.0,11.499597314058091,4.49498308984375,3.2581257526041663,5.438327131510417,3.8451523437499997,3.826454549076717
12304,3,2.365,1.615,45.0,2.828,255,1516,45.0,2.0,4.928398848882039,3.0312617643229167,2.069973678385417,3.624696942708333,2.5634348958333333,2.5050025163503102
12305,53,12.89,5.235,120.135,15.0,301,1514,126.87,8.485,87.06837966358269,16.521337903645833,6.70979083984375,19.22576171875,10.875372545572915,10.528959954443641
12306,4,3.216,1.583,121.717,3.606,316,1514,123.69,2.0,6.571198465176052,4.1220033125,2.028958720052083,4.6218731171875,2.5634348958333333,2.892527754271083
12307,8,4.514,2.257,90.0,4.472,374,1514,116.565,2.0,13.142396930352104,5.785672559895834,2.892836279947917,5.731840427083334,2.5634348958333333,4.090651979630757
12308,4,2.257,2.257,0.0,2.828,398,1514,135.0,2.0,6.571198465176052,2.892836279947917,2.892836279947917,3.624696942708333,2.5634348958333333,2.892527754271083
12309,6,3.416,2.236,0.0,4.123,459,1515,165.964,3.0,9.856797697764078,4.378346802083333,2.865920213541667,5.284521037760417,3.8451523437499997,3.5426085324013394
12310,2,2.596,0.981,45.0,2.828,740,1516,45.0,1.414,3.285599232588026,3.327338494791667,1.2573648164062499,3.624696942708333,1.8123484713541664,2.0453259898153786
12311,1,1.128,1.128,0.0,1.414,3523,1514,135.0,1.0,1.642799616294013,1.4457772812499998,1.4457772812499998,1.8123484713541664,1.2817174479166666,1.4462638771355416
12312,9,5.143,2.228,56.034,6.403,3586,1519,51.34,3.328,14.785196546646118,6.591872834635416,2.8556664739583337,8.206836819010416,4.265555666666667,4.338791631406624
12313,4,2.257,2.257,0.0,2.828,3617,1514,135.0,2.0,6.571198465176052,2.892836279947917,2.892836279947917,3.624696942708333,2.5634348958333333,2.892527754271083
12314,2,2.257,1.128,90.0,2.236,3627,1514,116.565,1.0,3.285599232588026,2.892836279947917,1.4457772812499998,2.865920213541667,1.2817174479166666,2.0453259898153786
12315,49,12.991,4.803,46.494,14.142,3748,1524,45.0,6.491,80.49718119840664,16.650791365885414,6.1560889023437495,18.126048148437498,8.319627954427082,10.12384713994879
12316,1,1.128,1.128,0.0,1.414,169,1515,135.0,1.0,1.642799616294013,1.4457772812499998,1.4457772812499998,1.8123484713541664,1.2817174479166666,1.4462638771355416
12317,1,1.128,1.128,0.0,1.414,201,1515,135.0,1.0,1.642799616294013,1.4457772812499998,1.4457772812499998,1.8123484713541664,1.2817174479166666,1.4462638771355416
12318,10,4.049,3.144,63.435,5.0,323,1519,53.13,3.0,16.42799616294013,5.189673946614584,4.02971965625,6.408587239583333,3.8451523437499997,4.573487949374228
12319,1,1.128,1.128,0.0,1.414,401,1515,135.0,1.0,1.642799616294013,1.4457772812499998,1.4457772812499998,1.8123484713541664,1.2817174479166666,1.4462638771355416
12320,8,3.538,2.879,45.0,4.243,479,1518,45.0,3.0,13.142396930352104,4.534716330729166,3.6900645325520833,5.438327131510417,3.8451523437499997,4.090651979630757
12321,12,5.15,2.967,133.829,6.403,539,1515,128.66,4.025,19.713595395528156,6.600844856770833,3.80285566796875,8.206836819010416,5.158912727864584,5.0100050327006205
12322,1,1.128,1.128,0.0,1.414,623,1515,135.0,1.0,1.642799616294013,1.4457772812499998,1.4457772812499998,1.8123484713541664,1.2817174479166666,1.4462638771355416
12323,2,2.596,0.981,45.0,2.828,3423,1517,45.0,1.414,3.285599232588026,3.327338494791667,1.2573648164062499,3.624696942708333,1.8123484713541664,2.0453259898153786
12324,1,1.128,1.128,0.0,1.414,3689,1515,135.0,1.0,1.642799616294013,1.4457772812499998,1.4457772812499998,1.8123484713541664,1.2817174479166666,1.4462638771355416
12325,1,1.128,1.128,0.0,1.414,3716,1515,135.0,1.0,1.642799616294013,1.4457772812499998,1.4457772812499998,1.8123484713541664,1.2817174479166666,1.4462638771355416
12326,16,4.95,4.115,41.634,5.831,3724,1520,30.964,4.919,26.28479386070421,6.3445013671875,5.274267298177083,7.473694438802084,6.304768126302083,5.785055508542166
12327,16,5.367,3.796,46.626,7.071,3736,1520,45.0,4.608,26.28479386070421,6.87897754296875,4.8653994322916665,9.063024074218749,5.906153999999999,5.785055508542166
12328,1,1.128,1.128,0.0,1.414,3812,1515,135.0,1.0,1.642799616294013,1.4457772812499998,1.4457772812499998,1.8123484713541664,1.2817174479166666,1.4462638771355416
12329,8,6.93,1.47,146.599,7.211,262,1516,146.31,2.219,13.142396930352104,8.882301914062499,1.8841246484374998,9.242464516927084,2.8441310169270833,4.090651979630757
12330,25,9.103,3.497,69.08,11.705,276,1527,70.017,5.336,41.069990407350325,11.667473928385416,4.482165915364583,15.002502727864583,6.839244302083333,7.231319385677708
12331,29,9.13,4.044,71.77,12.53,294,1527,61.39,6.0,47.64118887252638,11.702080299479167,5.1832653593749995,16.05991962239583,7.690304687499999,7.788369332980218
12332,1,1.128,1.128,0.0,1.414,427,1516,135.0,1.0,1.642799616294013,1.4457772812499998,1.4457772812499998,1.8123484713541664,1.2817174479166666,1.4462638771355416
12333,1,1.128,1.128,0.0,1.414,675,1516,135.0,1.0,1.642799616294013,1.4457772812499998,1.4457772812499998,1.8123484713541664,1.2817174479166666,1.4462638771355416
12334,2,2.257,1.128,90.0,2.236,3407,1516,116.565,1.0,3.285599232588026,2.892836279947917,1.4457772812499998,2.865920213541667,1.2817174479166666,2.0453259898153786
12335,5,3.713,1.715,83.953,4.472,3470,1520,63.435,2.0,8.213998081470065,4.759016884114583,2.1981454231770834,5.731840427083334,2.5634348958333333,3.2339443426774745
12336,6,3.995,1.912,99.462,4.472,3510,1516,116.565,2.0,9.856797697764078,5.120461204427083,2.4506437604166664,5.731840427083334,2.5634348958333333,3.5426085324013394
12337,17,6.996,3.094,152.978,7.616,3519,1517,156.801,4.025,27.927593476998222,8.966895265625,3.9656337838541664,9.761560083333332,5.158912727864584,5.963098727945161
12338,11,5.711,2.452,155.762,7.211,3698,1516,146.31,4.0,18.070795779234142,7.3198883450520835,3.1427711822916664,9.242464516927084,5.126869791666667,4.796714628303253
12339,2,2.257,1.128,90.0,2.236,163,1517,116.565,1.0,3.285599232588026,2.892836279947917,1.4457772812499998,2.865920213541667,1.2817174479166666,2.0453259898153786
12340,1,1.128,1.128,0.0,1.414,166,1517,135.0,1.0,1.642799616294013,1.4457772812499998,1.4457772812499998,1.8123484713541664,1.2817174479166666,1.4462638771355416
12341,27,6.742,5.099,45.0,7.81,204,1522,39.806,6.0,44.35558963993835,8.641339033854166,6.535477266927083,10.010213268229165,7.690304687499999,7.515007549050931
12342,1,1.128,1.128,0.0,1.414,260,1517,135.0,1.0,1.642799616294013,1.4457772812499998,1.4457772812499998,1.8123484713541664,1.2817174479166666,1.4462638771355416
12343,1,1.128,1.128,0.0,1.414,321,1517,135.0,1.0,1.642799616294013,1.4457772812499998,1.4457772812499998,1.8123484713541664,1.2817174479166666,1.4462638771355416
12344,2,2.596,0.981,45.0,2.828,337,1519,45.0,1.414,3.285599232588026,3.327338494791667,1.2573648164062499,3.624696942708333,1.8123484713541664,2.0453259898153786
12345,2,2.257,1.128,0.0,2.236,370,1517,153.435,1.0,3.285599232588026,2.892836279947917,1.4457772812499998,2.865920213541667,1.2817174479166666,2.0453259898153786
12346,1,1.128,1.128,0.0,1.414,3826,1517,135.0,1.0,1.642799616294013,1.4457772812499998,1.4457772812499998,1.8123484713541664,1.2817174479166666,1.4462638771355416
12347,1,1.128,1.128,0.0,1.414,102,1518,135.0,1.0,1.642799616294013,1.4457772812499998,1.4457772812499998,1.8123484713541664,1.2817174479166666,1.4462638771355416
12348,1,1.128,1.128,0.0,1.414,317,1518,135.0,1.0,1.642799616294013,1.4457772812499998,1.4457772812499998,1.8123484713541664,1.2817174479166666,1.4462638771355416
12349,4,2.257,2.257,0.0,2.828,354,1518,135.0,2.0,6.571198465176052,2.892836279947917,2.892836279947917,3.624696942708333,2.5634348958333333,2.892527754271083
12350,4,2.257,2.257,0.0,2.828,418,1518,135.0,2.0,6.571198465176052,2.892836279947917,2.892836279947917,3.624696942708333,2.5634348958333333,2.892527754271083
12351,1,1.128,1.128,0.0,1.414,469,1518,135.0,1.0,1.642799616294013,1.4457772812499998,1.4457772812499998,1.8123484713541664,1.2817174479166666,1.4462638771355416
12352,7,3.855,2.312,59.036,4.472,476,1522,63.435,2.828,11.499597314058091,4.94102076171875,2.9633307395833333,5.731840427083334,3.624696942708333,3.826454549076717
12353,1,1.128,1.128,0.0,1.414,675,1518,135.0,1.0,1.642799616294013,1.4457772812499998,1.4457772812499998,1.8123484713541664,1.2817174479166666,1.4462638771355416
12354,2,2.257,1.128,0.0,2.236,712,1518,153.435,1.0,3.285599232588026,2.892836279947917,1.4457772812499998,2.865920213541667,1.2817174479166666,2.0453259898153786
12355,3,3.385,1.128,90.0,3.162,841,1518,108.435,1.0,4.928398848882039,4.338613561197916,1.4457772812499998,4.0527905703125,1.2817174479166666,2.5050025163503102
12356,1,1.128,1.128,0.0,1.414,3613,1518,135.0,1.0,1.642799616294013,1.4457772812499998,1.4457772812499998,1.8123484713541664,1.2817174479166666,1.4462638771355416
12357,1,1.128,1.128,0.0,1.414,3627,1518,135.0,1.0,1.642799616294013,1.4457772812499998,1.4457772812499998,1.8123484713541664,1.2817174479166666,1.4462638771355416
12358,12,4.557,3.353,114.611,5.657,3638,1518,135.0,4.0,19.713595395528156,5.840786410156251,4.297598602864584,7.250675602864583,5.126869791666667,5.0100050327006205
12359,6,4.134,1.848,77.067,4.472,3652,1522,63.435,2.0,9.856797697764078,5.298619929687501,2.36861384375,5.731840427083334,2.5634348958333333,3.5426085324013394
12360,18,7.758,2.954,36.764,9.22,3690,1524,40.601,4.828,29.570393093292235,9.9435639609375,3.7861933411458333,11.817434869791667,6.188131838541667,6.135977969446135
12361,3,3.385,1.128,0.0,3.162,260,1519,161.565,1.0,4.928398848882039,4.338613561197916,1.4457772812499998,4.0527905703125,1.2817174479166666,2.5050025163503102
12362,4,2.257,2.257,0.0,2.828,284,1519,135.0,2.0,6.571198465176052,2.892836279947917,2.892836279947917,3.624696942708333,2.5634348958333333,2.892527754271083
12363,1,1.128,1.128,0.0,1.414,320,1519,135.0,1.0,1.642799616294013,1.4457772812499998,1.4457772812499998,1.8123484713541664,1.2817174479166666,1.4462638771355416
12364,1,1.128,1.128,0.0,1.414,639,1519,135.0,1.0,1.642799616294013,1.4457772812499998,1.4457772812499998,1.8123484713541664,1.2817174479166666,1.4462638771355416
12365,8,5.328,1.912,92.103,5.385,3404,1519,111.801,2.0,13.142396930352104,6.8289905625000005,2.4506437604166664,6.90204845703125,2.5634348958333333,4.090651979630757
12366,22,7.515,3.727,126.339,9.22,3560,1520,130.601,5.547,36.141591558468285,9.63210662109375,4.776960928385416,11.817434869791667,7.10968668359375,6.78357888217988
12367,4,2.734,1.863,90.0,3.162,339,1520,108.435,2.0,6.571198465176052,3.5042155026041666,2.38783960546875,4.0527905703125,2.5634348958333333,2.892527754271083
12368,1,1.128,1.128,0.0,1.414,357,1520,135.0,1.0,1.642799616294013,1.4457772812499998,1.4457772812499998,1.8123484713541664,1.2817174479166666,1.4462638771355416
12369,4,2.257,2.257,0.0,2.828,396,1520,135.0,2.0,6.571198465176052,2.892836279947917,2.892836279947917,3.624696942708333,2.5634348958333333,2.892527754271083
12370,4,2.734,1.863,90.0,3.162,709,1520,108.435,2.0,6.571198465176052,3.5042155026041666,2.38783960546875,4.0527905703125,2.5634348958333333,2.892527754271083
12371,1,1.128,1.128,0.0,1.414,3516,1520,135.0,1.0,1.642799616294013,1.4457772812499998,1.4457772812499998,1.8123484713541664,1.2817174479166666,1.4462638771355416
12372,1,1.128,1.128,0.0,1.414,3565,1520,135.0,1.0,1.642799616294013,1.4457772812499998,1.4457772812499998,1.8123484713541664,1.2817174479166666,1.4462638771355416
12373,2,2.257,1.128,90.0,2.236,3615,1520,116.565,1.0,3.285599232588026,2.892836279947917,1.4457772812499998,2.865920213541667,1.2817174479166666,2.0453259898153786
12374,8,4.249,2.397,102.557,5.0,3629,1520,126.87,3.0,13.142396930352104,5.446017436197916,3.0722767226562495,6.408587239583333,3.8451523437499997,4.090651979630757
12375,6,3.385,2.257,0.0,3.606,3679,1520,146.31,2.0,9.856797697764078,4.338613561197916,2.892836279947917,4.6218731171875,2.5634348958333333,3.5426085324013394
12376,2,2.257,1.128,90.0,2.236,3789,1520,116.565,1.0,3.285599232588026,2.892836279947917,1.4457772812499998,2.865920213541667,1.2817174479166666,2.0453259898153786
12377,1,1.128,1.128,0.0,1.414,163,1521,135.0,1.0,1.642799616294013,1.4457772812499998,1.4457772812499998,1.8123484713541664,1.2817174479166666,1.4462638771355416
12378,5,3.144,2.025,161.565,3.606,255,1521,146.31,2.0,8.213998081470065,4.02971965625,2.59547783203125,4.6218731171875,2.5634348958333333,3.2339443426774745
12379,1,1.128,1.128,0.0,1.414,573,1521,135.0,1.0,1.642799616294013,1.4457772812499998,1.4457772812499998,1.8123484713541664,1.2817174479166666,1.4462638771355416
12380,1,1.128,1.128,0.0,1.414,3472,1521,135.0,1.0,1.642799616294013,1.4457772812499998,1.4457772812499998,1.8123484713541664,1.2817174479166666,1.4462638771355416
12381,2,2.257,1.128,90.0,2.236,3499,1521,116.565,1.0,3.285599232588026,2.892836279947917,1.4457772812499998,2.865920213541667,1.2817174479166666,2.0453259898153786
12382,1,1.128,1.128,0.0,1.414,3736,1521,135.0,1.0,1.642799616294013,1.4457772812499998,1.4457772812499998,1.8123484713541664,1.2817174479166666,1.4462638771355416
12383,2,2.257,1.128,90.0,2.236,268,1522,116.565,1.0,3.285599232588026,2.892836279947917,1.4457772812499998,2.865920213541667,1.2817174479166666,2.0453259898153786
12384,1,1.128,1.128,0.0,1.414,318,1522,135.0,1.0,1.642799616294013,1.4457772812499998,1.4457772812499998,1.8123484713541664,1.2817174479166666,1.4462638771355416
12385,12,4.314,3.542,145.278,5.0,320,1522,126.87,4.0,19.713595395528156,5.5293290703124995,4.539843200520833,6.408587239583333,5.126869791666667,5.0100050327006205
12386,2,2.257,1.128,90.0,2.236,329,1522,116.565,1.0,3.285599232588026,2.892836279947917,1.4457772812499998,2.865920213541667,1.2817174479166666,2.0453259898153786
12387,2,2.596,0.981,135.0,2.828,341,1522,135.0,1.414,3.285599232588026,3.327338494791667,1.2573648164062499,3.624696942708333,1.8123484713541664,2.0453259898153786
12388,14,4.264,4.181,90.0,5.0,512,1522,126.87,4.0,22.999194628116182,5.465243197916667,5.358860649739583,6.408587239583333,5.126869791666667,5.411423919108519
12389,3,3.385,1.128,0.0,3.162,3477,1522,161.565,1.0,4.928398848882039,4.338613561197916,1.4457772812499998,4.0527905703125,1.2817174479166666,2.5050025163503102
12390,3,2.365,1.615,45.0,2.828,3504,1524,45.0,2.0,4.928398848882039,3.0312617643229167,2.069973678385417,3.624696942708333,2.5634348958333333,2.5050025163503102
12391,18,6.543,3.503,24.013,7.211,3514,1526,33.69,4.0,29.570393093292235,8.38627726171875,4.489856220052084,9.242464516927084,5.126869791666667,6.135977969446135
12392,8,3.254,3.13,90.0,4.243,3705,1523,135.0,3.0,13.142396930352104,4.170708575520833,4.011775611979166,5.438327131510417,3.8451523437499997,4.090651979630757
12393,3,3.385,1.128,90.0,3.162,3719,1522,108.435,1.0,4.928398848882039,4.338613561197916,1.4457772812499998,4.0527905703125,1.2817174479166666,2.5050025163503102
12394,1,1.128,1.128,0.0,1.414,3721,1522,135.0,1.0,1.642799616294013,1.4457772812499998,1.4457772812499998,1.8123484713541664,1.2817174479166666,1.4462638771355416
12395,1,1.128,1.128,0.0,1.414,165,1523,135.0,1.0,1.642799616294013,1.4457772812499998,1.4457772812499998,1.8123484713541664,1.2817174479166666,1.4462638771355416
12396,2,2.596,0.981,45.0,2.828,405,1525,45.0,1.414,3.285599232588026,3.327338494791667,1.2573648164062499,3.624696942708333,1.8123484713541664,2.0453259898153786
12397,1,1.128,1.128,0.0,1.414,3375,1523,135.0,1.0,1.642799616294013,1.4457772812499998,1.4457772812499998,1.8123484713541664,1.2817174479166666,1.4462638771355416
12398,6,3.14,2.433,45.0,3.606,3474,1526,33.69,2.828,9.856797697764078,4.024592786458333,3.1184185507812496,4.6218731171875,3.624696942708333,3.5426085324013394
12399,1,1.128,1.128,0.0,1.414,3501,1523,135.0,1.0,1.642799616294013,1.4457772812499998,1.4457772812499998,1.8123484713541664,1.2817174479166666,1.4462638771355416
12400,2,2.257,1.128,0.0,2.236,3574,1523,153.435,1.0,3.285599232588026,2.892836279947917,1.4457772812499998,2.865920213541667,1.2817174479166666,2.0453259898153786
12401,6,3.385,2.257,0.0,3.606,261,1524,146.31,2.0,9.856797697764078,4.338613561197916,2.892836279947917,4.6218731171875,2.5634348958333333,3.5426085324013394
12402,1,1.128,1.128,0.0,1.414,311,1524,135.0,1.0,1.642799616294013,1.4457772812499998,1.4457772812499998,1.8123484713541664,1.2817174479166666,1.4462638771355416
12403,1,1.128,1.128,0.0,1.414,353,1524,135.0,1.0,1.642799616294013,1.4457772812499998,1.4457772812499998,1.8123484713541664,1.2817174479166666,1.4462638771355416
12404,1,1.128,1.128,0.0,1.414,361,1524,135.0,1.0,1.642799616294013,1.4457772812499998,1.4457772812499998,1.8123484713541664,1.2817174479166666,1.4462638771355416
12405,2,2.257,1.128,90.0,2.236,382,1524,116.565,1.0,3.285599232588026,2.892836279947917,1.4457772812499998,2.865920213541667,1.2817174479166666,2.0453259898153786
12406,2,2.257,1.128,0.0,2.236,600,1524,153.435,1.0,3.285599232588026,2.892836279947917,1.4457772812499998,2.865920213541667,1.2817174479166666,2.0453259898153786
12407,3,3.385,1.128,90.0,3.162,3381,1524,108.435,1.0,4.928398848882039,4.338613561197916,1.4457772812499998,4.0527905703125,1.2817174479166666,2.5050025163503102
12408,1,1.128,1.128,0.0,1.414,3391,1524,135.0,1.0,1.642799616294013,1.4457772812499998,1.4457772812499998,1.8123484713541664,1.2817174479166666,1.4462638771355416
12409,4,2.257,2.257,0.0,2.828,3736,1524,135.0,2.0,6.571198465176052,2.892836279947917,2.892836279947917,3.624696942708333,2.5634348958333333,2.892527754271083
12410,2,2.257,1.128,0.0,2.236,139,1525,153.435,1.0,3.285599232588026,2.892836279947917,1.4457772812499998,2.865920213541667,1.2817174479166666,2.0453259898153786
12411,349,35.197,12.625,68.339,51.245,276,1574,72.979,22.627,573.3370660866105,45.11260901432292,16.181682779947916,65.68161061848959,29.001420694010413,27.018438918730812
12412,3,2.365,1.615,135.0,2.828,317,1525,135.0,2.0,4.928398848882039,3.0312617643229167,2.069973678385417,3.624696942708333,2.5634348958333333,2.5050025163503102
12413,3,2.365,1.615,135.0,2.828,340,1525,135.0,2.0,4.928398848882039,3.0312617643229167,2.069973678385417,3.624696942708333,2.5634348958333333,2.5050025163503102
12414,1,1.128,1.128,0.0,1.414,408,1525,135.0,1.0,1.642799616294013,1.4457772812499998,1.4457772812499998,1.8123484713541664,1.2817174479166666,1.4462638771355416
12415,1,1.128,1.128,0.0,1.414,551,1525,135.0,1.0,1.642799616294013,1.4457772812499998,1.4457772812499998,1.8123484713541664,1.2817174479166666,1.4462638771355416
12416,1,1.128,1.128,0.0,1.414,3360,1525,135.0,1.0,1.642799616294013,1.4457772812499998,1.4457772812499998,1.8123484713541664,1.2817174479166666,1.4462638771355416
12417,1,1.128,1.128,0.0,1.414,3601,1525,135.0,1.0,1.642799616294013,1.4457772812499998,1.4457772812499998,1.8123484713541664,1.2817174479166666,1.4462638771355416
12418,4,4.514,1.128,90.0,4.123,3613,1525,104.036,1.0,6.571198465176052,5.785672559895834,1.4457772812499998,5.284521037760417,1.2817174479166666,2.892527754271083
12419,4,3.216,1.583,121.717,3.606,3660,1525,123.69,2.0,6.571198465176052,4.1220033125,2.028958720052083,4.6218731171875,2.5634348958333333,2.892527754271083
12420,15,4.818,3.964,38.051,6.708,3726,1531,63.435,5.657,24.641994244410196,6.175314664062499,5.0807279635416664,8.597760640625,7.250675602864583,5.601355910367322
12421,2,2.257,1.128,0.0,2.236,3756,1525,153.435,1.0,3.285599232588026,2.892836279947917,1.4457772812499998,2.865920213541667,1.2817174479166666,2.0453259898153786
12422,1,1.128,1.128,0.0,1.414,301,1526,135.0,1.0,1.642799616294013,1.4457772812499998,1.4457772812499998,1.8123484713541664,1.2817174479166666,1.4462638771355416
12423,11,3.924,3.569,144.992,5.0,337,1526,126.87,4.0,18.070795779234142,5.0294592656249995,4.574449571614583,6.408587239583333,5.126869791666667,4.796714628303253
12424,26,8.269,4.003,51.465,10.63,347,1534,48.814,5.814,42.71279002364434,10.598521576822916,5.130714944010417,13.624656471354168,7.4519052421875,7.374527731318484
12425,2,2.596,0.981,135.0,2.828,405,1526,135.0,1.414,3.285599232588026,3.327338494791667,1.2573648164062499,3.624696942708333,1.8123484713541664,2.0453259898153786
12426,11,5.608,2.497,67.662,6.708,413,1532,63.435,3.0,18.070795779234142,7.187871447916666,3.2004484674479166,8.597760640625,3.8451523437499997,4.796714628303253
12427,8,4.514,2.257,90.0,4.472,428,1526,116.565,2.0,13.142396930352104,5.785672559895834,2.892836279947917,5.731840427083334,2.5634348958333333,4.090651979630757
12428,9,5.581,2.053,82.606,6.325,450,1526,108.435,3.0,14.785196546646118,7.153265076822917,2.6313659205729167,8.106862858072917,3.8451523437499997,4.338791631406624
12429,1,1.128,1.128,0.0,1.414,3418,1526,135.0,1.0,1.642799616294013,1.4457772812499998,1.4457772812499998,1.8123484713541664,1.2817174479166666,1.4462638771355416
12430,17,5.503,3.933,33.322,7.211,3444,1532,56.31,5.27,27.927593476998222,7.053291115885417,5.04099472265625,9.242464516927084,6.7546509505208325,5.963098727945161
12431,59,15.491,4.849,104.894,19.698,3582,1526,113.962,8.193,96.92517736134677,19.85508498567708,6.215047904947917,25.2472702890625,10.50111105078125,11.108963630155632
12432,1,1.128,1.128,0.0,1.414,3595,1526,135.0,1.0,1.642799616294013,1.4457772812499998,1.4457772812499998,1.8123484713541664,1.2817174479166666,1.4462638771355416
12433,4,2.257,2.257,0.0,2.828,3715,1526,135.0,2.0,6.571198465176052,2.892836279947917,2.892836279947917,3.624696942708333,2.5634348958333333,2.892527754271083
12434,16,4.712,4.324,168.583,5.831,3741,1526,149.036,4.0,26.28479386070421,6.0394526145833325,5.542146244791667,7.473694438802084,5.126869791666667,5.785055508542166
12435,1,1.128,1.128,0.0,1.414,240,1527,135.0,1.0,1.642799616294013,1.4457772812499998,1.4457772812499998,1.8123484713541664,1.2817174479166666,1.4462638771355416
12436,5,5.642,1.128,90.0,5.099,281,1527,101.31,1.0,8.213998081470065,7.2314498411458334,1.4457772812499998,6.535477266927083,1.2817174479166666,3.2339443426774745
12437,8,4.755,2.142,112.278,5.831,375,1527,120.964,2.846,13.142396930352104,6.09456646484375,2.7454387734375,7.473694438802084,3.6477678567708334,4.090651979630757
12438,4,2.257,2.257,0.0,2.828,482,1527,135.0,2.0,6.571198465176052,2.892836279947917,2.892836279947917,3.624696942708333,2.5634348958333333,2.892527754271083
12439,1,1.128,1.128,0.0,1.414,601,1527,135.0,1.0,1.642799616294013,1.4457772812499998,1.4457772812499998,1.8123484713541664,1.2817174479166666,1.4462638771355416
12440,1,1.128,1.128,0.0,1.414,3368,1527,135.0,1.0,1.642799616294013,1.4457772812499998,1.4457772812499998,1.8123484713541664,1.2817174479166666,1.4462638771355416
12441,1,1.128,1.128,0.0,1.414,3600,1527,135.0,1.0,1.642799616294013,1.4457772812499998,1.4457772812499998,1.8123484713541664,1.2817174479166666,1.4462638771355416
12442,12,4.61,3.314,68.199,5.657,3694,1532,45.0,3.881,19.713595395528156,5.908717434895833,4.247611622395834,7.250675602864583,4.974345415364583,5.0100050327006205
12443,1,1.128,1.128,0.0,1.414,3739,1527,135.0,1.0,1.642799616294013,1.4457772812499998,1.4457772812499998,1.8123484713541664,1.2817174479166666,1.4462638771355416
12444,1,1.128,1.128,0.0,1.414,3774,1527,135.0,1.0,1.642799616294013,1.4457772812499998,1.4457772812499998,1.8123484713541664,1.2817174479166666,1.4462638771355416
12445,11,3.909,3.583,160.264,6.403,269,1530,141.34,5.0,18.070795779234142,5.0102335039062496,4.592393615885417,8.206836819010416,6.408587239583333,4.796714628303253
12446,3,2.365,1.615,135.0,2.828,278,1528,135.0,2.0,4.928398848882039,3.0312617643229167,2.069973678385417,3.624696942708333,2.5634348958333333,2.5050025163503102
12447,33,8.165,5.146,165.492,9.434,300,1528,147.995,6.0,54.21238733770243,10.465222962239581,6.5957179869791664,12.091722403645832,7.690304687499999,8.308153445630097
12448,5,3.144,2.025,161.565,3.606,317,1528,146.31,2.0,8.213998081470065,4.02971965625,2.59547783203125,4.6218731171875,2.5634348958333333,3.2339443426774745
12449,38,8.552,5.657,72.499,10.77,382,1538,68.199,7.071,62.4263854191725,10.961247614583332,7.250675602864583,13.8040969140625,9.063024074218749,8.915369296202536
12450,4,2.257,2.257,0.0,2.828,472,1528,135.0,2.0,6.571198465176052,2.892836279947917,2.892836279947917,3.624696942708333,2.5634348958333333,2.892527754271083
12451,1,1.128,1.128,0.0,1.414,643,1528,135.0,1.0,1.642799616294013,1.4457772812499998,1.4457772812499998,1.8123484713541664,1.2817174479166666,1.4462638771355416
12452,1,1.128,1.128,0.0,1.414,3375,1528,135.0,1.0,1.642799616294013,1.4457772812499998,1.4457772812499998,1.8123484713541664,1.2817174479166666,1.4462638771355416
12453,51,8.644,7.512,159.309,10.63,3463,1536,48.814,8.0,83.78278043099466,11.079165619791667,9.628261468749999,13.624656471354168,10.253739583333333,10.32838996735036
12454,21,8.276,3.231,70.388,8.944,3664,1536,63.435,4.0,34.49879194217427,10.607493598958333,4.141229074218749,11.463680854166668,5.126869791666667,6.627613691853932
12455,2,2.257,1.128,0.0,2.236,3680,1528,153.435,1.0,3.285599232588026,2.892836279947917,1.4457772812499998,2.865920213541667,1.2817174479166666,2.0453259898153786
12456,10,4.075,3.124,36.323,5.0,3719,1532,53.13,3.578,16.42799616294013,5.222998600260417,4.004085307291667,6.408587239583333,4.585985028645833,4.573487949374228
12457,129,17.266,9.513,176.738,26.683,252,1539,167.005,16.661,211.92115050192768,22.130133455729165,12.19297808203125,34.20006666276041,21.354694399739586,16.426400004188977
12458,2,2.596,0.981,135.0,2.828,406,1529,135.0,1.414,3.285599232588026,3.327338494791667,1.2573648164062499,3.624696942708333,1.8123484713541664,2.0453259898153786
12459,2,2.257,1.128,90.0,2.236,467,1529,116.565,1.0,3.285599232588026,2.892836279947917,1.4457772812499998,2.865920213541667,1.2817174479166666,2.0453259898153786
12460,2,2.257,1.128,90.0,2.236,3418,1529,116.565,1.0,3.285599232588026,2.892836279947917,1.4457772812499998,2.865920213541667,1.2817174479166666,2.0453259898153786
12461,1,1.128,1.128,0.0,1.414,3499,1529,135.0,1.0,1.642799616294013,1.4457772812499998,1.4457772812499998,1.8123484713541664,1.2817174479166666,1.4462638771355416
12462,2,2.257,1.128,0.0,2.236,3596,1529,153.435,1.0,3.285599232588026,2.892836279947917,1.4457772812499998,2.865920213541667,1.2817174479166666,2.0453259898153786
12463,1,1.128,1.128,0.0,1.414,3733,1529,135.0,1.0,1.642799616294013,1.4457772812499998,1.4457772812499998,1.8123484713541664,1.2817174479166666,1.4462638771355416
12464,3,2.365,1.615,45.0,2.828,3746,1531,45.0,2.0,4.928398848882039,3.0312617643229167,2.069973678385417,3.624696942708333,2.5634348958333333,2.5050025163503102
12465,1,1.128,1.128,0.0,1.414,3802,1529,135.0,1.0,1.642799616294013,1.4457772812499998,1.4457772812499998,1.8123484713541664,1.2817174479166666,1.4462638771355416
12466,11,4.288,3.266,125.008,5.0,441,1530,126.87,4.0,18.070795779234142,5.496004416666667,4.186089184895834,6.408587239583333,5.126869791666667,4.796714628303253
12467,7,3.644,2.446,112.5,4.472,482,1530,116.565,3.0,11.499597314058091,4.670578380208333,3.135080877604167,5.731840427083334,3.8451523437499997,3.826454549076717
12468,2,2.596,0.981,135.0,2.828,3185,1530,135.0,1.414,3.285599232588026,3.327338494791667,1.2573648164062499,3.624696942708333,1.8123484713541664,2.0453259898153786
12469,2,2.257,1.128,90.0,2.236,3293,1530,116.565,1.0,3.285599232588026,2.892836279947917,1.4457772812499998,2.865920213541667,1.2817174479166666,2.0453259898153786
12470,46,9.151,6.4,100.286,10.77,3552,1540,68.199,7.891,75.5687823495246,11.728996365885417,8.202991666666668,13.8040969140625,10.114032381510416,9.809038857407382
12471,57,11.221,6.468,16.251,13.0,3725,1538,22.62,8.0,93.63957812875874,14.382151483072917,8.290148453125,16.662326822916665,10.253739583333333,10.919052822086096
12472,2,2.257,1.128,90.0,2.236,3751,1530,116.565,1.0,3.285599232588026,2.892836279947917,1.4457772812499998,2.865920213541667,1.2817174479166666,2.0453259898153786
12473,7,3.507,2.542,120.473,4.243,3759,1530,135.0,3.0,11.499597314058091,4.49498308984375,3.2581257526041663,5.438327131510417,3.8451523437499997,3.826454549076717
12474,1,1.128,1.128,0.0,1.414,3834,1530,135.0,1.0,1.642799616294013,1.4457772812499998,1.4457772812499998,1.8123484713541664,1.2817174479166666,1.4462638771355416
12475,4,2.734,1.863,0.0,3.162,80,1531,161.565,2.0,6.571198465176052,3.5042155026041666,2.38783960546875,4.0527905703125,2.5634348958333333,2.892527754271083
12476,2,2.596,0.981,135.0,2.828,374,1531,135.0,1.414,3.285599232588026,3.327338494791667,1.2573648164062499,3.624696942708333,1.8123484713541664,2.0453259898153786
12477,2,2.596,0.981,45.0,2.828,639,1533,45.0,1.414,3.285599232588026,3.327338494791667,1.2573648164062499,3.624696942708333,1.8123484713541664,2.0453259898153786
12478,1,1.128,1.128,0.0,1.414,3226,1531,135.0,1.0,1.642799616294013,1.4457772812499998,1.4457772812499998,1.8123484713541664,1.2817174479166666,1.4462638771355416
12479,2,2.257,1.128,90.0,2.236,3379,1531,116.565,1.0,3.285599232588026,2.892836279947917,1.4457772812499998,2.865920213541667,1.2817174479166666,2.0453259898153786
12480,1,1.128,1.128,0.0,1.414,3401,1531,135.0,1.0,1.642799616294013,1.4457772812499998,1.4457772812499998,1.8123484713541664,1.2817174479166666,1.4462638771355416
12481,3,3.213,1.189,28.155,3.606,3522,1533,33.69,1.789,4.928398848882039,4.11815816015625,1.5239620455729168,4.6218731171875,2.2929925143229166,2.5050025163503102
12482,6,3.493,2.187,0.0,4.472,3688,1531,153.435,3.0,9.856797697764078,4.4770390455729165,2.8031160585937496,5.731840427083334,3.8451523437499997,3.5426085324013394
12483,1,1.128,1.128,0.0,1.414,3797,1531,135.0,1.0,1.642799616294013,1.4457772812499998,1.4457772812499998,1.8123484713541664,1.2817174479166666,1.4462638771355416
12484,2,2.257,1.128,90.0,2.236,3803,1531,116.565,1.0,3.285599232588026,2.892836279947917,1.4457772812499998,2.865920213541667,1.2817174479166666,2.0453259898153786
12485,1,1.128,1.128,0.0,1.414,258,1532,135.0,1.0,1.642799616294013,1.4457772812499998,1.4457772812499998,1.8123484713541664,1.2817174479166666,1.4462638771355416
12486,13,6.684,2.476,58.866,8.062,402,1539,60.255,3.883,21.35639501182217,8.566999421875,3.173532401041667,10.333206065104166,4.976908850260417,5.214578566863546
12487,12,5.79,2.639,16.707,6.708,533,1536,26.565,3.714,19.713595395528156,7.4211440234375,3.382452345052083,8.597760640625,4.7602986015625,5.0100050327006205
12488,2,2.257,1.128,90.0,2.236,699,1532,116.565,1.0,3.285599232588026,2.892836279947917,1.4457772812499998,2.865920213541667,1.2817174479166666,2.0453259898153786
12489,34,8.555,5.06,168.286,10.198,3635,1537,11.31,6.0,55.855186953996444,10.965092766927082,6.485490286458333,13.070954533854167,7.690304687499999,8.433095094829797
12490,16,5.468,3.726,0.0,6.325,3774,1534,161.565,4.0,26.28479386070421,7.008431005208333,4.7756792109375,8.106862858072917,5.126869791666667,5.785055508542166
12491,1,1.128,1.128,0.0,1.414,3793,1532,135.0,1.0,1.642799616294013,1.4457772812499998,1.4457772812499998,1.8123484713541664,1.2817174479166666,1.4462638771355416
12492,6,4.068,1.878,125.072,5.0,283,1533,126.87,2.683,9.856797697764078,5.214026578124999,2.4070653671874997,6.408587239583333,3.4388479127604166,3.5426085324013394
12493,2,2.257,1.128,0.0,2.236,289,1533,153.435,1.0,3.285599232588026,2.892836279947917,1.4457772812499998,2.865920213541667,1.2817174479166666,2.0453259898153786
12494,43,8.786,6.231,14.525,10.817,306,1542,56.31,9.0,70.64038350064256,11.261169497395832,7.98638141796875,13.864337634114584,11.535457031249999,9.483786464234974
12495,13,5.373,3.081,33.426,6.403,408,1538,38.66,4.4,21.35639501182217,6.88666784765625,3.94897145703125,8.206836819010416,5.639556770833334,5.214578566863546
12496,3,2.365,1.615,135.0,2.828,566,1533,135.0,2.0,4.928398848882039,3.0312617643229167,2.069973678385417,3.624696942708333,2.5634348958333333,2.5050025163503102
12497,1,1.128,1.128,0.0,1.414,3755,1533,135.0,1.0,1.642799616294013,1.4457772812499998,1.4457772812499998,1.8123484713541664,1.2817174479166666,1.4462638771355416
12498,1,1.128,1.128,0.0,1.414,3834,1533,135.0,1.0,1.642799616294013,1.4457772812499998,1.4457772812499998,1.8123484713541664,1.2817174479166666,1.4462638771355416
12499,1,1.128,1.128,0.0,1.414,337,1534,135.0,1.0,1.642799616294013,1.4457772812499998,1.4457772812499998,1.8123484713541664,1.2817174479166666,1.4462638771355416
12500,1,1.128,1.128,0.0,1.414,594,1534,135.0,1.0,1.642799616294013,1.4457772812499998,1.4457772812499998,1.8123484713541664,1.2817174479166666,1.4462638771355416
12501,122,19.125,8.122,22.978,23.77,3776,1549,22.249,12.08,200.4215531878696,24.51284619140625,10.410109111979166,30.466423736979166,15.483146770833333,15.974506649079016
12502,43,8.802,6.22,114.389,10.817,3801,1537,146.31,7.83,70.64038350064256,11.2816769765625,7.972282526041666,13.864337634114584,10.0358476171875,9.483786464234974
12503,1,1.128,1.128,0.0,1.414,233,1535,135.0,1.0,1.642799616294013,1.4457772812499998,1.4457772812499998,1.8123484713541664,1.2817174479166666,1.4462638771355416
12504,18,7.96,2.879,31.774,10.296,320,1542,29.055,4.919,29.570393093292235,10.202470885416666,3.6900645325520833,13.19656284375,6.304768126302083,6.135977969446135
12505,1,1.128,1.128,0.0,1.414,368,1535,135.0,1.0,1.642799616294013,1.4457772812499998,1.4457772812499998,1.8123484713541664,1.2817174479166666,1.4462638771355416
12506,1,1.128,1.128,0.0,1.414,3342,1535,135.0,1.0,1.642799616294013,1.4457772812499998,1.4457772812499998,1.8123484713541664,1.2817174479166666,1.4462638771355416
12507,1,1.128,1.128,0.0,1.414,3408,1535,135.0,1.0,1.642799616294013,1.4457772812499998,1.4457772812499998,1.8123484713541664,1.2817174479166666,1.4462638771355416
12508,1,1.128,1.128,0.0,1.414,3613,1535,135.0,1.0,1.642799616294013,1.4457772812499998,1.4457772812499998,1.8123484713541664,1.2817174479166666,1.4462638771355416
12509,1,1.128,1.128,0.0,1.414,255,1536,135.0,1.0,1.642799616294013,1.4457772812499998,1.4457772812499998,1.8123484713541664,1.2817174479166666,1.4462638771355416
12510,15,5.301,3.603,152.567,6.708,278,1537,153.435,4.0,24.641994244410196,6.79438419140625,4.61802796484375,8.597760640625,5.126869791666667,5.601355910367322
12511,12,5.596,2.73,14.06,6.708,354,1539,26.565,3.0,19.713595395528156,7.172490838541667,3.4990886328124997,8.597760640625,3.8451523437499997,5.0100050327006205
12512,2,2.257,1.128,90.0,2.236,669,1536,116.565,1.0,3.285599232588026,2.892836279947917,1.4457772812499998,2.865920213541667,1.2817174479166666,2.0453259898153786
12513,1,1.128,1.128,0.0,1.414,3415,1536,135.0,1.0,1.642799616294013,1.4457772812499998,1.4457772812499998,1.8123484713541664,1.2817174479166666,1.4462638771355416
12514,2,2.257,1.128,90.0,2.236,3659,1536,116.565,1.0,3.285599232588026,2.892836279947917,1.4457772812499998,2.865920213541667,1.2817174479166666,2.0453259898153786
12515,3,2.365,1.615,135.0,2.828,3676,1536,135.0,2.0,4.928398848882039,3.0312617643229167,2.069973678385417,3.624696942708333,2.5634348958333333,2.5050025163503102
12516,10,5.804,2.194,49.764,6.403,3766,1540,38.66,3.536,16.42799616294013,7.439088067708334,2.8120880807291666,8.206836819010416,4.532152895833334,4.573487949374228
12517,13,6.171,2.682,82.009,7.28,216,1544,74.055,3.452,21.35639501182217,7.90947837109375,3.4375661953125,9.330903020833334,4.424488630208333,5.214578566863546
12518,6,3.718,2.055,0.0,4.123,292,1538,165.964,2.0,9.856797697764078,4.765425471354167,2.63392935546875,5.284521037760417,2.5634348958333333,3.5426085324013394
12519,8,3.856,2.642,161.986,5.099,385,1538,168.69,3.795,13.142396930352104,4.942302479166666,3.3862974973958333,6.535477266927083,4.86411771484375,4.090651979630757
12520,3,2.365,1.615,45.0,2.828,3379,1539,45.0,2.0,4.928398848882039,3.0312617643229167,2.069973678385417,3.624696942708333,2.5634348958333333,2.5050025163503102
12521,2,2.257,1.128,0.0,2.236,3666,1537,153.435,1.0,3.285599232588026,2.892836279947917,1.4457772812499998,2.865920213541667,1.2817174479166666,2.0453259898153786
12522,1,1.128,1.128,0.0,1.414,3690,1537,135.0,1.0,1.642799616294013,1.4457772812499998,1.4457772812499998,1.8123484713541664,1.2817174479166666,1.4462638771355416
12523,1,1.128,1.128,0.0,1.414,3705,1537,135.0,1.0,1.642799616294013,1.4457772812499998,1.4457772812499998,1.8123484713541664,1.2817174479166666,1.4462638771355416
12524,1,1.128,1.128,0.0,1.414,147,1538,135.0,1.0,1.642799616294013,1.4457772812499998,1.4457772812499998,1.8123484713541664,1.2817174479166666,1.4462638771355416
12525,1,1.128,1.128,0.0,1.414,233,1538,135.0,1.0,1.642799616294013,1.4457772812499998,1.4457772812499998,1.8123484713541664,1.2817174479166666,1.4462638771355416
12526,3,2.365,1.615,135.0,2.828,317,1538,135.0,2.0,4.928398848882039,3.0312617643229167,2.069973678385417,3.624696942708333,2.5634348958333333,2.5050025163503102
12527,1,1.128,1.128,0.0,1.414,339,1538,135.0,1.0,1.642799616294013,1.4457772812499998,1.4457772812499998,1.8123484713541664,1.2817174479166666,1.4462638771355416
12528,3,2.365,1.615,135.0,2.828,398,1538,135.0,2.0,4.928398848882039,3.0312617643229167,2.069973678385417,3.624696942708333,2.5634348958333333,2.5050025163503102
12529,2,2.257,1.128,0.0,2.236,414,1538,153.435,1.0,3.285599232588026,2.892836279947917,1.4457772812499998,2.865920213541667,1.2817174479166666,2.0453259898153786
12530,2,2.257,1.128,90.0,2.236,551,1538,116.565,1.0,3.285599232588026,2.892836279947917,1.4457772812499998,2.865920213541667,1.2817174479166666,2.0453259898153786
12531,190,19.247,12.569,126.986,24.207,3469,1541,141.71,14.969,312.13192709586247,24.669215720052083,16.109906602864584,31.02653426171875,19.186028477864582,19.935371790823325
12532,31,7.301,5.406,3.281,8.944,3742,1538,153.435,6.0,50.926788105114404,9.357819087239584,6.928964523437499,11.463680854166668,7.690304687499999,8.052456474363645
12533,1,1.128,1.128,0.0,1.414,375,1539,135.0,1.0,1.642799616294013,1.4457772812499998,1.4457772812499998,1.8123484713541664,1.2817174479166666,1.4462638771355416
12534,5,3.144,2.025,18.435,3.606,394,1541,33.69,2.0,8.213998081470065,4.02971965625,2.59547783203125,4.6218731171875,2.5634348958333333,3.2339443426774745
12535,1,1.128,1.128,0.0,1.414,518,1539,135.0,1.0,1.642799616294013,1.4457772812499998,1.4457772812499998,1.8123484713541664,1.2817174479166666,1.4462638771355416
12536,1,1.128,1.128,0.0,1.414,3287,1539,135.0,1.0,1.642799616294013,1.4457772812499998,1.4457772812499998,1.8123484713541664,1.2817174479166666,1.4462638771355416
12537,5,3.732,1.706,121.717,4.243,3544,1539,135.0,2.236,8.213998081470065,4.783369515625,2.1866099661458334,5.438327131510417,2.865920213541667,3.2339443426774745
12538,2,2.257,1.128,90.0,2.236,263,1540,116.565,1.0,3.285599232588026,2.892836279947917,1.4457772812499998,2.865920213541667,1.2817174479166666,2.0453259898153786
12539,5,3.144,2.025,71.565,3.606,315,1543,56.31,2.0,8.213998081470065,4.02971965625,2.59547783203125,4.6218731171875,2.5634348958333333,3.2339443426774745
12540,2,2.257,1.128,90.0,2.236,334,1540,116.565,1.0,3.285599232588026,2.892836279947917,1.4457772812499998,2.865920213541667,1.2817174479166666,2.0453259898153786
12541,25,6.519,4.883,4.637,8.544,334,1543,159.444,6.0,41.069990407350325,8.35551604296875,6.2586262981770835,10.950993875,7.690304687499999,7.231319385677708
12542,6,3.385,2.257,0.0,3.606,484,1540,146.31,2.0,9.856797697764078,4.338613561197916,2.892836279947917,4.6218731171875,2.5634348958333333,3.5426085324013394
12543,5,3.144,2.025,161.565,3.606,571,1540,146.31,2.0,8.213998081470065,4.02971965625,2.59547783203125,4.6218731171875,2.5634348958333333,3.2339443426774745
12544,11,4.001,3.501,160.921,5.0,3442,1540,143.13,4.0,18.070795779234142,5.128151509114583,4.487292785156249,6.408587239583333,5.126869791666667,4.796714628303253
12545,2,2.257,1.128,0.0,2.236,3602,1540,153.435,1.0,3.285599232588026,2.892836279947917,1.4457772812499998,2.865920213541667,1.2817174479166666,2.0453259898153786
12546,4,2.257,2.257,0.0,2.828,3654,1540,135.0,2.0,6.571198465176052,2.892836279947917,2.892836279947917,3.624696942708333,2.5634348958333333,2.892527754271083
12547,2,2.257,1.128,0.0,2.236,330,1541,153.435,1.0,3.285599232588026,2.892836279947917,1.4457772812499998,2.865920213541667,1.2817174479166666,2.0453259898153786
12548,4,2.257,2.257,0.0,2.828,370,1541,135.0,2.0,6.571198465176052,2.892836279947917,2.892836279947917,3.624696942708333,2.5634348958333333,2.892527754271083
12549,1,1.128,1.128,0.0,1.414,400,1541,135.0,1.0,1.642799616294013,1.4457772812499998,1.4457772812499998,1.8123484713541664,1.2817174479166666,1.4462638771355416
12550,1,1.128,1.128,0.0,1.414,548,1541,135.0,1.0,1.642799616294013,1.4457772812499998,1.4457772812499998,1.8123484713541664,1.2817174479166666,1.4462638771355416
12551,1,1.128,1.128,0.0,1.414,3397,1541,135.0,1.0,1.642799616294013,1.4457772812499998,1.4457772812499998,1.8123484713541664,1.2817174479166666,1.4462638771355416
12552,5,3.144,2.025,71.565,3.606,3624,1544,56.31,2.0,8.213998081470065,4.02971965625,2.59547783203125,4.6218731171875,2.5634348958333333,3.2339443426774745
12553,1,1.128,1.128,0.0,1.414,143,1542,135.0,1.0,1.642799616294013,1.4457772812499998,1.4457772812499998,1.8123484713541664,1.2817174479166666,1.4462638771355416
12554,40,12.845,3.965,15.366,14.56,350,1546,15.945,5.376,65.71198465176052,16.463660618489584,5.082009680989583,18.66180604166667,6.890513,9.146975898748456
12555,1,1.128,1.128,0.0,1.414,711,1542,135.0,1.0,1.642799616294013,1.4457772812499998,1.4457772812499998,1.8123484713541664,1.2817174479166666,1.4462638771355416
12556,1,1.128,1.128,0.0,1.414,3461,1542,135.0,1.0,1.642799616294013,1.4457772812499998,1.4457772812499998,1.8123484713541664,1.2817174479166666,1.4462638771355416
12557,5,5.642,1.128,0.0,5.099,3611,1542,168.69,1.0,8.213998081470065,7.2314498411458334,1.4457772812499998,6.535477266927083,1.2817174479166666,3.2339443426774745
12558,14,5.38,3.314,48.418,6.403,3677,1546,38.66,4.438,22.999194628116182,6.895639869791666,4.247611622395834,8.206836819010416,5.6882620338541665,5.411423919108519
12559,27,6.317,5.442,27.681,7.211,3690,1546,33.69,6.0,44.35558963993835,8.096609118489583,6.9751063515625,9.242464516927084,7.690304687499999,7.515007549050931
12560,8,3.538,2.879,135.0,4.243,3766,1542,135.0,3.0,13.142396930352104,4.534716330729166,3.6900645325520833,5.438327131510417,3.8451523437499997,4.090651979630757
12561,4,2.734,1.863,0.0,3.162,253,1544,161.565,2.0,6.571198465176052,3.5042155026041666,2.38783960546875,4.0527905703125,2.5634348958333333,2.892527754271083
12562,2,2.257,1.128,90.0,2.236,365,1543,116.565,1.0,3.285599232588026,2.892836279947917,1.4457772812499998,2.865920213541667,1.2817174479166666,2.0453259898153786
12563,2,2.596,0.981,135.0,2.828,566,1543,135.0,1.414,3.285599232588026,3.327338494791667,1.2573648164062499,3.624696942708333,1.8123484713541664,2.0453259898153786
12564,1,1.128,1.128,0.0,1.414,694,1543,135.0,1.0,1.642799616294013,1.4457772812499998,1.4457772812499998,1.8123484713541664,1.2817174479166666,1.4462638771355416
12565,4,3.192,1.596,18.435,3.606,3305,1545,33.69,2.0,6.571198465176052,4.09124209375,2.045621046875,4.6218731171875,2.5634348958333333,2.892527754271083
12566,1,1.128,1.128,0.0,1.414,3341,1543,135.0,1.0,1.642799616294013,1.4457772812499998,1.4457772812499998,1.8123484713541664,1.2817174479166666,1.4462638771355416
12567,151,21.201,9.068,128.53,29.069,311,1546,130.815,15.6,248.06274206039598,27.17369161328125,11.622613817708332,37.258244493489585,19.9947921875,17.77198805841306
12568,2,2.257,1.128,90.0,2.236,3287,1544,116.565,1.0,3.285599232588026,2.892836279947917,1.4457772812499998,2.865920213541667,1.2817174479166666,2.0453259898153786
12569,5,4.076,1.562,69.006,4.472,3488,1548,63.435,2.0,8.213998081470065,5.224280317708333,2.0020426536458333,5.731840427083334,2.5634348958333333,3.2339443426774745
12570,3,2.365,1.615,45.0,2.828,3540,1546,45.0,2.0,4.928398848882039,3.0312617643229167,2.069973678385417,3.624696942708333,2.5634348958333333,2.5050025163503102
12571,11,3.858,3.63,123.401,5.0,3715,1544,126.87,4.0,18.070795779234142,4.9448659140625,4.6526343359375,6.408587239583333,5.126869791666667,4.796714628303253
12572,3,2.365,1.615,135.0,2.828,3793,1544,135.0,2.0,4.928398848882039,3.0312617643229167,2.069973678385417,3.624696942708333,2.5634348958333333,2.5050025163503102
12573,1,1.128,1.128,0.0,1.414,213,1545,135.0,1.0,1.642799616294013,1.4457772812499998,1.4457772812499998,1.8123484713541664,1.2817174479166666,1.4462638771355416
12574,2,2.257,1.128,90.0,2.236,3293,1545,116.565,1.0,3.285599232588026,2.892836279947917,1.4457772812499998,2.865920213541667,1.2817174479166666,2.0453259898153786
12575,2,2.257,1.128,0.0,2.236,3406,1545,153.435,1.0,3.285599232588026,2.892836279947917,1.4457772812499998,2.865920213541667,1.2817174479166666,2.0453259898153786
12576,2,2.257,1.128,0.0,2.236,3410,1545,153.435,1.0,3.285599232588026,2.892836279947917,1.4457772812499998,2.865920213541667,1.2817174479166666,2.0453259898153786
12577,1,1.128,1.128,0.0,1.414,3460,1545,135.0,1.0,1.642799616294013,1.4457772812499998,1.4457772812499998,1.8123484713541664,1.2817174479166666,1.4462638771355416
12578,41,9.032,5.78,4.998,14.318,266,1550,12.095,7.92,67.35478426805453,11.576471989583332,7.408326848958334,18.351630419270833,10.1512021875,9.26060728541019
12579,30,8.263,4.623,122.705,12.207,303,1546,124.992,6.946,49.28398848882039,10.590831272135416,5.92537976171875,15.64592488671875,8.902809393229166,7.921513496120161
12580,7,3.086,2.888,90.0,3.606,308,1546,123.69,3.0,11.499597314058091,3.955380044270833,3.701599989583333,4.6218731171875,3.8451523437499997,3.826454549076717
12581,2,2.257,1.128,90.0,2.236,329,1546,116.565,1.0,3.285599232588026,2.892836279947917,1.4457772812499998,2.865920213541667,1.2817174479166666,2.0453259898153786
12582,1,1.128,1.128,0.0,1.414,389,1546,135.0,1.0,1.642799616294013,1.4457772812499998,1.4457772812499998,1.8123484713541664,1.2817174479166666,1.4462638771355416
12583,10,4.205,3.028,45.0,5.385,395,1549,21.801,4.0,16.42799616294013,5.389621868489583,3.8810404322916665,6.90204845703125,5.126869791666667,4.573487949374228
12584,3,3.385,1.128,90.0,3.162,667,1546,108.435,1.0,4.928398848882039,4.338613561197916,1.4457772812499998,4.0527905703125,1.2817174479166666,2.5050025163503102
12585,1,1.128,1.128,0.0,1.414,3371,1546,135.0,1.0,1.642799616294013,1.4457772812499998,1.4457772812499998,1.8123484713541664,1.2817174479166666,1.4462638771355416
12586,27,6.514,5.278,27.175,8.944,3646,1552,26.565,6.0,44.35558963993835,8.349107455729166,6.764904690104166,11.463680854166668,7.690304687499999,7.515007549050931
12587,20,6.142,4.146,45.942,7.81,258,1554,39.806,5.466,32.85599232588026,7.872308565104167,5.3140005390625,10.010213268229165,7.0058675703125,6.467888685354949
12588,1,1.128,1.128,0.0,1.414,367,1547,135.0,1.0,1.642799616294013,1.4457772812499998,1.4457772812499998,1.8123484713541664,1.2817174479166666,1.4462638771355416
12589,3,2.446,1.561,0.0,3.162,383,1548,161.565,2.0,4.928398848882039,3.135080877604167,2.0007609361979166,4.0527905703125,2.5634348958333333,2.5050025163503102
12590,4,2.734,1.863,0.0,3.162,543,1547,161.565,2.0,6.571198465176052,3.5042155026041666,2.38783960546875,4.0527905703125,2.5634348958333333,2.892527754271083
12591,9,5.219,2.196,47.349,6.403,574,1552,51.34,2.828,14.785196546646118,6.689283360677083,2.814651515625,8.206836819010416,3.624696942708333,4.338791631406624
12592,5,3.144,2.025,108.435,3.606,3624,1547,123.69,2.0,8.213998081470065,4.02971965625,2.59547783203125,4.6218731171875,2.5634348958333333,3.2339443426774745
12593,1,1.128,1.128,0.0,1.414,153,1548,135.0,1.0,1.642799616294013,1.4457772812499998,1.4457772812499998,1.8123484713541664,1.2817174479166666,1.4462638771355416
12594,1,1.128,1.128,0.0,1.414,203,1548,135.0,1.0,1.642799616294013,1.4457772812499998,1.4457772812499998,1.8123484713541664,1.2817174479166666,1.4462638771355416
12595,8,3.546,2.872,54.992,4.472,447,1552,63.435,3.536,13.142396930352104,4.5449700703125,3.6810925104166663,5.731840427083334,4.532152895833334,4.090651979630757
12596,4,2.257,2.257,0.0,2.828,484,1548,135.0,2.0,6.571198465176052,2.892836279947917,2.892836279947917,3.624696942708333,2.5634348958333333,2.892527754271083
12597,1,1.128,1.128,0.0,1.414,587,1548,135.0,1.0,1.642799616294013,1.4457772812499998,1.4457772812499998,1.8123484713541664,1.2817174479166666,1.4462638771355416
12598,63,10.537,7.613,154.355,12.207,3448,1549,145.008,9.171,103.49637582652282,13.505456748697917,9.757714930989584,15.64592488671875,11.75463071484375,11.47936364723015
12599,7,4.154,2.146,98.35,4.472,3570,1548,116.565,2.0,11.499597314058091,5.324254278645833,2.7505656432291663,5.731840427083334,2.5634348958333333,3.826454549076717
12600,1,1.128,1.128,0.0,1.414,3701,1548,135.0,1.0,1.642799616294013,1.4457772812499998,1.4457772812499998,1.8123484713541664,1.2817174479166666,1.4462638771355416
12601,1,1.128,1.128,0.0,1.414,214,1549,135.0,1.0,1.642799616294013,1.4457772812499998,1.4457772812499998,1.8123484713541664,1.2817174479166666,1.4462638771355416
12602,4,2.734,1.863,0.0,3.162,216,1549,161.565,2.0,6.571198465176052,3.5042155026041666,2.38783960546875,4.0527905703125,2.5634348958333333,2.892527754271083
12603,1,1.128,1.128,0.0,1.414,256,1549,135.0,1.0,1.642799616294013,1.4457772812499998,1.4457772812499998,1.8123484713541664,1.2817174479166666,1.4462638771355416
12604,1,1.128,1.128,0.0,1.414,353,1549,135.0,1.0,1.642799616294013,1.4457772812499998,1.4457772812499998,1.8123484713541664,1.2817174479166666,1.4462638771355416
12605,10,5.642,2.257,90.0,5.385,360,1549,111.801,2.0,16.42799616294013,7.2314498411458334,2.892836279947917,6.90204845703125,2.5634348958333333,4.573487949374228
12606,1,1.128,1.128,0.0,1.414,399,1549,135.0,1.0,1.642799616294013,1.4457772812499998,1.4457772812499998,1.8123484713541664,1.2817174479166666,1.4462638771355416
12607,11,5.469,2.561,114.006,6.403,408,1549,128.66,3.578,18.070795779234142,7.00971272265625,3.282478384114583,8.206836819010416,4.585985028645833,4.796714628303253
12608,5,3.144,2.025,108.435,3.606,534,1549,123.69,2.0,8.213998081470065,4.02971965625,2.59547783203125,4.6218731171875,2.5634348958333333,3.2339443426774745
12609,1,1.128,1.128,0.0,1.414,542,1549,135.0,1.0,1.642799616294013,1.4457772812499998,1.4457772812499998,1.8123484713541664,1.2817174479166666,1.4462638771355416
12610,1,1.128,1.128,0.0,1.414,3630,1549,135.0,1.0,1.642799616294013,1.4457772812499998,1.4457772812499998,1.8123484713541664,1.2817174479166666,1.4462638771355416
12611,1,1.128,1.128,0.0,1.414,3690,1549,135.0,1.0,1.642799616294013,1.4457772812499998,1.4457772812499998,1.8123484713541664,1.2817174479166666,1.4462638771355416
12612,18,6.684,3.429,169.041,7.28,3807,1551,164.055,4.0,29.570393093292235,8.566999421875,4.39500912890625,9.330903020833334,5.126869791666667,6.135977969446135
12613,10,4.049,3.144,153.435,5.0,203,1550,143.13,3.0,16.42799616294013,5.189673946614584,4.02971965625,6.408587239583333,3.8451523437499997,4.573487949374228
12614,4,3.216,1.583,121.717,3.606,222,1550,123.69,2.0,6.571198465176052,4.1220033125,2.028958720052083,4.6218731171875,2.5634348958333333,2.892527754271083
12615,2,2.257,1.128,90.0,2.236,226,1550,116.565,1.0,3.285599232588026,2.892836279947917,1.4457772812499998,2.865920213541667,1.2817174479166666,2.0453259898153786
12616,1,1.128,1.128,0.0,1.414,3303,1550,135.0,1.0,1.642799616294013,1.4457772812499998,1.4457772812499998,1.8123484713541664,1.2817174479166666,1.4462638771355416
12617,4,4.514,1.128,90.0,4.123,3305,1550,104.036,1.0,6.571198465176052,5.785672559895834,1.4457772812499998,5.284521037760417,1.2817174479166666,2.892527754271083
12618,6,3.7,2.065,123.401,4.472,3309,1550,116.565,2.828,9.856797697764078,4.742354557291667,2.6467465299479165,5.731840427083334,3.624696942708333,3.5426085324013394
12619,125,14.22,11.193,5.934,16.492,3532,1556,165.964,13.0,205.34995203675163,18.226022109375002,14.346263394531249,21.138084151041667,16.662326822916665,16.169721713387375
12620,20,6.289,4.049,108.435,7.211,3602,1550,123.69,4.0,32.85599232588026,8.060721029947915,5.189673946614584,9.242464516927084,5.126869791666667,6.467888685354949
12621,2,2.257,1.128,90.0,2.236,3701,1550,116.565,1.0,3.285599232588026,2.892836279947917,1.4457772812499998,2.865920213541667,1.2817174479166666,2.0453259898153786
12622,48,10.202,5.99,157.443,11.402,3747,1551,142.125,7.519,78.85438158211262,13.076081403645833,7.677487513020833,14.614142341145833,9.637233490885416,10.020010065401241
12623,140,17.236,10.342,117.97,28.425,3774,1552,129.289,19.267,229.99194628116183,22.091681932291667,13.255521846354167,36.43281845703125,24.694850069010414,17.112424969097688
12624,1,1.128,1.128,0.0,1.414,256,1551,135.0,1.0,1.642799616294013,1.4457772812499998,1.4457772812499998,1.8123484713541664,1.2817174479166666,1.4462638771355416
12625,1,1.128,1.128,0.0,1.414,295,1551,135.0,1.0,1.642799616294013,1.4457772812499998,1.4457772812499998,1.8123484713541664,1.2817174479166666,1.4462638771355416
12626,7,4.934,1.806,14.679,5.385,436,1553,21.801,2.0,11.499597314058091,6.3239938880208335,2.3147817109375,6.90204845703125,2.5634348958333333,3.826454549076717
12627,4,3.192,1.596,71.565,3.606,3312,1554,56.31,2.0,6.571198465176052,4.09124209375,2.045621046875,4.6218731171875,2.5634348958333333,2.892527754271083
12628,1,1.128,1.128,0.0,1.414,3719,1551,135.0,1.0,1.642799616294013,1.4457772812499998,1.4457772812499998,1.8123484713541664,1.2817174479166666,1.4462638771355416
12629,12,4.314,3.542,55.278,5.0,3734,1554,36.87,4.0,19.713595395528156,5.5293290703124995,4.539843200520833,6.408587239583333,5.126869791666667,5.0100050327006205
12630,1,1.128,1.128,0.0,1.414,3790,1551,135.0,1.0,1.642799616294013,1.4457772812499998,1.4457772812499998,1.8123484713541664,1.2817174479166666,1.4462638771355416
12631,22,6.948,4.032,136.981,7.81,260,1554,140.194,5.6,36.141591558468285,8.905372828125,5.16788475,10.010213268229165,7.177617708333333,6.78357888217988
12632,8,5.292,1.925,118.212,5.831,345,1552,120.964,2.683,13.142396930352104,6.7828487343749995,2.4673060872395833,7.473694438802084,3.4388479127604166,4.090651979630757
12633,1,1.128,1.128,0.0,1.414,349,1552,135.0,1.0,1.642799616294013,1.4457772812499998,1.4457772812499998,1.8123484713541664,1.2817174479166666,1.4462638771355416
12634,7,4.154,2.146,81.65,4.472,3434,1556,63.435,2.0,11.499597314058091,5.324254278645833,2.7505656432291663,5.731840427083334,2.5634348958333333,3.826454549076717
12635,4,2.734,1.863,90.0,3.162,3553,1552,108.435,2.0,6.571198465176052,3.5042155026041666,2.38783960546875,4.0527905703125,2.5634348958333333,2.892527754271083
12636,1,1.128,1.128,0.0,1.414,3697,1552,135.0,1.0,1.642799616294013,1.4457772812499998,1.4457772812499998,1.8123484713541664,1.2817174479166666,1.4462638771355416
12637,3,2.365,1.615,45.0,2.828,3730,1554,45.0,2.0,4.928398848882039,3.0312617643229167,2.069973678385417,3.624696942708333,2.5634348958333333,2.5050025163503102
12638,31,7.984,4.944,113.229,10.63,3769,1552,131.186,7.0,50.926788105114404,10.233232104166666,6.3368110625,13.624656471354168,8.972022135416667,8.052456474363645
12639,2,2.257,1.128,0.0,2.236,199,1553,153.435,1.0,3.285599232588026,2.892836279947917,1.4457772812499998,2.865920213541667,1.2817174479166666,2.0453259898153786
12640,1,1.128,1.128,0.0,1.414,339,1553,135.0,1.0,1.642799616294013,1.4457772812499998,1.4457772812499998,1.8123484713541664,1.2817174479166666,1.4462638771355416
12641,3,2.365,1.615,135.0,2.828,342,1553,135.0,2.0,4.928398848882039,3.0312617643229167,2.069973678385417,3.624696942708333,2.5634348958333333,2.5050025163503102
12642,7,4.154,2.146,171.65,4.472,378,1553,153.435,2.0,11.499597314058091,5.324254278645833,2.7505656432291663,5.731840427083334,2.5634348958333333,3.826454549076717
12643,2,2.257,1.128,0.0,2.236,450,1553,153.435,1.0,3.285599232588026,2.892836279947917,1.4457772812499998,2.865920213541667,1.2817174479166666,2.0453259898153786
12644,1,1.128,1.128,0.0,1.414,3267,1553,135.0,1.0,1.642799616294013,1.4457772812499998,1.4457772812499998,1.8123484713541664,1.2817174479166666,1.4462638771355416
12645,5,3.144,2.025,108.435,3.606,3588,1553,123.69,2.0,8.213998081470065,4.02971965625,2.59547783203125,4.6218731171875,2.5634348958333333,3.2339443426774745
12646,4,3.192,1.596,18.435,3.606,3785,1555,33.69,2.0,6.571198465176052,4.09124209375,2.045621046875,4.6218731171875,2.5634348958333333,2.892527754271083
12647,9,5.066,2.262,54.217,5.657,297,1558,45.0,3.051,14.785196546646118,6.493180591145833,2.8992448671875,7.250675602864583,3.91051993359375,4.338791631406624
12648,2,2.257,1.128,90.0,2.236,337,1554,116.565,1.0,3.285599232588026,2.892836279947917,1.4457772812499998,2.865920213541667,1.2817174479166666,2.0453259898153786
12649,24,7.498,4.075,125.678,8.485,354,1554,135.0,5.27,39.42719079105631,9.610317424479167,5.222998600260417,10.875372545572915,6.7546509505208325,7.085217064802679
12650,1,1.128,1.128,0.0,1.414,371,1554,135.0,1.0,1.642799616294013,1.4457772812499998,1.4457772812499998,1.8123484713541664,1.2817174479166666,1.4462638771355416
12651,4,3.192,1.596,71.565,3.606,387,1557,56.31,2.0,6.571198465176052,4.09124209375,2.045621046875,4.6218731171875,2.5634348958333333,2.892527754271083
12652,4,3.216,1.583,58.283,3.606,391,1557,56.31,2.0,6.571198465176052,4.1220033125,2.028958720052083,4.6218731171875,2.5634348958333333,2.892527754271083
12653,1,1.128,1.128,0.0,1.414,771,1554,135.0,1.0,1.642799616294013,1.4457772812499998,1.4457772812499998,1.8123484713541664,1.2817174479166666,1.4462638771355416
12654,1,1.128,1.128,0.0,1.414,3365,1554,135.0,1.0,1.642799616294013,1.4457772812499998,1.4457772812499998,1.8123484713541664,1.2817174479166666,1.4462638771355416
12655,9,5.196,2.205,148.949,6.403,269,1555,141.34,3.13,14.785196546646118,6.659803859375,2.82618697265625,8.206836819010416,4.011775611979166,4.338791631406624
12656,1,1.128,1.128,0.0,1.414,324,1555,135.0,1.0,1.642799616294013,1.4457772812499998,1.4457772812499998,1.8123484713541664,1.2817174479166666,1.4462638771355416
12657,1,1.128,1.128,0.0,1.414,335,1555,135.0,1.0,1.642799616294013,1.4457772812499998,1.4457772812499998,1.8123484713541664,1.2817174479166666,1.4462638771355416
12658,1,1.128,1.128,0.0,1.414,426,1555,135.0,1.0,1.642799616294013,1.4457772812499998,1.4457772812499998,1.8123484713541664,1.2817174479166666,1.4462638771355416
12659,1,1.128,1.128,0.0,1.414,437,1555,135.0,1.0,1.642799616294013,1.4457772812499998,1.4457772812499998,1.8123484713541664,1.2817174479166666,1.4462638771355416
12660,13,5.258,3.148,87.072,5.831,525,1555,120.964,4.0,21.35639501182217,6.739270341145833,4.034846526041667,7.473694438802084,5.126869791666667,5.214578566863546
12661,2,2.257,1.128,90.0,2.236,3731,1555,116.565,1.0,3.285599232588026,2.892836279947917,1.4457772812499998,2.865920213541667,1.2817174479166666,2.0453259898153786
12662,1,1.128,1.128,0.0,1.414,251,1556,135.0,1.0,1.642799616294013,1.4457772812499998,1.4457772812499998,1.8123484713541664,1.2817174479166666,1.4462638771355416
12663,1,1.128,1.128,0.0,1.414,257,1556,135.0,1.0,1.642799616294013,1.4457772812499998,1.4457772812499998,1.8123484713541664,1.2817174479166666,1.4462638771355416
12664,59,9.014,8.334,97.375,16.155,306,1571,68.199,12.433,96.92517736134677,11.553401075520831,10.6818332109375,20.70614537109375,15.935593029947917,11.108963630155632
12665,14,5.682,3.137,135.0,8.062,342,1556,119.745,4.95,22.999194628116182,7.2827185390625,4.020747634114583,10.333206065104166,6.3445013671875,5.411423919108519
12666,4,2.257,2.257,0.0,2.828,422,1556,135.0,2.0,6.571198465176052,2.892836279947917,2.892836279947917,3.624696942708333,2.5634348958333333,2.892527754271083
12667,1,1.128,1.128,0.0,1.414,493,1556,135.0,1.0,1.642799616294013,1.4457772812499998,1.4457772812499998,1.8123484713541664,1.2817174479166666,1.4462638771355416
12668,2,2.257,1.128,90.0,2.236,771,1556,116.565,1.0,3.285599232588026,2.892836279947917,1.4457772812499998,2.865920213541667,1.2817174479166666,2.0453259898153786
12669,2,2.596,0.981,45.0,2.828,3450,1558,45.0,1.414,3.285599232588026,3.327338494791667,1.2573648164062499,3.624696942708333,1.8123484713541664,2.0453259898153786
12670,2,2.257,1.128,0.0,2.236,3516,1556,153.435,1.0,3.285599232588026,2.892836279947917,1.4457772812499998,2.865920213541667,1.2817174479166666,2.0453259898153786
12671,45,8.763,6.538,34.376,12.806,3720,1565,38.66,8.222,73.92598273323058,11.231689996093749,8.379868674479166,16.413673638020832,10.538280856770832,9.701833028032423
12672,21,5.521,4.843,118.919,7.81,249,1563,50.194,6.656,34.49879194217427,7.076362029947917,6.2073576002604165,10.010213268229165,8.531111333333333,6.627613691853932
12673,6,4.138,1.846,49.91,5.657,257,1561,45.0,2.828,9.856797697764078,5.303746799479167,2.3660504088541665,7.250675602864583,3.624696942708333,3.5426085324013394
12674,2,2.257,1.128,0.0,2.236,303,1557,153.435,1.0,3.285599232588026,2.892836279947917,1.4457772812499998,2.865920213541667,1.2817174479166666,2.0453259898153786
12675,1,1.128,1.128,0.0,1.414,339,1557,135.0,1.0,1.642799616294013,1.4457772812499998,1.4457772812499998,1.8123484713541664,1.2817174479166666,1.4462638771355416
12676,1,1.128,1.128,0.0,1.414,682,1557,135.0,1.0,1.642799616294013,1.4457772812499998,1.4457772812499998,1.8123484713541664,1.2817174479166666,1.4462638771355416
12677,2,2.257,1.128,0.0,2.236,3324,1557,153.435,1.0,3.285599232588026,2.892836279947917,1.4457772812499998,2.865920213541667,1.2817174479166666,2.0453259898153786
12678,1,1.128,1.128,0.0,1.414,3719,1557,135.0,1.0,1.642799616294013,1.4457772812499998,1.4457772812499998,1.8123484713541664,1.2817174479166666,1.4462638771355416
12679,5,3.732,1.706,31.717,4.243,245,1561,45.0,2.236,8.213998081470065,4.783369515625,2.1866099661458334,5.438327131510417,2.865920213541667,3.2339443426774745
12680,3,2.365,1.615,135.0,2.828,369,1558,135.0,2.0,4.928398848882039,3.0312617643229167,2.069973678385417,3.624696942708333,2.5634348958333333,2.5050025163503102
12681,2,2.257,1.128,0.0,2.236,3338,1558,153.435,1.0,3.285599232588026,2.892836279947917,1.4457772812499998,2.865920213541667,1.2817174479166666,2.0453259898153786
12682,99,12.671,9.948,129.963,19.105,3484,1559,137.121,14.977,162.6371620131073,16.240641782552082,12.750525171875001,24.487211842447916,19.196282217447916,14.39014388490976
12683,3,3.385,1.128,90.0,3.162,3689,1558,108.435,1.0,4.928398848882039,4.338613561197916,1.4457772812499998,4.0527905703125,1.2817174479166666,2.5050025163503102
12684,1,1.128,1.128,0.0,1.414,3811,1558,135.0,1.0,1.642799616294013,1.4457772812499998,1.4457772812499998,1.8123484713541664,1.2817174479166666,1.4462638771355416
12685,3,2.365,1.615,45.0,2.828,353,1561,45.0,2.0,4.928398848882039,3.0312617643229167,2.069973678385417,3.624696942708333,2.5634348958333333,2.5050025163503102
12686,12,5.765,2.65,177.304,7.071,383,1561,171.87,3.0,19.713595395528156,7.389101087239583,3.3965512369791666,9.063024074218749,3.8451523437499997,5.0100050327006205
12687,3,3.385,1.128,0.0,3.162,3419,1559,161.565,1.0,4.928398848882039,4.338613561197916,1.4457772812499998,4.0527905703125,1.2817174479166666,2.5050025163503102
12688,3,2.365,1.615,135.0,2.828,3444,1559,135.0,2.0,4.928398848882039,3.0312617643229167,2.069973678385417,3.624696942708333,2.5634348958333333,2.5050025163503102
12689,72,10.744,8.533,36.955,12.207,3458,1568,34.992,10.0,118.28157237316894,13.770772260416667,10.936894983072916,15.64592488671875,12.817174479166667,12.27195593889227
12690,6,3.385,2.257,90.0,3.606,3622,1559,123.69,2.0,9.856797697764078,4.338613561197916,2.892836279947917,4.6218731171875,2.5634348958333333,3.5426085324013394
12691,44,10.112,5.54,148.963,11.662,3701,1560,149.036,7.519,72.28318311693657,12.960726833333334,7.100714661458333,14.947388877604167,9.637233490885416,9.593429256606505
12692,4,2.734,1.863,90.0,3.162,305,1560,108.435,2.0,6.571198465176052,3.5042155026041666,2.38783960546875,4.0527905703125,2.5634348958333333,2.892527754271083
12693,27,6.908,4.976,101.981,8.944,376,1560,116.565,6.0,44.35558963993835,8.854104130208334,6.377826020833333,11.463680854166668,7.690304687499999,7.515007549050931
12694,3,2.365,1.615,45.0,2.828,394,1562,45.0,2.0,4.928398848882039,3.0312617643229167,2.069973678385417,3.624696942708333,2.5634348958333333,2.5050025163503102
12695,6,5.173,1.477,162.391,5.831,435,1560,149.036,2.183,9.856797697764078,6.630324358072917,1.8930966705729166,7.473694438802084,2.797989188802083,3.5426085324013394
12696,60,11.964,6.386,18.044,13.601,460,1566,17.103,8.0,98.56797697764078,15.334467546875,8.185047622395833,17.432639009114585,10.253739583333333,11.202711820734644
12697,11,6.9,2.03,57.957,7.211,494,1566,56.31,2.774,18.070795779234142,8.843850390625,2.601886419270833,9.242464516927084,3.555484200520833,4.796714628303253
12698,3,2.365,1.615,45.0,2.828,2700,1562,45.0,2.0,4.928398848882039,3.0312617643229167,2.069973678385417,3.624696942708333,2.5634348958333333,2.5050025163503102
12699,3,2.365,1.615,135.0,2.828,3338,1560,135.0,2.0,4.928398848882039,3.0312617643229167,2.069973678385417,3.624696942708333,2.5634348958333333,2.5050025163503102
12700,35,9.226,4.83,140.638,10.817,3548,1562,146.31,5.657,57.49798657029046,11.825125174479167,6.1906952734375,13.864337634114584,7.250675602864583,8.556212484548844
12701,33,9.289,4.523,7.802,11.705,3631,1566,19.983,6.0,54.21238733770243,11.905873373697917,5.797208016927083,15.002502727864583,7.690304687499999,8.308153445630097
12702,20,7.551,3.372,64.027,8.602,315,1568,54.462,4.271,32.85599232588026,9.67824844921875,4.321951234375,11.025333486979166,5.474215220052083,6.467888685354949
12703,3,2.365,1.615,45.0,2.828,363,1563,45.0,2.0,4.928398848882039,3.0312617643229167,2.069973678385417,3.624696942708333,2.5634348958333333,2.5050025163503102
12704,1,1.128,1.128,0.0,1.414,441,1561,135.0,1.0,1.642799616294013,1.4457772812499998,1.4457772812499998,1.8123484713541664,1.2817174479166666,1.4462638771355416
12705,3,2.365,1.615,135.0,2.828,516,1561,135.0,2.0,4.928398848882039,3.0312617643229167,2.069973678385417,3.624696942708333,2.5634348958333333,2.5050025163503102
12706,1,1.128,1.128,0.0,1.414,3242,1561,135.0,1.0,1.642799616294013,1.4457772812499998,1.4457772812499998,1.8123484713541664,1.2817174479166666,1.4462638771355416
12707,5,3.144,2.025,108.435,3.606,3685,1561,123.69,2.0,8.213998081470065,4.02971965625,2.59547783203125,4.6218731171875,2.5634348958333333,3.2339443426774745
12708,11,4.384,3.195,74.929,5.0,187,1566,53.13,3.0,18.070795779234142,5.619049291666667,4.095087246093749,6.408587239583333,3.8451523437499997,4.796714628303253
12709,1,1.128,1.128,0.0,1.414,261,1562,135.0,1.0,1.642799616294013,1.4457772812499998,1.4457772812499998,1.8123484713541664,1.2817174479166666,1.4462638771355416
12710,7,4.154,2.146,8.35,4.472,321,1564,26.565,2.0,11.499597314058091,5.324254278645833,2.7505656432291663,5.731840427083334,2.5634348958333333,3.826454549076717
12711,1,1.128,1.128,0.0,1.414,485,1562,135.0,1.0,1.642799616294013,1.4457772812499998,1.4457772812499998,1.8123484713541664,1.2817174479166666,1.4462638771355416
12712,6,3.718,2.055,0.0,4.123,560,1563,165.964,2.0,9.856797697764078,4.765425471354167,2.63392935546875,5.284521037760417,2.5634348958333333,3.5426085324013394
12713,2,2.257,1.128,0.0,2.236,658,1562,153.435,1.0,3.285599232588026,2.892836279947917,1.4457772812499998,2.865920213541667,1.2817174479166666,2.0453259898153786
12714,2,2.257,1.128,90.0,2.236,701,1562,116.565,1.0,3.285599232588026,2.892836279947917,1.4457772812499998,2.865920213541667,1.2817174479166666,2.0453259898153786
12715,3,2.365,1.615,45.0,2.828,776,1564,45.0,2.0,4.928398848882039,3.0312617643229167,2.069973678385417,3.624696942708333,2.5634348958333333,2.5050025163503102
12716,34,10.857,3.987,46.897,18.868,2426,1578,57.995,8.485,55.855186953996444,13.915606332031249,5.11020746484375,24.183444807291664,10.875372545572915,8.433095094829797
12717,1,1.128,1.128,0.0,1.414,3469,1562,135.0,1.0,1.642799616294013,1.4457772812499998,1.4457772812499998,1.8123484713541664,1.2817174479166666,1.4462638771355416
12718,7,4.633,1.924,112.5,5.0,3588,1562,126.87,2.53,11.499597314058091,5.938196936197917,2.4660243697916666,6.408587239583333,3.2427451432291665,3.826454549076717
12719,9,5.229,2.191,94.731,5.385,3644,1562,111.801,2.0,14.785196546646118,6.70210053515625,2.8082429283854164,6.90204845703125,2.5634348958333333,4.338791631406624
12720,25,6.453,4.933,78.401,7.616,3741,1569,66.801,5.0,41.069990407350325,8.27092269140625,6.322712170572916,9.761560083333332,6.408587239583333,7.231319385677708
12721,1,1.128,1.128,0.0,1.414,3747,1562,135.0,1.0,1.642799616294013,1.4457772812499998,1.4457772812499998,1.8123484713541664,1.2817174479166666,1.4462638771355416
12722,2,2.257,1.128,90.0,2.236,335,1563,116.565,1.0,3.285599232588026,2.892836279947917,1.4457772812499998,2.865920213541667,1.2817174479166666,2.0453259898153786
12723,1,1.128,1.128,0.0,1.414,352,1563,135.0,1.0,1.642799616294013,1.4457772812499998,1.4457772812499998,1.8123484713541664,1.2817174479166666,1.4462638771355416
12724,2,2.257,1.128,90.0,2.236,376,1563,116.565,1.0,3.285599232588026,2.892836279947917,1.4457772812499998,2.865920213541667,1.2817174479166666,2.0453259898153786
12725,1,1.128,1.128,0.0,1.414,389,1563,135.0,1.0,1.642799616294013,1.4457772812499998,1.4457772812499998,1.8123484713541664,1.2817174479166666,1.4462638771355416
12726,11,5.338,2.624,124.959,5.831,427,1563,120.964,3.536,18.070795779234142,6.841807736979167,3.3632265833333332,7.473694438802084,4.532152895833334,4.796714628303253
12727,4,3.216,1.583,121.717,3.606,542,1563,123.69,2.0,6.571198465176052,4.1220033125,2.028958720052083,4.6218731171875,2.5634348958333333,2.892527754271083
12728,3,3.213,1.189,28.155,3.606,651,1565,33.69,1.789,4.928398848882039,4.11815816015625,1.5239620455729168,4.6218731171875,2.2929925143229166,2.5050025163503102
12729,2,2.257,1.128,0.0,2.236,662,1563,153.435,1.0,3.285599232588026,2.892836279947917,1.4457772812499998,2.865920213541667,1.2817174479166666,2.0453259898153786
12730,213,17.538,15.463,2.295,24.739,3516,1574,165.964,19.512,349.9163182706248,22.4787606015625,19.819196897135416,31.708407944010418,25.00887084375,21.107526384951374
12731,6,4.102,1.862,136.95,5.0,3671,1563,143.13,2.828,9.856797697764078,5.257604971354167,2.3865578880208336,6.408587239583333,3.624696942708333,3.5426085324013394
12732,3,2.365,1.615,45.0,2.828,346,1566,45.0,2.0,4.928398848882039,3.0312617643229167,2.069973678385417,3.624696942708333,2.5634348958333333,2.5050025163503102
12733,2,2.257,1.128,90.0,2.236,475,1564,116.565,1.0,3.285599232588026,2.892836279947917,1.4457772812499998,2.865920213541667,1.2817174479166666,2.0453259898153786
12734,4,2.257,2.257,0.0,2.828,502,1564,135.0,2.0,6.571198465176052,2.892836279947917,2.892836279947917,3.624696942708333,2.5634348958333333,2.892527754271083
12735,5,4.183,1.522,100.901,4.472,524,1564,116.565,2.0,8.213998081470065,5.361424084635416,1.9507739557291666,5.731840427083334,2.5634348958333333,3.2339443426774745
12736,1,1.128,1.128,0.0,1.414,3427,1564,135.0,1.0,1.642799616294013,1.4457772812499998,1.4457772812499998,1.8123484713541664,1.2817174479166666,1.4462638771355416
12737,1,1.128,1.128,0.0,1.414,3573,1564,135.0,1.0,1.642799616294013,1.4457772812499998,1.4457772812499998,1.8123484713541664,1.2817174479166666,1.4462638771355416
12738,1,1.128,1.128,0.0,1.414,3585,1564,135.0,1.0,1.642799616294013,1.4457772812499998,1.4457772812499998,1.8123484713541664,1.2817174479166666,1.4462638771355416
12739,6,3.14,2.433,45.0,3.606,3606,1567,33.69,2.828,9.856797697764078,4.024592786458333,3.1184185507812496,4.6218731171875,3.624696942708333,3.5426085324013394
12740,3,2.365,1.615,135.0,2.828,233,1565,135.0,2.0,4.928398848882039,3.0312617643229167,2.069973678385417,3.624696942708333,2.5634348958333333,2.5050025163503102
12741,1,1.128,1.128,0.0,1.414,340,1565,135.0,1.0,1.642799616294013,1.4457772812499998,1.4457772812499998,1.8123484713541664,1.2817174479166666,1.4462638771355416
12742,7,4.44,2.007,107.769,5.385,358,1565,111.801,2.846,11.499597314058091,5.69082546875,2.5724069179687503,6.90204845703125,3.6477678567708334,3.826454549076717
12743,1,1.128,1.128,0.0,1.414,444,1565,135.0,1.0,1.642799616294013,1.4457772812499998,1.4457772812499998,1.8123484713541664,1.2817174479166666,1.4462638771355416
12744,183,16.16,14.419,147.579,20.248,3650,1568,147.095,16.086,300.6323297818044,20.712553958333334,18.48108388151042,25.952214885416666,20.617706867187497,19.564695091470362
12745,40,11.611,4.386,44.554,13.892,3742,1577,59.744,7.071,65.71198465176052,14.882021287760416,5.6216127265625,17.805618786458332,9.063024074218749,9.146975898748456
12746,3,2.365,1.615,135.0,2.828,3750,1565,135.0,2.0,4.928398848882039,3.0312617643229167,2.069973678385417,3.624696942708333,2.5634348958333333,2.5050025163503102
12747,67,14.9,5.725,160.871,19.313,3760,1565,158.749,9.499,110.06757429169888,19.097589973958332,7.337832389322916,24.753809071614583,12.175034037760417,11.838180035570401
12748,3,3.385,1.128,0.0,3.162,3793,1565,161.565,1.0,4.928398848882039,4.338613561197916,1.4457772812499998,4.0527905703125,1.2817174479166666,2.5050025163503102
12749,1,1.128,1.128,0.0,1.414,319,1566,135.0,1.0,1.642799616294013,1.4457772812499998,1.4457772812499998,1.8123484713541664,1.2817174479166666,1.4462638771355416
12750,14,7.605,2.344,70.978,8.544,399,1574,69.444,3.479,22.999194628116182,9.74746119140625,3.0043456979166665,10.950993875,4.459095001302083,5.411423919108519
12751,8,4.037,2.523,123.69,5.0,454,1566,126.87,3.0,13.142396930352104,5.174293337239583,3.23377312109375,6.408587239583333,3.8451523437499997,4.090651979630757
12752,5,4.183,1.522,79.099,4.472,528,1570,63.435,2.0,8.213998081470065,5.361424084635416,1.9507739557291666,5.731840427083334,2.5634348958333333,3.2339443426774745
12753,3,2.365,1.615,45.0,2.828,622,1568,45.0,2.0,4.928398848882039,3.0312617643229167,2.069973678385417,3.624696942708333,2.5634348958333333,2.5050025163503102
12754,2,2.596,0.981,135.0,2.828,813,1566,135.0,1.414,3.285599232588026,3.327338494791667,1.2573648164062499,3.624696942708333,1.8123484713541664,2.0453259898153786
12755,18,6.485,3.534,147.475,8.246,335,1569,165.964,4.715,29.570393093292235,8.311937649739583,4.529589460937499,10.569042075520834,6.043297766927083,6.135977969446135
12756,6,3.14,2.433,135.0,3.606,376,1567,123.69,2.828,9.856797697764078,4.024592786458333,3.1184185507812496,4.6218731171875,3.624696942708333,3.5426085324013394
12757,1,1.128,1.128,0.0,1.414,475,1567,135.0,1.0,1.642799616294013,1.4457772812499998,1.4457772812499998,1.8123484713541664,1.2817174479166666,1.4462638771355416
12758,2,2.257,1.128,0.0,2.236,538,1567,153.435,1.0,3.285599232588026,2.892836279947917,1.4457772812499998,2.865920213541667,1.2817174479166666,2.0453259898153786
12759,1,1.128,1.128,0.0,1.414,541,1567,135.0,1.0,1.642799616294013,1.4457772812499998,1.4457772812499998,1.8123484713541664,1.2817174479166666,1.4462638771355416
12760,1,1.128,1.128,0.0,1.414,550,1567,135.0,1.0,1.642799616294013,1.4457772812499998,1.4457772812499998,1.8123484713541664,1.2817174479166666,1.4462638771355416
12761,1,1.128,1.128,0.0,1.414,2438,1567,135.0,1.0,1.642799616294013,1.4457772812499998,1.4457772812499998,1.8123484713541664,1.2817174479166666,1.4462638771355416
12762,4,3.192,1.596,108.435,3.606,3272,1567,123.69,2.0,6.571198465176052,4.09124209375,2.045621046875,4.6218731171875,2.5634348958333333,2.892527754271083
12763,1,1.128,1.128,0.0,1.414,3451,1567,135.0,1.0,1.642799616294013,1.4457772812499998,1.4457772812499998,1.8123484713541664,1.2817174479166666,1.4462638771355416
12764,2,2.257,1.128,0.0,2.236,3758,1567,153.435,1.0,3.285599232588026,2.892836279947917,1.4457772812499998,2.865920213541667,1.2817174479166666,2.0453259898153786
12765,1,1.128,1.128,0.0,1.414,251,1568,135.0,1.0,1.642799616294013,1.4457772812499998,1.4457772812499998,1.8123484713541664,1.2817174479166666,1.4462638771355416
12766,4,2.257,2.257,0.0,2.828,296,1568,135.0,2.0,6.571198465176052,2.892836279947917,2.892836279947917,3.624696942708333,2.5634348958333333,2.892527754271083
12767,3,2.365,1.615,135.0,2.828,353,1568,135.0,2.0,4.928398848882039,3.0312617643229167,2.069973678385417,3.624696942708333,2.5634348958333333,2.5050025163503102
12768,1,1.128,1.128,0.0,1.414,421,1568,135.0,1.0,1.642799616294013,1.4457772812499998,1.4457772812499998,1.8123484713541664,1.2817174479166666,1.4462638771355416
12769,2,2.257,1.128,90.0,2.236,667,1568,116.565,1.0,3.285599232588026,2.892836279947917,1.4457772812499998,2.865920213541667,1.2817174479166666,2.0453259898153786
12770,1,1.128,1.128,0.0,1.414,3753,1568,135.0,1.0,1.642799616294013,1.4457772812499998,1.4457772812499998,1.8123484713541664,1.2817174479166666,1.4462638771355416
12771,1,1.128,1.128,0.0,1.414,215,1569,135.0,1.0,1.642799616294013,1.4457772812499998,1.4457772812499998,1.8123484713541664,1.2817174479166666,1.4462638771355416
12772,66,12.812,6.559,84.891,14.866,323,1583,70.346,8.0,108.42477467540486,16.421363942708332,8.406784740885417,19.054011580729167,10.253739583333333,11.749503281086843
12773,3,3.385,1.128,90.0,3.162,365,1569,108.435,1.0,4.928398848882039,4.338613561197916,1.4457772812499998,4.0527905703125,1.2817174479166666,2.5050025163503102
12774,25,6.288,5.063,138.136,7.81,372,1569,140.194,6.8,41.069990407350325,8.0594393125,6.489335438802083,10.010213268229165,8.715678645833332,7.231319385677708
12775,1,1.128,1.128,0.0,1.414,440,1569,135.0,1.0,1.642799616294013,1.4457772812499998,1.4457772812499998,1.8123484713541664,1.2817174479166666,1.4462638771355416
12776,5,3.144,2.025,71.565,3.606,612,1572,56.31,2.0,8.213998081470065,4.02971965625,2.59547783203125,4.6218731171875,2.5634348958333333,3.2339443426774745
12777,1,1.128,1.128,0.0,1.414,782,1569,135.0,1.0,1.642799616294013,1.4457772812499998,1.4457772812499998,1.8123484713541664,1.2817174479166666,1.4462638771355416
12778,4,4.514,1.128,90.0,4.123,2438,1569,104.036,1.0,6.571198465176052,5.785672559895834,1.4457772812499998,5.284521037760417,1.2817174479166666,2.892527754271083
12779,5,3.144,2.025,18.435,3.606,411,1572,33.69,2.0,8.213998081470065,4.02971965625,2.59547783203125,4.6218731171875,2.5634348958333333,3.2339443426774745
12780,3,3.385,1.128,90.0,3.162,558,1570,108.435,1.0,4.928398848882039,4.338613561197916,1.4457772812499998,4.0527905703125,1.2817174479166666,2.5050025163503102
12781,1,1.128,1.128,0.0,1.414,669,1570,135.0,1.0,1.642799616294013,1.4457772812499998,1.4457772812499998,1.8123484713541664,1.2817174479166666,1.4462638771355416
12782,2,2.257,1.128,90.0,2.236,703,1570,116.565,1.0,3.285599232588026,2.892836279947917,1.4457772812499998,2.865920213541667,1.2817174479166666,2.0453259898153786
12783,4,2.257,2.257,0.0,2.828,772,1570,135.0,2.0,6.571198465176052,2.892836279947917,2.892836279947917,3.624696942708333,2.5634348958333333,2.892527754271083
12784,1,1.128,1.128,0.0,1.414,3441,1570,135.0,1.0,1.642799616294013,1.4457772812499998,1.4457772812499998,1.8123484713541664,1.2817174479166666,1.4462638771355416
12785,5,5.078,1.254,162.857,5.385,3559,1570,158.199,1.897,8.213998081470065,6.508561200520834,1.6072736796875,6.90204845703125,2.4314179986979165,3.2339443426774745
12786,1,1.128,1.128,0.0,1.414,3703,1570,135.0,1.0,1.642799616294013,1.4457772812499998,1.4457772812499998,1.8123484713541664,1.2817174479166666,1.4462638771355416
12787,2,2.596,0.981,45.0,2.828,355,1573,45.0,1.414,3.285599232588026,3.327338494791667,1.2573648164062499,3.624696942708333,1.8123484713541664,2.0453259898153786
12788,3,3.385,1.128,0.0,3.162,431,1571,161.565,1.0,4.928398848882039,4.338613561197916,1.4457772812499998,4.0527905703125,1.2817174479166666,2.5050025163503102
12789,3,2.365,1.615,135.0,2.828,446,1571,135.0,2.0,4.928398848882039,3.0312617643229167,2.069973678385417,3.624696942708333,2.5634348958333333,2.5050025163503102
12790,1,1.128,1.128,0.0,1.414,653,1571,135.0,1.0,1.642799616294013,1.4457772812499998,1.4457772812499998,1.8123484713541664,1.2817174479166666,1.4462638771355416
12791,1,1.128,1.128,0.0,1.414,3231,1571,135.0,1.0,1.642799616294013,1.4457772812499998,1.4457772812499998,1.8123484713541664,1.2817174479166666,1.4462638771355416
12792,1,1.128,1.128,0.0,1.414,3557,1571,135.0,1.0,1.642799616294013,1.4457772812499998,1.4457772812499998,1.8123484713541664,1.2817174479166666,1.4462638771355416
12793,14,6.003,2.97,63.056,7.81,318,1579,50.194,4.366,22.999194628116182,7.69414983984375,3.8067008203125003,10.010213268229165,5.595978377604166,5.411423919108519
12794,4,2.734,1.863,90.0,3.162,335,1572,108.435,2.0,6.571198465176052,3.5042155026041666,2.38783960546875,4.0527905703125,2.5634348958333333,2.892527754271083
12795,9,4.237,2.704,104.036,5.0,394,1572,126.87,3.0,14.785196546646118,5.430636826822917,3.465763979166667,6.408587239583333,3.8451523437499997,4.338791631406624
12796,11,6.267,2.235,95.796,6.708,495,1572,116.565,3.0,18.070795779234142,8.032523246093751,2.86463849609375,8.597760640625,3.8451523437499997,4.796714628303253
12797,2,2.257,1.128,90.0,2.236,3247,1572,116.565,1.0,3.285599232588026,2.892836279947917,1.4457772812499998,2.865920213541667,1.2817174479166666,2.0453259898153786
12798,10,3.726,3.417,120.128,4.472,3618,1572,116.565,4.0,16.42799616294013,4.7756792109375,4.379628519531249,5.731840427083334,5.126869791666667,4.573487949374228
12799,1,1.128,1.128,0.0,1.414,3735,1572,135.0,1.0,1.642799616294013,1.4457772812499998,1.4457772812499998,1.8123484713541664,1.2817174479166666,1.4462638771355416
12800,1,1.128,1.128,0.0,1.414,270,1573,135.0,1.0,1.642799616294013,1.4457772812499998,1.4457772812499998,1.8123484713541664,1.2817174479166666,1.4462638771355416
12801,3,2.365,1.615,135.0,2.828,306,1573,135.0,2.0,4.928398848882039,3.0312617643229167,2.069973678385417,3.624696942708333,2.5634348958333333,2.5050025163503102
12802,8,4.444,2.292,144.645,5.0,312,1573,143.13,2.828,13.142396930352104,5.695952338541667,2.9376963906249998,6.408587239583333,3.624696942708333,4.090651979630757
12803,2,2.257,1.128,0.0,2.236,346,1573,153.435,1.0,3.285599232588026,2.892836279947917,1.4457772812499998,2.865920213541667,1.2817174479166666,2.0453259898153786
12804,38,10.986,4.404,129.197,12.207,361,1573,124.992,6.247,62.4263854191725,14.0809478828125,5.644683640625,15.64592488671875,8.006888897135417,8.915369296202536
12805,7,4.903,1.818,96.132,5.385,569,1573,111.801,2.0,11.499597314058091,6.284260647135416,2.3301623203125,6.90204845703125,2.5634348958333333,3.826454549076717
12806,1,1.128,1.128,0.0,1.414,572,1573,135.0,1.0,1.642799616294013,1.4457772812499998,1.4457772812499998,1.8123484713541664,1.2817174479166666,1.4462638771355416
12807,1,1.128,1.128,0.0,1.414,3160,1573,135.0,1.0,1.642799616294013,1.4457772812499998,1.4457772812499998,1.8123484713541664,1.2817174479166666,1.4462638771355416
12808,3,2.365,1.615,135.0,2.828,3719,1573,135.0,2.0,4.928398848882039,3.0312617643229167,2.069973678385417,3.624696942708333,2.5634348958333333,2.5050025163503102
12809,74,11.678,8.068,30.618,17.0,295,1586,28.072,12.0,121.56717160575697,14.967896356770835,10.340896369791666,21.789196614583332,15.380609374999999,12.441232293094101
12810,11,4.046,3.461,96.362,6.083,433,1574,99.462,4.0,18.070795779234142,5.185828794270834,4.436024087239583,7.7966872356770835,5.126869791666667,4.796714628303253
12811,29,8.4,4.395,61.904,10.44,459,1584,73.301,5.4,47.64118887252638,10.7664265625,5.633148183593749,13.381130156249998,6.921274218750001,7.788369332980218
12812,10,4.049,3.144,63.435,5.0,468,1578,53.13,3.0,16.42799616294013,5.189673946614584,4.02971965625,6.408587239583333,3.8451523437499997,4.573487949374228
12813,16,4.67,4.362,85.364,5.831,473,1579,59.036,4.0,26.28479386070421,5.985620481770833,5.5908515078125,7.473694438802084,5.126869791666667,5.785055508542166
12814,21,13.921,1.921,69.26,16.155,2432,1589,68.199,3.043,34.49879194217427,17.842788592447917,2.4621792174479165,20.70614537109375,3.900266194010417,6.627613691853932
12815,88,12.186,9.194,175.48,13.601,3470,1576,162.897,10.0,144.56636623387314,15.6190088203125,11.784110216145834,17.432639009114585,12.817174479166667,13.56715776435976
12816,48,8.294,7.369,75.484,11.402,3747,1581,37.875,9.0,78.85438158211262,10.630564513020834,9.444975873697917,14.614142341145833,11.535457031249999,10.020010065401241
12817,1,1.128,1.128,0.0,1.414,383,1575,135.0,1.0,1.642799616294013,1.4457772812499998,1.4457772812499998,1.8123484713541664,1.2817174479166666,1.4462638771355416
12818,11,6.454,2.17,72.566,7.616,389,1582,66.801,3.0,18.070795779234142,8.272204408854167,2.7813268619791667,9.761560083333332,3.8451523437499997,4.796714628303253
12819,2,2.257,1.128,0.0,2.236,576,1575,153.435,1.0,3.285599232588026,2.892836279947917,1.4457772812499998,2.865920213541667,1.2817174479166666,2.0453259898153786
12820,1,1.128,1.128,0.0,1.414,3354,1575,135.0,1.0,1.642799616294013,1.4457772812499998,1.4457772812499998,1.8123484713541664,1.2817174479166666,1.4462638771355416
12821,5,3.732,1.706,174.848,4.123,3733,1575,165.964,2.0,8.213998081470065,4.783369515625,2.1866099661458334,5.284521037760417,2.5634348958333333,3.2339443426774745
12822,175,20.292,10.98,24.582,29.069,327,1596,26.565,19.415,287.4899328514523,26.008610453125,14.073257578125,37.258244493489585,24.88454425130208,19.132272745383585
12823,4,2.257,2.257,0.0,2.828,354,1576,135.0,2.0,6.571198465176052,2.892836279947917,2.892836279947917,3.624696942708333,2.5634348958333333,2.892527754271083
12824,16,5.822,3.499,125.383,7.81,452,1576,129.806,5.2,26.28479386070421,7.462158981770833,4.484729350260417,10.010213268229165,6.664930729166667,5.785055508542166
12825,2,2.257,1.128,90.0,2.236,584,1576,116.565,1.0,3.285599232588026,2.892836279947917,1.4457772812499998,2.865920213541667,1.2817174479166666,2.0453259898153786
12826,3,2.365,1.615,135.0,2.828,3603,1576,135.0,2.0,4.928398848882039,3.0312617643229167,2.069973678385417,3.624696942708333,2.5634348958333333,2.5050025163503102
12827,107,15.16,8.987,148.338,19.698,3670,1577,156.038,11.876,175.7795589434594,19.430836510416665,11.518794704427084,25.2472702890625,15.221676411458333,14.960269872126732
12828,38,7.786,6.214,159.191,9.487,3693,1581,18.435,7.374,62.4263854191725,9.979452049479166,7.964592221354167,12.159653428385417,9.451384460937499,8.915369296202536
12829,4,2.257,2.257,0.0,2.828,3720,1576,135.0,2.0,6.571198465176052,2.892836279947917,2.892836279947917,3.624696942708333,2.5634348958333333,2.892527754271083
12830,1,1.128,1.128,0.0,1.414,3775,1576,135.0,1.0,1.642799616294013,1.4457772812499998,1.4457772812499998,1.8123484713541664,1.2817174479166666,1.4462638771355416
12831,3,3.385,1.128,90.0,3.162,442,1577,108.435,1.0,4.928398848882039,4.338613561197916,1.4457772812499998,4.0527905703125,1.2817174479166666,2.5050025163503102
12832,2,2.257,1.128,0.0,2.236,564,1577,153.435,1.0,3.285599232588026,2.892836279947917,1.4457772812499998,2.865920213541667,1.2817174479166666,2.0453259898153786
12833,2,2.257,1.128,0.0,2.236,3546,1577,153.435,1.0,3.285599232588026,2.892836279947917,1.4457772812499998,2.865920213541667,1.2817174479166666,2.0453259898153786
12834,85,11.686,9.261,122.284,14.142,3639,1577,135.0,10.0,139.6379673849911,14.978150096354167,11.869985285156249,18.126048148437498,12.817174479166667,13.333894112227902
12835,1,1.128,1.128,0.0,1.414,3686,1577,135.0,1.0,1.642799616294013,1.4457772812499998,1.4457772812499998,1.8123484713541664,1.2817174479166666,1.4462638771355416
12836,3,3.213,1.189,151.845,3.606,311,1578,146.31,1.789,4.928398848882039,4.11815816015625,1.5239620455729168,4.6218731171875,2.2929925143229166,2.5050025163503102
12837,7,4.154,2.146,98.35,4.472,444,1578,116.565,2.0,11.499597314058091,5.324254278645833,2.7505656432291663,5.731840427083334,2.5634348958333333,3.826454549076717
12838,3,2.365,1.615,135.0,2.828,3486,1578,135.0,2.0,4.928398848882039,3.0312617643229167,2.069973678385417,3.624696942708333,2.5634348958333333,2.5050025163503102
12839,2,2.257,1.128,90.0,2.236,3505,1578,116.565,1.0,3.285599232588026,2.892836279947917,1.4457772812499998,2.865920213541667,1.2817174479166666,2.0453259898153786
12840,1,1.128,1.128,0.0,1.414,378,1579,135.0,1.0,1.642799616294013,1.4457772812499998,1.4457772812499998,1.8123484713541664,1.2817174479166666,1.4462638771355416
12841,2,2.257,1.128,90.0,2.236,409,1579,116.565,1.0,3.285599232588026,2.892836279947917,1.4457772812499998,2.865920213541667,1.2817174479166666,2.0453259898153786
12842,1,1.128,1.128,0.0,1.414,615,1579,135.0,1.0,1.642799616294013,1.4457772812499998,1.4457772812499998,1.8123484713541664,1.2817174479166666,1.4462638771355416
12843,1,1.128,1.128,0.0,1.414,754,1579,135.0,1.0,1.642799616294013,1.4457772812499998,1.4457772812499998,1.8123484713541664,1.2817174479166666,1.4462638771355416
12844,1,1.128,1.128,0.0,1.414,2946,1579,135.0,1.0,1.642799616294013,1.4457772812499998,1.4457772812499998,1.8123484713541664,1.2817174479166666,1.4462638771355416
12845,6,3.385,2.257,0.0,3.606,3569,1579,146.31,2.0,9.856797697764078,4.338613561197916,2.892836279947917,4.6218731171875,2.5634348958333333,3.5426085324013394
12846,1,1.128,1.128,0.0,1.414,3713,1579,135.0,1.0,1.642799616294013,1.4457772812499998,1.4457772812499998,1.8123484713541664,1.2817174479166666,1.4462638771355416
12847,1,1.128,1.128,0.0,1.414,3728,1579,135.0,1.0,1.642799616294013,1.4457772812499998,1.4457772812499998,1.8123484713541664,1.2817174479166666,1.4462638771355416
12848,1,1.128,1.128,0.0,1.414,3761,1579,135.0,1.0,1.642799616294013,1.4457772812499998,1.4457772812499998,1.8123484713541664,1.2817174479166666,1.4462638771355416
12849,14,4.436,4.018,30.128,5.657,354,1584,45.0,4.0,22.999194628116182,5.685698598958333,5.149940705729167,7.250675602864583,5.126869791666667,5.411423919108519
12850,2,2.257,1.128,90.0,2.236,393,1580,116.565,1.0,3.285599232588026,2.892836279947917,1.4457772812499998,2.865920213541667,1.2817174479166666,2.0453259898153786
12851,4,2.257,2.257,0.0,2.828,398,1580,135.0,2.0,6.571198465176052,2.892836279947917,2.892836279947917,3.624696942708333,2.5634348958333333,2.892527754271083
12852,2,2.257,1.128,90.0,2.236,509,1580,116.565,1.0,3.285599232588026,2.892836279947917,1.4457772812499998,2.865920213541667,1.2817174479166666,2.0453259898153786
12853,3,2.365,1.615,135.0,2.828,648,1580,135.0,2.0,4.928398848882039,3.0312617643229167,2.069973678385417,3.624696942708333,2.5634348958333333,2.5050025163503102
12854,135,14.791,11.621,14.972,18.974,3539,1591,18.435,14.0,221.77794819969176,18.957882772135417,14.894838462239584,24.319306856770833,17.944044270833334,16.804067731101966
12855,16,5.423,3.757,29.872,6.403,3577,1584,38.66,4.0,26.28479386070421,6.9507537200520835,4.815412451822917,8.206836819010416,5.126869791666667,5.785055508542166
12856,1,1.128,1.128,0.0,1.414,228,1581,135.0,1.0,1.642799616294013,1.4457772812499998,1.4457772812499998,1.8123484713541664,1.2817174479166666,1.4462638771355416
12857,1,1.128,1.128,0.0,1.414,362,1581,135.0,1.0,1.642799616294013,1.4457772812499998,1.4457772812499998,1.8123484713541664,1.2817174479166666,1.4462638771355416
12858,1,1.128,1.128,0.0,1.414,864,1581,135.0,1.0,1.642799616294013,1.4457772812499998,1.4457772812499998,1.8123484713541664,1.2817174479166666,1.4462638771355416
12859,150,41.039,4.654,47.838,79.202,2378,1644,52.696,13.039,246.41994244410196,52.60040234505208,5.965113002604166,101.51458530989584,16.712313803385417,17.713042662006696
12860,1,1.128,1.128,0.0,1.414,3428,1581,135.0,1.0,1.642799616294013,1.4457772812499998,1.4457772812499998,1.8123484713541664,1.2817174479166666,1.4462638771355416
12861,16,5.783,3.523,93.121,6.708,3761,1581,116.565,4.0,26.28479386070421,7.412172001302084,4.515490569010416,8.597760640625,5.126869791666667,5.785055508542166
12862,38,8.946,5.408,10.595,10.817,304,1588,33.69,7.799,62.4263854191725,11.4662442890625,6.931527958333334,13.864337634114584,9.996114376302083,8.915369296202536
12863,36,8.181,5.603,5.607,9.849,315,1588,23.962,7.766,59.14078618658447,10.485730441406249,7.181462860677083,12.62363514453125,9.953817700520833,8.677583262813249
12864,588,33.528,22.33,29.374,61.465,341,1632,21.975,43.543,965.9661743808797,42.973422593749994,28.620750611979165,78.78076293619792,55.80982283463541,35.070035228904345
12865,3,2.365,1.615,135.0,2.828,387,1582,135.0,2.0,4.928398848882039,3.0312617643229167,2.069973678385417,3.624696942708333,2.5634348958333333,2.5050025163503102
12866,3,2.365,1.615,45.0,2.828,414,1584,45.0,2.0,4.928398848882039,3.0312617643229167,2.069973678385417,3.624696942708333,2.5634348958333333,2.5050025163503102
12867,1,1.128,1.128,0.0,1.414,471,1582,135.0,1.0,1.642799616294013,1.4457772812499998,1.4457772812499998,1.8123484713541664,1.2817174479166666,1.4462638771355416
12868,2,2.257,1.128,90.0,2.236,584,1582,116.565,1.0,3.285599232588026,2.892836279947917,1.4457772812499998,2.865920213541667,1.2817174479166666,2.0453259898153786
12869,3,2.365,1.615,135.0,2.828,674,1582,135.0,2.0,4.928398848882039,3.0312617643229167,2.069973678385417,3.624696942708333,2.5634348958333333,2.5050025163503102
12870,2,2.257,1.128,0.0,2.236,3508,1582,153.435,1.0,3.285599232588026,2.892836279947917,1.4457772812499998,2.865920213541667,1.2817174479166666,2.0453259898153786
12871,3,3.385,1.128,90.0,3.162,359,1583,108.435,1.0,4.928398848882039,4.338613561197916,1.4457772812499998,4.0527905703125,1.2817174479166666,2.5050025163503102
12872,5,3.144,2.025,71.565,3.606,428,1586,56.31,2.0,8.213998081470065,4.02971965625,2.59547783203125,4.6218731171875,2.5634348958333333,3.2339443426774745
12873,15,4.735,4.033,147.038,5.657,498,1584,135.0,4.919,24.641994244410196,6.068932115885417,5.169166467447917,7.250675602864583,6.304768126302083,5.601355910367322
12874,7,4.439,2.008,60.128,5.0,3336,1587,53.13,2.683,11.499597314058091,5.689543751302083,2.5736886354166666,6.408587239583333,3.4388479127604166,3.826454549076717
12875,10,4.049,3.144,116.565,5.0,383,1584,126.87,3.0,16.42799616294013,5.189673946614584,4.02971965625,6.408587239583333,3.8451523437499997,4.573487949374228
12876,9,4.284,2.675,90.0,5.099,490,1584,101.31,3.0,14.785196546646118,5.490877546875,3.428594173177083,6.535477266927083,3.8451523437499997,4.338791631406624
12877,1,1.128,1.128,0.0,1.414,628,1584,135.0,1.0,1.642799616294013,1.4457772812499998,1.4457772812499998,1.8123484713541664,1.2817174479166666,1.4462638771355416
12878,25,7.253,4.389,2.001,7.616,650,1588,23.199,4.0,41.069990407350325,9.296296649739583,5.62545787890625,9.761560083333332,5.126869791666667,7.231319385677708
12879,5,3.144,2.025,108.435,3.606,3286,1584,123.69,2.0,8.213998081470065,4.02971965625,2.59547783203125,4.6218731171875,2.5634348958333333,3.2339443426774745
12880,4,3.969,1.283,17.609,4.472,3366,1586,26.565,1.897,6.571198465176052,5.08713655078125,1.644443485677083,5.731840427083334,2.4314179986979165,2.892527754271083
12881,2,2.257,1.128,0.0,2.236,3422,1584,153.435,1.0,3.285599232588026,2.892836279947917,1.4457772812499998,2.865920213541667,1.2817174479166666,2.0453259898153786
12882,4,2.257,2.257,0.0,2.828,3458,1584,135.0,2.0,6.571198465176052,2.892836279947917,2.892836279947917,3.624696942708333,2.5634348958333333,2.892527754271083
12883,1,1.128,1.128,0.0,1.414,703,1585,135.0,1.0,1.642799616294013,1.4457772812499998,1.4457772812499998,1.8123484713541664,1.2817174479166666,1.4462638771355416
12884,1,1.128,1.128,0.0,1.414,3292,1585,135.0,1.0,1.642799616294013,1.4457772812499998,1.4457772812499998,1.8123484713541664,1.2817174479166666,1.4462638771355416
12885,1,1.128,1.128,0.0,1.414,3502,1585,135.0,1.0,1.642799616294013,1.4457772812499998,1.4457772812499998,1.8123484713541664,1.2817174479166666,1.4462638771355416
12886,2,2.257,1.128,0.0,2.236,3560,1585,153.435,1.0,3.285599232588026,2.892836279947917,1.4457772812499998,2.865920213541667,1.2817174479166666,2.0453259898153786
12887,3,3.385,1.128,0.0,3.162,3742,1585,161.565,1.0,4.928398848882039,4.338613561197916,1.4457772812499998,4.0527905703125,1.2817174479166666,2.5050025163503102
12888,1,1.128,1.128,0.0,1.414,3774,1585,135.0,1.0,1.642799616294013,1.4457772812499998,1.4457772812499998,1.8123484713541664,1.2817174479166666,1.4462638771355416
12889,8,4.514,2.257,0.0,4.472,464,1586,153.435,2.0,13.142396930352104,5.785672559895834,2.892836279947917,5.731840427083334,2.5634348958333333,4.090651979630757
12890,40,8.081,6.302,21.9,9.849,3694,1592,23.962,7.0,65.71198465176052,10.357558696614582,8.077383356770833,12.62363514453125,8.972022135416667,9.146975898748456
12891,1,1.128,1.128,0.0,1.414,260,1587,135.0,1.0,1.642799616294013,1.4457772812499998,1.4457772812499998,1.8123484713541664,1.2817174479166666,1.4462638771355416
12892,2,2.257,1.128,0.0,2.236,297,1587,153.435,1.0,3.285599232588026,2.892836279947917,1.4457772812499998,2.865920213541667,1.2817174479166666,2.0453259898153786
12893,14,6.61,2.697,102.096,8.544,400,1587,110.556,4.0,22.999194628116182,8.472152330729166,3.45679195703125,10.950993875,5.126869791666667,5.411423919108519
12894,1,1.128,1.128,0.0,1.414,422,1587,135.0,1.0,1.642799616294013,1.4457772812499998,1.4457772812499998,1.8123484713541664,1.2817174479166666,1.4462638771355416
12895,2,2.257,1.128,0.0,2.236,3424,1587,153.435,1.0,3.285599232588026,2.892836279947917,1.4457772812499998,2.865920213541667,1.2817174479166666,2.0453259898153786
12896,9,3.919,2.924,159.699,4.472,292,1589,153.435,3.0,14.785196546646118,5.023050678385417,3.747741817708333,5.731840427083334,3.8451523437499997,4.338791631406624
12897,2,2.257,1.128,0.0,2.236,380,1588,153.435,1.0,3.285599232588026,2.892836279947917,1.4457772812499998,2.865920213541667,1.2817174479166666,2.0453259898153786
12898,15,5.415,3.527,64.481,6.403,426,1594,51.34,4.0,24.641994244410196,6.94049998046875,4.520617438802083,8.206836819010416,5.126869791666667,5.601355910367322
12899,6,2.93,2.607,26.565,3.606,441,1588,146.31,3.0,9.856797697764078,3.7554321223958333,3.3414373867187503,4.6218731171875,3.8451523437499997,3.5426085324013394
12900,4,2.257,2.257,0.0,2.828,448,1588,135.0,2.0,6.571198465176052,2.892836279947917,2.892836279947917,3.624696942708333,2.5634348958333333,2.892527754271083
12901,12,4.077,3.748,11.31,5.0,493,1588,126.87,4.0,19.713595395528156,5.2255620351562495,4.803876994791667,6.408587239583333,5.126869791666667,5.0100050327006205
12902,15,5.76,3.316,19.974,7.211,504,1592,33.69,4.0,24.641994244410196,7.382692499999999,4.250175057291666,9.242464516927084,5.126869791666667,5.601355910367322
12903,2,2.257,1.128,0.0,2.236,558,1588,153.435,1.0,3.285599232588026,2.892836279947917,1.4457772812499998,2.865920213541667,1.2817174479166666,2.0453259898153786
12904,1,1.128,1.128,0.0,1.414,359,1589,135.0,1.0,1.642799616294013,1.4457772812499998,1.4457772812499998,1.8123484713541664,1.2817174479166666,1.4462638771355416
12905,1,1.128,1.128,0.0,1.414,376,1589,135.0,1.0,1.642799616294013,1.4457772812499998,1.4457772812499998,1.8123484713541664,1.2817174479166666,1.4462638771355416
12906,1,1.128,1.128,0.0,1.414,383,1589,135.0,1.0,1.642799616294013,1.4457772812499998,1.4457772812499998,1.8123484713541664,1.2817174479166666,1.4462638771355416
12907,1,1.128,1.128,0.0,1.414,386,1589,135.0,1.0,1.642799616294013,1.4457772812499998,1.4457772812499998,1.8123484713541664,1.2817174479166666,1.4462638771355416
12908,2,2.596,0.981,45.0,2.828,417,1591,45.0,1.414,3.285599232588026,3.327338494791667,1.2573648164062499,3.624696942708333,1.8123484713541664,2.0453259898153786
12909,4,3.676,1.385,129.69,4.243,474,1589,135.0,2.121,6.571198465176052,4.711593338541666,1.7751786653645834,5.438327131510417,2.71852270703125,2.892527754271083
12910,2,2.257,1.128,0.0,2.236,3318,1589,153.435,1.0,3.285599232588026,2.892836279947917,1.4457772812499998,2.865920213541667,1.2817174479166666,2.0453259898153786
12911,1,1.128,1.128,0.0,1.414,3655,1589,135.0,1.0,1.642799616294013,1.4457772812499998,1.4457772812499998,1.8123484713541664,1.2817174479166666,1.4462638771355416
12912,1,1.128,1.128,0.0,1.414,3663,1589,135.0,1.0,1.642799616294013,1.4457772812499998,1.4457772812499998,1.8123484713541664,1.2817174479166666,1.4462638771355416
12913,1,1.128,1.128,0.0,1.414,211,1590,135.0,1.0,1.642799616294013,1.4457772812499998,1.4457772812499998,1.8123484713541664,1.2817174479166666,1.4462638771355416
12914,8,3.538,2.879,45.0,4.243,302,1593,45.0,3.0,13.142396930352104,4.534716330729166,3.6900645325520833,5.438327131510417,3.8451523437499997,4.090651979630757
12915,104,15.665,8.453,4.51,19.698,306,1600,23.962,13.598,170.85116009457735,20.078103821614583,10.834357587239582,25.2472702890625,17.428793856770834,14.749055462636967
12916,35,9.14,4.875,72.383,13.416,348,1602,63.435,8.0,57.49798657029046,11.714897473958334,6.24837255859375,17.19552128125,10.253739583333333,8.556212484548844
12917,1,1.128,1.128,0.0,1.414,395,1590,135.0,1.0,1.642799616294013,1.4457772812499998,1.4457772812499998,1.8123484713541664,1.2817174479166666,1.4462638771355416
12918,21,7.328,3.649,137.023,9.22,410,1590,139.399,5.367,34.49879194217427,9.392425458333333,4.676986967447917,11.817434869791667,6.87897754296875,6.627613691853932
12919,4,2.257,2.257,0.0,2.828,482,1590,135.0,2.0,6.571198465176052,2.892836279947917,2.892836279947917,3.624696942708333,2.5634348958333333,2.892527754271083
12920,1,1.128,1.128,0.0,1.414,595,1590,135.0,1.0,1.642799616294013,1.4457772812499998,1.4457772812499998,1.8123484713541664,1.2817174479166666,1.4462638771355416
12921,42,27.455,1.948,61.807,34.132,2415,1619,58.173,3.898,68.99758388434854,35.18955253255208,2.4967855885416665,43.747579932291664,4.9961346119791665,9.372861169189449
12922,1,1.128,1.128,0.0,1.414,3273,1590,135.0,1.0,1.642799616294013,1.4457772812499998,1.4457772812499998,1.8123484713541664,1.2817174479166666,1.4462638771355416
12923,1,1.128,1.128,0.0,1.414,3369,1590,135.0,1.0,1.642799616294013,1.4457772812499998,1.4457772812499998,1.8123484713541664,1.2817174479166666,1.4462638771355416
12924,104,16.202,8.173,123.888,18.439,3667,1590,130.601,10.4,170.85116009457735,20.766386091145836,10.475476701822917,23.633588022135417,13.329861458333333,14.749055462636967
12925,1,1.128,1.128,0.0,1.414,376,1591,135.0,1.0,1.642799616294013,1.4457772812499998,1.4457772812499998,1.8123484713541664,1.2817174479166666,1.4462638771355416
12926,1,1.128,1.128,0.0,1.414,468,1591,135.0,1.0,1.642799616294013,1.4457772812499998,1.4457772812499998,1.8123484713541664,1.2817174479166666,1.4462638771355416
12927,6,2.93,2.607,26.565,3.606,3265,1591,146.31,3.0,9.856797697764078,3.7554321223958333,3.3414373867187503,4.6218731171875,3.8451523437499997,3.5426085324013394
12928,5,3.144,2.025,161.565,3.606,3281,1591,146.31,2.0,8.213998081470065,4.02971965625,2.59547783203125,4.6218731171875,2.5634348958333333,3.2339443426774745
12929,8,4.663,2.184,112.263,5.385,3292,1591,111.801,3.0,13.142396930352104,5.976648459635417,2.7992709062500003,6.90204845703125,3.8451523437499997,4.090651979630757
12930,3,2.365,1.615,135.0,2.828,3312,1591,135.0,2.0,4.928398848882039,3.0312617643229167,2.069973678385417,3.624696942708333,2.5634348958333333,2.5050025163503102
12931,2,2.257,1.128,0.0,2.236,3684,1591,153.435,1.0,3.285599232588026,2.892836279947917,1.4457772812499998,2.865920213541667,1.2817174479166666,2.0453259898153786
12932,12,4.609,3.315,45.0,5.657,285,1596,45.0,4.0,19.713595395528156,5.907435717447917,4.24889333984375,7.250675602864583,5.126869791666667,5.0100050327006205
12933,3,2.365,1.615,45.0,2.828,3402,1594,45.0,2.0,4.928398848882039,3.0312617643229167,2.069973678385417,3.624696942708333,2.5634348958333333,2.5050025163503102
12934,2,2.596,0.981,45.0,2.828,3646,1594,45.0,1.414,3.285599232588026,3.327338494791667,1.2573648164062499,3.624696942708333,1.8123484713541664,2.0453259898153786
12935,4,3.192,1.596,161.565,3.606,255,1593,146.31,2.0,6.571198465176052,4.09124209375,2.045621046875,4.6218731171875,2.5634348958333333,2.892527754271083
12936,1,1.128,1.128,0.0,1.414,377,1593,135.0,1.0,1.642799616294013,1.4457772812499998,1.4457772812499998,1.8123484713541664,1.2817174479166666,1.4462638771355416
12937,1,1.128,1.128,0.0,1.414,424,1593,135.0,1.0,1.642799616294013,1.4457772812499998,1.4457772812499998,1.8123484713541664,1.2817174479166666,1.4462638771355416
12938,1,1.128,1.128,0.0,1.414,495,1593,135.0,1.0,1.642799616294013,1.4457772812499998,1.4457772812499998,1.8123484713541664,1.2817174479166666,1.4462638771355416
12939,2,2.257,1.128,0.0,2.236,516,1593,153.435,1.0,3.285599232588026,2.892836279947917,1.4457772812499998,2.865920213541667,1.2817174479166666,2.0453259898153786
12940,7,4.041,2.205,165.473,5.0,534,1593,143.13,3.0,11.499597314058091,5.17942020703125,2.82618697265625,6.408587239583333,3.8451523437499997,3.826454549076717
12941,1,1.128,1.128,0.0,1.414,3297,1593,135.0,1.0,1.642799616294013,1.4457772812499998,1.4457772812499998,1.8123484713541664,1.2817174479166666,1.4462638771355416
12942,2,2.257,1.128,0.0,2.236,3369,1593,153.435,1.0,3.285599232588026,2.892836279947917,1.4457772812499998,2.865920213541667,1.2817174479166666,2.0453259898153786
12943,1,1.128,1.128,0.0,1.414,3476,1593,135.0,1.0,1.642799616294013,1.4457772812499998,1.4457772812499998,1.8123484713541664,1.2817174479166666,1.4462638771355416
12944,1,1.128,1.128,0.0,1.414,3690,1593,135.0,1.0,1.642799616294013,1.4457772812499998,1.4457772812499998,1.8123484713541664,1.2817174479166666,1.4462638771355416
12945,2,2.257,1.128,0.0,2.236,3754,1593,153.435,1.0,3.285599232588026,2.892836279947917,1.4457772812499998,2.865920213541667,1.2817174479166666,2.0453259898153786
12946,53,11.351,5.945,37.804,15.524,378,1602,14.931,9.894,87.06837966358269,14.548774751302084,7.619810227864583,19.897381661458333,12.6813124296875,10.528959954443641
12947,31,8.639,4.569,174.909,10.77,400,1597,158.199,6.515,50.926788105114404,11.072757032552083,5.85616701953125,13.8040969140625,8.350389173177083,8.052456474363645
12948,15,4.519,4.226,108.435,5.657,478,1594,135.0,4.0,24.641994244410196,5.792081147135416,5.416537934895834,7.250675602864583,5.126869791666667,5.601355910367322
12949,2,2.257,1.128,90.0,2.236,745,1594,116.565,1.0,3.285599232588026,2.892836279947917,1.4457772812499998,2.865920213541667,1.2817174479166666,2.0453259898153786
12950,1,1.128,1.128,0.0,1.414,749,1594,135.0,1.0,1.642799616294013,1.4457772812499998,1.4457772812499998,1.8123484713541664,1.2817174479166666,1.4462638771355416
12951,1,1.128,1.128,0.0,1.414,303,1595,135.0,1.0,1.642799616294013,1.4457772812499998,1.4457772812499998,1.8123484713541664,1.2817174479166666,1.4462638771355416
12952,1,1.128,1.128,0.0,1.414,458,1595,135.0,1.0,1.642799616294013,1.4457772812499998,1.4457772812499998,1.8123484713541664,1.2817174479166666,1.4462638771355416
12953,1,1.128,1.128,0.0,1.414,684,1595,135.0,1.0,1.642799616294013,1.4457772812499998,1.4457772812499998,1.8123484713541664,1.2817174479166666,1.4462638771355416
12954,1,1.128,1.128,0.0,1.414,3688,1595,135.0,1.0,1.642799616294013,1.4457772812499998,1.4457772812499998,1.8123484713541664,1.2817174479166666,1.4462638771355416
12955,47,12.297,4.866,19.7,15.811,251,1601,18.435,8.0,77.21158196581861,15.76127945703125,6.236837101562499,20.265234569010417,10.253739583333333,9.915085602678126
12956,50,11.484,5.544,96.613,13.038,325,1597,122.471,6.957,82.13998081470065,14.719243171875,7.105841531249999,16.7110320859375,8.91690828515625,10.226629949076893
12957,15,5.891,3.242,85.49,8.246,338,1604,75.964,4.0,24.641994244410196,7.550597485677083,4.155327966145833,10.569042075520834,5.126869791666667,5.601355910367322
12958,4,2.257,2.257,0.0,2.828,556,1596,135.0,2.0,6.571198465176052,2.892836279947917,2.892836279947917,3.624696942708333,2.5634348958333333,2.892527754271083
12959,3,2.446,1.561,90.0,3.162,3289,1596,108.435,2.0,4.928398848882039,3.135080877604167,2.0007609361979166,4.0527905703125,2.5634348958333333,2.5050025163503102
12960,8,4.529,2.249,140.884,5.0,3381,1596,126.87,2.828,13.142396930352104,5.8048983216145835,2.8825825403645835,6.408587239583333,3.624696942708333,4.090651979630757
12961,4,3.192,1.596,108.435,3.606,268,1597,123.69,2.0,6.571198465176052,4.09124209375,2.045621046875,4.6218731171875,2.5634348958333333,2.892527754271083
12962,1,1.128,1.128,0.0,1.414,689,1597,135.0,1.0,1.642799616294013,1.4457772812499998,1.4457772812499998,1.8123484713541664,1.2817174479166666,1.4462638771355416
12963,2,2.257,1.128,0.0,2.236,3363,1597,153.435,1.0,3.285599232588026,2.892836279947917,1.4457772812499998,2.865920213541667,1.2817174479166666,2.0453259898153786
12964,3,3.385,1.128,90.0,3.162,276,1598,108.435,1.0,4.928398848882039,4.338613561197916,1.4457772812499998,4.0527905703125,1.2817174479166666,2.5050025163503102
12965,1,1.128,1.128,0.0,1.414,373,1598,135.0,1.0,1.642799616294013,1.4457772812499998,1.4457772812499998,1.8123484713541664,1.2817174479166666,1.4462638771355416
12966,4,2.257,2.257,0.0,2.828,422,1598,135.0,2.0,6.571198465176052,2.892836279947917,2.892836279947917,3.624696942708333,2.5634348958333333,2.892527754271083
12967,6,3.385,2.257,0.0,3.606,437,1598,146.31,2.0,9.856797697764078,4.338613561197916,2.892836279947917,4.6218731171875,2.5634348958333333,3.5426085324013394
12968,17,5.631,3.844,156.112,7.211,522,1598,123.69,5.199,27.927593476998222,7.21735094921875,4.926921869791666,9.242464516927084,6.66364901171875,5.963098727945161
12969,7,3.507,2.542,149.527,4.243,630,1598,135.0,3.0,11.499597314058091,4.49498308984375,3.2581257526041663,5.438327131510417,3.8451523437499997,3.826454549076717
12970,3,2.365,1.615,135.0,2.828,3355,1598,135.0,2.0,4.928398848882039,3.0312617643229167,2.069973678385417,3.624696942708333,2.5634348958333333,2.5050025163503102
12971,7,3.442,2.589,161.565,4.472,3368,1598,153.435,3.0,11.499597314058091,4.4116714557291665,3.31836647265625,5.731840427083334,3.8451523437499997,3.826454549076717
12972,6,3.718,2.055,126.87,4.243,425,1599,135.0,2.683,9.856797697764078,4.765425471354167,2.63392935546875,5.438327131510417,3.4388479127604166,3.5426085324013394
12973,17,6.102,3.547,38.936,7.071,452,1604,45.0,4.427,27.927593476998222,7.8210398671875,4.546251787760417,9.063024074218749,5.674163141927083,5.963098727945161
12974,4,2.734,1.863,90.0,3.162,458,1599,108.435,2.0,6.571198465176052,3.5042155026041666,2.38783960546875,4.0527905703125,2.5634348958333333,2.892527754271083
12975,1,1.128,1.128,0.0,1.414,476,1599,135.0,1.0,1.642799616294013,1.4457772812499998,1.4457772812499998,1.8123484713541664,1.2817174479166666,1.4462638771355416
12976,3,2.365,1.615,45.0,2.828,568,1601,45.0,2.0,4.928398848882039,3.0312617643229167,2.069973678385417,3.624696942708333,2.5634348958333333,2.5050025163503102
12977,1,1.128,1.128,0.0,1.414,735,1599,135.0,1.0,1.642799616294013,1.4457772812499998,1.4457772812499998,1.8123484713541664,1.2817174479166666,1.4462638771355416
12978,1,1.128,1.128,0.0,1.414,3169,1599,135.0,1.0,1.642799616294013,1.4457772812499998,1.4457772812499998,1.8123484713541664,1.2817174479166666,1.4462638771355416
12979,2,2.257,1.128,0.0,2.236,264,1600,153.435,1.0,3.285599232588026,2.892836279947917,1.4457772812499998,2.865920213541667,1.2817174479166666,2.0453259898153786
12980,1,1.128,1.128,0.0,1.414,333,1600,135.0,1.0,1.642799616294013,1.4457772812499998,1.4457772812499998,1.8123484713541664,1.2817174479166666,1.4462638771355416
12981,10,4.237,3.005,94.545,5.0,442,1600,126.87,3.0,16.42799616294013,5.430636826822917,3.8515609309895833,6.408587239583333,3.8451523437499997,4.573487949374228
12982,6,4.134,1.848,12.933,4.472,674,1602,26.565,2.0,9.856797697764078,5.298619929687501,2.36861384375,5.731840427083334,2.5634348958333333,3.5426085324013394
12983,3,2.365,1.615,135.0,2.828,3386,1600,135.0,2.0,4.928398848882039,3.0312617643229167,2.069973678385417,3.624696942708333,2.5634348958333333,2.5050025163503102
12984,5,3.461,1.839,45.0,4.243,3485,1603,45.0,2.683,8.213998081470065,4.436024087239583,2.35707838671875,5.438327131510417,3.4388479127604166,3.2339443426774745
12985,4,3.192,1.596,71.565,3.606,308,1604,56.31,2.0,6.571198465176052,4.09124209375,2.045621046875,4.6218731171875,2.5634348958333333,2.892527754271083
12986,1,1.128,1.128,0.0,1.414,324,1601,135.0,1.0,1.642799616294013,1.4457772812499998,1.4457772812499998,1.8123484713541664,1.2817174479166666,1.4462638771355416
12987,1,1.128,1.128,0.0,1.414,467,1601,135.0,1.0,1.642799616294013,1.4457772812499998,1.4457772812499998,1.8123484713541664,1.2817174479166666,1.4462638771355416
12988,7,3.855,2.312,59.036,4.472,503,1605,63.435,2.828,11.499597314058091,4.94102076171875,2.9633307395833333,5.731840427083334,3.624696942708333,3.826454549076717
12989,3,3.385,1.128,0.0,3.162,781,1601,161.565,1.0,4.928398848882039,4.338613561197916,1.4457772812499998,4.0527905703125,1.2817174479166666,2.5050025163503102
12990,1,1.128,1.128,0.0,1.414,3424,1601,135.0,1.0,1.642799616294013,1.4457772812499998,1.4457772812499998,1.8123484713541664,1.2817174479166666,1.4462638771355416
12991,1,1.128,1.128,0.0,1.414,3643,1601,135.0,1.0,1.642799616294013,1.4457772812499998,1.4457772812499998,1.8123484713541664,1.2817174479166666,1.4462638771355416
12992,50,12.859,4.951,158.726,14.422,404,1602,146.31,6.904,82.13998081470065,16.481604662760418,6.345783084635416,18.48492903385417,8.848977260416666,10.226629949076893
12993,3,3.385,1.128,90.0,3.162,531,1602,108.435,1.0,4.928398848882039,4.338613561197916,1.4457772812499998,4.0527905703125,1.2817174479166666,2.5050025163503102
12994,2,2.257,1.128,90.0,2.236,1441,1602,116.565,1.0,3.285599232588026,2.892836279947917,1.4457772812499998,2.865920213541667,1.2817174479166666,2.0453259898153786
12995,1,1.128,1.128,0.0,1.414,1443,1602,135.0,1.0,1.642799616294013,1.4457772812499998,1.4457772812499998,1.8123484713541664,1.2817174479166666,1.4462638771355416
12996,5,3.144,2.025,161.565,3.606,3322,1602,146.31,2.0,8.213998081470065,4.02971965625,2.59547783203125,4.6218731171875,2.5634348958333333,3.2339443426774745
12997,3,2.365,1.615,45.0,2.828,321,1605,45.0,2.0,4.928398848882039,3.0312617643229167,2.069973678385417,3.624696942708333,2.5634348958333333,2.5050025163503102
12998,1,1.128,1.128,0.0,1.414,350,1603,135.0,1.0,1.642799616294013,1.4457772812499998,1.4457772812499998,1.8123484713541664,1.2817174479166666,1.4462638771355416
12999,1,1.128,1.128,0.0,1.414,523,1603,135.0,1.0,1.642799616294013,1.4457772812499998,1.4457772812499998,1.8123484713541664,1.2817174479166666,1.4462638771355416
13000,1,1.128,1.128,0.0,1.414,3380,1603,135.0,1.0,1.642799616294013,1.4457772812499998,1.4457772812499998,1.8123484713541664,1.2817174479166666,1.4462638771355416
13001,2,2.596,0.981,45.0,2.828,3509,1605,45.0,1.414,3.285599232588026,3.327338494791667,1.2573648164062499,3.624696942708333,1.8123484713541664,2.0453259898153786
13002,1,1.128,1.128,0.0,1.414,3610,1603,135.0,1.0,1.642799616294013,1.4457772812499998,1.4457772812499998,1.8123484713541664,1.2817174479166666,1.4462638771355416
13003,1,1.128,1.128,0.0,1.414,3612,1603,135.0,1.0,1.642799616294013,1.4457772812499998,1.4457772812499998,1.8123484713541664,1.2817174479166666,1.4462638771355416
13004,1,1.128,1.128,0.0,1.414,3615,1603,135.0,1.0,1.642799616294013,1.4457772812499998,1.4457772812499998,1.8123484713541664,1.2817174479166666,1.4462638771355416
13005,1,1.128,1.128,0.0,1.414,347,1604,135.0,1.0,1.642799616294013,1.4457772812499998,1.4457772812499998,1.8123484713541664,1.2817174479166666,1.4462638771355416
13006,2,2.257,1.128,0.0,2.236,390,1604,153.435,1.0,3.285599232588026,2.892836279947917,1.4457772812499998,2.865920213541667,1.2817174479166666,2.0453259898153786
13007,4,2.734,1.863,90.0,3.162,433,1604,108.435,2.0,6.571198465176052,3.5042155026041666,2.38783960546875,4.0527905703125,2.5634348958333333,2.892527754271083
13008,3,2.365,1.615,135.0,2.828,463,1604,135.0,2.0,4.928398848882039,3.0312617643229167,2.069973678385417,3.624696942708333,2.5634348958333333,2.5050025163503102
13009,2,2.257,1.128,90.0,2.236,481,1604,116.565,1.0,3.285599232588026,2.892836279947917,1.4457772812499998,2.865920213541667,1.2817174479166666,2.0453259898153786
13010,8,4.514,2.257,90.0,4.472,540,1604,116.565,2.0,13.142396930352104,5.785672559895834,2.892836279947917,5.731840427083334,2.5634348958333333,4.090651979630757
13011,1,1.128,1.128,0.0,1.414,384,1605,135.0,1.0,1.642799616294013,1.4457772812499998,1.4457772812499998,1.8123484713541664,1.2817174479166666,1.4462638771355416
13012,8,5.568,1.829,140.655,6.403,423,1605,141.34,2.828,13.142396930352104,7.13660275,2.344261212239583,8.206836819010416,3.624696942708333,4.090651979630757
13013,2,2.257,1.128,0.0,2.236,447,1605,153.435,1.0,3.285599232588026,2.892836279947917,1.4457772812499998,2.865920213541667,1.2817174479166666,2.0453259898153786
13014,17,6.572,3.293,89.843,7.28,588,1612,74.055,4.0,27.927593476998222,8.423447067708333,4.220695555989583,9.330903020833334,5.126869791666667,5.963098727945161
13015,4,3.676,1.385,39.69,4.243,648,1608,45.0,2.121,6.571198465176052,4.711593338541666,1.7751786653645834,5.438327131510417,2.71852270703125,2.892527754271083
13016,1,1.128,1.128,0.0,1.414,734,1605,135.0,1.0,1.642799616294013,1.4457772812499998,1.4457772812499998,1.8123484713541664,1.2817174479166666,1.4462638771355416
13017,2,2.596,0.981,135.0,2.828,3324,1605,135.0,1.414,3.285599232588026,3.327338494791667,1.2573648164062499,3.624696942708333,1.8123484713541664,2.0453259898153786
13018,1,1.128,1.128,0.0,1.414,3518,1605,135.0,1.0,1.642799616294013,1.4457772812499998,1.4457772812499998,1.8123484713541664,1.2817174479166666,1.4462638771355416
13019,2,2.257,1.128,90.0,2.236,377,1606,116.565,1.0,3.285599232588026,2.892836279947917,1.4457772812499998,2.865920213541667,1.2817174479166666,2.0453259898153786
13020,3,2.365,1.615,135.0,2.828,554,1606,135.0,2.0,4.928398848882039,3.0312617643229167,2.069973678385417,3.624696942708333,2.5634348958333333,2.5050025163503102
13021,3,2.365,1.615,45.0,2.828,836,1608,45.0,2.0,4.928398848882039,3.0312617643229167,2.069973678385417,3.624696942708333,2.5634348958333333,2.5050025163503102
13022,2,2.257,1.128,90.0,2.236,3417,1606,116.565,1.0,3.285599232588026,2.892836279947917,1.4457772812499998,2.865920213541667,1.2817174479166666,2.0453259898153786
13023,1,1.128,1.128,0.0,1.414,253,1607,135.0,1.0,1.642799616294013,1.4457772812499998,1.4457772812499998,1.8123484713541664,1.2817174479166666,1.4462638771355416
13024,3,2.365,1.615,45.0,2.828,344,1609,45.0,2.0,4.928398848882039,3.0312617643229167,2.069973678385417,3.624696942708333,2.5634348958333333,2.5050025163503102
13025,3,2.365,1.615,135.0,2.828,420,1607,135.0,2.0,4.928398848882039,3.0312617643229167,2.069973678385417,3.624696942708333,2.5634348958333333,2.5050025163503102
13026,18,6.447,3.555,63.719,8.062,440,1614,60.255,4.0,29.570393093292235,8.26323238671875,4.5565055273437505,10.333206065104166,5.126869791666667,6.135977969446135
13027,15,5.893,3.241,143.711,7.81,504,1607,140.194,4.919,24.641994244410196,7.553160920572917,4.154046248697917,10.010213268229165,6.304768126302083,5.601355910367322
13028,104,16.708,7.925,175.552,21.587,1237,1609,166.608,11.0,170.85116009457735,21.414935119791664,10.157610774739583,27.668434548177082,14.098891927083333,14.749055462636967
13029,3,2.365,1.615,45.0,2.828,3253,1609,45.0,2.0,4.928398848882039,3.0312617643229167,2.069973678385417,3.624696942708333,2.5634348958333333,2.5050025163503102
13030,2,2.257,1.128,0.0,2.236,3316,1607,153.435,1.0,3.285599232588026,2.892836279947917,1.4457772812499998,2.865920213541667,1.2817174479166666,2.0453259898153786
13031,1,1.128,1.128,0.0,1.414,3344,1607,135.0,1.0,1.642799616294013,1.4457772812499998,1.4457772812499998,1.8123484713541664,1.2817174479166666,1.4462638771355416
13032,4,3.676,1.385,50.31,4.243,3614,1610,45.0,2.121,6.571198465176052,4.711593338541666,1.7751786653645834,5.438327131510417,2.71852270703125,2.892527754271083
13033,2,2.257,1.128,0.0,2.236,3727,1607,153.435,1.0,3.285599232588026,2.892836279947917,1.4457772812499998,2.865920213541667,1.2817174479166666,2.0453259898153786
13034,1,1.128,1.128,0.0,1.414,3776,1607,135.0,1.0,1.642799616294013,1.4457772812499998,1.4457772812499998,1.8123484713541664,1.2817174479166666,1.4462638771355416
13035,27,6.808,5.049,1.453,7.616,330,1613,23.199,6.0,44.35558963993835,8.725932385416666,6.47139139453125,9.761560083333332,7.690304687499999,7.515007549050931
13036,1,1.128,1.128,0.0,1.414,545,1608,135.0,1.0,1.642799616294013,1.4457772812499998,1.4457772812499998,1.8123484713541664,1.2817174479166666,1.4462638771355416
13037,3,2.365,1.615,45.0,2.828,594,1610,45.0,2.0,4.928398848882039,3.0312617643229167,2.069973678385417,3.624696942708333,2.5634348958333333,2.5050025163503102
13038,1,1.128,1.128,0.0,1.414,643,1608,135.0,1.0,1.642799616294013,1.4457772812499998,1.4457772812499998,1.8123484713541664,1.2817174479166666,1.4462638771355416
13039,1,1.128,1.128,0.0,1.414,140,1609,135.0,1.0,1.642799616294013,1.4457772812499998,1.4457772812499998,1.8123484713541664,1.2817174479166666,1.4462638771355416
13040,1,1.128,1.128,0.0,1.414,210,1609,135.0,1.0,1.642799616294013,1.4457772812499998,1.4457772812499998,1.8123484713541664,1.2817174479166666,1.4462638771355416
13041,2,2.257,1.128,0.0,2.236,346,1609,153.435,1.0,3.285599232588026,2.892836279947917,1.4457772812499998,2.865920213541667,1.2817174479166666,2.0453259898153786
13042,5,3.144,2.025,18.435,3.606,399,1611,33.69,2.0,8.213998081470065,4.02971965625,2.59547783203125,4.6218731171875,2.5634348958333333,3.2339443426774745
13043,1,1.128,1.128,0.0,1.414,453,1609,135.0,1.0,1.642799616294013,1.4457772812499998,1.4457772812499998,1.8123484713541664,1.2817174479166666,1.4462638771355416
13044,1,1.128,1.128,0.0,1.414,753,1609,135.0,1.0,1.642799616294013,1.4457772812499998,1.4457772812499998,1.8123484713541664,1.2817174479166666,1.4462638771355416
13045,1,1.128,1.128,0.0,1.414,3209,1609,135.0,1.0,1.642799616294013,1.4457772812499998,1.4457772812499998,1.8123484713541664,1.2817174479166666,1.4462638771355416
13046,1,1.128,1.128,0.0,1.414,3270,1609,135.0,1.0,1.642799616294013,1.4457772812499998,1.4457772812499998,1.8123484713541664,1.2817174479166666,1.4462638771355416
13047,1,1.128,1.128,0.0,1.414,3339,1609,135.0,1.0,1.642799616294013,1.4457772812499998,1.4457772812499998,1.8123484713541664,1.2817174479166666,1.4462638771355416
13048,1,1.128,1.128,0.0,1.414,3760,1609,135.0,1.0,1.642799616294013,1.4457772812499998,1.4457772812499998,1.8123484713541664,1.2817174479166666,1.4462638771355416
13049,8,4.409,2.311,75.875,5.0,338,1614,53.13,3.0,13.142396930352104,5.6510922278645825,2.9620490221354165,6.408587239583333,3.8451523437499997,4.090651979630757
13050,20,5.974,4.262,173.433,6.708,446,1610,153.435,4.0,32.85599232588026,7.6569800338541665,5.462679763020833,8.597760640625,5.126869791666667,6.467888685354949
13051,2,2.257,1.128,90.0,2.236,641,1610,116.565,1.0,3.285599232588026,2.892836279947917,1.4457772812499998,2.865920213541667,1.2817174479166666,2.0453259898153786
13052,2,2.257,1.128,90.0,2.236,735,1610,116.565,1.0,3.285599232588026,2.892836279947917,1.4457772812499998,2.865920213541667,1.2817174479166666,2.0453259898153786
13053,1,1.128,1.128,0.0,1.414,3357,1610,135.0,1.0,1.642799616294013,1.4457772812499998,1.4457772812499998,1.8123484713541664,1.2817174479166666,1.4462638771355416
13054,8,5.191,1.962,45.0,5.657,3430,1614,45.0,2.828,13.142396930352104,6.653395272135416,2.5147296328124997,7.250675602864583,3.624696942708333,4.090651979630757
13055,2,2.257,1.128,0.0,2.236,389,1611,153.435,1.0,3.285599232588026,2.892836279947917,1.4457772812499998,2.865920213541667,1.2817174479166666,2.0453259898153786
13056,38,10.796,4.482,93.456,14.318,412,1611,114.775,8.0,62.4263854191725,13.837421567708333,5.7446576015625,18.351630419270833,10.253739583333333,8.915369296202536
13057,3,2.365,1.615,135.0,2.828,428,1611,135.0,2.0,4.928398848882039,3.0312617643229167,2.069973678385417,3.624696942708333,2.5634348958333333,2.5050025163503102
13058,8,4.214,2.417,165.964,5.0,478,1611,143.13,3.0,13.142396930352104,5.401157325520834,3.097911071614583,6.408587239583333,3.8451523437499997,4.090651979630757
13059,1,1.128,1.128,0.0,1.414,516,1611,135.0,1.0,1.642799616294013,1.4457772812499998,1.4457772812499998,1.8123484713541664,1.2817174479166666,1.4462638771355416
13060,1,1.128,1.128,0.0,1.414,545,1611,135.0,1.0,1.642799616294013,1.4457772812499998,1.4457772812499998,1.8123484713541664,1.2817174479166666,1.4462638771355416
13061,1,1.128,1.128,0.0,1.414,3403,1611,135.0,1.0,1.642799616294013,1.4457772812499998,1.4457772812499998,1.8123484713541664,1.2817174479166666,1.4462638771355416
13062,3,3.213,1.189,151.845,3.606,3406,1611,146.31,1.789,4.928398848882039,4.11815816015625,1.5239620455729168,4.6218731171875,2.2929925143229166,2.5050025163503102
13063,3,3.385,1.128,90.0,3.162,3599,1611,108.435,1.0,4.928398848882039,4.338613561197916,1.4457772812499998,4.0527905703125,1.2817174479166666,2.5050025163503102
13064,1,1.128,1.128,0.0,1.414,3833,1611,135.0,1.0,1.642799616294013,1.4457772812499998,1.4457772812499998,1.8123484713541664,1.2817174479166666,1.4462638771355416
13065,8,4.444,2.292,54.645,5.0,343,1616,53.13,2.828,13.142396930352104,5.695952338541667,2.9376963906249998,6.408587239583333,3.624696942708333,4.090651979630757
13066,3,3.385,1.128,0.0,3.162,403,1612,161.565,1.0,4.928398848882039,4.338613561197916,1.4457772812499998,4.0527905703125,1.2817174479166666,2.5050025163503102
13067,1,1.128,1.128,0.0,1.414,632,1612,135.0,1.0,1.642799616294013,1.4457772812499998,1.4457772812499998,1.8123484713541664,1.2817174479166666,1.4462638771355416
13068,1,1.128,1.128,0.0,1.414,407,1613,135.0,1.0,1.642799616294013,1.4457772812499998,1.4457772812499998,1.8123484713541664,1.2817174479166666,1.4462638771355416
13069,1,1.128,1.128,0.0,1.414,410,1613,135.0,1.0,1.642799616294013,1.4457772812499998,1.4457772812499998,1.8123484713541664,1.2817174479166666,1.4462638771355416
13070,4,2.734,1.863,0.0,3.162,473,1614,161.565,2.0,6.571198465176052,3.5042155026041666,2.38783960546875,4.0527905703125,2.5634348958333333,2.892527754271083
13071,3,2.365,1.615,45.0,2.828,738,1615,45.0,2.0,4.928398848882039,3.0312617643229167,2.069973678385417,3.624696942708333,2.5634348958333333,2.5050025163503102
13072,2,2.257,1.128,0.0,2.236,3448,1613,153.435,1.0,3.285599232588026,2.892836279947917,1.4457772812499998,2.865920213541667,1.2817174479166666,2.0453259898153786
13073,15,7.546,2.531,67.587,8.944,368,1622,63.435,3.578,24.641994244410196,9.671839861979167,3.2440268606770832,11.463680854166668,4.585985028645833,5.601355910367322
13074,8,3.589,2.838,101.31,4.472,397,1614,116.565,3.0,13.142396930352104,4.600083920572916,3.6375141171875,5.731840427083334,3.8451523437499997,4.090651979630757
13075,5,3.145,2.025,49.065,4.243,425,1617,45.0,2.828,8.213998081470065,4.031001373697917,2.59547783203125,5.438327131510417,3.624696942708333,3.2339443426774745
13076,18,5.763,3.977,73.077,6.708,433,1620,63.435,4.0,29.570393093292235,7.386537652343749,5.097390290364583,8.597760640625,5.126869791666667,6.135977969446135
13077,2,2.257,1.128,90.0,2.236,465,1614,116.565,1.0,3.285599232588026,2.892836279947917,1.4457772812499998,2.865920213541667,1.2817174479166666,2.0453259898153786
13078,23,7.556,3.875,86.413,8.544,527,1622,69.444,4.0,37.7843911747623,9.684657036458333,4.966655110677083,10.950993875,5.126869791666667,6.936037892995103
13079,25,7.778,4.092,50.005,9.487,573,1623,71.565,5.657,41.069990407350325,9.969198309895832,5.244787796874999,12.159653428385417,7.250675602864583,7.231319385677708
13080,6,3.718,2.055,0.0,4.123,3344,1615,165.964,2.0,9.856797697764078,4.765425471354167,2.63392935546875,5.284521037760417,2.5634348958333333,3.5426085324013394
13081,1,1.128,1.128,0.0,1.414,3433,1614,135.0,1.0,1.642799616294013,1.4457772812499998,1.4457772812499998,1.8123484713541664,1.2817174479166666,1.4462638771355416
13082,2,2.596,0.981,45.0,2.828,335,1617,45.0,1.414,3.285599232588026,3.327338494791667,1.2573648164062499,3.624696942708333,1.8123484713541664,2.0453259898153786
13083,2,2.596,0.981,45.0,2.828,481,1617,45.0,1.414,3.285599232588026,3.327338494791667,1.2573648164062499,3.624696942708333,1.8123484713541664,2.0453259898153786
13084,1,1.128,1.128,0.0,1.414,487,1615,135.0,1.0,1.642799616294013,1.4457772812499998,1.4457772812499998,1.8123484713541664,1.2817174479166666,1.4462638771355416
13085,1,1.128,1.128,0.0,1.414,556,1615,135.0,1.0,1.642799616294013,1.4457772812499998,1.4457772812499998,1.8123484713541664,1.2817174479166666,1.4462638771355416
13086,1,1.128,1.128,0.0,1.414,744,1615,135.0,1.0,1.642799616294013,1.4457772812499998,1.4457772812499998,1.8123484713541664,1.2817174479166666,1.4462638771355416
13087,1,1.128,1.128,0.0,1.414,3349,1615,135.0,1.0,1.642799616294013,1.4457772812499998,1.4457772812499998,1.8123484713541664,1.2817174479166666,1.4462638771355416
13088,1,1.128,1.128,0.0,1.414,3617,1615,135.0,1.0,1.642799616294013,1.4457772812499998,1.4457772812499998,1.8123484713541664,1.2817174479166666,1.4462638771355416
13089,1,1.128,1.128,0.0,1.414,275,1616,135.0,1.0,1.642799616294013,1.4457772812499998,1.4457772812499998,1.8123484713541664,1.2817174479166666,1.4462638771355416
13090,167,17.155,12.395,147.021,26.627,375,1618,124.287,20.0,274.3475359211002,21.987862819010417,15.886887766927082,34.128290485677084,25.634348958333334,18.68984822798972
13091,3,2.365,1.615,45.0,2.828,518,1618,45.0,2.0,4.928398848882039,3.0312617643229167,2.069973678385417,3.624696942708333,2.5634348958333333,2.5050025163503102
13092,3,2.365,1.615,135.0,2.828,562,1616,135.0,2.0,4.928398848882039,3.0312617643229167,2.069973678385417,3.624696942708333,2.5634348958333333,2.5050025163503102
13093,1,1.128,1.128,0.0,1.414,3043,1616,135.0,1.0,1.642799616294013,1.4457772812499998,1.4457772812499998,1.8123484713541664,1.2817174479166666,1.4462638771355416
13094,2,2.257,1.128,90.0,2.236,3297,1616,116.565,1.0,3.285599232588026,2.892836279947917,1.4457772812499998,2.865920213541667,1.2817174479166666,2.0453259898153786
13095,1,1.128,1.128,0.0,1.414,223,1617,135.0,1.0,1.642799616294013,1.4457772812499998,1.4457772812499998,1.8123484713541664,1.2817174479166666,1.4462638771355416
13096,2,2.596,0.981,45.0,2.828,535,1619,45.0,1.414,3.285599232588026,3.327338494791667,1.2573648164062499,3.624696942708333,1.8123484713541664,2.0453259898153786
13097,4,2.734,1.863,0.0,3.162,558,1618,161.565,2.0,6.571198465176052,3.5042155026041666,2.38783960546875,4.0527905703125,2.5634348958333333,2.892527754271083
13098,2,2.257,1.128,0.0,2.236,746,1617,153.435,1.0,3.285599232588026,2.892836279947917,1.4457772812499998,2.865920213541667,1.2817174479166666,2.0453259898153786
13099,3,2.365,1.615,135.0,2.828,3250,1617,135.0,2.0,4.928398848882039,3.0312617643229167,2.069973678385417,3.624696942708333,2.5634348958333333,2.5050025163503102
13100,1,1.128,1.128,0.0,1.414,3419,1617,135.0,1.0,1.642799616294013,1.4457772812499998,1.4457772812499998,1.8123484713541664,1.2817174479166666,1.4462638771355416
13101,2,2.596,0.981,45.0,2.828,406,1620,45.0,1.414,3.285599232588026,3.327338494791667,1.2573648164062499,3.624696942708333,1.8123484713541664,2.0453259898153786
13102,32,7.586,5.371,177.407,9.434,420,1619,147.995,6.0,52.56958772140842,9.723108559895833,6.884104412760417,12.091722403645832,7.690304687499999,8.181303959261514
13103,19,5.689,4.252,156.48,7.211,446,1618,123.69,5.692,31.21319270958625,7.291690561197917,5.4498625885416665,9.242464516927084,7.295535713541667,6.304118086127151
13104,15,6.074,3.144,60.758,7.211,492,1622,33.69,4.828,24.641994244410196,7.785151778645833,4.02971965625,9.242464516927084,6.188131838541667,5.601355910367322
13105,1,1.128,1.128,0.0,1.414,567,1618,135.0,1.0,1.642799616294013,1.4457772812499998,1.4457772812499998,1.8123484713541664,1.2817174479166666,1.4462638771355416
13106,1,1.128,1.128,0.0,1.414,3149,1618,135.0,1.0,1.642799616294013,1.4457772812499998,1.4457772812499998,1.8123484713541664,1.2817174479166666,1.4462638771355416
13107,1,1.128,1.128,0.0,1.414,3175,1618,135.0,1.0,1.642799616294013,1.4457772812499998,1.4457772812499998,1.8123484713541664,1.2817174479166666,1.4462638771355416
13108,5,3.144,2.025,108.435,3.606,3224,1618,123.69,2.0,8.213998081470065,4.02971965625,2.59547783203125,4.6218731171875,2.5634348958333333,3.2339443426774745
13109,3,2.365,1.615,45.0,2.828,335,1621,45.0,2.0,4.928398848882039,3.0312617643229167,2.069973678385417,3.624696942708333,2.5634348958333333,2.5050025163503102
13110,1,1.128,1.128,0.0,1.414,362,1619,135.0,1.0,1.642799616294013,1.4457772812499998,1.4457772812499998,1.8123484713541664,1.2817174479166666,1.4462638771355416
13111,2,2.257,1.128,0.0,2.236,464,1619,153.435,1.0,3.285599232588026,2.892836279947917,1.4457772812499998,2.865920213541667,1.2817174479166666,2.0453259898153786
13112,2,2.257,1.128,0.0,2.236,3240,1619,153.435,1.0,3.285599232588026,2.892836279947917,1.4457772812499998,2.865920213541667,1.2817174479166666,2.0453259898153786
13113,2,2.257,1.128,0.0,2.236,3355,1619,153.435,1.0,3.285599232588026,2.892836279947917,1.4457772812499998,2.865920213541667,1.2817174479166666,2.0453259898153786
13114,2,2.257,1.128,90.0,2.236,223,1620,116.565,1.0,3.285599232588026,2.892836279947917,1.4457772812499998,2.865920213541667,1.2817174479166666,2.0453259898153786
13115,2,2.257,1.128,90.0,2.236,787,1620,116.565,1.0,3.285599232588026,2.892836279947917,1.4457772812499998,2.865920213541667,1.2817174479166666,2.0453259898153786
13116,31,20.949,1.884,39.461,25.612,2395,1636,38.66,4.243,50.926788105114404,26.85069881640625,2.4147556718749996,32.827347276041664,5.438327131510417,8.052456474363645
13117,3,2.365,1.615,45.0,2.828,3250,1622,45.0,2.0,4.928398848882039,3.0312617643229167,2.069973678385417,3.624696942708333,2.5634348958333333,2.5050025163503102
13118,3,2.365,1.615,45.0,2.828,3408,1622,45.0,2.0,4.928398848882039,3.0312617643229167,2.069973678385417,3.624696942708333,2.5634348958333333,2.5050025163503102
13119,2,2.257,1.128,0.0,2.236,327,1621,153.435,1.0,3.285599232588026,2.892836279947917,1.4457772812499998,2.865920213541667,1.2817174479166666,2.0453259898153786
13120,1,1.128,1.128,0.0,1.414,360,1621,135.0,1.0,1.642799616294013,1.4457772812499998,1.4457772812499998,1.8123484713541664,1.2817174479166666,1.4462638771355416
13121,1,1.128,1.128,0.0,1.414,392,1621,135.0,1.0,1.642799616294013,1.4457772812499998,1.4457772812499998,1.8123484713541664,1.2817174479166666,1.4462638771355416
13122,7,3.644,2.446,112.5,4.472,458,1621,116.565,3.0,11.499597314058091,4.670578380208333,3.135080877604167,5.731840427083334,3.8451523437499997,3.826454549076717
13123,1,1.128,1.128,0.0,1.414,468,1621,135.0,1.0,1.642799616294013,1.4457772812499998,1.4457772812499998,1.8123484713541664,1.2817174479166666,1.4462638771355416
13124,1,1.128,1.128,0.0,1.414,531,1621,135.0,1.0,1.642799616294013,1.4457772812499998,1.4457772812499998,1.8123484713541664,1.2817174479166666,1.4462638771355416
13125,4,3.192,1.596,108.435,3.606,3228,1621,123.69,2.0,6.571198465176052,4.09124209375,2.045621046875,4.6218731171875,2.5634348958333333,2.892527754271083
13126,1,1.128,1.128,0.0,1.414,3345,1621,135.0,1.0,1.642799616294013,1.4457772812499998,1.4457772812499998,1.8123484713541664,1.2817174479166666,1.4462638771355416
13127,55,11.108,6.304,23.792,13.416,428,1630,26.565,9.138,90.35397889617072,14.237317411458333,8.079946791666666,17.19552128125,11.7123340390625,10.72577997755371
13128,5,4.183,1.522,79.099,4.472,544,1626,63.435,2.0,8.213998081470065,5.361424084635416,1.9507739557291666,5.731840427083334,2.5634348958333333,3.2339443426774745
13129,2,2.596,0.981,45.0,2.828,381,1625,45.0,1.414,3.285599232588026,3.327338494791667,1.2573648164062499,3.624696942708333,1.8123484713541664,2.0453259898153786
13130,1,1.128,1.128,0.0,1.414,399,1623,135.0,1.0,1.642799616294013,1.4457772812499998,1.4457772812499998,1.8123484713541664,1.2817174479166666,1.4462638771355416
13131,1,1.128,1.128,0.0,1.414,500,1623,135.0,1.0,1.642799616294013,1.4457772812499998,1.4457772812499998,1.8123484713541664,1.2817174479166666,1.4462638771355416
13132,1,1.128,1.128,0.0,1.414,569,1623,135.0,1.0,1.642799616294013,1.4457772812499998,1.4457772812499998,1.8123484713541664,1.2817174479166666,1.4462638771355416
13133,3,3.213,1.189,151.845,3.606,3417,1623,146.31,1.789,4.928398848882039,4.11815816015625,1.5239620455729168,4.6218731171875,2.2929925143229166,2.5050025163503102
13134,1,1.128,1.128,0.0,1.414,3447,1623,135.0,1.0,1.642799616294013,1.4457772812499998,1.4457772812499998,1.8123484713541664,1.2817174479166666,1.4462638771355416
13135,2,2.596,0.981,45.0,2.828,394,1626,45.0,1.414,3.285599232588026,3.327338494791667,1.2573648164062499,3.624696942708333,1.8123484713541664,2.0453259898153786
13136,1,1.128,1.128,0.0,1.414,429,1624,135.0,1.0,1.642799616294013,1.4457772812499998,1.4457772812499998,1.8123484713541664,1.2817174479166666,1.4462638771355416
13137,7,3.516,2.535,100.901,4.123,507,1624,104.036,3.0,11.499597314058091,4.506518546875,3.24915373046875,5.284521037760417,3.8451523437499997,3.826454549076717
13138,15,4.774,4.0,10.41,6.403,574,1624,141.34,5.692,24.641994244410196,6.118919096354166,5.126869791666667,8.206836819010416,7.295535713541667,5.601355910367322
13139,2,2.257,1.128,90.0,2.236,617,1624,116.565,1.0,3.285599232588026,2.892836279947917,1.4457772812499998,2.865920213541667,1.2817174479166666,2.0453259898153786
13140,2,2.257,1.128,90.0,2.236,3317,1624,116.565,1.0,3.285599232588026,2.892836279947917,1.4457772812499998,2.865920213541667,1.2817174479166666,2.0453259898153786
13141,2,2.257,1.128,90.0,2.236,3480,1624,116.565,1.0,3.285599232588026,2.892836279947917,1.4457772812499998,2.865920213541667,1.2817174479166666,2.0453259898153786
13142,1,1.128,1.128,0.0,1.414,413,1625,135.0,1.0,1.642799616294013,1.4457772812499998,1.4457772812499998,1.8123484713541664,1.2817174479166666,1.4462638771355416
13143,5,3.086,2.063,124.099,3.606,461,1625,123.69,2.683,8.213998081470065,3.955380044270833,2.6441830950520835,4.6218731171875,3.4388479127604166,3.2339443426774745
13144,1,1.128,1.128,0.0,1.414,488,1625,135.0,1.0,1.642799616294013,1.4457772812499998,1.4457772812499998,1.8123484713541664,1.2817174479166666,1.4462638771355416
13145,14,6.45,2.764,159.981,7.211,524,1625,146.31,3.53,22.999194628116182,8.2670775390625,3.5426670260416664,9.242464516927084,4.524462591145833,5.411423919108519
13146,2,2.596,0.981,45.0,2.828,641,1627,45.0,1.414,3.285599232588026,3.327338494791667,1.2573648164062499,3.624696942708333,1.8123484713541664,2.0453259898153786
13147,1,1.128,1.128,0.0,1.414,3094,1625,135.0,1.0,1.642799616294013,1.4457772812499998,1.4457772812499998,1.8123484713541664,1.2817174479166666,1.4462638771355416
13148,4,3.216,1.583,121.717,3.606,3339,1625,123.69,2.0,6.571198465176052,4.1220033125,2.028958720052083,4.6218731171875,2.5634348958333333,2.892527754271083
13149,1,1.128,1.128,0.0,1.414,3365,1625,135.0,1.0,1.642799616294013,1.4457772812499998,1.4457772812499998,1.8123484713541664,1.2817174479166666,1.4462638771355416
13150,2,2.257,1.128,0.0,2.236,3491,1625,153.435,1.0,3.285599232588026,2.892836279947917,1.4457772812499998,2.865920213541667,1.2817174479166666,2.0453259898153786
13151,14,5.947,2.998,170.607,7.616,3494,1625,156.801,4.0,22.999194628116182,7.622373662760417,3.8425889088541667,9.761560083333332,5.126869791666667,5.411423919108519
13152,2,2.596,0.981,135.0,2.828,3838,1625,135.0,1.414,3.285599232588026,3.327338494791667,1.2573648164062499,3.624696942708333,1.8123484713541664,2.0453259898153786
13153,1,1.128,1.128,0.0,1.414,313,1626,135.0,1.0,1.642799616294013,1.4457772812499998,1.4457772812499998,1.8123484713541664,1.2817174479166666,1.4462638771355416
13154,2,2.257,1.128,90.0,2.236,407,1626,116.565,1.0,3.285599232588026,2.892836279947917,1.4457772812499998,2.865920213541667,1.2817174479166666,2.0453259898153786
13155,24,6.096,5.013,45.0,7.211,500,1626,146.31,6.0,39.42719079105631,7.8133495625,6.42524956640625,9.242464516927084,7.690304687499999,7.085217064802679
13156,1,1.128,1.128,0.0,1.414,733,1626,135.0,1.0,1.642799616294013,1.4457772812499998,1.4457772812499998,1.8123484713541664,1.2817174479166666,1.4462638771355416
13157,1,1.128,1.128,0.0,1.414,3285,1626,135.0,1.0,1.642799616294013,1.4457772812499998,1.4457772812499998,1.8123484713541664,1.2817174479166666,1.4462638771355416
13158,2,2.257,1.128,90.0,2.236,338,1627,116.565,1.0,3.285599232588026,2.892836279947917,1.4457772812499998,2.865920213541667,1.2817174479166666,2.0453259898153786
13159,1,1.128,1.128,0.0,1.414,651,1627,135.0,1.0,1.642799616294013,1.4457772812499998,1.4457772812499998,1.8123484713541664,1.2817174479166666,1.4462638771355416
13160,1,1.128,1.128,0.0,1.414,687,1627,135.0,1.0,1.642799616294013,1.4457772812499998,1.4457772812499998,1.8123484713541664,1.2817174479166666,1.4462638771355416
13161,1,1.128,1.128,0.0,1.414,3414,1627,135.0,1.0,1.642799616294013,1.4457772812499998,1.4457772812499998,1.8123484713541664,1.2817174479166666,1.4462638771355416
13162,1,1.128,1.128,0.0,1.414,3463,1627,135.0,1.0,1.642799616294013,1.4457772812499998,1.4457772812499998,1.8123484713541664,1.2817174479166666,1.4462638771355416
13163,3,2.365,1.615,135.0,2.828,330,1628,135.0,2.0,4.928398848882039,3.0312617643229167,2.069973678385417,3.624696942708333,2.5634348958333333,2.5050025163503102
13164,39,9.929,5.001,16.761,11.314,396,1636,45.0,6.319,64.0691850354665,12.726172540364583,6.40986895703125,14.501351205729167,8.099172553385417,9.031915017867364
13165,2,2.596,0.981,135.0,2.828,425,1628,135.0,1.414,3.285599232588026,3.327338494791667,1.2573648164062499,3.624696942708333,1.8123484713541664,2.0453259898153786
13166,13,6.46,2.562,93.698,6.325,484,1628,108.435,3.0,21.35639501182217,8.279894713541667,3.2837601015624998,8.106862858072917,3.8451523437499997,5.214578566863546
13167,4,2.257,2.257,0.0,2.828,598,1628,135.0,2.0,6.571198465176052,2.892836279947917,2.892836279947917,3.624696942708333,2.5634348958333333,2.892527754271083
13168,1,1.128,1.128,0.0,1.414,607,1628,135.0,1.0,1.642799616294013,1.4457772812499998,1.4457772812499998,1.8123484713541664,1.2817174479166666,1.4462638771355416
13169,3,2.365,1.615,135.0,2.828,3272,1628,135.0,2.0,4.928398848882039,3.0312617643229167,2.069973678385417,3.624696942708333,2.5634348958333333,2.5050025163503102
13170,5,3.144,2.025,108.435,3.606,3382,1628,123.69,2.0,8.213998081470065,4.02971965625,2.59547783203125,4.6218731171875,2.5634348958333333,3.2339443426774745
13171,4,2.257,2.257,0.0,2.828,273,1629,135.0,2.0,6.571198465176052,2.892836279947917,2.892836279947917,3.624696942708333,2.5634348958333333,2.892527754271083
13172,1,1.128,1.128,0.0,1.414,487,1629,135.0,1.0,1.642799616294013,1.4457772812499998,1.4457772812499998,1.8123484713541664,1.2817174479166666,1.4462638771355416
13173,1,1.128,1.128,0.0,1.414,609,1629,135.0,1.0,1.642799616294013,1.4457772812499998,1.4457772812499998,1.8123484713541664,1.2817174479166666,1.4462638771355416
13174,1,1.128,1.128,0.0,1.414,3183,1629,135.0,1.0,1.642799616294013,1.4457772812499998,1.4457772812499998,1.8123484713541664,1.2817174479166666,1.4462638771355416
13175,3,2.365,1.615,135.0,2.828,3338,1629,135.0,2.0,4.928398848882039,3.0312617643229167,2.069973678385417,3.624696942708333,2.5634348958333333,2.5050025163503102
13176,3,3.385,1.128,0.0,3.162,3461,1629,161.565,1.0,4.928398848882039,4.338613561197916,1.4457772812499998,4.0527905703125,1.2817174479166666,2.5050025163503102
13177,1,1.128,1.128,0.0,1.414,3829,1629,135.0,1.0,1.642799616294013,1.4457772812499998,1.4457772812499998,1.8123484713541664,1.2817174479166666,1.4462638771355416
13178,1,1.128,1.128,0.0,1.414,393,1630,135.0,1.0,1.642799616294013,1.4457772812499998,1.4457772812499998,1.8123484713541664,1.2817174479166666,1.4462638771355416
13179,78,14.915,6.659,46.051,19.799,436,1644,45.0,10.607,128.138370070933,19.116815735677083,8.534956485677084,25.376723751302084,13.595176970052082,12.77305671246926
13180,4,2.257,2.257,0.0,2.828,662,1630,135.0,2.0,6.571198465176052,2.892836279947917,2.892836279947917,3.624696942708333,2.5634348958333333,2.892527754271083
13181,6,3.385,2.257,0.0,3.606,699,1630,146.31,2.0,9.856797697764078,4.338613561197916,2.892836279947917,4.6218731171875,2.5634348958333333,3.5426085324013394
13182,2,2.257,1.128,0.0,2.236,423,1631,153.435,1.0,3.285599232588026,2.892836279947917,1.4457772812499998,2.865920213541667,1.2817174479166666,2.0453259898153786
13183,1,1.128,1.128,0.0,1.414,549,1631,135.0,1.0,1.642799616294013,1.4457772812499998,1.4457772812499998,1.8123484713541664,1.2817174479166666,1.4462638771355416
13184,1,1.128,1.128,0.0,1.414,596,1631,135.0,1.0,1.642799616294013,1.4457772812499998,1.4457772812499998,1.8123484713541664,1.2817174479166666,1.4462638771355416
13185,4,4.514,1.128,0.0,4.123,606,1631,165.964,1.0,6.571198465176052,5.785672559895834,1.4457772812499998,5.284521037760417,1.2817174479166666,2.892527754271083
13186,1,1.128,1.128,0.0,1.414,359,1632,135.0,1.0,1.642799616294013,1.4457772812499998,1.4457772812499998,1.8123484713541664,1.2817174479166666,1.4462638771355416
13187,11,6.327,2.214,86.942,6.325,440,1638,71.565,2.0,18.070795779234142,8.10942629296875,2.8377224296875,8.106862858072917,2.5634348958333333,4.796714628303253
13188,1,1.128,1.128,0.0,1.414,520,1632,135.0,1.0,1.642799616294013,1.4457772812499998,1.4457772812499998,1.8123484713541664,1.2817174479166666,1.4462638771355416
13189,8,4.249,2.397,102.557,5.0,531,1632,126.87,3.0,13.142396930352104,5.446017436197916,3.0722767226562495,6.408587239583333,3.8451523437499997,4.090651979630757
13190,7,3.752,2.375,90.0,4.472,557,1632,116.565,3.0,11.499597314058091,4.809003864583333,3.0440789388020835,5.731840427083334,3.8451523437499997,3.826454549076717
13191,2,2.257,1.128,90.0,2.236,3309,1632,116.565,1.0,3.285599232588026,2.892836279947917,1.4457772812499998,2.865920213541667,1.2817174479166666,2.0453259898153786
13192,1,1.128,1.128,0.0,1.414,332,1633,135.0,1.0,1.642799616294013,1.4457772812499998,1.4457772812499998,1.8123484713541664,1.2817174479166666,1.4462638771355416
13193,2,2.596,0.981,45.0,2.828,461,1635,45.0,1.414,3.285599232588026,3.327338494791667,1.2573648164062499,3.624696942708333,1.8123484713541664,2.0453259898153786
13194,9,3.923,2.921,168.019,4.472,618,1633,153.435,3.0,14.785196546646118,5.028177548177084,3.743896665364583,5.731840427083334,3.8451523437499997,4.338791631406624
13195,2,2.596,0.981,45.0,2.828,681,1635,45.0,1.414,3.285599232588026,3.327338494791667,1.2573648164062499,3.624696942708333,1.8123484713541664,2.0453259898153786
13196,2,2.257,1.128,0.0,2.236,3342,1633,153.435,1.0,3.285599232588026,2.892836279947917,1.4457772812499998,2.865920213541667,1.2817174479166666,2.0453259898153786
13197,2,2.257,1.128,90.0,2.236,337,1634,116.565,1.0,3.285599232588026,2.892836279947917,1.4457772812499998,2.865920213541667,1.2817174479166666,2.0453259898153786
13198,1,1.128,1.128,0.0,1.414,361,1634,135.0,1.0,1.642799616294013,1.4457772812499998,1.4457772812499998,1.8123484713541664,1.2817174479166666,1.4462638771355416
13199,1,1.128,1.128,0.0,1.414,409,1634,135.0,1.0,1.642799616294013,1.4457772812499998,1.4457772812499998,1.8123484713541664,1.2817174479166666,1.4462638771355416
13200,13,4.806,3.444,146.652,5.657,520,1634,135.0,4.0,21.35639501182217,6.1599340546875,4.414234890625,7.250675602864583,5.126869791666667,5.214578566863546
13201,5,3.144,2.025,108.435,3.606,600,1634,123.69,2.0,8.213998081470065,4.02971965625,2.59547783203125,4.6218731171875,2.5634348958333333,3.2339443426774745
13202,1,1.128,1.128,0.0,1.414,628,1634,135.0,1.0,1.642799616294013,1.4457772812499998,1.4457772812499998,1.8123484713541664,1.2817174479166666,1.4462638771355416
13203,5,4.076,1.562,20.994,4.472,3202,1636,26.565,2.0,8.213998081470065,5.224280317708333,2.0020426536458333,5.731840427083334,2.5634348958333333,3.2339443426774745
13204,5,3.732,1.706,174.848,4.123,3304,1635,165.964,2.0,8.213998081470065,4.783369515625,2.1866099661458334,5.284521037760417,2.5634348958333333,3.2339443426774745
13205,62,10.935,7.219,159.53,12.806,3462,1634,128.66,9.453,101.85357621022881,14.01558029296875,9.252718256510416,16.413673638020832,12.11607503515625,11.387893156464104
13206,1,1.128,1.128,0.0,1.414,677,1635,135.0,1.0,1.642799616294013,1.4457772812499998,1.4457772812499998,1.8123484713541664,1.2817174479166666,1.4462638771355416
13207,8,4.937,2.063,108.579,5.831,3349,1635,120.964,3.0,13.142396930352104,6.327839040364584,2.6441830950520835,7.473694438802084,3.8451523437499997,4.090651979630757
13208,1,1.128,1.128,0.0,1.414,3357,1635,135.0,1.0,1.642799616294013,1.4457772812499998,1.4457772812499998,1.8123484713541664,1.2817174479166666,1.4462638771355416
13209,1,1.128,1.128,0.0,1.414,3383,1635,135.0,1.0,1.642799616294013,1.4457772812499998,1.4457772812499998,1.8123484713541664,1.2817174479166666,1.4462638771355416
13210,12,6.39,2.391,96.68,7.616,391,1636,113.199,3.0,19.713595395528156,8.190174492187499,3.06458641796875,9.761560083333332,3.8451523437499997,5.0100050327006205
13211,60,10.98,6.957,101.629,13.416,402,1636,116.565,9.0,98.56797697764078,14.073257578125,8.91690828515625,17.19552128125,11.535457031249999,11.202711820734644
13212,7,4.134,2.156,117.231,5.0,461,1636,126.87,3.0,11.499597314058091,5.298619929687501,2.7633828177083335,6.408587239583333,3.8451523437499997,3.826454549076717
13213,17,8.1,2.672,120.069,10.296,479,1636,119.055,4.243,27.927593476998222,10.381911328125,3.4247490208333335,13.19656284375,5.438327131510417,5.963098727945161
13214,11,6.327,2.214,176.942,6.325,492,1636,161.565,2.0,18.070795779234142,8.10942629296875,2.8377224296875,8.106862858072917,2.5634348958333333,4.796714628303253
13215,8,4.514,2.257,90.0,4.472,544,1636,116.565,2.0,13.142396930352104,5.785672559895834,2.892836279947917,5.731840427083334,2.5634348958333333,4.090651979630757
13216,4,4.441,1.147,31.717,5.0,2390,1639,36.87,1.789,6.571198465176052,5.692107186197917,1.4701299127604166,6.408587239583333,2.2929925143229166,2.892527754271083
13217,6,3.718,2.055,36.87,4.243,3353,1639,45.0,2.683,9.856797697764078,4.765425471354167,2.63392935546875,5.438327131510417,3.4388479127604166,3.5426085324013394
13218,1,1.128,1.128,0.0,1.414,421,1637,135.0,1.0,1.642799616294013,1.4457772812499998,1.4457772812499998,1.8123484713541664,1.2817174479166666,1.4462638771355416
13219,1,1.128,1.128,0.0,1.414,603,1637,135.0,1.0,1.642799616294013,1.4457772812499998,1.4457772812499998,1.8123484713541664,1.2817174479166666,1.4462638771355416
13220,4,2.734,1.863,90.0,3.162,632,1637,108.435,2.0,6.571198465176052,3.5042155026041666,2.38783960546875,4.0527905703125,2.5634348958333333,2.892527754271083
13221,9,4.2,2.729,150.482,5.0,3267,1637,143.13,3.0,14.785196546646118,5.38321328125,3.4978069153645834,6.408587239583333,3.8451523437499997,4.338791631406624
13222,1,1.128,1.128,0.0,1.414,3389,1637,135.0,1.0,1.642799616294013,1.4457772812499998,1.4457772812499998,1.8123484713541664,1.2817174479166666,1.4462638771355416
13223,1,1.128,1.128,0.0,1.414,3414,1637,135.0,1.0,1.642799616294013,1.4457772812499998,1.4457772812499998,1.8123484713541664,1.2817174479166666,1.4462638771355416
13224,1,1.128,1.128,0.0,1.414,369,1638,135.0,1.0,1.642799616294013,1.4457772812499998,1.4457772812499998,1.8123484713541664,1.2817174479166666,1.4462638771355416
13225,3,2.365,1.615,45.0,2.828,474,1640,45.0,2.0,4.928398848882039,3.0312617643229167,2.069973678385417,3.624696942708333,2.5634348958333333,2.5050025163503102
13226,1,1.128,1.128,0.0,1.414,542,1638,135.0,1.0,1.642799616294013,1.4457772812499998,1.4457772812499998,1.8123484713541664,1.2817174479166666,1.4462638771355416
13227,36,11.294,4.059,42.271,14.142,542,1648,45.0,6.364,59.14078618658447,14.475716856770834,5.20249112109375,18.126048148437498,8.156849838541666,8.677583262813249
13228,1,1.128,1.128,0.0,1.414,580,1638,135.0,1.0,1.642799616294013,1.4457772812499998,1.4457772812499998,1.8123484713541664,1.2817174479166666,1.4462638771355416
13229,7,5.102,1.747,130.455,5.657,598,1638,135.0,2.774,11.499597314058091,6.5393224192708335,2.2391603815104166,7.250675602864583,3.555484200520833,3.826454549076717
13230,3,3.213,1.189,28.155,3.606,650,1640,33.69,1.789,4.928398848882039,4.11815816015625,1.5239620455729168,4.6218731171875,2.2929925143229166,2.5050025163503102
13231,1,1.128,1.128,0.0,1.414,2967,1638,135.0,1.0,1.642799616294013,1.4457772812499998,1.4457772812499998,1.8123484713541664,1.2817174479166666,1.4462638771355416
13232,2,2.257,1.128,0.0,2.236,396,1639,153.435,1.0,3.285599232588026,2.892836279947917,1.4457772812499998,2.865920213541667,1.2817174479166666,2.0453259898153786
13233,29,7.713,4.787,113.048,9.434,415,1639,122.005,6.008,47.64118887252638,9.88588667578125,6.135581423177083,12.091722403645832,7.700558427083333,7.788369332980218
13234,2,2.257,1.128,0.0,2.236,576,1639,153.435,1.0,3.285599232588026,2.892836279947917,1.4457772812499998,2.865920213541667,1.2817174479166666,2.0453259898153786
13235,1,1.128,1.128,0.0,1.414,745,1639,135.0,1.0,1.642799616294013,1.4457772812499998,1.4457772812499998,1.8123484713541664,1.2817174479166666,1.4462638771355416
13236,1,1.128,1.128,0.0,1.414,919,1639,135.0,1.0,1.642799616294013,1.4457772812499998,1.4457772812499998,1.8123484713541664,1.2817174479166666,1.4462638771355416
13237,2,2.257,1.128,0.0,2.236,3366,1639,153.435,1.0,3.285599232588026,2.892836279947917,1.4457772812499998,2.865920213541667,1.2817174479166666,2.0453259898153786
13238,1,1.128,1.128,0.0,1.414,3387,1639,135.0,1.0,1.642799616294013,1.4457772812499998,1.4457772812499998,1.8123484713541664,1.2817174479166666,1.4462638771355416
13239,3,2.446,1.561,90.0,3.162,159,1640,108.435,2.0,4.928398848882039,3.135080877604167,2.0007609361979166,4.0527905703125,2.5634348958333333,2.5050025163503102
13240,4,3.192,1.596,71.565,3.606,369,1643,56.31,2.0,6.571198465176052,4.09124209375,2.045621046875,4.6218731171875,2.5634348958333333,2.892527754271083
13241,16,5.913,3.445,43.838,7.211,420,1644,33.69,4.715,26.28479386070421,7.57879526953125,4.415516608072917,9.242464516927084,6.043297766927083,5.785055508542166
13242,1,1.128,1.128,0.0,1.414,490,1640,135.0,1.0,1.642799616294013,1.4457772812499998,1.4457772812499998,1.8123484713541664,1.2817174479166666,1.4462638771355416
13243,4,2.257,2.257,0.0,2.828,514,1640,135.0,2.0,6.571198465176052,2.892836279947917,2.892836279947917,3.624696942708333,2.5634348958333333,2.892527754271083
13244,2,2.257,1.128,0.0,2.236,524,1640,153.435,1.0,3.285599232588026,2.892836279947917,1.4457772812499998,2.865920213541667,1.2817174479166666,2.0453259898153786
13245,58,16.424,4.496,51.083,17.804,518,1654,51.843,6.559,95.28237774505276,21.050927364583334,5.762601645833334,22.819697442708332,8.406784740885417,11.01441753947132
13246,7,4.154,2.146,171.65,4.472,558,1640,153.435,2.0,11.499597314058091,5.324254278645833,2.7505656432291663,5.731840427083334,2.5634348958333333,3.826454549076717
13247,5,3.144,2.025,108.435,3.606,594,1640,123.69,2.0,8.213998081470065,4.02971965625,2.59547783203125,4.6218731171875,2.5634348958333333,3.2339443426774745
13248,1,1.128,1.128,0.0,1.414,2389,1640,135.0,1.0,1.642799616294013,1.4457772812499998,1.4457772812499998,1.8123484713541664,1.2817174479166666,1.4462638771355416
13249,2,2.257,1.128,0.0,2.236,520,1641,153.435,1.0,3.285599232588026,2.892836279947917,1.4457772812499998,2.865920213541667,1.2817174479166666,2.0453259898153786
13250,1,1.128,1.128,0.0,1.414,3302,1641,135.0,1.0,1.642799616294013,1.4457772812499998,1.4457772812499998,1.8123484713541664,1.2817174479166666,1.4462638771355416
13251,1,1.128,1.128,0.0,1.414,385,1642,135.0,1.0,1.642799616294013,1.4457772812499998,1.4457772812499998,1.8123484713541664,1.2817174479166666,1.4462638771355416
13252,9,3.685,3.109,82.372,4.472,430,1646,63.435,3.0,14.785196546646118,4.723128795572917,3.9848595455729168,5.731840427083334,3.8451523437499997,4.338791631406624
13253,1,1.128,1.128,0.0,1.414,3309,1642,135.0,1.0,1.642799616294013,1.4457772812499998,1.4457772812499998,1.8123484713541664,1.2817174479166666,1.4462638771355416
13254,7,3.516,2.535,169.099,4.123,3430,1643,165.964,3.0,11.499597314058091,4.506518546875,3.24915373046875,5.284521037760417,3.8451523437499997,3.826454549076717
13255,1,1.128,1.128,0.0,1.414,461,1643,135.0,1.0,1.642799616294013,1.4457772812499998,1.4457772812499998,1.8123484713541664,1.2817174479166666,1.4462638771355416
13256,1,1.128,1.128,0.0,1.414,476,1643,135.0,1.0,1.642799616294013,1.4457772812499998,1.4457772812499998,1.8123484713541664,1.2817174479166666,1.4462638771355416
13257,1,1.128,1.128,0.0,1.414,574,1643,135.0,1.0,1.642799616294013,1.4457772812499998,1.4457772812499998,1.8123484713541664,1.2817174479166666,1.4462638771355416
13258,1,1.128,1.128,0.0,1.414,688,1643,135.0,1.0,1.642799616294013,1.4457772812499998,1.4457772812499998,1.8123484713541664,1.2817174479166666,1.4462638771355416
13259,1,1.128,1.128,0.0,1.414,3109,1643,135.0,1.0,1.642799616294013,1.4457772812499998,1.4457772812499998,1.8123484713541664,1.2817174479166666,1.4462638771355416
13260,2,2.257,1.128,90.0,2.236,3238,1643,116.565,1.0,3.285599232588026,2.892836279947917,1.4457772812499998,2.865920213541667,1.2817174479166666,2.0453259898153786
13261,2,2.257,1.128,0.0,2.236,3366,1643,153.435,1.0,3.285599232588026,2.892836279947917,1.4457772812499998,2.865920213541667,1.2817174479166666,2.0453259898153786
13262,6,4.024,1.899,83.736,4.472,310,1648,63.435,2.0,9.856797697764078,5.157631010416667,2.43398143359375,5.731840427083334,2.5634348958333333,3.5426085324013394
13263,85,12.399,8.729,54.842,16.971,460,1656,45.0,12.021,139.6379673849911,15.892014636718748,11.188111602864582,21.75202680859375,15.40752544140625,13.333894112227902
13264,13,5.771,2.868,2.301,7.211,506,1648,33.69,4.0,21.35639501182217,7.396791391927083,3.675965640625,9.242464516927084,5.126869791666667,5.214578566863546
13265,6,4.134,1.848,102.933,4.472,536,1644,116.565,2.0,9.856797697764078,5.298619929687501,2.36861384375,5.731840427083334,2.5634348958333333,3.5426085324013394
13266,2,2.257,1.128,90.0,2.236,3297,1644,116.565,1.0,3.285599232588026,2.892836279947917,1.4457772812499998,2.865920213541667,1.2817174479166666,2.0453259898153786
13267,29,9.421,3.919,136.464,10.0,3438,1644,126.87,5.2,47.64118887252638,12.075060076822915,5.023050678385417,12.817174479166667,6.664930729166667,7.788369332980218
13268,2,2.257,1.128,90.0,2.236,427,1645,116.565,1.0,3.285599232588026,2.892836279947917,1.4457772812499998,2.865920213541667,1.2817174479166666,2.0453259898153786
13269,1,1.128,1.128,0.0,1.414,501,1645,135.0,1.0,1.642799616294013,1.4457772812499998,1.4457772812499998,1.8123484713541664,1.2817174479166666,1.4462638771355416
13270,1,1.128,1.128,0.0,1.414,556,1645,135.0,1.0,1.642799616294013,1.4457772812499998,1.4457772812499998,1.8123484713541664,1.2817174479166666,1.4462638771355416
13271,1,1.128,1.128,0.0,1.414,593,1645,135.0,1.0,1.642799616294013,1.4457772812499998,1.4457772812499998,1.8123484713541664,1.2817174479166666,1.4462638771355416
13272,2,2.257,1.128,90.0,2.236,769,1645,116.565,1.0,3.285599232588026,2.892836279947917,1.4457772812499998,2.865920213541667,1.2817174479166666,2.0453259898153786
13273,4,2.257,2.257,0.0,2.828,3371,1645,135.0,2.0,6.571198465176052,2.892836279947917,2.892836279947917,3.624696942708333,2.5634348958333333,2.892527754271083
13274,4,4.514,1.128,0.0,4.123,3450,1645,165.964,1.0,6.571198465176052,5.785672559895834,1.4457772812499998,5.284521037760417,1.2817174479166666,2.892527754271083
13275,1,1.128,1.128,0.0,1.414,3475,1645,135.0,1.0,1.642799616294013,1.4457772812499998,1.4457772812499998,1.8123484713541664,1.2817174479166666,1.4462638771355416
13276,117,20.933,7.117,70.904,30.463,390,1674,66.801,11.343,192.20755510639952,26.830191337239583,9.121983076822916,39.04495861588542,14.53852101171875,15.643735700590637
13277,3,2.365,1.615,135.0,2.828,528,1646,135.0,2.0,4.928398848882039,3.0312617643229167,2.069973678385417,3.624696942708333,2.5634348958333333,2.5050025163503102
13278,1,1.128,1.128,0.0,1.414,619,1646,135.0,1.0,1.642799616294013,1.4457772812499998,1.4457772812499998,1.8123484713541664,1.2817174479166666,1.4462638771355416
13279,4,2.257,2.257,0.0,2.828,624,1646,135.0,2.0,6.571198465176052,2.892836279947917,2.892836279947917,3.624696942708333,2.5634348958333333,2.892527754271083
13280,6,4.102,1.862,46.95,5.0,3365,1650,53.13,2.828,9.856797697764078,5.257604971354167,2.3865578880208336,6.408587239583333,3.624696942708333,3.5426085324013394
13281,3,2.365,1.615,135.0,2.828,3448,1646,135.0,2.0,4.928398848882039,3.0312617643229167,2.069973678385417,3.624696942708333,2.5634348958333333,2.5050025163503102
13282,1,1.128,1.128,0.0,1.414,3323,1647,135.0,1.0,1.642799616294013,1.4457772812499998,1.4457772812499998,1.8123484713541664,1.2817174479166666,1.4462638771355416
13283,7,3.756,2.373,112.5,5.0,394,1648,126.87,3.0,11.499597314058091,4.8141307343749995,3.04151550390625,6.408587239583333,3.8451523437499997,3.826454549076717
13284,57,13.953,5.201,78.328,18.682,423,1666,74.476,8.0,93.63957812875874,17.88380355078125,6.6662124466145825,23.945045361979165,10.253739583333333,10.919052822086096
13285,117,16.489,9.034,20.375,19.849,435,1663,40.914,12.612,192.20755510639952,21.134238998697917,11.579035424479168,25.440809623697916,16.165020453125,15.643735700590637
13286,3,2.365,1.615,45.0,2.828,3372,1650,45.0,2.0,4.928398848882039,3.0312617643229167,2.069973678385417,3.624696942708333,2.5634348958333333,2.5050025163503102
13287,1,1.128,1.128,0.0,1.414,375,1649,135.0,1.0,1.642799616294013,1.4457772812499998,1.4457772812499998,1.8123484713541664,1.2817174479166666,1.4462638771355416
13288,3,2.365,1.615,45.0,2.828,435,1651,45.0,2.0,4.928398848882039,3.0312617643229167,2.069973678385417,3.624696942708333,2.5634348958333333,2.5050025163503102
13289,1,1.128,1.128,0.0,1.414,455,1649,135.0,1.0,1.642799616294013,1.4457772812499998,1.4457772812499998,1.8123484713541664,1.2817174479166666,1.4462638771355416
13290,2,2.257,1.128,90.0,2.236,475,1649,116.565,1.0,3.285599232588026,2.892836279947917,1.4457772812499998,2.865920213541667,1.2817174479166666,2.0453259898153786
13291,6,3.988,1.916,18.435,4.472,533,1651,26.565,2.0,9.856797697764078,5.111489182291667,2.4557706302083333,5.731840427083334,2.5634348958333333,3.5426085324013394
13292,2,2.257,1.128,0.0,2.236,3368,1649,153.435,1.0,3.285599232588026,2.892836279947917,1.4457772812499998,2.865920213541667,1.2817174479166666,2.0453259898153786
13293,50,11.626,5.476,76.232,13.0,405,1662,67.38,7.0,82.13998081470065,14.901247049479165,7.018684744791667,16.662326822916665,8.972022135416667,10.226629949076893
13294,3,2.365,1.615,45.0,2.828,494,1652,45.0,2.0,4.928398848882039,3.0312617643229167,2.069973678385417,3.624696942708333,2.5634348958333333,2.5050025163503102
13295,14,5.895,3.024,150.642,6.403,503,1650,141.34,3.578,22.999194628116182,7.555724355468749,3.8759135625,8.206836819010416,4.585985028645833,5.411423919108519
13296,12,4.656,3.282,34.294,5.657,524,1654,45.0,4.0,19.713595395528156,5.9676764375,4.2065966640625,7.250675602864583,5.126869791666667,5.0100050327006205
13297,22,6.276,4.463,126.164,7.211,564,1650,123.69,5.367,36.141591558468285,8.044058703125,5.720304970052084,9.242464516927084,6.87897754296875,6.78357888217988
13298,1,1.128,1.128,0.0,1.414,595,1650,135.0,1.0,1.642799616294013,1.4457772812499998,1.4457772812499998,1.8123484713541664,1.2817174479166666,1.4462638771355416
13299,1,1.128,1.128,0.0,1.414,3343,1650,135.0,1.0,1.642799616294013,1.4457772812499998,1.4457772812499998,1.8123484713541664,1.2817174479166666,1.4462638771355416
13300,5,3.144,2.025,18.435,3.606,3355,1652,33.69,2.0,8.213998081470065,4.02971965625,2.59547783203125,4.6218731171875,2.5634348958333333,3.2339443426774745
13301,2,2.257,1.128,90.0,2.236,3537,1650,116.565,1.0,3.285599232588026,2.892836279947917,1.4457772812499998,2.865920213541667,1.2817174479166666,2.0453259898153786
13302,2,2.257,1.128,0.0,2.236,420,1651,153.435,1.0,3.285599232588026,2.892836279947917,1.4457772812499998,2.865920213541667,1.2817174479166666,2.0453259898153786
13303,1,1.128,1.128,0.0,1.414,492,1651,135.0,1.0,1.642799616294013,1.4457772812499998,1.4457772812499998,1.8123484713541664,1.2817174479166666,1.4462638771355416
13304,5,3.144,2.025,18.435,3.606,497,1653,33.69,2.0,8.213998081470065,4.02971965625,2.59547783203125,4.6218731171875,2.5634348958333333,3.2339443426774745
13305,1,1.128,1.128,0.0,1.414,747,1651,135.0,1.0,1.642799616294013,1.4457772812499998,1.4457772812499998,1.8123484713541664,1.2817174479166666,1.4462638771355416
13306,1,1.128,1.128,0.0,1.414,797,1651,135.0,1.0,1.642799616294013,1.4457772812499998,1.4457772812499998,1.8123484713541664,1.2817174479166666,1.4462638771355416
13307,13,5.461,3.031,97.504,6.708,3401,1651,116.565,4.0,21.35639501182217,6.999458983072917,3.8848855846354167,8.597760640625,5.126869791666667,5.214578566863546
13308,4,2.734,1.863,90.0,3.162,411,1652,108.435,2.0,6.571198465176052,3.5042155026041666,2.38783960546875,4.0527905703125,2.5634348958333333,2.892527754271083
13309,2,2.596,0.981,135.0,2.828,595,1652,135.0,1.414,3.285599232588026,3.327338494791667,1.2573648164062499,3.624696942708333,1.8123484713541664,2.0453259898153786
13310,1,1.128,1.128,0.0,1.414,3539,1652,135.0,1.0,1.642799616294013,1.4457772812499998,1.4457772812499998,1.8123484713541664,1.2817174479166666,1.4462638771355416
13311,1,1.128,1.128,0.0,1.414,347,1653,135.0,1.0,1.642799616294013,1.4457772812499998,1.4457772812499998,1.8123484713541664,1.2817174479166666,1.4462638771355416
13312,2,2.257,1.128,0.0,2.236,389,1653,153.435,1.0,3.285599232588026,2.892836279947917,1.4457772812499998,2.865920213541667,1.2817174479166666,2.0453259898153786
13313,15,6.527,2.926,106.35,8.062,580,1653,119.745,4.0,24.641994244410196,8.365769782552084,3.750305252604167,10.333206065104166,5.126869791666667,5.601355910367322
13314,1,1.128,1.128,0.0,1.414,590,1653,135.0,1.0,1.642799616294013,1.4457772812499998,1.4457772812499998,1.8123484713541664,1.2817174479166666,1.4462638771355416
13315,14,5.166,3.451,4.138,6.325,477,1657,18.435,4.0,22.999194628116182,6.6213523359375,4.423206912760417,8.106862858072917,5.126869791666667,5.411423919108519
13316,5,3.461,1.839,135.0,4.243,539,1654,135.0,2.683,8.213998081470065,4.436024087239583,2.35707838671875,5.438327131510417,3.4388479127604166,3.2339443426774745
13317,1,1.128,1.128,0.0,1.414,3281,1654,135.0,1.0,1.642799616294013,1.4457772812499998,1.4457772812499998,1.8123484713541664,1.2817174479166666,1.4462638771355416
13318,1,1.128,1.128,0.0,1.414,3321,1654,135.0,1.0,1.642799616294013,1.4457772812499998,1.4457772812499998,1.8123484713541664,1.2817174479166666,1.4462638771355416
13319,3,2.365,1.615,135.0,2.828,3340,1654,135.0,2.0,4.928398848882039,3.0312617643229167,2.069973678385417,3.624696942708333,2.5634348958333333,2.5050025163503102
13320,4,2.734,1.863,90.0,3.162,525,1655,108.435,2.0,6.571198465176052,3.5042155026041666,2.38783960546875,4.0527905703125,2.5634348958333333,2.892527754271083
13321,2,2.257,1.128,90.0,2.236,529,1655,116.565,1.0,3.285599232588026,2.892836279947917,1.4457772812499998,2.865920213541667,1.2817174479166666,2.0453259898153786
13322,1,1.128,1.128,0.0,1.414,637,1655,135.0,1.0,1.642799616294013,1.4457772812499998,1.4457772812499998,1.8123484713541664,1.2817174479166666,1.4462638771355416
13323,1,1.128,1.128,0.0,1.414,3242,1655,135.0,1.0,1.642799616294013,1.4457772812499998,1.4457772812499998,1.8123484713541664,1.2817174479166666,1.4462638771355416
13324,7,4.154,2.146,81.65,4.472,716,1660,63.435,2.0,11.499597314058091,5.324254278645833,2.7505656432291663,5.731840427083334,2.5634348958333333,3.826454549076717
13325,3,2.365,1.615,135.0,2.828,3279,1656,135.0,2.0,4.928398848882039,3.0312617643229167,2.069973678385417,3.624696942708333,2.5634348958333333,2.5050025163503102
13326,1,1.128,1.128,0.0,1.414,495,1657,135.0,1.0,1.642799616294013,1.4457772812499998,1.4457772812499998,1.8123484713541664,1.2817174479166666,1.4462638771355416
13327,4,3.216,1.583,58.283,3.606,636,1660,56.31,2.0,6.571198465176052,4.1220033125,2.028958720052083,4.6218731171875,2.5634348958333333,2.892527754271083
13328,2,2.257,1.128,0.0,2.236,660,1657,153.435,1.0,3.285599232588026,2.892836279947917,1.4457772812499998,2.865920213541667,1.2817174479166666,2.0453259898153786
13329,1,1.128,1.128,0.0,1.414,3221,1657,135.0,1.0,1.642799616294013,1.4457772812499998,1.4457772812499998,1.8123484713541664,1.2817174479166666,1.4462638771355416
13330,1,1.128,1.128,0.0,1.414,3225,1657,135.0,1.0,1.642799616294013,1.4457772812499998,1.4457772812499998,1.8123484713541664,1.2817174479166666,1.4462638771355416
13331,22,7.541,3.715,163.321,8.602,414,1658,144.462,5.0,36.141591558468285,9.665431274739584,4.761580319010417,11.025333486979166,6.408587239583333,6.78357888217988
13332,6,3.385,2.257,90.0,3.606,536,1658,123.69,2.0,9.856797697764078,4.338613561197916,2.892836279947917,4.6218731171875,2.5634348958333333,3.5426085324013394
13333,3,2.365,1.615,135.0,2.828,557,1658,135.0,2.0,4.928398848882039,3.0312617643229167,2.069973678385417,3.624696942708333,2.5634348958333333,2.5050025163503102
13334,1,1.128,1.128,0.0,1.414,597,1658,135.0,1.0,1.642799616294013,1.4457772812499998,1.4457772812499998,1.8123484713541664,1.2817174479166666,1.4462638771355416
13335,3,2.365,1.615,45.0,2.828,648,1660,45.0,2.0,4.928398848882039,3.0312617643229167,2.069973678385417,3.624696942708333,2.5634348958333333,2.5050025163503102
13336,4,2.734,1.863,0.0,3.162,3328,1658,161.565,2.0,6.571198465176052,3.5042155026041666,2.38783960546875,4.0527905703125,2.5634348958333333,2.892527754271083
13337,4,3.417,1.49,173.38,4.123,3370,1659,165.964,2.0,6.571198465176052,4.379628519531249,1.9097589973958333,5.284521037760417,2.5634348958333333,2.892527754271083
13338,1,1.128,1.128,0.0,1.414,356,1659,135.0,1.0,1.642799616294013,1.4457772812499998,1.4457772812499998,1.8123484713541664,1.2817174479166666,1.4462638771355416
13339,1,1.128,1.128,0.0,1.414,388,1659,135.0,1.0,1.642799616294013,1.4457772812499998,1.4457772812499998,1.8123484713541664,1.2817174479166666,1.4462638771355416
13340,9,6.139,1.866,156.897,7.211,450,1659,146.31,2.785,14.785196546646118,7.868463412760417,2.3916847578125,9.242464516927084,3.5695830924479166,4.338791631406624
13341,5,3.144,2.025,108.435,3.606,554,1659,123.69,2.0,8.213998081470065,4.02971965625,2.59547783203125,4.6218731171875,2.5634348958333333,3.2339443426774745
13342,1,1.128,1.128,0.0,1.414,646,1659,135.0,1.0,1.642799616294013,1.4457772812499998,1.4457772812499998,1.8123484713541664,1.2817174479166666,1.4462638771355416
13343,5,4.409,1.444,49.265,5.0,692,1663,53.13,2.121,8.213998081470065,5.6510922278645825,1.8507999947916665,6.408587239583333,2.71852270703125,3.2339443426774745
13344,1,1.128,1.128,0.0,1.414,3263,1659,135.0,1.0,1.642799616294013,1.4457772812499998,1.4457772812499998,1.8123484713541664,1.2817174479166666,1.4462638771355416
13345,1,1.128,1.128,0.0,1.414,3380,1659,135.0,1.0,1.642799616294013,1.4457772812499998,1.4457772812499998,1.8123484713541664,1.2817174479166666,1.4462638771355416
13346,50,8.937,7.123,109.89,13.601,3410,1659,107.103,9.0,82.13998081470065,11.45470883203125,9.129673381510417,17.432639009114585,11.535457031249999,10.226629949076893
13347,5,3.144,2.025,108.435,3.606,466,1660,123.69,2.0,8.213998081470065,4.02971965625,2.59547783203125,4.6218731171875,2.5634348958333333,3.2339443426774745
13348,4,2.257,2.257,0.0,2.828,504,1660,135.0,2.0,6.571198465176052,2.892836279947917,2.892836279947917,3.624696942708333,2.5634348958333333,2.892527754271083
13349,10,5.046,2.523,41.634,5.657,512,1664,45.0,3.536,16.42799616294013,6.4675462421875,3.23377312109375,7.250675602864583,4.532152895833334,4.573487949374228
13350,1,1.128,1.128,0.0,1.414,639,1660,135.0,1.0,1.642799616294013,1.4457772812499998,1.4457772812499998,1.8123484713541664,1.2817174479166666,1.4462638771355416
13351,3,3.385,1.128,90.0,3.162,655,1660,108.435,1.0,4.928398848882039,4.338613561197916,1.4457772812499998,4.0527905703125,1.2817174479166666,2.5050025163503102
13352,40,9.312,5.469,81.152,11.402,447,1661,105.255,6.0,65.71198465176052,11.935352875,7.00971272265625,14.614142341145833,7.690304687499999,9.146975898748456
13353,1,1.128,1.128,0.0,1.414,471,1661,135.0,1.0,1.642799616294013,1.4457772812499998,1.4457772812499998,1.8123484713541664,1.2817174479166666,1.4462638771355416
13354,1,1.128,1.128,0.0,1.414,485,1661,135.0,1.0,1.642799616294013,1.4457772812499998,1.4457772812499998,1.8123484713541664,1.2817174479166666,1.4462638771355416
13355,1,1.128,1.128,0.0,1.414,521,1661,135.0,1.0,1.642799616294013,1.4457772812499998,1.4457772812499998,1.8123484713541664,1.2817174479166666,1.4462638771355416
13356,2,2.596,0.981,135.0,2.828,3334,1661,135.0,1.414,3.285599232588026,3.327338494791667,1.2573648164062499,3.624696942708333,1.8123484713541664,2.0453259898153786
13357,5,3.144,2.025,108.435,3.606,3370,1661,123.69,2.0,8.213998081470065,4.02971965625,2.59547783203125,4.6218731171875,2.5634348958333333,3.2339443426774745
13358,2,2.257,1.128,90.0,2.236,3427,1661,116.565,1.0,3.285599232588026,2.892836279947917,1.4457772812499998,2.865920213541667,1.2817174479166666,2.0453259898153786
13359,1,1.128,1.128,0.0,1.414,357,1662,135.0,1.0,1.642799616294013,1.4457772812499998,1.4457772812499998,1.8123484713541664,1.2817174479166666,1.4462638771355416
13360,37,11.219,4.199,84.628,13.342,428,1662,102.995,7.0,60.783585802878484,14.379588048177082,5.381931563802083,17.10067419010417,8.972022135416667,8.7972797207639
13361,2,2.257,1.128,0.0,2.236,534,1662,153.435,1.0,3.285599232588026,2.892836279947917,1.4457772812499998,2.865920213541667,1.2817174479166666,2.0453259898153786
13362,1,1.128,1.128,0.0,1.414,739,1662,135.0,1.0,1.642799616294013,1.4457772812499998,1.4457772812499998,1.8123484713541664,1.2817174479166666,1.4462638771355416
13363,8,4.529,2.249,50.884,5.0,3312,1666,36.87,2.828,13.142396930352104,5.8048983216145835,2.8825825403645835,6.408587239583333,3.624696942708333,4.090651979630757
13364,1,1.128,1.128,0.0,1.414,3390,1662,135.0,1.0,1.642799616294013,1.4457772812499998,1.4457772812499998,1.8123484713541664,1.2817174479166666,1.4462638771355416
13365,1,1.128,1.128,0.0,1.414,3491,1662,135.0,1.0,1.642799616294013,1.4457772812499998,1.4457772812499998,1.8123484713541664,1.2817174479166666,1.4462638771355416
13366,1,1.128,1.128,0.0,1.414,316,1663,135.0,1.0,1.642799616294013,1.4457772812499998,1.4457772812499998,1.8123484713541664,1.2817174479166666,1.4462638771355416
13367,2,2.257,1.128,0.0,2.236,484,1663,153.435,1.0,3.285599232588026,2.892836279947917,1.4457772812499998,2.865920213541667,1.2817174479166666,2.0453259898153786
13368,1,1.128,1.128,0.0,1.414,580,1663,135.0,1.0,1.642799616294013,1.4457772812499998,1.4457772812499998,1.8123484713541664,1.2817174479166666,1.4462638771355416
13369,7,4.439,2.008,29.872,5.0,614,1666,36.87,2.683,11.499597314058091,5.689543751302083,2.5736886354166666,6.408587239583333,3.4388479127604166,3.826454549076717
13370,1,1.128,1.128,0.0,1.414,695,1663,135.0,1.0,1.642799616294013,1.4457772812499998,1.4457772812499998,1.8123484713541664,1.2817174479166666,1.4462638771355416
13371,1,1.128,1.128,0.0,1.414,709,1663,135.0,1.0,1.642799616294013,1.4457772812499998,1.4457772812499998,1.8123484713541664,1.2817174479166666,1.4462638771355416
13372,1,1.128,1.128,0.0,1.414,3222,1663,135.0,1.0,1.642799616294013,1.4457772812499998,1.4457772812499998,1.8123484713541664,1.2817174479166666,1.4462638771355416
13373,2,2.257,1.128,0.0,2.236,3324,1663,153.435,1.0,3.285599232588026,2.892836279947917,1.4457772812499998,2.865920213541667,1.2817174479166666,2.0453259898153786
13374,11,4.506,3.108,149.714,5.0,3339,1663,126.87,3.578,18.070795779234142,5.7754188203125,3.983577828125,6.408587239583333,4.585985028645833,4.796714628303253
13375,14,5.623,3.17,11.633,6.708,3392,1666,26.565,4.0,22.999194628116182,7.207097209635417,4.063044309895833,8.597760640625,5.126869791666667,5.411423919108519
13376,51,10.315,6.295,114.125,11.705,336,1664,109.983,7.717,83.78278043099466,13.220915475260416,8.068411334635416,15.002502727864583,9.891013545572916,10.32838996735036
13377,2,2.257,1.128,90.0,2.236,409,1664,116.565,1.0,3.285599232588026,2.892836279947917,1.4457772812499998,2.865920213541667,1.2817174479166666,2.0453259898153786
13378,9,4.407,2.6,71.565,5.0,411,1668,53.13,3.0,14.785196546646118,5.64852879296875,3.3324653645833333,6.408587239583333,3.8451523437499997,4.338791631406624
13379,1,1.128,1.128,0.0,1.414,419,1664,135.0,1.0,1.642799616294013,1.4457772812499998,1.4457772812499998,1.8123484713541664,1.2817174479166666,1.4462638771355416
13380,83,16.043,6.587,8.31,21.213,520,1670,8.13,9.0,136.35236815240307,20.56259301692708,8.442672829427083,27.18907222265625,11.535457031249999,13.17609099055906
13381,20,7.717,3.3,99.059,8.246,566,1664,104.036,4.0,32.85599232588026,9.891013545572916,4.2296675781249995,10.569042075520834,5.126869791666667,6.467888685354949
13382,1,1.128,1.128,0.0,1.414,690,1664,135.0,1.0,1.642799616294013,1.4457772812499998,1.4457772812499998,1.8123484713541664,1.2817174479166666,1.4462638771355416
13383,1,1.128,1.128,0.0,1.414,3125,1664,135.0,1.0,1.642799616294013,1.4457772812499998,1.4457772812499998,1.8123484713541664,1.2817174479166666,1.4462638771355416
13384,2,2.257,1.128,90.0,2.236,3179,1664,116.565,1.0,3.285599232588026,2.892836279947917,1.4457772812499998,2.865920213541667,1.2817174479166666,2.0453259898153786
13385,2,2.257,1.128,0.0,2.236,3428,1664,153.435,1.0,3.285599232588026,2.892836279947917,1.4457772812499998,2.865920213541667,1.2817174479166666,2.0453259898153786
13386,19,7.495,3.228,154.503,8.944,3489,1664,153.435,4.608,31.21319270958625,9.606472272135417,4.137383921875,11.463680854166668,5.906153999999999,6.304118086127151
13387,5,4.183,1.522,79.099,4.472,3818,1668,63.435,2.0,8.213998081470065,5.361424084635416,1.9507739557291666,5.731840427083334,2.5634348958333333,3.2339443426774745
13388,3,3.213,1.189,28.155,3.606,289,1667,33.69,1.789,4.928398848882039,4.11815816015625,1.5239620455729168,4.6218731171875,2.2929925143229166,2.5050025163503102
13389,1,1.128,1.128,0.0,1.414,3214,1665,135.0,1.0,1.642799616294013,1.4457772812499998,1.4457772812499998,1.8123484713541664,1.2817174479166666,1.4462638771355416
13390,61,10.936,7.102,59.72,13.454,399,1676,48.013,8.485,100.2107765939348,14.016862010416666,9.102757315104167,17.244226544270834,10.875372545572915,11.295681977673365
13391,1,1.128,1.128,0.0,1.414,415,1666,135.0,1.0,1.642799616294013,1.4457772812499998,1.4457772812499998,1.8123484713541664,1.2817174479166666,1.4462638771355416
13392,2,2.257,1.128,0.0,2.236,462,1666,153.435,1.0,3.285599232588026,2.892836279947917,1.4457772812499998,2.865920213541667,1.2817174479166666,2.0453259898153786
13393,37,9.065,5.197,41.672,11.314,464,1674,45.0,7.778,60.783585802878484,11.618768665364582,6.6610855768229165,14.501351205729167,9.969198309895832,8.7972797207639
13394,19,5.63,4.297,48.17,7.211,486,1670,33.69,5.687,31.21319270958625,7.216069231770833,5.507539873697916,9.242464516927084,7.289127126302083,6.304118086127151
13395,6,3.385,2.257,0.0,3.606,495,1666,146.31,2.0,9.856797697764078,4.338613561197916,2.892836279947917,4.6218731171875,2.5634348958333333,3.5426085324013394
13396,10,4.731,2.691,149.37,6.403,603,1666,141.34,3.638,16.42799616294013,6.06380524609375,3.44910165234375,8.206836819010416,4.662888075520833,4.573487949374228
13397,2,2.257,1.128,90.0,2.236,629,1666,116.565,1.0,3.285599232588026,2.892836279947917,1.4457772812499998,2.865920213541667,1.2817174479166666,2.0453259898153786
13398,7,4.154,2.146,98.35,4.472,3288,1666,116.565,2.0,11.499597314058091,5.324254278645833,2.7505656432291663,5.731840427083334,2.5634348958333333,3.826454549076717
13399,2,2.257,1.128,90.0,2.236,3325,1666,116.565,1.0,3.285599232588026,2.892836279947917,1.4457772812499998,2.865920213541667,1.2817174479166666,2.0453259898153786
13400,1,1.128,1.128,0.0,1.414,3431,1666,135.0,1.0,1.642799616294013,1.4457772812499998,1.4457772812499998,1.8123484713541664,1.2817174479166666,1.4462638771355416
13401,3,3.385,1.128,90.0,3.162,451,1667,108.435,1.0,4.928398848882039,4.338613561197916,1.4457772812499998,4.0527905703125,1.2817174479166666,2.5050025163503102
13402,1,1.128,1.128,0.0,1.414,510,1667,135.0,1.0,1.642799616294013,1.4457772812499998,1.4457772812499998,1.8123484713541664,1.2817174479166666,1.4462638771355416
13403,7,3.086,2.888,90.0,3.606,690,1667,123.69,3.0,11.499597314058091,3.955380044270833,3.701599989583333,4.6218731171875,3.8451523437499997,3.826454549076717
13404,8,4.044,2.519,19.33,4.472,1364,1670,26.565,3.0,13.142396930352104,5.1832653593749995,3.2286462513020835,5.731840427083334,3.8451523437499997,4.090651979630757
13405,1,1.128,1.128,0.0,1.414,3401,1667,135.0,1.0,1.642799616294013,1.4457772812499998,1.4457772812499998,1.8123484713541664,1.2817174479166666,1.4462638771355416
13406,33,9.115,4.61,22.432,10.0,454,1674,36.87,5.692,54.21238733770243,11.682854537760416,5.908717434895833,12.817174479166667,7.295535713541667,8.308153445630097
13407,2,2.257,1.128,90.0,2.236,493,1668,116.565,1.0,3.285599232588026,2.892836279947917,1.4457772812499998,2.865920213541667,1.2817174479166666,2.0453259898153786
13408,2,2.257,1.128,0.0,2.236,543,1668,153.435,1.0,3.285599232588026,2.892836279947917,1.4457772812499998,2.865920213541667,1.2817174479166666,2.0453259898153786
13409,27,8.556,4.018,116.025,9.434,555,1668,122.005,5.0,44.35558963993835,10.966374484374999,5.149940705729167,12.091722403645832,6.408587239583333,7.515007549050931
13410,1,1.128,1.128,0.0,1.414,3153,1668,135.0,1.0,1.642799616294013,1.4457772812499998,1.4457772812499998,1.8123484713541664,1.2817174479166666,1.4462638771355416
13411,1,1.128,1.128,0.0,1.414,3165,1668,135.0,1.0,1.642799616294013,1.4457772812499998,1.4457772812499998,1.8123484713541664,1.2817174479166666,1.4462638771355416
13412,4,2.734,1.863,0.0,3.162,3304,1669,161.565,2.0,6.571198465176052,3.5042155026041666,2.38783960546875,4.0527905703125,2.5634348958333333,2.892527754271083
13413,1,1.128,1.128,0.0,1.414,496,1669,135.0,1.0,1.642799616294013,1.4457772812499998,1.4457772812499998,1.8123484713541664,1.2817174479166666,1.4462638771355416
13414,1,1.128,1.128,0.0,1.414,573,1669,135.0,1.0,1.642799616294013,1.4457772812499998,1.4457772812499998,1.8123484713541664,1.2817174479166666,1.4462638771355416
13415,2,2.257,1.128,90.0,2.236,757,1669,116.565,1.0,3.285599232588026,2.892836279947917,1.4457772812499998,2.865920213541667,1.2817174479166666,2.0453259898153786
13416,1,1.128,1.128,0.0,1.414,3301,1669,135.0,1.0,1.642799616294013,1.4457772812499998,1.4457772812499998,1.8123484713541664,1.2817174479166666,1.4462638771355416
13417,10,5.098,2.498,78.563,5.385,3358,1674,68.199,3.0,16.42799616294013,6.534195549479167,3.2017301848958337,6.90204845703125,3.8451523437499997,4.573487949374228
13418,260,25.645,12.909,155.508,37.336,3534,1671,159.624,21.865,427.1279002364434,32.869643951822916,16.54569053515625,47.85420263541666,28.024751998697916,23.320304299040643
13419,2,2.257,1.128,0.0,2.236,3538,1669,153.435,1.0,3.285599232588026,2.892836279947917,1.4457772812499998,2.865920213541667,1.2817174479166666,2.0453259898153786
13420,81,14.44,7.142,130.703,19.698,502,1670,113.962,10.539,133.06676891981505,18.507999947916666,9.154026013020834,25.2472702890625,13.50802018359375,13.016374894219874
13421,28,6.415,5.558,102.265,7.28,512,1670,105.945,6.0,45.998389256232365,8.222217428385417,7.123785575520833,9.330903020833334,7.690304687499999,7.652909098153434
13422,3,2.365,1.615,45.0,2.828,576,1672,45.0,2.0,4.928398848882039,3.0312617643229167,2.069973678385417,3.624696942708333,2.5634348958333333,2.5050025163503102
13423,26,6.861,4.825,74.435,10.198,3363,1670,101.31,7.965,42.71279002364434,8.79386341015625,6.184286686197916,13.070954533854167,10.20887947265625,7.374527731318484
13424,4,2.257,2.257,0.0,2.828,3420,1670,135.0,2.0,6.571198465176052,2.892836279947917,2.892836279947917,3.624696942708333,2.5634348958333333,2.892527754271083
13425,1,1.128,1.128,0.0,1.414,409,1671,135.0,1.0,1.642799616294013,1.4457772812499998,1.4457772812499998,1.8123484713541664,1.2817174479166666,1.4462638771355416
13426,2,2.596,0.981,135.0,2.828,434,1671,135.0,1.414,3.285599232588026,3.327338494791667,1.2573648164062499,3.624696942708333,1.8123484713541664,2.0453259898153786
13427,1,1.128,1.128,0.0,1.414,2945,1671,135.0,1.0,1.642799616294013,1.4457772812499998,1.4457772812499998,1.8123484713541664,1.2817174479166666,1.4462638771355416
13428,1,1.128,1.128,0.0,1.414,3289,1671,135.0,1.0,1.642799616294013,1.4457772812499998,1.4457772812499998,1.8123484713541664,1.2817174479166666,1.4462638771355416
13429,1,1.128,1.128,0.0,1.414,3303,1671,135.0,1.0,1.642799616294013,1.4457772812499998,1.4457772812499998,1.8123484713541664,1.2817174479166666,1.4462638771355416
13430,12,4.959,3.081,173.358,5.385,3327,1671,158.199,3.0,19.713595395528156,6.35603682421875,3.94897145703125,6.90204845703125,3.8451523437499997,5.0100050327006205
13431,33,8.321,5.049,157.779,10.63,414,1672,138.814,6.261,54.21238733770243,10.665170884114582,6.47139139453125,13.624656471354168,8.02483294140625,8.308153445630097
13432,1,1.128,1.128,0.0,1.414,443,1672,135.0,1.0,1.642799616294013,1.4457772812499998,1.4457772812499998,1.8123484713541664,1.2817174479166666,1.4462638771355416
13433,3,3.213,1.189,28.155,3.606,3215,1674,33.69,1.789,4.928398848882039,4.11815816015625,1.5239620455729168,4.6218731171875,2.2929925143229166,2.5050025163503102
13434,12,4.11,3.718,0.0,5.0,3390,1672,143.13,4.0,19.713595395528156,5.2678587109375,4.765425471354167,6.408587239583333,5.126869791666667,5.0100050327006205
13435,1,1.128,1.128,0.0,1.414,473,1673,135.0,1.0,1.642799616294013,1.4457772812499998,1.4457772812499998,1.8123484713541664,1.2817174479166666,1.4462638771355416
13436,4,2.257,2.257,0.0,2.828,536,1673,135.0,2.0,6.571198465176052,2.892836279947917,2.892836279947917,3.624696942708333,2.5634348958333333,2.892527754271083
13437,3,2.365,1.615,45.0,2.828,652,1675,45.0,2.0,4.928398848882039,3.0312617643229167,2.069973678385417,3.624696942708333,2.5634348958333333,2.5050025163503102
13438,3,3.385,1.128,90.0,3.162,3333,1673,108.435,1.0,4.928398848882039,4.338613561197916,1.4457772812499998,4.0527905703125,1.2817174479166666,2.5050025163503102
13439,1,1.128,1.128,0.0,1.414,3521,1673,135.0,1.0,1.642799616294013,1.4457772812499998,1.4457772812499998,1.8123484713541664,1.2817174479166666,1.4462638771355416
13440,12,4.189,3.647,135.0,5.0,332,1674,126.87,4.0,19.713595395528156,5.369114389322917,4.674423532552083,6.408587239583333,5.126869791666667,5.0100050327006205
13441,1,1.128,1.128,0.0,1.414,433,1674,135.0,1.0,1.642799616294013,1.4457772812499998,1.4457772812499998,1.8123484713541664,1.2817174479166666,1.4462638771355416
13442,1,1.128,1.128,0.0,1.414,449,1674,135.0,1.0,1.642799616294013,1.4457772812499998,1.4457772812499998,1.8123484713541664,1.2817174479166666,1.4462638771355416
13443,2,2.257,1.128,90.0,2.236,517,1674,116.565,1.0,3.285599232588026,2.892836279947917,1.4457772812499998,2.865920213541667,1.2817174479166666,2.0453259898153786
13444,2,2.257,1.128,90.0,2.236,3055,1674,116.565,1.0,3.285599232588026,2.892836279947917,1.4457772812499998,2.865920213541667,1.2817174479166666,2.0453259898153786
13445,1,1.128,1.128,0.0,1.414,3347,1674,135.0,1.0,1.642799616294013,1.4457772812499998,1.4457772812499998,1.8123484713541664,1.2817174479166666,1.4462638771355416
13446,2,2.257,1.128,90.0,2.236,3356,1674,116.565,1.0,3.285599232588026,2.892836279947917,1.4457772812499998,2.865920213541667,1.2817174479166666,2.0453259898153786
13447,1,1.128,1.128,0.0,1.414,3397,1674,135.0,1.0,1.642799616294013,1.4457772812499998,1.4457772812499998,1.8123484713541664,1.2817174479166666,1.4462638771355416
13448,1,1.128,1.128,0.0,1.414,407,1675,135.0,1.0,1.642799616294013,1.4457772812499998,1.4457772812499998,1.8123484713541664,1.2817174479166666,1.4462638771355416
13449,2,2.596,0.981,135.0,2.828,549,1675,135.0,1.414,3.285599232588026,3.327338494791667,1.2573648164062499,3.624696942708333,1.8123484713541664,2.0453259898153786
13450,1,1.128,1.128,0.0,1.414,618,1675,135.0,1.0,1.642799616294013,1.4457772812499998,1.4457772812499998,1.8123484713541664,1.2817174479166666,1.4462638771355416
13451,1,1.128,1.128,0.0,1.414,3215,1675,135.0,1.0,1.642799616294013,1.4457772812499998,1.4457772812499998,1.8123484713541664,1.2817174479166666,1.4462638771355416
13452,2,2.257,1.128,90.0,2.236,3219,1675,116.565,1.0,3.285599232588026,2.892836279947917,1.4457772812499998,2.865920213541667,1.2817174479166666,2.0453259898153786
13453,2,2.257,1.128,0.0,2.236,3416,1675,153.435,1.0,3.285599232588026,2.892836279947917,1.4457772812499998,2.865920213541667,1.2817174479166666,2.0453259898153786
13454,1,1.128,1.128,0.0,1.414,3504,1675,135.0,1.0,1.642799616294013,1.4457772812499998,1.4457772812499998,1.8123484713541664,1.2817174479166666,1.4462638771355416
13455,1,1.128,1.128,0.0,1.414,3521,1675,135.0,1.0,1.642799616294013,1.4457772812499998,1.4457772812499998,1.8123484713541664,1.2817174479166666,1.4462638771355416
13456,8,4.501,2.263,21.355,5.0,425,1679,36.87,2.846,13.142396930352104,5.769010233072917,2.9005265846354167,6.408587239583333,3.6477678567708334,4.090651979630757
13457,18,6.312,3.631,94.429,7.28,442,1676,105.945,4.0,29.570393093292235,8.09020053125,4.653916053385417,9.330903020833334,5.126869791666667,6.135977969446135
13458,29,7.234,5.104,11.844,8.944,476,1680,26.565,6.0,47.64118887252638,9.271944018229167,6.541885854166667,11.463680854166668,7.690304687499999,7.788369332980218
13459,4,4.514,1.128,0.0,4.123,620,1676,165.964,1.0,6.571198465176052,5.785672559895834,1.4457772812499998,5.284521037760417,1.2817174479166666,2.892527754271083
13460,2,2.257,1.128,90.0,2.236,647,1676,116.565,1.0,3.285599232588026,2.892836279947917,1.4457772812499998,2.865920213541667,1.2817174479166666,2.0453259898153786
13461,3,2.365,1.615,45.0,2.828,3243,1678,45.0,2.0,4.928398848882039,3.0312617643229167,2.069973678385417,3.624696942708333,2.5634348958333333,2.5050025163503102
13462,1,1.128,1.128,0.0,1.414,3313,1676,135.0,1.0,1.642799616294013,1.4457772812499998,1.4457772812499998,1.8123484713541664,1.2817174479166666,1.4462638771355416
13463,1,1.128,1.128,0.0,1.414,3398,1676,135.0,1.0,1.642799616294013,1.4457772812499998,1.4457772812499998,1.8123484713541664,1.2817174479166666,1.4462638771355416
13464,63,9.454,8.485,150.635,12.042,3472,1678,131.634,10.0,103.49637582652282,12.117356752604167,10.875372545572915,15.4344415078125,12.817174479166667,11.47936364723015
13465,128,14.147,11.52,35.498,18.028,3491,1687,19.44,14.837,210.27835088563367,18.132456735677085,14.765384999999998,23.106802151041663,19.016841774739582,16.36260791852303
13466,4,3.676,1.385,50.31,4.243,396,1680,45.0,2.121,6.571198465176052,4.711593338541666,1.7751786653645834,5.438327131510417,2.71852270703125,2.892527754271083
13467,292,25.884,14.364,123.507,38.601,431,1677,106.557,27.289,479.6974879578518,33.175974421875,18.410589421875002,49.47557520703125,34.97678743619792,24.71376796592704
13468,39,9.03,5.499,36.379,10.817,449,1684,33.69,6.791,64.0691850354665,11.573908554687499,7.04816424609375,13.864337634114584,8.704143188802083,9.031915017867364
13469,4,3.589,1.419,45.0,4.243,633,1680,45.0,2.121,6.571198465176052,4.600083920572916,1.81875705859375,5.438327131510417,2.71852270703125,2.892527754271083
13470,1,1.128,1.128,0.0,1.414,737,1677,135.0,1.0,1.642799616294013,1.4457772812499998,1.4457772812499998,1.8123484713541664,1.2817174479166666,1.4462638771355416
13471,1,1.128,1.128,0.0,1.414,3063,1677,135.0,1.0,1.642799616294013,1.4457772812499998,1.4457772812499998,1.8123484713541664,1.2817174479166666,1.4462638771355416
13472,1,1.128,1.128,0.0,1.414,3108,1677,135.0,1.0,1.642799616294013,1.4457772812499998,1.4457772812499998,1.8123484713541664,1.2817174479166666,1.4462638771355416
13473,1,1.128,1.128,0.0,1.414,3210,1677,135.0,1.0,1.642799616294013,1.4457772812499998,1.4457772812499998,1.8123484713541664,1.2817174479166666,1.4462638771355416
13474,1,1.128,1.128,0.0,1.414,3274,1677,135.0,1.0,1.642799616294013,1.4457772812499998,1.4457772812499998,1.8123484713541664,1.2817174479166666,1.4462638771355416
13475,3,3.385,1.128,0.0,3.162,3435,1677,161.565,1.0,4.928398848882039,4.338613561197916,1.4457772812499998,4.0527905703125,1.2817174479166666,2.5050025163503102
13476,16,4.747,4.292,129.204,5.831,3519,1677,120.964,4.95,26.28479386070421,6.084312725260417,5.501131286458333,7.473694438802084,6.3445013671875,5.785055508542166
13477,1,1.128,1.128,0.0,1.414,535,1678,135.0,1.0,1.642799616294013,1.4457772812499998,1.4457772812499998,1.8123484713541664,1.2817174479166666,1.4462638771355416
13478,20,7.141,3.566,52.708,8.485,558,1684,45.0,4.919,32.85599232588026,9.152744295572916,4.570604419270833,10.875372545572915,6.304768126302083,6.467888685354949
13479,38,10.964,4.413,150.299,13.601,600,1678,143.973,6.559,62.4263854191725,14.052750098958333,5.65621909765625,17.432639009114585,8.406784740885417,8.915369296202536
13480,1,1.128,1.128,0.0,1.414,603,1678,135.0,1.0,1.642799616294013,1.4457772812499998,1.4457772812499998,1.8123484713541664,1.2817174479166666,1.4462638771355416
13481,9,4.324,2.65,123.875,5.657,640,1678,135.0,3.883,14.785196546646118,5.542146244791667,3.3965512369791666,7.250675602864583,4.976908850260417,4.338791631406624
13482,2,2.596,0.981,45.0,2.828,3252,1680,45.0,1.414,3.285599232588026,3.327338494791667,1.2573648164062499,3.624696942708333,1.8123484713541664,2.0453259898153786
13483,6,3.385,2.257,0.0,3.606,3288,1678,146.31,2.0,9.856797697764078,4.338613561197916,2.892836279947917,4.6218731171875,2.5634348958333333,3.5426085324013394
13484,4,2.257,2.257,0.0,2.828,3292,1678,135.0,2.0,6.571198465176052,2.892836279947917,2.892836279947917,3.624696942708333,2.5634348958333333,2.892527754271083
13485,1,1.128,1.128,0.0,1.414,3309,1678,135.0,1.0,1.642799616294013,1.4457772812499998,1.4457772812499998,1.8123484713541664,1.2817174479166666,1.4462638771355416
13486,4,2.257,2.257,0.0,2.828,3350,1678,135.0,2.0,6.571198465176052,2.892836279947917,2.892836279947917,3.624696942708333,2.5634348958333333,2.892527754271083
13487,38,10.17,4.757,161.419,12.53,469,1679,151.39,5.942,62.4263854191725,13.0350664453125,6.097129899739583,16.05991962239583,7.615965075520833,8.915369296202536
13488,1,1.128,1.128,0.0,1.414,581,1679,135.0,1.0,1.642799616294013,1.4457772812499998,1.4457772812499998,1.8123484713541664,1.2817174479166666,1.4462638771355416
13489,1,1.128,1.128,0.0,1.414,638,1679,135.0,1.0,1.642799616294013,1.4457772812499998,1.4457772812499998,1.8123484713541664,1.2817174479166666,1.4462638771355416
13490,2,2.257,1.128,0.0,2.236,734,1679,153.435,1.0,3.285599232588026,2.892836279947917,1.4457772812499998,2.865920213541667,1.2817174479166666,2.0453259898153786
13491,1,1.128,1.128,0.0,1.414,3113,1679,135.0,1.0,1.642799616294013,1.4457772812499998,1.4457772812499998,1.8123484713541664,1.2817174479166666,1.4462638771355416
13492,3,2.365,1.615,45.0,2.828,3199,1681,45.0,2.0,4.928398848882039,3.0312617643229167,2.069973678385417,3.624696942708333,2.5634348958333333,2.5050025163503102
13493,2,2.257,1.128,90.0,2.236,3353,1679,116.565,1.0,3.285599232588026,2.892836279947917,1.4457772812499998,2.865920213541667,1.2817174479166666,2.0453259898153786
13494,29,7.995,4.618,12.963,9.849,409,1686,23.962,6.647,47.64118887252638,10.24733099609375,5.918971174479167,12.62363514453125,8.519575876302083,7.788369332980218
13495,1,1.128,1.128,0.0,1.414,426,1680,135.0,1.0,1.642799616294013,1.4457772812499998,1.4457772812499998,1.8123484713541664,1.2817174479166666,1.4462638771355416
13496,4,2.257,2.257,0.0,2.828,534,1680,135.0,2.0,6.571198465176052,2.892836279947917,2.892836279947917,3.624696942708333,2.5634348958333333,2.892527754271083
13497,3,2.365,1.615,135.0,2.828,645,1680,135.0,2.0,4.928398848882039,3.0312617643229167,2.069973678385417,3.624696942708333,2.5634348958333333,2.5050025163503102
13498,3,2.365,1.615,135.0,2.828,675,1680,135.0,2.0,4.928398848882039,3.0312617643229167,2.069973678385417,3.624696942708333,2.5634348958333333,2.5050025163503102
13499,1,1.128,1.128,0.0,1.414,3333,1680,135.0,1.0,1.642799616294013,1.4457772812499998,1.4457772812499998,1.8123484713541664,1.2817174479166666,1.4462638771355416
13500,1,1.128,1.128,0.0,1.414,3389,1680,135.0,1.0,1.642799616294013,1.4457772812499998,1.4457772812499998,1.8123484713541664,1.2817174479166666,1.4462638771355416
13501,128,15.367,10.606,111.581,19.313,3525,1680,111.251,13.0,210.27835088563367,19.69615202213542,13.593895252604167,24.753809071614583,16.662326822916665,16.36260791852303
13502,1,1.128,1.128,0.0,1.414,395,1681,135.0,1.0,1.642799616294013,1.4457772812499998,1.4457772812499998,1.8123484713541664,1.2817174479166666,1.4462638771355416
13503,125,16.7,9.53,113.396,21.587,399,1681,103.392,13.168,205.34995203675163,21.40468138020833,12.214767278645832,27.668434548177082,16.877655354166667,16.169721713387375
13504,5,3.833,1.661,45.0,4.243,466,1684,45.0,2.121,8.213998081470065,4.912822977864583,2.128932680989583,5.438327131510417,2.71852270703125,3.2339443426774745
13505,3,2.365,1.615,45.0,2.828,3196,1683,45.0,2.0,4.928398848882039,3.0312617643229167,2.069973678385417,3.624696942708333,2.5634348958333333,2.5050025163503102
13506,4,3.676,1.385,129.69,4.243,3305,1681,135.0,2.121,6.571198465176052,4.711593338541666,1.7751786653645834,5.438327131510417,2.71852270703125,2.892527754271083
13507,5,3.144,2.025,18.435,3.606,424,1684,33.69,2.0,8.213998081470065,4.02971965625,2.59547783203125,4.6218731171875,2.5634348958333333,3.2339443426774745
13508,2,2.257,1.128,90.0,2.236,543,1682,116.565,1.0,3.285599232588026,2.892836279947917,1.4457772812499998,2.865920213541667,1.2817174479166666,2.0453259898153786
13509,18,5.587,4.102,113.109,6.403,2882,1682,128.66,4.0,29.570393093292235,7.1609553815104166,5.257604971354167,8.206836819010416,5.126869791666667,6.135977969446135
13510,4,2.257,2.257,0.0,2.828,3246,1682,135.0,2.0,6.571198465176052,2.892836279947917,2.892836279947917,3.624696942708333,2.5634348958333333,2.892527754271083
13511,2,2.257,1.128,90.0,2.236,3351,1682,116.565,1.0,3.285599232588026,2.892836279947917,1.4457772812499998,2.865920213541667,1.2817174479166666,2.0453259898153786
13512,5,3.144,2.025,71.565,3.606,437,1686,56.31,2.0,8.213998081470065,4.02971965625,2.59547783203125,4.6218731171875,2.5634348958333333,3.2339443426774745
13513,2,2.257,1.128,0.0,2.236,514,1683,153.435,1.0,3.285599232588026,2.892836279947917,1.4457772812499998,2.865920213541667,1.2817174479166666,2.0453259898153786
13514,60,15.013,5.089,50.458,18.028,524,1698,56.31,8.277,98.56797697764078,19.242424045572918,6.522660092447917,23.106802151041663,10.608775316406248,11.202711820734644
13515,1,1.128,1.128,0.0,1.414,674,1683,135.0,1.0,1.642799616294013,1.4457772812499998,1.4457772812499998,1.8123484713541664,1.2817174479166666,1.4462638771355416
13516,3,3.385,1.128,90.0,3.162,3357,1683,108.435,1.0,4.928398848882039,4.338613561197916,1.4457772812499998,4.0527905703125,1.2817174479166666,2.5050025163503102
13517,2,2.257,1.128,90.0,2.236,3637,1683,116.565,1.0,3.285599232588026,2.892836279947917,1.4457772812499998,2.865920213541667,1.2817174479166666,2.0453259898153786
13518,4,3.192,1.596,18.435,3.606,3827,1685,33.69,2.0,6.571198465176052,4.09124209375,2.045621046875,4.6218731171875,2.5634348958333333,2.892527754271083
13519,32,7.828,5.205,27.164,9.849,3829,1689,23.962,6.641,52.56958772140842,10.033284182291666,6.67133931640625,12.62363514453125,8.511885571614583,8.181303959261514
13520,2,2.257,1.128,90.0,2.236,457,1684,116.565,1.0,3.285599232588026,2.892836279947917,1.4457772812499998,2.865920213541667,1.2817174479166666,2.0453259898153786
13521,22,9.263,3.024,126.689,10.0,496,1684,126.87,4.243,36.141591558468285,11.872548720052084,3.8759135625,12.817174479166667,5.438327131510417,6.78357888217988
13522,1,1.128,1.128,0.0,1.414,3206,1684,135.0,1.0,1.642799616294013,1.4457772812499998,1.4457772812499998,1.8123484713541664,1.2817174479166666,1.4462638771355416
13523,2,2.596,0.981,45.0,2.828,3318,1686,45.0,1.414,3.285599232588026,3.327338494791667,1.2573648164062499,3.624696942708333,1.8123484713541664,2.0453259898153786
13524,1,1.128,1.128,0.0,1.414,391,1685,135.0,1.0,1.642799616294013,1.4457772812499998,1.4457772812499998,1.8123484713541664,1.2817174479166666,1.4462638771355416
13525,5,3.144,2.025,71.565,3.606,394,1688,56.31,2.0,8.213998081470065,4.02971965625,2.59547783203125,4.6218731171875,2.5634348958333333,3.2339443426774745
13526,2,2.257,1.128,0.0,2.236,542,1685,153.435,1.0,3.285599232588026,2.892836279947917,1.4457772812499998,2.865920213541667,1.2817174479166666,2.0453259898153786
13527,2,2.257,1.128,90.0,2.236,2729,1685,116.565,1.0,3.285599232588026,2.892836279947917,1.4457772812499998,2.865920213541667,1.2817174479166666,2.0453259898153786
13528,1,1.128,1.128,0.0,1.414,3352,1685,135.0,1.0,1.642799616294013,1.4457772812499998,1.4457772812499998,1.8123484713541664,1.2817174479166666,1.4462638771355416
13529,1,1.128,1.128,0.0,1.414,3536,1685,135.0,1.0,1.642799616294013,1.4457772812499998,1.4457772812499998,1.8123484713541664,1.2817174479166666,1.4462638771355416
13530,1,1.128,1.128,0.0,1.414,3821,1685,135.0,1.0,1.642799616294013,1.4457772812499998,1.4457772812499998,1.8123484713541664,1.2817174479166666,1.4462638771355416
13531,58,12.879,5.734,111.154,15.232,444,1686,113.199,8.791,95.28237774505276,16.50723901171875,7.349367846354166,19.523120166666665,11.267578084635417,11.01441753947132
13532,48,9.594,6.37,122.33,12.649,466,1686,108.435,8.0,78.85438158211262,12.296797195312498,8.164540143229166,16.212443998697914,10.253739583333333,10.020010065401241
13533,15,5.657,3.376,107.496,6.708,548,1686,116.565,4.0,24.641994244410196,7.250675602864583,4.327078104166667,8.597760640625,5.126869791666667,5.601355910367322
13534,17,8.269,2.618,83.909,8.544,641,1694,69.444,3.0,27.927593476998222,10.598521576822916,3.355536278645833,10.950993875,3.8451523437499997,5.963098727945161
13535,1,1.128,1.128,0.0,1.414,741,1686,135.0,1.0,1.642799616294013,1.4457772812499998,1.4457772812499998,1.8123484713541664,1.2817174479166666,1.4462638771355416
13536,1,1.128,1.128,0.0,1.414,2991,1686,135.0,1.0,1.642799616294013,1.4457772812499998,1.4457772812499998,1.8123484713541664,1.2817174479166666,1.4462638771355416
13537,1,1.128,1.128,0.0,1.414,3359,1686,135.0,1.0,1.642799616294013,1.4457772812499998,1.4457772812499998,1.8123484713541664,1.2817174479166666,1.4462638771355416
13538,3,2.365,1.615,135.0,2.828,3396,1686,135.0,2.0,4.928398848882039,3.0312617643229167,2.069973678385417,3.624696942708333,2.5634348958333333,2.5050025163503102
13539,1,1.128,1.128,0.0,1.414,3437,1686,135.0,1.0,1.642799616294013,1.4457772812499998,1.4457772812499998,1.8123484713541664,1.2817174479166666,1.4462638771355416
13540,4,3.589,1.419,45.0,4.243,313,1690,45.0,2.121,6.571198465176052,4.600083920572916,1.81875705859375,5.438327131510417,2.71852270703125,2.892527754271083
13541,2,2.596,0.981,135.0,2.828,381,1687,135.0,1.414,3.285599232588026,3.327338494791667,1.2573648164062499,3.624696942708333,1.8123484713541664,2.0453259898153786
13542,6,3.909,1.954,26.565,5.0,458,1690,36.87,3.0,9.856797697764078,5.0102335039062496,2.5044758932291664,6.408587239583333,3.8451523437499997,3.5426085324013394
13543,1,1.128,1.128,0.0,1.414,464,1687,135.0,1.0,1.642799616294013,1.4457772812499998,1.4457772812499998,1.8123484713541664,1.2817174479166666,1.4462638771355416
13544,1,1.128,1.128,0.0,1.414,2735,1687,135.0,1.0,1.642799616294013,1.4457772812499998,1.4457772812499998,1.8123484713541664,1.2817174479166666,1.4462638771355416
13545,1,1.128,1.128,0.0,1.414,2906,1687,135.0,1.0,1.642799616294013,1.4457772812499998,1.4457772812499998,1.8123484713541664,1.2817174479166666,1.4462638771355416
13546,4,3.192,1.596,71.565,3.606,3210,1690,56.31,2.0,6.571198465176052,4.09124209375,2.045621046875,4.6218731171875,2.5634348958333333,2.892527754271083
13547,6,3.385,2.257,90.0,3.606,3362,1687,123.69,2.0,9.856797697764078,4.338613561197916,2.892836279947917,4.6218731171875,2.5634348958333333,3.5426085324013394
13548,1,1.128,1.128,0.0,1.414,389,1688,135.0,1.0,1.642799616294013,1.4457772812499998,1.4457772812499998,1.8123484713541664,1.2817174479166666,1.4462638771355416
13549,3,2.365,1.615,135.0,2.828,411,1688,135.0,2.0,4.928398848882039,3.0312617643229167,2.069973678385417,3.624696942708333,2.5634348958333333,2.5050025163503102
13550,6,3.385,2.257,90.0,3.606,638,1688,123.69,2.0,9.856797697764078,4.338613561197916,2.892836279947917,4.6218731171875,2.5634348958333333,3.5426085324013394
13551,1,1.128,1.128,0.0,1.414,3057,1688,135.0,1.0,1.642799616294013,1.4457772812499998,1.4457772812499998,1.8123484713541664,1.2817174479166666,1.4462638771355416
13552,1,1.128,1.128,0.0,1.414,3111,1688,135.0,1.0,1.642799616294013,1.4457772812499998,1.4457772812499998,1.8123484713541664,1.2817174479166666,1.4462638771355416
13553,5,3.144,2.025,108.435,3.606,3270,1688,123.69,2.0,8.213998081470065,4.02971965625,2.59547783203125,4.6218731171875,2.5634348958333333,3.2339443426774745
13554,1,1.128,1.128,0.0,1.414,3705,1688,135.0,1.0,1.642799616294013,1.4457772812499998,1.4457772812499998,1.8123484713541664,1.2817174479166666,1.4462638771355416
13555,1,1.128,1.128,0.0,1.414,3839,1688,135.0,1.0,1.642799616294013,1.4457772812499998,1.4457772812499998,1.8123484713541664,1.2817174479166666,1.4462638771355416
13556,1,1.128,1.128,0.0,1.414,386,1689,135.0,1.0,1.642799616294013,1.4457772812499998,1.4457772812499998,1.8123484713541664,1.2817174479166666,1.4462638771355416
13557,1,1.128,1.128,0.0,1.414,3013,1689,135.0,1.0,1.642799616294013,1.4457772812499998,1.4457772812499998,1.8123484713541664,1.2817174479166666,1.4462638771355416
13558,6,4.102,1.862,136.95,5.0,3292,1689,143.13,2.828,9.856797697764078,5.257604971354167,2.3865578880208336,6.408587239583333,3.624696942708333,3.5426085324013394
13559,1,1.128,1.128,0.0,1.414,3300,1689,135.0,1.0,1.642799616294013,1.4457772812499998,1.4457772812499998,1.8123484713541664,1.2817174479166666,1.4462638771355416
13560,6,5.208,1.467,82.534,5.385,3378,1694,68.199,2.0,9.856797697764078,6.67518446875,1.8802794960937501,6.90204845703125,2.5634348958333333,3.5426085324013394
13561,1,1.128,1.128,0.0,1.414,3522,1689,135.0,1.0,1.642799616294013,1.4457772812499998,1.4457772812499998,1.8123484713541664,1.2817174479166666,1.4462638771355416
13562,1,1.128,1.128,0.0,1.414,3826,1689,135.0,1.0,1.642799616294013,1.4457772812499998,1.4457772812499998,1.8123484713541664,1.2817174479166666,1.4462638771355416
13563,171,22.956,9.484,137.867,27.659,382,1690,130.601,13.136,280.91873438627624,29.423105734375,12.155808276041666,35.45102289192708,16.83664039583333,18.912354258381452
13564,8,5.816,1.751,161.322,6.325,391,1690,161.565,2.53,13.142396930352104,7.454468677083333,2.244287251302083,8.106862858072917,3.2427451432291665,4.090651979630757
13565,2,2.257,1.128,90.0,2.236,453,1690,116.565,1.0,3.285599232588026,2.892836279947917,1.4457772812499998,2.865920213541667,1.2817174479166666,2.0453259898153786
13566,28,7.627,4.674,3.175,9.22,608,1695,12.529,6.0,45.998389256232365,9.775658975260416,5.990747351562501,11.817434869791667,7.690304687499999,7.652909098153434
13567,1,1.128,1.128,0.0,1.414,619,1690,135.0,1.0,1.642799616294013,1.4457772812499998,1.4457772812499998,1.8123484713541664,1.2817174479166666,1.4462638771355416
13568,1,1.128,1.128,0.0,1.414,759,1690,135.0,1.0,1.642799616294013,1.4457772812499998,1.4457772812499998,1.8123484713541664,1.2817174479166666,1.4462638771355416
13569,1,1.128,1.128,0.0,1.414,3263,1690,135.0,1.0,1.642799616294013,1.4457772812499998,1.4457772812499998,1.8123484713541664,1.2817174479166666,1.4462638771355416
13570,3,2.365,1.615,135.0,2.828,3648,1690,135.0,2.0,4.928398848882039,3.0312617643229167,2.069973678385417,3.624696942708333,2.5634348958333333,2.5050025163503102
13571,2,2.257,1.128,90.0,2.236,3839,1690,116.565,1.0,3.285599232588026,2.892836279947917,1.4457772812499998,2.865920213541667,1.2817174479166666,2.0453259898153786
13572,1,1.128,1.128,0.0,1.414,455,1691,135.0,1.0,1.642799616294013,1.4457772812499998,1.4457772812499998,1.8123484713541664,1.2817174479166666,1.4462638771355416
13573,5,3.833,1.661,45.0,4.243,3622,1694,45.0,2.121,8.213998081470065,4.912822977864583,2.128932680989583,5.438327131510417,2.71852270703125,3.2339443426774745
13574,39,11.145,4.455,76.429,12.649,566,1704,71.565,7.034,64.0691850354665,14.28474095703125,5.71005123046875,16.212443998697914,9.015600528645832,9.031915017867364
13575,4,2.257,2.257,0.0,2.828,620,1692,135.0,2.0,6.571198465176052,2.892836279947917,2.892836279947917,3.624696942708333,2.5634348958333333,2.892527754271083
13576,1,1.128,1.128,0.0,1.414,653,1692,135.0,1.0,1.642799616294013,1.4457772812499998,1.4457772812499998,1.8123484713541664,1.2817174479166666,1.4462638771355416
13577,3,2.365,1.615,45.0,2.828,3516,1694,45.0,2.0,4.928398848882039,3.0312617643229167,2.069973678385417,3.624696942708333,2.5634348958333333,2.5050025163503102
13578,4,2.257,2.257,0.0,2.828,3582,1692,135.0,2.0,6.571198465176052,2.892836279947917,2.892836279947917,3.624696942708333,2.5634348958333333,2.892527754271083
13579,29,6.866,5.378,111.711,9.849,3792,1692,113.962,7.0,47.64118887252638,8.800271997395832,6.893076434895834,12.62363514453125,8.972022135416667,7.788369332980218
13580,5,3.833,1.661,45.0,4.243,391,1696,45.0,2.121,8.213998081470065,4.912822977864583,2.128932680989583,5.438327131510417,2.71852270703125,3.2339443426774745
13581,2,2.596,0.981,45.0,2.828,489,1695,45.0,1.414,3.285599232588026,3.327338494791667,1.2573648164062499,3.624696942708333,1.8123484713541664,2.0453259898153786
13582,1,1.128,1.128,0.0,1.414,510,1693,135.0,1.0,1.642799616294013,1.4457772812499998,1.4457772812499998,1.8123484713541664,1.2817174479166666,1.4462638771355416
13583,2,2.257,1.128,0.0,2.236,560,1693,153.435,1.0,3.285599232588026,2.892836279947917,1.4457772812499998,2.865920213541667,1.2817174479166666,2.0453259898153786
13584,3,2.365,1.615,135.0,2.828,664,1693,135.0,2.0,4.928398848882039,3.0312617643229167,2.069973678385417,3.624696942708333,2.5634348958333333,2.5050025163503102
13585,1,1.128,1.128,0.0,1.414,699,1693,135.0,1.0,1.642799616294013,1.4457772812499998,1.4457772812499998,1.8123484713541664,1.2817174479166666,1.4462638771355416
13586,4,3.192,1.596,71.565,3.606,3302,1696,56.31,2.0,6.571198465176052,4.09124209375,2.045621046875,4.6218731171875,2.5634348958333333,2.892527754271083
13587,1,1.128,1.128,0.0,1.414,3381,1693,135.0,1.0,1.642799616294013,1.4457772812499998,1.4457772812499998,1.8123484713541664,1.2817174479166666,1.4462638771355416
13588,2,2.257,1.128,0.0,2.236,3546,1693,153.435,1.0,3.285599232588026,2.892836279947917,1.4457772812499998,2.865920213541667,1.2817174479166666,2.0453259898153786
13589,1,1.128,1.128,0.0,1.414,312,1694,135.0,1.0,1.642799616294013,1.4457772812499998,1.4457772812499998,1.8123484713541664,1.2817174479166666,1.4462638771355416
13590,1,1.128,1.128,0.0,1.414,345,1694,135.0,1.0,1.642799616294013,1.4457772812499998,1.4457772812499998,1.8123484713541664,1.2817174479166666,1.4462638771355416
13591,3,3.385,1.128,90.0,3.162,483,1694,108.435,1.0,4.928398848882039,4.338613561197916,1.4457772812499998,4.0527905703125,1.2817174479166666,2.5050025163503102
13592,4,2.257,2.257,0.0,2.828,494,1694,135.0,2.0,6.571198465176052,2.892836279947917,2.892836279947917,3.624696942708333,2.5634348958333333,2.892527754271083
13593,4,2.257,2.257,0.0,2.828,498,1694,135.0,2.0,6.571198465176052,2.892836279947917,2.892836279947917,3.624696942708333,2.5634348958333333,2.892527754271083
13594,7,4.48,1.989,51.868,5.831,533,1699,59.036,3.328,11.499597314058091,5.742094166666667,2.5493360039062503,7.473694438802084,4.265555666666667,3.826454549076717
13595,5,3.144,2.025,71.565,3.606,584,1697,56.31,2.0,8.213998081470065,4.02971965625,2.59547783203125,4.6218731171875,2.5634348958333333,3.2339443426774745
13596,5,3.144,2.025,71.565,3.606,624,1697,56.31,2.0,8.213998081470065,4.02971965625,2.59547783203125,4.6218731171875,2.5634348958333333,3.2339443426774745
13597,2,2.257,1.128,90.0,2.236,707,1694,116.565,1.0,3.285599232588026,2.892836279947917,1.4457772812499998,2.865920213541667,1.2817174479166666,2.0453259898153786
13598,1,1.128,1.128,0.0,1.414,711,1694,135.0,1.0,1.642799616294013,1.4457772812499998,1.4457772812499998,1.8123484713541664,1.2817174479166666,1.4462638771355416
13599,7,3.131,2.846,45.001,4.243,3513,1698,45.0,3.536,11.499597314058091,4.013057329427083,3.6477678567708334,5.438327131510417,4.532152895833334,3.826454549076717
13600,1,1.128,1.128,0.0,1.414,459,1695,135.0,1.0,1.642799616294013,1.4457772812499998,1.4457772812499998,1.8123484713541664,1.2817174479166666,1.4462638771355416
13601,1,1.128,1.128,0.0,1.414,466,1695,135.0,1.0,1.642799616294013,1.4457772812499998,1.4457772812499998,1.8123484713541664,1.2817174479166666,1.4462638771355416
13602,1,1.128,1.128,0.0,1.414,472,1695,135.0,1.0,1.642799616294013,1.4457772812499998,1.4457772812499998,1.8123484713541664,1.2817174479166666,1.4462638771355416
13603,1,1.128,1.128,0.0,1.414,663,1695,135.0,1.0,1.642799616294013,1.4457772812499998,1.4457772812499998,1.8123484713541664,1.2817174479166666,1.4462638771355416
13604,6,3.718,2.055,53.13,4.243,3264,1698,45.0,2.683,9.856797697764078,4.765425471354167,2.63392935546875,5.438327131510417,3.4388479127604166,3.5426085324013394
13605,2,2.257,1.128,0.0,2.236,3312,1695,153.435,1.0,3.285599232588026,2.892836279947917,1.4457772812499998,2.865920213541667,1.2817174479166666,2.0453259898153786
13606,1,1.128,1.128,0.0,1.414,3330,1695,135.0,1.0,1.642799616294013,1.4457772812499998,1.4457772812499998,1.8123484713541664,1.2817174479166666,1.4462638771355416
13607,2,2.257,1.128,90.0,2.236,329,1696,116.565,1.0,3.285599232588026,2.892836279947917,1.4457772812499998,2.865920213541667,1.2817174479166666,2.0453259898153786
13608,2,2.257,1.128,90.0,2.236,477,1696,116.565,1.0,3.285599232588026,2.892836279947917,1.4457772812499998,2.865920213541667,1.2817174479166666,2.0453259898153786
13609,1,1.128,1.128,0.0,1.414,627,1696,135.0,1.0,1.642799616294013,1.4457772812499998,1.4457772812499998,1.8123484713541664,1.2817174479166666,1.4462638771355416
13610,4,2.257,2.257,0.0,2.828,670,1696,135.0,2.0,6.571198465176052,2.892836279947917,2.892836279947917,3.624696942708333,2.5634348958333333,2.892527754271083
13611,32,8.3,4.909,8.89,9.22,3449,1700,12.529,6.0,52.56958772140842,10.638254817708335,6.291950951822916,11.817434869791667,7.690304687499999,8.181303959261514
13612,128,15.619,10.434,120.734,20.518,3560,1697,133.025,14.208,210.27835088563367,20.019144819010418,13.373439851562498,26.298278596354166,18.2106415,16.36260791852303
13613,1,1.128,1.128,0.0,1.414,2967,1697,135.0,1.0,1.642799616294013,1.4457772812499998,1.4457772812499998,1.8123484713541664,1.2817174479166666,1.4462638771355416
13614,3,3.385,1.128,0.0,3.162,3316,1697,161.565,1.0,4.928398848882039,4.338613561197916,1.4457772812499998,4.0527905703125,1.2817174479166666,2.5050025163503102
13615,1,1.128,1.128,0.0,1.414,3368,1697,135.0,1.0,1.642799616294013,1.4457772812499998,1.4457772812499998,1.8123484713541664,1.2817174479166666,1.4462638771355416
13616,5,3.461,1.839,135.0,4.243,3503,1697,135.0,2.683,8.213998081470065,4.436024087239583,2.35707838671875,5.438327131510417,3.4388479127604166,3.2339443426774745
13617,1,1.128,1.128,0.0,1.414,411,1698,135.0,1.0,1.642799616294013,1.4457772812499998,1.4457772812499998,1.8123484713541664,1.2817174479166666,1.4462638771355416
13618,310,30.471,12.953,137.127,42.202,406,1700,143.673,22.671,509.26788105114406,39.05521235546875,16.602086102864583,54.09103973697916,29.05781626171875,25.464103218358385
13619,1,1.128,1.128,0.0,1.414,605,1698,135.0,1.0,1.642799616294013,1.4457772812499998,1.4457772812499998,1.8123484713541664,1.2817174479166666,1.4462638771355416
13620,5,4.076,1.562,20.994,4.472,608,1700,26.565,2.0,8.213998081470065,5.224280317708333,2.0020426536458333,5.731840427083334,2.5634348958333333,3.2339443426774745
13621,1,1.128,1.128,0.0,1.414,613,1698,135.0,1.0,1.642799616294013,1.4457772812499998,1.4457772812499998,1.8123484713541664,1.2817174479166666,1.4462638771355416
13622,3,3.385,1.128,0.0,3.162,3249,1698,161.565,1.0,4.928398848882039,4.338613561197916,1.4457772812499998,4.0527905703125,1.2817174479166666,2.5050025163503102
13623,3,2.365,1.615,135.0,2.828,3314,1698,135.0,2.0,4.928398848882039,3.0312617643229167,2.069973678385417,3.624696942708333,2.5634348958333333,2.5050025163503102
13624,41,7.855,6.646,39.579,9.434,3477,1706,57.995,7.155,67.35478426805453,10.067890553385418,8.518294158854166,12.091722403645832,9.17068833984375,9.26060728541019
13625,1,1.128,1.128,0.0,1.414,3675,1698,135.0,1.0,1.642799616294013,1.4457772812499998,1.4457772812499998,1.8123484713541664,1.2817174479166666,1.4462638771355416
13626,7,4.265,2.09,48.421,5.0,451,1703,53.13,2.828,11.499597314058091,5.466524915364583,2.678789466145833,6.408587239583333,3.624696942708333,3.826454549076717
13627,2,2.257,1.128,90.0,2.236,479,1699,116.565,1.0,3.285599232588026,2.892836279947917,1.4457772812499998,2.865920213541667,1.2817174479166666,2.0453259898153786
13628,3,2.365,1.615,45.0,2.828,503,1701,45.0,2.0,4.928398848882039,3.0312617643229167,2.069973678385417,3.624696942708333,2.5634348958333333,2.5050025163503102
13629,5,5.642,1.128,90.0,5.099,535,1699,101.31,1.0,8.213998081470065,7.2314498411458334,1.4457772812499998,6.535477266927083,1.2817174479166666,3.2339443426774745
13630,1,1.128,1.128,0.0,1.414,622,1699,135.0,1.0,1.642799616294013,1.4457772812499998,1.4457772812499998,1.8123484713541664,1.2817174479166666,1.4462638771355416
13631,16,5.021,4.057,81.734,6.708,2650,1699,116.565,5.0,26.28479386070421,6.435503305989583,5.199927686197917,8.597760640625,6.408587239583333,5.785055508542166
13632,1,1.128,1.128,0.0,1.414,3241,1699,135.0,1.0,1.642799616294013,1.4457772812499998,1.4457772812499998,1.8123484713541664,1.2817174479166666,1.4462638771355416
13633,1,1.128,1.128,0.0,1.414,3395,1699,135.0,1.0,1.642799616294013,1.4457772812499998,1.4457772812499998,1.8123484713541664,1.2817174479166666,1.4462638771355416
13634,1,1.128,1.128,0.0,1.414,349,1700,135.0,1.0,1.642799616294013,1.4457772812499998,1.4457772812499998,1.8123484713541664,1.2817174479166666,1.4462638771355416
13635,5,3.244,1.963,0.0,3.606,507,1700,146.31,2.0,8.213998081470065,4.157891401041667,2.516011350260417,4.6218731171875,2.5634348958333333,3.2339443426774745
13636,2,2.596,0.981,45.0,2.828,572,1702,45.0,1.414,3.285599232588026,3.327338494791667,1.2573648164062499,3.624696942708333,1.8123484713541664,2.0453259898153786
13637,8,4.084,2.494,146.153,5.657,578,1700,135.0,3.883,13.142396930352104,5.234534057291666,3.196603315104167,7.250675602864583,4.976908850260417,4.090651979630757
13638,3,2.365,1.615,45.0,2.828,604,1702,45.0,2.0,4.928398848882039,3.0312617643229167,2.069973678385417,3.624696942708333,2.5634348958333333,2.5050025163503102
13639,5,3.732,1.706,95.152,4.123,643,1700,104.036,2.0,8.213998081470065,4.783369515625,2.1866099661458334,5.284521037760417,2.5634348958333333,3.2339443426774745
13640,9,3.81,3.008,30.473,5.0,3249,1704,53.13,4.0,14.785196546646118,4.8833434765625,3.8554060833333335,6.408587239583333,5.126869791666667,4.338791631406624
13641,30,8.307,4.598,1.358,10.77,3398,1702,158.199,6.0,49.28398848882039,10.64722683984375,5.893336825520833,13.8040969140625,7.690304687499999,7.921513496120161
13642,36,9.154,5.007,164.468,11.402,3775,1702,164.745,6.0,59.14078618658447,11.732841518229167,6.41755926171875,14.614142341145833,7.690304687499999,8.677583262813249
13643,1,1.128,1.128,0.0,1.414,252,1701,135.0,1.0,1.642799616294013,1.4457772812499998,1.4457772812499998,1.8123484713541664,1.2817174479166666,1.4462638771355416
13644,4,3.969,1.283,107.609,4.472,554,1701,116.565,1.897,6.571198465176052,5.08713655078125,1.644443485677083,5.731840427083334,2.4314179986979165,2.892527754271083
13645,1,1.128,1.128,0.0,1.414,609,1701,135.0,1.0,1.642799616294013,1.4457772812499998,1.4457772812499998,1.8123484713541664,1.2817174479166666,1.4462638771355416
13646,2,2.257,1.128,0.0,2.236,708,1701,153.435,1.0,3.285599232588026,2.892836279947917,1.4457772812499998,2.865920213541667,1.2817174479166666,2.0453259898153786
13647,2,2.257,1.128,0.0,2.236,3142,1701,153.435,1.0,3.285599232588026,2.892836279947917,1.4457772812499998,2.865920213541667,1.2817174479166666,2.0453259898153786
13648,2,2.257,1.128,0.0,2.236,3288,1701,153.435,1.0,3.285599232588026,2.892836279947917,1.4457772812499998,2.865920213541667,1.2817174479166666,2.0453259898153786
13649,4,3.192,1.596,108.435,3.606,425,1702,123.69,2.0,6.571198465176052,4.09124209375,2.045621046875,4.6218731171875,2.5634348958333333,2.892527754271083
13650,2,2.257,1.128,90.0,2.236,475,1702,116.565,1.0,3.285599232588026,2.892836279947917,1.4457772812499998,2.865920213541667,1.2817174479166666,2.0453259898153786
13651,6,4.134,1.848,102.933,4.472,490,1702,116.565,2.0,9.856797697764078,5.298619929687501,2.36861384375,5.731840427083334,2.5634348958333333,3.5426085324013394
13652,4,2.257,2.257,0.0,2.828,512,1702,135.0,2.0,6.571198465176052,2.892836279947917,2.892836279947917,3.624696942708333,2.5634348958333333,2.892527754271083
13653,56,8.988,7.933,98.007,12.369,524,1702,104.036,10.388,91.99677851246473,11.520076421874998,10.167864514322916,15.853563113281249,13.314480848958333,10.822847838217038
13654,2,2.596,0.981,45.0,2.828,532,1704,45.0,1.414,3.285599232588026,3.327338494791667,1.2573648164062499,3.624696942708333,1.8123484713541664,2.0453259898153786
13655,5,3.316,1.92,135.0,4.243,557,1702,135.0,2.828,8.213998081470065,4.250175057291666,2.4608974999999997,5.438327131510417,3.624696942708333,3.2339443426774745
13656,29,8.021,4.604,134.368,10.63,585,1702,131.186,6.45,47.64118887252638,10.280655649739584,5.901027130208333,13.624656471354168,8.2670775390625,7.788369332980218
13657,1,1.128,1.128,0.0,1.414,631,1702,135.0,1.0,1.642799616294013,1.4457772812499998,1.4457772812499998,1.8123484713541664,1.2817174479166666,1.4462638771355416
13658,20,7.527,3.383,148.219,9.22,665,1702,139.399,4.992,32.85599232588026,9.64748723046875,4.336050126302084,11.817434869791667,6.3983335,6.467888685354949
13659,1,1.128,1.128,0.0,1.414,3261,1702,135.0,1.0,1.642799616294013,1.4457772812499998,1.4457772812499998,1.8123484713541664,1.2817174479166666,1.4462638771355416
13660,1,1.128,1.128,0.0,1.414,3263,1702,135.0,1.0,1.642799616294013,1.4457772812499998,1.4457772812499998,1.8123484713541664,1.2817174479166666,1.4462638771355416
13661,13,5.757,2.875,70.744,6.708,3319,1708,63.435,3.881,21.35639501182217,7.378847347656249,3.6849376627604165,8.597760640625,4.974345415364583,5.214578566863546
13662,2,2.257,1.128,90.0,2.236,3377,1702,116.565,1.0,3.285599232588026,2.892836279947917,1.4457772812499998,2.865920213541667,1.2817174479166666,2.0453259898153786
13663,67,10.312,8.273,32.188,11.662,3530,1710,30.964,9.391,110.06757429169888,13.217070322916666,10.603648446614583,14.947388877604167,12.036608553385417,11.838180035570401
13664,1,1.128,1.128,0.0,1.414,3681,1702,135.0,1.0,1.642799616294013,1.4457772812499998,1.4457772812499998,1.8123484713541664,1.2817174479166666,1.4462638771355416
13665,1,1.128,1.128,0.0,1.414,404,1703,135.0,1.0,1.642799616294013,1.4457772812499998,1.4457772812499998,1.8123484713541664,1.2817174479166666,1.4462638771355416
13666,7,4.134,2.156,27.231,5.0,460,1706,36.87,3.0,11.499597314058091,5.298619929687501,2.7633828177083335,6.408587239583333,3.8451523437499997,3.826454549076717
13667,1,1.128,1.128,0.0,1.414,734,1703,135.0,1.0,1.642799616294013,1.4457772812499998,1.4457772812499998,1.8123484713541664,1.2817174479166666,1.4462638771355416
13668,4,3.216,1.583,58.283,3.606,770,1706,56.31,2.0,6.571198465176052,4.1220033125,2.028958720052083,4.6218731171875,2.5634348958333333,2.892527754271083
13669,2,2.257,1.128,0.0,2.236,3347,1703,153.435,1.0,3.285599232588026,2.892836279947917,1.4457772812499998,2.865920213541667,1.2817174479166666,2.0453259898153786
13670,21,9.212,2.902,107.985,10.44,381,1704,106.699,4.111,34.49879194217427,11.807181130208333,3.719544033854167,13.381130156249998,5.269140428385416,6.627613691853932
13671,6,3.145,2.429,35.783,4.243,469,1707,45.0,3.0,9.856797697764078,4.031001373697917,3.113291680989583,5.438327131510417,3.8451523437499997,3.5426085324013394
13672,1,1.128,1.128,0.0,1.414,591,1704,135.0,1.0,1.642799616294013,1.4457772812499998,1.4457772812499998,1.8123484713541664,1.2817174479166666,1.4462638771355416
13673,3,2.365,1.615,45.0,2.828,692,1706,45.0,2.0,4.928398848882039,3.0312617643229167,2.069973678385417,3.624696942708333,2.5634348958333333,2.5050025163503102
13674,4,2.734,1.863,90.0,3.162,730,1704,108.435,2.0,6.571198465176052,3.5042155026041666,2.38783960546875,4.0527905703125,2.5634348958333333,2.892527754271083
13675,1,1.128,1.128,0.0,1.414,3167,1704,135.0,1.0,1.642799616294013,1.4457772812499998,1.4457772812499998,1.8123484713541664,1.2817174479166666,1.4462638771355416
13676,3,3.213,1.189,28.155,3.606,3305,1706,33.69,1.789,4.928398848882039,4.11815816015625,1.5239620455729168,4.6218731171875,2.2929925143229166,2.5050025163503102
13677,18,7.531,3.043,7.548,8.544,3346,1707,20.556,4.0,29.570393093292235,9.652614100260417,3.900266194010417,10.950993875,5.126869791666667,6.135977969446135
13678,11,4.384,3.195,15.071,5.0,3358,1707,36.87,3.0,18.070795779234142,5.619049291666667,4.095087246093749,6.408587239583333,3.8451523437499997,4.796714628303253
13679,1,1.128,1.128,0.0,1.414,416,1705,135.0,1.0,1.642799616294013,1.4457772812499998,1.4457772812499998,1.8123484713541664,1.2817174479166666,1.4462638771355416
13680,1,1.128,1.128,0.0,1.414,432,1705,135.0,1.0,1.642799616294013,1.4457772812499998,1.4457772812499998,1.8123484713541664,1.2817174479166666,1.4462638771355416
13681,1,1.128,1.128,0.0,1.414,452,1705,135.0,1.0,1.642799616294013,1.4457772812499998,1.4457772812499998,1.8123484713541664,1.2817174479166666,1.4462638771355416
13682,2,2.257,1.128,90.0,2.236,465,1705,116.565,1.0,3.285599232588026,2.892836279947917,1.4457772812499998,2.865920213541667,1.2817174479166666,2.0453259898153786
13683,1,1.128,1.128,0.0,1.414,498,1705,135.0,1.0,1.642799616294013,1.4457772812499998,1.4457772812499998,1.8123484713541664,1.2817174479166666,1.4462638771355416
13684,2,2.257,1.128,0.0,2.236,509,1705,153.435,1.0,3.285599232588026,2.892836279947917,1.4457772812499998,2.865920213541667,1.2817174479166666,2.0453259898153786
13685,3,3.385,1.128,90.0,3.162,609,1705,108.435,1.0,4.928398848882039,4.338613561197916,1.4457772812499998,4.0527905703125,1.2817174479166666,2.5050025163503102
13686,2,2.257,1.128,0.0,2.236,3332,1705,153.435,1.0,3.285599232588026,2.892836279947917,1.4457772812499998,2.865920213541667,1.2817174479166666,2.0453259898153786
13687,1,1.128,1.128,0.0,1.414,3481,1705,135.0,1.0,1.642799616294013,1.4457772812499998,1.4457772812499998,1.8123484713541664,1.2817174479166666,1.4462638771355416
13688,1,1.128,1.128,0.0,1.414,3544,1705,135.0,1.0,1.642799616294013,1.4457772812499998,1.4457772812499998,1.8123484713541664,1.2817174479166666,1.4462638771355416
13689,1,1.128,1.128,0.0,1.414,3839,1705,135.0,1.0,1.642799616294013,1.4457772812499998,1.4457772812499998,1.8123484713541664,1.2817174479166666,1.4462638771355416
13690,1,1.128,1.128,0.0,1.414,363,1706,135.0,1.0,1.642799616294013,1.4457772812499998,1.4457772812499998,1.8123484713541664,1.2817174479166666,1.4462638771355416
13691,43,10.359,5.285,102.382,12.649,424,1718,71.565,8.557,70.64038350064256,13.27731104296875,6.773876712239583,16.212443998697914,10.967656201822917,9.483786464234974
13692,1,1.128,1.128,0.0,1.414,454,1706,135.0,1.0,1.642799616294013,1.4457772812499998,1.4457772812499998,1.8123484713541664,1.2817174479166666,1.4462638771355416
13693,15,8.155,2.342,41.935,8.485,480,1712,45.0,3.536,24.641994244410196,10.452405787760416,3.0017822630208335,10.875372545572915,4.532152895833334,5.601355910367322
13694,29,6.781,5.445,152.763,8.485,554,1706,135.0,6.0,47.64118887252638,8.691326014322916,6.97895150390625,10.875372545572915,7.690304687499999,7.788369332980218
13695,2,2.257,1.128,90.0,2.236,635,1706,116.565,1.0,3.285599232588026,2.892836279947917,1.4457772812499998,2.865920213541667,1.2817174479166666,2.0453259898153786
13696,7,5.049,1.765,162.77,5.831,643,1706,149.036,2.668,11.499597314058091,6.47139139453125,2.2622312955729167,7.473694438802084,3.4196221510416667,3.826454549076717
13697,1,1.128,1.128,0.0,1.414,713,1706,135.0,1.0,1.642799616294013,1.4457772812499998,1.4457772812499998,1.8123484713541664,1.2817174479166666,1.4462638771355416
13698,2,2.257,1.128,90.0,2.236,3337,1706,116.565,1.0,3.285599232588026,2.892836279947917,1.4457772812499998,2.865920213541667,1.2817174479166666,2.0453259898153786
13699,2,2.257,1.128,90.0,2.236,3605,1706,116.565,1.0,3.285599232588026,2.892836279947917,1.4457772812499998,2.865920213541667,1.2817174479166666,2.0453259898153786
13700,1,1.128,1.128,0.0,1.414,3681,1706,135.0,1.0,1.642799616294013,1.4457772812499998,1.4457772812499998,1.8123484713541664,1.2817174479166666,1.4462638771355416
13701,4,3.192,1.596,108.435,3.606,365,1707,123.69,2.0,6.571198465176052,4.09124209375,2.045621046875,4.6218731171875,2.5634348958333333,2.892527754271083
13702,3,2.365,1.615,135.0,2.828,478,1707,135.0,2.0,4.928398848882039,3.0312617643229167,2.069973678385417,3.624696942708333,2.5634348958333333,2.5050025163503102
13703,1,1.128,1.128,0.0,1.414,498,1707,135.0,1.0,1.642799616294013,1.4457772812499998,1.4457772812499998,1.8123484713541664,1.2817174479166666,1.4462638771355416
13704,10,4.198,3.033,180.0,4.472,600,1708,153.435,3.0,16.42799616294013,5.380649846354167,3.8874490195312497,5.731840427083334,3.8451523437499997,4.573487949374228
13705,2,2.257,1.128,0.0,2.236,606,1707,153.435,1.0,3.285599232588026,2.892836279947917,1.4457772812499998,2.865920213541667,1.2817174479166666,2.0453259898153786
13706,1,1.128,1.128,0.0,1.414,3057,1707,135.0,1.0,1.642799616294013,1.4457772812499998,1.4457772812499998,1.8123484713541664,1.2817174479166666,1.4462638771355416
13707,1,1.128,1.128,0.0,1.414,3169,1707,135.0,1.0,1.642799616294013,1.4457772812499998,1.4457772812499998,1.8123484713541664,1.2817174479166666,1.4462638771355416
13708,2,2.257,1.128,0.0,2.236,3186,1707,153.435,1.0,3.285599232588026,2.892836279947917,1.4457772812499998,2.865920213541667,1.2817174479166666,2.0453259898153786
13709,2,2.257,1.128,0.0,2.236,3278,1707,153.435,1.0,3.285599232588026,2.892836279947917,1.4457772812499998,2.865920213541667,1.2817174479166666,2.0453259898153786
13710,1,1.128,1.128,0.0,1.414,3307,1707,135.0,1.0,1.642799616294013,1.4457772812499998,1.4457772812499998,1.8123484713541664,1.2817174479166666,1.4462638771355416
13711,1,1.128,1.128,0.0,1.414,3395,1707,135.0,1.0,1.642799616294013,1.4457772812499998,1.4457772812499998,1.8123484713541664,1.2817174479166666,1.4462638771355416
13712,1,1.128,1.128,0.0,1.414,3652,1707,135.0,1.0,1.642799616294013,1.4457772812499998,1.4457772812499998,1.8123484713541664,1.2817174479166666,1.4462638771355416
13713,6,4.606,1.658,29.233,5.0,448,1711,36.87,2.236,9.856797697764078,5.9035905651041665,2.125087528645833,6.408587239583333,2.865920213541667,3.5426085324013394
13714,39,9.369,5.3,177.667,11.402,452,1714,15.255,6.0,64.0691850354665,12.008410769531249,6.793102473958333,14.614142341145833,7.690304687499999,9.031915017867364
13715,3,2.365,1.615,45.0,2.828,468,1710,45.0,2.0,4.928398848882039,3.0312617643229167,2.069973678385417,3.624696942708333,2.5634348958333333,2.5050025163503102
13716,1,1.128,1.128,0.0,1.414,471,1708,135.0,1.0,1.642799616294013,1.4457772812499998,1.4457772812499998,1.8123484713541664,1.2817174479166666,1.4462638771355416
13717,4,2.257,2.257,0.0,2.828,500,1708,135.0,2.0,6.571198465176052,2.892836279947917,2.892836279947917,3.624696942708333,2.5634348958333333,2.892527754271083
13718,3,2.365,1.615,45.0,2.828,567,1710,45.0,2.0,4.928398848882039,3.0312617643229167,2.069973678385417,3.624696942708333,2.5634348958333333,2.5050025163503102
13719,5,4.183,1.522,79.099,4.472,636,1712,63.435,2.0,8.213998081470065,5.361424084635416,1.9507739557291666,5.731840427083334,2.5634348958333333,3.2339443426774745
13720,1,1.128,1.128,0.0,1.414,877,1708,135.0,1.0,1.642799616294013,1.4457772812499998,1.4457772812499998,1.8123484713541664,1.2817174479166666,1.4462638771355416
13721,10,6.072,2.097,155.786,6.708,3344,1709,153.435,3.13,16.42799616294013,7.78258834375,2.6877614882812497,8.597760640625,4.011775611979166,4.573487949374228
13722,4,2.257,2.257,0.0,2.828,3361,1708,135.0,2.0,6.571198465176052,2.892836279947917,2.892836279947917,3.624696942708333,2.5634348958333333,2.892527754271083
13723,9,5.328,2.151,27.535,5.831,3388,1712,30.964,3.051,14.785196546646118,6.8289905625000005,2.75697423046875,7.473694438802084,3.91051993359375,4.338791631406624
13724,1,1.128,1.128,0.0,1.414,402,1709,135.0,1.0,1.642799616294013,1.4457772812499998,1.4457772812499998,1.8123484713541664,1.2817174479166666,1.4462638771355416
13725,1,1.128,1.128,0.0,1.414,545,1709,135.0,1.0,1.642799616294013,1.4457772812499998,1.4457772812499998,1.8123484713541664,1.2817174479166666,1.4462638771355416
13726,51,8.722,7.445,119.271,12.042,566,1712,138.366,8.657,83.78278043099466,11.179139580729165,9.542386399739584,15.4344415078125,11.095827946614584,10.32838996735036
13727,14,4.303,4.143,159.407,5.831,3275,1713,30.964,4.919,22.999194628116182,5.5152301783854165,5.310155386718749,7.473694438802084,6.304768126302083,5.411423919108519
13728,2,2.257,1.128,90.0,2.236,3281,1709,116.565,1.0,3.285599232588026,2.892836279947917,1.4457772812499998,2.865920213541667,1.2817174479166666,2.0453259898153786
13729,255,20.408,15.909,63.583,25.0,3497,1733,73.74,18.626,418.91390215497336,26.157289677083334,20.390842878906252,32.04293619791667,23.873269184895836,23.094982065122238
13730,1,1.128,1.128,0.0,1.414,3751,1709,135.0,1.0,1.642799616294013,1.4457772812499998,1.4457772812499998,1.8123484713541664,1.2817174479166666,1.4462638771355416
13731,1,1.128,1.128,0.0,1.414,3812,1709,135.0,1.0,1.642799616294013,1.4457772812499998,1.4457772812499998,1.8123484713541664,1.2817174479166666,1.4462638771355416
13732,4,2.257,2.257,0.0,2.828,532,1710,135.0,2.0,6.571198465176052,2.892836279947917,2.892836279947917,3.624696942708333,2.5634348958333333,2.892527754271083
13733,3,2.365,1.615,45.0,2.828,682,1712,45.0,2.0,4.928398848882039,3.0312617643229167,2.069973678385417,3.624696942708333,2.5634348958333333,2.5050025163503102
13734,6,3.14,2.433,135.0,3.606,3260,1710,123.69,2.828,9.856797697764078,4.024592786458333,3.1184185507812496,4.6218731171875,3.624696942708333,3.5426085324013394
13735,2,2.257,1.128,90.0,2.236,3406,1710,116.565,1.0,3.285599232588026,2.892836279947917,1.4457772812499998,2.865920213541667,1.2817174479166666,2.0453259898153786
13736,1,1.128,1.128,0.0,1.414,3838,1710,135.0,1.0,1.642799616294013,1.4457772812499998,1.4457772812499998,1.8123484713541664,1.2817174479166666,1.4462638771355416
13737,2,2.257,1.128,90.0,2.236,477,1711,116.565,1.0,3.285599232588026,2.892836279947917,1.4457772812499998,2.865920213541667,1.2817174479166666,2.0453259898153786
13738,2,2.596,0.981,45.0,2.828,529,1713,45.0,1.414,3.285599232588026,3.327338494791667,1.2573648164062499,3.624696942708333,1.8123484713541664,2.0453259898153786
13739,1,1.128,1.128,0.0,1.414,767,1711,135.0,1.0,1.642799616294013,1.4457772812499998,1.4457772812499998,1.8123484713541664,1.2817174479166666,1.4462638771355416
13740,1,1.128,1.128,0.0,1.414,3200,1711,135.0,1.0,1.642799616294013,1.4457772812499998,1.4457772812499998,1.8123484713541664,1.2817174479166666,1.4462638771355416
13741,1,1.128,1.128,0.0,1.414,3340,1711,135.0,1.0,1.642799616294013,1.4457772812499998,1.4457772812499998,1.8123484713541664,1.2817174479166666,1.4462638771355416
13742,2,2.257,1.128,90.0,2.236,337,1712,116.565,1.0,3.285599232588026,2.892836279947917,1.4457772812499998,2.865920213541667,1.2817174479166666,2.0453259898153786
13743,1,1.128,1.128,0.0,1.414,403,1712,135.0,1.0,1.642799616294013,1.4457772812499998,1.4457772812499998,1.8123484713541664,1.2817174479166666,1.4462638771355416
13744,1,1.128,1.128,0.0,1.414,497,1712,135.0,1.0,1.642799616294013,1.4457772812499998,1.4457772812499998,1.8123484713541664,1.2817174479166666,1.4462638771355416
13745,1,1.128,1.128,0.0,1.414,505,1712,135.0,1.0,1.642799616294013,1.4457772812499998,1.4457772812499998,1.8123484713541664,1.2817174479166666,1.4462638771355416
13746,19,6.136,3.943,109.584,7.211,582,1712,123.69,4.0,31.21319270958625,7.864618260416667,5.053811897135416,9.242464516927084,5.126869791666667,6.304118086127151
13747,1,1.128,1.128,0.0,1.414,659,1712,135.0,1.0,1.642799616294013,1.4457772812499998,1.4457772812499998,1.8123484713541664,1.2817174479166666,1.4462638771355416
13748,2,2.257,1.128,0.0,2.236,688,1712,153.435,1.0,3.285599232588026,2.892836279947917,1.4457772812499998,2.865920213541667,1.2817174479166666,2.0453259898153786
13749,1,1.128,1.128,0.0,1.414,775,1712,135.0,1.0,1.642799616294013,1.4457772812499998,1.4457772812499998,1.8123484713541664,1.2817174479166666,1.4462638771355416
13750,2,2.257,1.128,0.0,2.236,3264,1712,153.435,1.0,3.285599232588026,2.892836279947917,1.4457772812499998,2.865920213541667,1.2817174479166666,2.0453259898153786
13751,13,4.233,3.91,68.645,5.385,3268,1712,111.801,4.715,21.35639501182217,5.42550995703125,5.011515221354167,6.90204845703125,6.043297766927083,5.214578566863546
13752,3,3.385,1.128,90.0,3.162,3281,1712,108.435,1.0,4.928398848882039,4.338613561197916,1.4457772812499998,4.0527905703125,1.2817174479166666,2.5050025163503102
13753,1,1.128,1.128,0.0,1.414,3351,1712,135.0,1.0,1.642799616294013,1.4457772812499998,1.4457772812499998,1.8123484713541664,1.2817174479166666,1.4462638771355416
13754,3,2.365,1.615,45.0,2.828,3670,1714,45.0,2.0,4.928398848882039,3.0312617643229167,2.069973678385417,3.624696942708333,2.5634348958333333,2.5050025163503102
13755,6,3.718,2.055,126.87,4.243,443,1713,135.0,2.683,9.856797697764078,4.765425471354167,2.63392935546875,5.438327131510417,3.4388479127604166,3.5426085324013394
13756,2,2.257,1.128,0.0,2.236,447,1713,153.435,1.0,3.285599232588026,2.892836279947917,1.4457772812499998,2.865920213541667,1.2817174479166666,2.0453259898153786
13757,1,1.128,1.128,0.0,1.414,618,1713,135.0,1.0,1.642799616294013,1.4457772812499998,1.4457772812499998,1.8123484713541664,1.2817174479166666,1.4462638771355416
13758,1,1.128,1.128,0.0,1.414,777,1713,135.0,1.0,1.642799616294013,1.4457772812499998,1.4457772812499998,1.8123484713541664,1.2817174479166666,1.4462638771355416
13759,1,1.128,1.128,0.0,1.414,788,1713,135.0,1.0,1.642799616294013,1.4457772812499998,1.4457772812499998,1.8123484713541664,1.2817174479166666,1.4462638771355416
13760,1,1.128,1.128,0.0,1.414,3003,1713,135.0,1.0,1.642799616294013,1.4457772812499998,1.4457772812499998,1.8123484713541664,1.2817174479166666,1.4462638771355416
13761,1,1.128,1.128,0.0,1.414,3175,1713,135.0,1.0,1.642799616294013,1.4457772812499998,1.4457772812499998,1.8123484713541664,1.2817174479166666,1.4462638771355416
13762,1,1.128,1.128,0.0,1.414,3178,1713,135.0,1.0,1.642799616294013,1.4457772812499998,1.4457772812499998,1.8123484713541664,1.2817174479166666,1.4462638771355416
13763,4,4.514,1.128,90.0,4.123,3203,1713,104.036,1.0,6.571198465176052,5.785672559895834,1.4457772812499998,5.284521037760417,1.2817174479166666,2.892527754271083
13764,2,2.596,0.981,135.0,2.828,3254,1713,135.0,1.414,3.285599232588026,3.327338494791667,1.2573648164062499,3.624696942708333,1.8123484713541664,2.0453259898153786
13765,2,2.257,1.128,0.0,2.236,3358,1713,153.435,1.0,3.285599232588026,2.892836279947917,1.4457772812499998,2.865920213541667,1.2817174479166666,2.0453259898153786
13766,2,2.257,1.128,0.0,2.236,3390,1713,153.435,1.0,3.285599232588026,2.892836279947917,1.4457772812499998,2.865920213541667,1.2817174479166666,2.0453259898153786
13767,30,7.821,4.884,163.128,9.434,3437,1713,147.995,5.0,49.28398848882039,10.02431216015625,6.259908015625,12.091722403645832,6.408587239583333,7.921513496120161
13768,2,2.596,0.981,45.0,2.828,3583,1715,45.0,1.414,3.285599232588026,3.327338494791667,1.2573648164062499,3.624696942708333,1.8123484713541664,2.0453259898153786
13769,6,3.414,2.238,66.576,4.472,3729,1717,63.435,3.0,9.856797697764078,4.3757833671875,2.8684836484375,5.731840427083334,3.8451523437499997,3.5426085324013394
13770,18,7.577,3.025,84.086,8.246,3838,1713,104.036,4.0,29.570393093292235,9.711573102864584,3.8771952799479164,10.569042075520834,5.126869791666667,6.135977969446135
13771,4,2.257,2.257,0.0,2.828,402,1714,135.0,2.0,6.571198465176052,2.892836279947917,2.892836279947917,3.624696942708333,2.5634348958333333,2.892527754271083
13772,25,6.81,4.674,98.35,7.81,472,1714,129.806,5.0,41.069990407350325,8.7284958203125,5.990747351562501,10.010213268229165,6.408587239583333,7.231319385677708
13773,3,2.365,1.615,135.0,2.828,3188,1714,135.0,2.0,4.928398848882039,3.0312617643229167,2.069973678385417,3.624696942708333,2.5634348958333333,2.5050025163503102
13774,4,2.734,1.863,0.0,3.162,3226,1715,161.565,2.0,6.571198465176052,3.5042155026041666,2.38783960546875,4.0527905703125,2.5634348958333333,2.892527754271083
13775,6,3.7,2.065,33.401,4.472,3366,1716,26.565,2.828,9.856797697764078,4.742354557291667,2.6467465299479165,5.731840427083334,3.624696942708333,3.5426085324013394
13776,12,4.729,3.231,135.0,5.657,3372,1714,135.0,4.0,19.713595395528156,6.061241811197917,4.141229074218749,7.250675602864583,5.126869791666667,5.0100050327006205
13777,5,3.144,2.025,108.435,3.606,3386,1714,123.69,2.0,8.213998081470065,4.02971965625,2.59547783203125,4.6218731171875,2.5634348958333333,3.2339443426774745
13778,3,2.365,1.615,45.0,2.828,3430,1716,45.0,2.0,4.928398848882039,3.0312617643229167,2.069973678385417,3.624696942708333,2.5634348958333333,2.5050025163503102
13779,2,2.257,1.128,90.0,2.236,3581,1714,116.565,1.0,3.285599232588026,2.892836279947917,1.4457772812499998,2.865920213541667,1.2817174479166666,2.0453259898153786
13780,1,1.128,1.128,0.0,1.414,3679,1714,135.0,1.0,1.642799616294013,1.4457772812499998,1.4457772812499998,1.8123484713541664,1.2817174479166666,1.4462638771355416
13781,1,1.128,1.128,0.0,1.414,325,1715,135.0,1.0,1.642799616294013,1.4457772812499998,1.4457772812499998,1.8123484713541664,1.2817174479166666,1.4462638771355416
13782,2,2.257,1.128,90.0,2.236,379,1715,116.565,1.0,3.285599232588026,2.892836279947917,1.4457772812499998,2.865920213541667,1.2817174479166666,2.0453259898153786
13783,2,2.596,0.981,45.0,2.828,381,1717,45.0,1.414,3.285599232588026,3.327338494791667,1.2573648164062499,3.624696942708333,1.8123484713541664,2.0453259898153786
13784,2,2.257,1.128,0.0,2.236,494,1715,153.435,1.0,3.285599232588026,2.892836279947917,1.4457772812499998,2.865920213541667,1.2817174479166666,2.0453259898153786
13785,2,2.257,1.128,0.0,2.236,530,1715,153.435,1.0,3.285599232588026,2.892836279947917,1.4457772812499998,2.865920213541667,1.2817174479166666,2.0453259898153786
13786,7,5.155,1.729,9.615,5.385,2742,1717,21.801,2.0,11.499597314058091,6.607253444010417,2.2160894674479166,6.90204845703125,2.5634348958333333,3.826454549076717
13787,1,1.128,1.128,0.0,1.414,3156,1715,135.0,1.0,1.642799616294013,1.4457772812499998,1.4457772812499998,1.8123484713541664,1.2817174479166666,1.4462638771355416
13788,1,1.128,1.128,0.0,1.414,3283,1715,135.0,1.0,1.642799616294013,1.4457772812499998,1.4457772812499998,1.8123484713541664,1.2817174479166666,1.4462638771355416
13789,289,22.433,16.403,71.441,31.906,447,1745,57.804,24.747,474.76908910896975,28.752767509114584,21.024011298177083,40.89447689322916,31.718661683593748,24.586485911304205
13790,5,3.461,1.839,45.0,4.243,3253,1719,45.0,2.683,8.213998081470065,4.436024087239583,2.35707838671875,5.438327131510417,3.4388479127604166,3.2339443426774745
13791,5,3.144,2.025,108.435,3.606,3260,1716,123.69,2.0,8.213998081470065,4.02971965625,2.59547783203125,4.6218731171875,2.5634348958333333,3.2339443426774745
13792,1,1.128,1.128,0.0,1.414,407,1717,135.0,1.0,1.642799616294013,1.4457772812499998,1.4457772812499998,1.8123484713541664,1.2817174479166666,1.4462638771355416
13793,3,2.365,1.615,45.0,2.828,465,1719,45.0,2.0,4.928398848882039,3.0312617643229167,2.069973678385417,3.624696942708333,2.5634348958333333,2.5050025163503102
13794,1,1.128,1.128,0.0,1.414,501,1717,135.0,1.0,1.642799616294013,1.4457772812499998,1.4457772812499998,1.8123484713541664,1.2817174479166666,1.4462638771355416
13795,30,9.654,3.957,115.634,10.296,551,1717,119.055,4.919,49.28398848882039,12.3737002421875,5.071755941406249,13.19656284375,6.304768126302083,7.921513496120161
13796,8,4.405,2.312,61.154,5.831,3319,1722,59.036,3.0,13.142396930352104,5.6459653580729166,2.9633307395833333,7.473694438802084,3.8451523437499997,4.090651979630757
13797,1,1.128,1.128,0.0,1.414,3407,1717,135.0,1.0,1.642799616294013,1.4457772812499998,1.4457772812499998,1.8123484713541664,1.2817174479166666,1.4462638771355416
13798,52,13.167,5.028,117.202,14.422,484,1718,123.69,6.685,85.42558004728868,16.87637363671875,6.444475328124999,18.48492903385417,8.568281139322917,10.429157133727092
13799,1,1.128,1.128,0.0,1.414,487,1718,135.0,1.0,1.642799616294013,1.4457772812499998,1.4457772812499998,1.8123484713541664,1.2817174479166666,1.4462638771355416
13800,1,1.128,1.128,0.0,1.414,629,1718,135.0,1.0,1.642799616294013,1.4457772812499998,1.4457772812499998,1.8123484713541664,1.2817174479166666,1.4462638771355416
13801,9,4.534,2.528,142.628,5.0,3405,1718,126.87,3.536,14.785196546646118,5.811306908854166,3.2401817083333335,6.408587239583333,4.532152895833334,4.338791631406624
13802,1,1.128,1.128,0.0,1.414,570,1719,135.0,1.0,1.642799616294013,1.4457772812499998,1.4457772812499998,1.8123484713541664,1.2817174479166666,1.4462638771355416
13803,1,1.128,1.128,0.0,1.414,3270,1719,135.0,1.0,1.642799616294013,1.4457772812499998,1.4457772812499998,1.8123484713541664,1.2817174479166666,1.4462638771355416
13804,74,14.326,6.577,175.63,16.279,3352,1722,169.38,10.943,121.56717160575697,18.361884158854167,8.429855654947916,20.865078334635417,14.025834032552083,12.441232293094101
13805,1,1.128,1.128,0.0,1.414,3523,1719,135.0,1.0,1.642799616294013,1.4457772812499998,1.4457772812499998,1.8123484713541664,1.2817174479166666,1.4462638771355416
13806,1,1.128,1.128,0.0,1.414,399,1720,135.0,1.0,1.642799616294013,1.4457772812499998,1.4457772812499998,1.8123484713541664,1.2817174479166666,1.4462638771355416
13807,1,1.128,1.128,0.0,1.414,489,1720,135.0,1.0,1.642799616294013,1.4457772812499998,1.4457772812499998,1.8123484713541664,1.2817174479166666,1.4462638771355416
13808,4,2.257,2.257,0.0,2.828,538,1720,135.0,2.0,6.571198465176052,2.892836279947917,2.892836279947917,3.624696942708333,2.5634348958333333,2.892527754271083
13809,22,7.913,3.54,118.464,10.0,578,1720,126.87,5.367,36.141591558468285,10.142230165364584,4.537279765625,12.817174479166667,6.87897754296875,6.78357888217988
13810,3,2.365,1.615,45.0,2.828,3252,1722,45.0,2.0,4.928398848882039,3.0312617643229167,2.069973678385417,3.624696942708333,2.5634348958333333,2.5050025163503102
13811,5,3.461,1.839,45.0,4.243,3309,1723,45.0,2.683,8.213998081470065,4.436024087239583,2.35707838671875,5.438327131510417,3.4388479127604166,3.2339443426774745
13812,1,1.128,1.128,0.0,1.414,409,1721,135.0,1.0,1.642799616294013,1.4457772812499998,1.4457772812499998,1.8123484713541664,1.2817174479166666,1.4462638771355416
13813,1,1.128,1.128,0.0,1.414,518,1721,135.0,1.0,1.642799616294013,1.4457772812499998,1.4457772812499998,1.8123484713541664,1.2817174479166666,1.4462638771355416
13814,1,1.128,1.128,0.0,1.414,775,1721,135.0,1.0,1.642799616294013,1.4457772812499998,1.4457772812499998,1.8123484713541664,1.2817174479166666,1.4462638771355416
13815,1,1.128,1.128,0.0,1.414,3193,1721,135.0,1.0,1.642799616294013,1.4457772812499998,1.4457772812499998,1.8123484713541664,1.2817174479166666,1.4462638771355416
13816,2,2.257,1.128,0.0,2.236,3218,1721,153.435,1.0,3.285599232588026,2.892836279947917,1.4457772812499998,2.865920213541667,1.2817174479166666,2.0453259898153786
13817,8,4.044,2.519,160.67,4.472,3234,1722,153.435,3.0,13.142396930352104,5.1832653593749995,3.2286462513020835,5.731840427083334,3.8451523437499997,4.090651979630757
13818,2,2.257,1.128,0.0,2.236,3258,1721,153.435,1.0,3.285599232588026,2.892836279947917,1.4457772812499998,2.865920213541667,1.2817174479166666,2.0453259898153786
13819,1,1.128,1.128,0.0,1.414,457,1722,135.0,1.0,1.642799616294013,1.4457772812499998,1.4457772812499998,1.8123484713541664,1.2817174479166666,1.4462638771355416
13820,20,6.392,3.984,34.87,7.211,500,1726,33.69,4.919,32.85599232588026,8.192737927083334,5.1063623125,9.242464516927084,6.304768126302083,6.467888685354949
13821,17,6.826,3.171,76.489,7.616,545,1729,66.801,4.0,27.927593476998222,8.749003299479167,4.06432602734375,9.761560083333332,5.126869791666667,5.963098727945161
13822,1,1.128,1.128,0.0,1.414,612,1722,135.0,1.0,1.642799616294013,1.4457772812499998,1.4457772812499998,1.8123484713541664,1.2817174479166666,1.4462638771355416
13823,2,2.257,1.128,90.0,2.236,683,1722,116.565,1.0,3.285599232588026,2.892836279947917,1.4457772812499998,2.865920213541667,1.2817174479166666,2.0453259898153786
13824,2,2.257,1.128,90.0,2.236,2367,1722,116.565,1.0,3.285599232588026,2.892836279947917,1.4457772812499998,2.865920213541667,1.2817174479166666,2.0453259898153786
13825,2,2.257,1.128,90.0,2.236,3295,1722,116.565,1.0,3.285599232588026,2.892836279947917,1.4457772812499998,2.865920213541667,1.2817174479166666,2.0453259898153786
13826,1,1.128,1.128,0.0,1.414,3323,1722,135.0,1.0,1.642799616294013,1.4457772812499998,1.4457772812499998,1.8123484713541664,1.2817174479166666,1.4462638771355416
13827,1,1.128,1.128,0.0,1.414,3335,1722,135.0,1.0,1.642799616294013,1.4457772812499998,1.4457772812499998,1.8123484713541664,1.2817174479166666,1.4462638771355416
13828,1,1.128,1.128,0.0,1.414,3415,1722,135.0,1.0,1.642799616294013,1.4457772812499998,1.4457772812499998,1.8123484713541664,1.2817174479166666,1.4462638771355416
13829,5,3.144,2.025,18.435,3.606,491,1725,33.69,2.0,8.213998081470065,4.02971965625,2.59547783203125,4.6218731171875,2.5634348958333333,3.2339443426774745
13830,1,1.128,1.128,0.0,1.414,775,1723,135.0,1.0,1.642799616294013,1.4457772812499998,1.4457772812499998,1.8123484713541664,1.2817174479166666,1.4462638771355416
13831,3,2.365,1.615,45.0,2.828,3244,1725,45.0,2.0,4.928398848882039,3.0312617643229167,2.069973678385417,3.624696942708333,2.5634348958333333,2.5050025163503102
13832,1,1.128,1.128,0.0,1.414,3249,1723,135.0,1.0,1.642799616294013,1.4457772812499998,1.4457772812499998,1.8123484713541664,1.2817174479166666,1.4462638771355416
13833,6,3.14,2.433,135.0,3.606,3280,1723,123.69,2.828,9.856797697764078,4.024592786458333,3.1184185507812496,4.6218731171875,3.624696942708333,3.5426085324013394
13834,4,3.676,1.385,129.69,4.243,3331,1723,135.0,2.121,6.571198465176052,4.711593338541666,1.7751786653645834,5.438327131510417,2.71852270703125,2.892527754271083
13835,3,3.385,1.128,0.0,3.162,3488,1723,161.565,1.0,4.928398848882039,4.338613561197916,1.4457772812499998,4.0527905703125,1.2817174479166666,2.5050025163503102
13836,1,1.128,1.128,0.0,1.414,435,1724,135.0,1.0,1.642799616294013,1.4457772812499998,1.4457772812499998,1.8123484713541664,1.2817174479166666,1.4462638771355416
13837,24,6.522,4.685,66.106,7.211,444,1730,56.31,5.0,39.42719079105631,8.3593611953125,6.004846243489583,9.242464516927084,6.408587239583333,7.085217064802679
13838,1,1.128,1.128,0.0,1.414,473,1724,135.0,1.0,1.642799616294013,1.4457772812499998,1.4457772812499998,1.8123484713541664,1.2817174479166666,1.4462638771355416
13839,19,6.023,4.016,32.627,7.211,506,1728,33.69,4.851,31.21319270958625,7.719784188802083,5.147377270833333,9.242464516927084,6.21761133984375,6.304118086127151
13840,21,6.022,4.44,16.637,8.544,518,1727,20.556,5.692,34.49879194217427,7.718502471354167,5.69082546875,10.950993875,7.295535713541667,6.627613691853932
13841,51,11.572,5.612,93.072,12.649,612,1736,71.565,6.0,83.78278043099466,14.832034307291666,7.192998317708334,16.212443998697914,7.690304687499999,10.32838996735036
13842,19,5.783,4.183,93.185,7.28,644,1724,105.945,4.0,31.21319270958625,7.412172001302084,5.361424084635416,9.330903020833334,5.126869791666667,6.304118086127151
13843,7,3.772,2.363,135.0,4.243,664,1724,135.0,2.828,11.499597314058091,4.834638213541666,3.0286983294270833,5.438327131510417,3.624696942708333,3.826454549076717
13844,6,3.385,2.257,90.0,3.606,716,1724,123.69,2.0,9.856797697764078,4.338613561197916,2.892836279947917,4.6218731171875,2.5634348958333333,3.5426085324013394
13845,6,3.718,2.055,0.0,4.123,3320,1725,165.964,2.0,9.856797697764078,4.765425471354167,2.63392935546875,5.284521037760417,2.5634348958333333,3.5426085324013394
13846,73,10.737,8.656,125.771,12.649,3466,1724,108.435,9.839,119.92437198946295,13.76180023828125,11.094546229166667,16.212443998697914,12.610817970052084,12.35688398296352
13847,2,2.257,1.128,90.0,2.236,371,1725,116.565,1.0,3.285599232588026,2.892836279947917,1.4457772812499998,2.865920213541667,1.2817174479166666,2.0453259898153786
13848,3,3.385,1.128,90.0,3.162,496,1725,108.435,1.0,4.928398848882039,4.338613561197916,1.4457772812499998,4.0527905703125,1.2817174479166666,2.5050025163503102
13849,1,1.128,1.128,0.0,1.414,682,1725,135.0,1.0,1.642799616294013,1.4457772812499998,1.4457772812499998,1.8123484713541664,1.2817174479166666,1.4462638771355416
13850,1,1.128,1.128,0.0,1.414,3117,1725,135.0,1.0,1.642799616294013,1.4457772812499998,1.4457772812499998,1.8123484713541664,1.2817174479166666,1.4462638771355416
13851,1,1.128,1.128,0.0,1.414,3250,1725,135.0,1.0,1.642799616294013,1.4457772812499998,1.4457772812499998,1.8123484713541664,1.2817174479166666,1.4462638771355416
13852,7,3.507,2.542,30.473,4.243,3309,1728,45.0,3.0,11.499597314058091,4.49498308984375,3.2581257526041663,5.438327131510417,3.8451523437499997,3.826454549076717
13853,20,5.653,4.505,113.172,6.708,414,1727,153.435,5.27,32.85599232588026,7.245548733072916,5.774137102864583,8.597760640625,6.7546509505208325,6.467888685354949
13854,99,13.208,9.543,169.578,19.416,428,1731,145.491,15.72,162.6371620131073,16.92892405208333,12.23142960546875,24.88582596875,20.14859828125,14.39014388490976
13855,6,4.633,1.649,129.69,5.0,557,1726,126.87,2.121,9.856797697764078,5.938196936197917,2.1135520716145835,6.408587239583333,2.71852270703125,3.5426085324013394
13856,20,8.101,3.143,70.348,8.944,574,1734,63.435,4.0,32.85599232588026,10.383193045572918,4.028437938802083,11.463680854166668,5.126869791666667,6.467888685354949
13857,8,5.343,1.906,68.645,6.325,684,1732,71.565,2.846,13.142396930352104,6.8482163242187495,2.4429534557291666,8.106862858072917,3.6477678567708334,4.090651979630757
13858,4,2.734,1.863,90.0,3.162,737,1726,108.435,2.0,6.571198465176052,3.5042155026041666,2.38783960546875,4.0527905703125,2.5634348958333333,2.892527754271083
13859,1,1.128,1.128,0.0,1.414,2969,1726,135.0,1.0,1.642799616294013,1.4457772812499998,1.4457772812499998,1.8123484713541664,1.2817174479166666,1.4462638771355416
13860,1,1.128,1.128,0.0,1.414,3021,1726,135.0,1.0,1.642799616294013,1.4457772812499998,1.4457772812499998,1.8123484713541664,1.2817174479166666,1.4462638771355416
13861,2,2.257,1.128,90.0,2.236,3231,1726,116.565,1.0,3.285599232588026,2.892836279947917,1.4457772812499998,2.865920213541667,1.2817174479166666,2.0453259898153786
13862,4,3.216,1.583,31.717,3.606,3246,1728,33.69,2.0,6.571198465176052,4.1220033125,2.028958720052083,4.6218731171875,2.5634348958333333,2.892527754271083
13863,2,2.257,1.128,0.0,2.236,451,1727,153.435,1.0,3.285599232588026,2.892836279947917,1.4457772812499998,2.865920213541667,1.2817174479166666,2.0453259898153786
13864,7,4.934,1.806,104.679,5.385,604,1727,111.801,2.0,11.499597314058091,6.3239938880208335,2.3147817109375,6.90204845703125,2.5634348958333333,3.826454549076717
13865,2,2.257,1.128,90.0,2.236,607,1727,116.565,1.0,3.285599232588026,2.892836279947917,1.4457772812499998,2.865920213541667,1.2817174479166666,2.0453259898153786
13866,3,2.365,1.615,135.0,2.828,3160,1727,135.0,2.0,4.928398848882039,3.0312617643229167,2.069973678385417,3.624696942708333,2.5634348958333333,2.5050025163503102
13867,1,1.128,1.128,0.0,1.414,3244,1727,135.0,1.0,1.642799616294013,1.4457772812499998,1.4457772812499998,1.8123484713541664,1.2817174479166666,1.4462638771355416
13868,1,1.128,1.128,0.0,1.414,3342,1727,135.0,1.0,1.642799616294013,1.4457772812499998,1.4457772812499998,1.8123484713541664,1.2817174479166666,1.4462638771355416
13869,1,1.128,1.128,0.0,1.414,660,1728,135.0,1.0,1.642799616294013,1.4457772812499998,1.4457772812499998,1.8123484713541664,1.2817174479166666,1.4462638771355416
13870,10,4.075,3.124,53.677,5.0,663,1732,36.87,3.578,16.42799616294013,5.222998600260417,4.004085307291667,6.408587239583333,4.585985028645833,4.573487949374228
13871,1,1.128,1.128,0.0,1.414,3215,1728,135.0,1.0,1.642799616294013,1.4457772812499998,1.4457772812499998,1.8123484713541664,1.2817174479166666,1.4462638771355416
13872,1,1.128,1.128,0.0,1.414,3233,1728,135.0,1.0,1.642799616294013,1.4457772812499998,1.4457772812499998,1.8123484713541664,1.2817174479166666,1.4462638771355416
13873,1,1.128,1.128,0.0,1.414,3242,1728,135.0,1.0,1.642799616294013,1.4457772812499998,1.4457772812499998,1.8123484713541664,1.2817174479166666,1.4462638771355416
13874,5,4.076,1.562,110.994,4.472,3330,1728,116.565,2.0,8.213998081470065,5.224280317708333,2.0020426536458333,5.731840427083334,2.5634348958333333,3.2339443426774745
13875,15,6.685,2.857,34.654,8.485,3376,1734,45.0,4.472,24.641994244410196,8.568281139322917,3.661866748697917,10.875372545572915,5.731840427083334,5.601355910367322
13876,4,2.734,1.863,0.0,3.162,497,1730,161.565,2.0,6.571198465176052,3.5042155026041666,2.38783960546875,4.0527905703125,2.5634348958333333,2.892527754271083
13877,6,3.14,2.433,45.0,3.606,566,1731,33.69,2.828,9.856797697764078,4.024592786458333,3.1184185507812496,4.6218731171875,3.624696942708333,3.5426085324013394
13878,1,1.128,1.128,0.0,1.414,691,1729,135.0,1.0,1.642799616294013,1.4457772812499998,1.4457772812499998,1.8123484713541664,1.2817174479166666,1.4462638771355416
13879,1,1.128,1.128,0.0,1.414,3146,1729,135.0,1.0,1.642799616294013,1.4457772812499998,1.4457772812499998,1.8123484713541664,1.2817174479166666,1.4462638771355416
13880,3,3.385,1.128,0.0,3.162,3151,1729,161.565,1.0,4.928398848882039,4.338613561197916,1.4457772812499998,4.0527905703125,1.2817174479166666,2.5050025163503102
13881,1,1.128,1.128,0.0,1.414,3230,1729,135.0,1.0,1.642799616294013,1.4457772812499998,1.4457772812499998,1.8123484713541664,1.2817174479166666,1.4462638771355416
13882,21,7.605,3.516,119.936,10.296,3312,1729,119.055,5.316,34.49879194217427,9.74746119140625,4.506518546875,13.19656284375,6.813609953125,6.627613691853932
13883,1,1.128,1.128,0.0,1.414,3816,1729,135.0,1.0,1.642799616294013,1.4457772812499998,1.4457772812499998,1.8123484713541664,1.2817174479166666,1.4462638771355416
13884,4,2.257,2.257,0.0,2.828,518,1730,135.0,2.0,6.571198465176052,2.892836279947917,2.892836279947917,3.624696942708333,2.5634348958333333,2.892527754271083
13885,30,10.551,3.62,115.018,11.662,552,1730,120.964,5.367,49.28398848882039,13.52340079296875,4.639817161458334,14.947388877604167,6.87897754296875,7.921513496120161
13886,3,3.213,1.189,151.845,3.606,647,1730,146.31,1.789,4.928398848882039,4.11815816015625,1.5239620455729168,4.6218731171875,2.2929925143229166,2.5050025163503102
13887,18,5.535,4.141,80.812,6.708,3234,1736,63.435,4.0,29.570393093292235,7.09430607421875,5.307591951822917,8.597760640625,5.126869791666667,6.135977969446135
13888,8,5.913,1.723,168.474,6.325,3238,1730,161.565,2.0,13.142396930352104,7.57879526953125,2.2083991627604167,8.106862858072917,2.5634348958333333,4.090651979630757
13889,2,2.257,1.128,90.0,2.236,451,1731,116.565,1.0,3.285599232588026,2.892836279947917,1.4457772812499998,2.865920213541667,1.2817174479166666,2.0453259898153786
13890,2,2.257,1.128,90.0,2.236,495,1731,116.565,1.0,3.285599232588026,2.892836279947917,1.4457772812499998,2.865920213541667,1.2817174479166666,2.0453259898153786
13891,11,4.384,3.195,15.071,5.0,500,1734,36.87,3.0,18.070795779234142,5.619049291666667,4.095087246093749,6.408587239583333,3.8451523437499997,4.796714628303253
13892,10,4.798,2.654,95.655,5.385,672,1731,111.801,3.0,16.42799616294013,6.149680315104167,3.401678106770833,6.90204845703125,3.8451523437499997,4.573487949374228
13893,2,2.257,1.128,0.0,2.236,736,1731,153.435,1.0,3.285599232588026,2.892836279947917,1.4457772812499998,2.865920213541667,1.2817174479166666,2.0453259898153786
13894,1,1.128,1.128,0.0,1.414,3215,1731,135.0,1.0,1.642799616294013,1.4457772812499998,1.4457772812499998,1.8123484713541664,1.2817174479166666,1.4462638771355416
13895,2,2.257,1.128,0.0,2.236,3366,1731,153.435,1.0,3.285599232588026,2.892836279947917,1.4457772812499998,2.865920213541667,1.2817174479166666,2.0453259898153786
13896,4,3.192,1.596,108.435,3.606,3437,1731,123.69,2.0,6.571198465176052,4.09124209375,2.045621046875,4.6218731171875,2.5634348958333333,2.892527754271083
13897,1,1.128,1.128,0.0,1.414,3818,1731,135.0,1.0,1.642799616294013,1.4457772812499998,1.4457772812499998,1.8123484713541664,1.2817174479166666,1.4462638771355416
13898,2,2.257,1.128,0.0,2.236,410,1732,153.435,1.0,3.285599232588026,2.892836279947917,1.4457772812499998,2.865920213541667,1.2817174479166666,2.0453259898153786
13899,9,4.571,2.507,16.275,5.831,1120,1735,30.964,3.0,14.785196546646118,5.858730454427083,3.2132656419270833,7.473694438802084,3.8451523437499997,4.338791631406624
13900,1,1.128,1.128,0.0,1.414,3283,1732,135.0,1.0,1.642799616294013,1.4457772812499998,1.4457772812499998,1.8123484713541664,1.2817174479166666,1.4462638771355416
13901,5,3.144,2.025,71.565,3.606,560,1736,56.31,2.0,8.213998081470065,4.02971965625,2.59547783203125,4.6218731171875,2.5634348958333333,3.2339443426774745
13902,10,4.187,3.041,89.284,5.385,647,1733,111.801,4.0,16.42799616294013,5.366550954427083,3.897702759114583,6.90204845703125,5.126869791666667,4.573487949374228
13903,2,2.257,1.128,0.0,2.236,2926,1733,153.435,1.0,3.285599232588026,2.892836279947917,1.4457772812499998,2.865920213541667,1.2817174479166666,2.0453259898153786
13904,12,4.514,3.385,0.0,5.0,3170,1733,143.13,3.0,19.713595395528156,5.785672559895834,4.338613561197916,6.408587239583333,3.8451523437499997,5.0100050327006205
13905,1,1.128,1.128,0.0,1.414,3258,1733,135.0,1.0,1.642799616294013,1.4457772812499998,1.4457772812499998,1.8123484713541664,1.2817174479166666,1.4462638771355416
13906,1,1.128,1.128,0.0,1.414,3350,1733,135.0,1.0,1.642799616294013,1.4457772812499998,1.4457772812499998,1.8123484713541664,1.2817174479166666,1.4462638771355416
13907,14,5.969,2.987,135.0,7.211,408,1734,123.69,4.243,22.999194628116182,7.650571446614584,3.8284900169270832,9.242464516927084,5.438327131510417,5.411423919108519
13908,3,2.365,1.615,45.0,2.828,472,1736,45.0,2.0,4.928398848882039,3.0312617643229167,2.069973678385417,3.624696942708333,2.5634348958333333,2.5050025163503102
13909,8,3.978,2.56,65.593,4.472,486,1738,63.435,3.0,13.142396930352104,5.0986720078125005,3.2811966666666668,5.731840427083334,3.8451523437499997,4.090651979630757
13910,38,10.363,4.669,141.154,12.806,492,1734,128.66,6.559,62.4263854191725,13.282437912760416,5.984338764322916,16.413673638020832,8.406784740885417,8.915369296202536
13911,1,1.128,1.128,0.0,1.414,3167,1734,135.0,1.0,1.642799616294013,1.4457772812499998,1.4457772812499998,1.8123484713541664,1.2817174479166666,1.4462638771355416
13912,2,2.257,1.128,0.0,2.236,3250,1734,153.435,1.0,3.285599232588026,2.892836279947917,1.4457772812499998,2.865920213541667,1.2817174479166666,2.0453259898153786
13913,8,4.267,2.387,142.018,5.0,3280,1734,126.87,3.536,13.142396930352104,5.469088350260417,3.059459548177083,6.408587239583333,4.532152895833334,4.090651979630757
13914,12,4.584,3.333,39.498,6.403,3309,1738,38.66,4.0,19.713595395528156,5.8753927812499995,4.27196425390625,8.206836819010416,5.126869791666667,5.0100050327006205
13915,6,4.134,1.848,102.933,4.472,3322,1734,116.565,2.0,9.856797697764078,5.298619929687501,2.36861384375,5.731840427083334,2.5634348958333333,3.5426085324013394
13916,10,4.444,2.865,63.435,5.0,3351,1738,53.13,3.0,16.42799616294013,5.695952338541667,3.67212048828125,6.408587239583333,3.8451523437499997,4.573487949374228
13917,5,3.144,2.025,108.435,3.606,503,1735,123.69,2.0,8.213998081470065,4.02971965625,2.59547783203125,4.6218731171875,2.5634348958333333,3.2339443426774745
13918,6,3.385,2.257,90.0,3.606,514,1735,123.69,2.0,9.856797697764078,4.338613561197916,2.892836279947917,4.6218731171875,2.5634348958333333,3.5426085324013394
13919,5,4.183,1.522,79.099,4.472,588,1739,63.435,2.0,8.213998081470065,5.361424084635416,1.9507739557291666,5.731840427083334,2.5634348958333333,3.2339443426774745
13920,2,2.257,1.128,0.0,2.236,609,1735,153.435,1.0,3.285599232588026,2.892836279947917,1.4457772812499998,2.865920213541667,1.2817174479166666,2.0453259898153786
13921,4,2.734,1.863,0.0,3.162,629,1735,161.565,2.0,6.571198465176052,3.5042155026041666,2.38783960546875,4.0527905703125,2.5634348958333333,2.892527754271083
13922,1,1.128,1.128,0.0,1.414,928,1735,135.0,1.0,1.642799616294013,1.4457772812499998,1.4457772812499998,1.8123484713541664,1.2817174479166666,1.4462638771355416
13923,1,1.128,1.128,0.0,1.414,3802,1735,135.0,1.0,1.642799616294013,1.4457772812499998,1.4457772812499998,1.8123484713541664,1.2817174479166666,1.4462638771355416
13924,1,1.128,1.128,0.0,1.414,475,1736,135.0,1.0,1.642799616294013,1.4457772812499998,1.4457772812499998,1.8123484713541664,1.2817174479166666,1.4462638771355416
13925,1,1.128,1.128,0.0,1.414,507,1736,135.0,1.0,1.642799616294013,1.4457772812499998,1.4457772812499998,1.8123484713541664,1.2817174479166666,1.4462638771355416
13926,1,1.128,1.128,0.0,1.414,605,1736,135.0,1.0,1.642799616294013,1.4457772812499998,1.4457772812499998,1.8123484713541664,1.2817174479166666,1.4462638771355416
13927,12,5.235,2.919,118.522,6.403,633,1736,128.66,4.025,19.713595395528156,6.70979083984375,3.74133323046875,8.206836819010416,5.158912727864584,5.0100050327006205
13928,11,4.506,3.108,149.714,5.0,3302,1736,126.87,3.578,18.070795779234142,5.7754188203125,3.983577828125,6.408587239583333,4.585985028645833,4.796714628303253
13929,1,1.128,1.128,0.0,1.414,3383,1736,135.0,1.0,1.642799616294013,1.4457772812499998,1.4457772812499998,1.8123484713541664,1.2817174479166666,1.4462638771355416
13930,14,4.909,3.631,3.676,5.831,3834,1736,149.036,4.0,22.999194628116182,6.291950951822916,4.653916053385417,7.473694438802084,5.126869791666667,5.411423919108519
13931,2,2.257,1.128,0.0,2.236,612,1737,153.435,1.0,3.285599232588026,2.892836279947917,1.4457772812499998,2.865920213541667,1.2817174479166666,2.0453259898153786
13932,5,3.086,2.063,145.901,3.606,3238,1737,123.69,2.683,8.213998081470065,3.955380044270833,2.6441830950520835,4.6218731171875,3.4388479127604166,3.2339443426774745
13933,1,1.128,1.128,0.0,1.414,3253,1737,135.0,1.0,1.642799616294013,1.4457772812499998,1.4457772812499998,1.8123484713541664,1.2817174479166666,1.4462638771355416
13934,2,2.257,1.128,0.0,2.236,3276,1737,153.435,1.0,3.285599232588026,2.892836279947917,1.4457772812499998,2.865920213541667,1.2817174479166666,2.0453259898153786
13935,4,3.192,1.596,71.565,3.606,3354,1740,56.31,2.0,6.571198465176052,4.09124209375,2.045621046875,4.6218731171875,2.5634348958333333,2.892527754271083
13936,9,4.407,2.6,18.435,5.0,3370,1740,36.87,3.0,14.785196546646118,5.64852879296875,3.3324653645833333,6.408587239583333,3.8451523437499997,4.338791631406624
13937,44,11.744,4.77,132.876,15.62,469,1740,140.194,7.496,72.28318311693657,15.052489708333333,6.1137922265624995,20.02042653645833,9.607753989583333,9.593429256606505
13938,6,3.718,2.055,0.0,4.123,479,1739,165.964,2.0,9.856797697764078,4.765425471354167,2.63392935546875,5.284521037760417,2.5634348958333333,3.5426085324013394
13939,1,1.128,1.128,0.0,1.414,499,1738,135.0,1.0,1.642799616294013,1.4457772812499998,1.4457772812499998,1.8123484713541664,1.2817174479166666,1.4462638771355416
13940,94,17.139,6.983,53.187,21.401,525,1753,37.405,10.932,154.42316393163722,21.96735533984375,8.950232938802083,27.430035102864583,14.011735140625,14.022048531397617
13941,1,1.128,1.128,0.0,1.414,547,1738,135.0,1.0,1.642799616294013,1.4457772812499998,1.4457772812499998,1.8123484713541664,1.2817174479166666,1.4462638771355416
13942,6,3.718,2.055,90.0,4.123,604,1738,104.036,2.0,9.856797697764078,4.765425471354167,2.63392935546875,5.284521037760417,2.5634348958333333,3.5426085324013394
13943,3,2.365,1.615,45.0,2.828,630,1740,45.0,2.0,4.928398848882039,3.0312617643229167,2.069973678385417,3.624696942708333,2.5634348958333333,2.5050025163503102
13944,2,2.257,1.128,0.0,2.236,650,1738,153.435,1.0,3.285599232588026,2.892836279947917,1.4457772812499998,2.865920213541667,1.2817174479166666,2.0453259898153786
13945,1,1.128,1.128,0.0,1.414,691,1738,135.0,1.0,1.642799616294013,1.4457772812499998,1.4457772812499998,1.8123484713541664,1.2817174479166666,1.4462638771355416
13946,7,3.752,2.375,90.0,4.472,3348,1738,116.565,3.0,11.499597314058091,4.809003864583333,3.0440789388020835,5.731840427083334,3.8451523437499997,3.826454549076717
13947,9,3.919,2.924,20.301,4.472,3358,1740,26.565,3.0,14.785196546646118,5.023050678385417,3.747741817708333,5.731840427083334,3.8451523437499997,4.338791631406624
13948,8,4.514,2.257,90.0,4.472,3382,1738,116.565,2.0,13.142396930352104,5.785672559895834,2.892836279947917,5.731840427083334,2.5634348958333333,4.090651979630757
13949,1,1.128,1.128,0.0,1.414,646,1739,135.0,1.0,1.642799616294013,1.4457772812499998,1.4457772812499998,1.8123484713541664,1.2817174479166666,1.4462638771355416
13950,1,1.128,1.128,0.0,1.414,2908,1739,135.0,1.0,1.642799616294013,1.4457772812499998,1.4457772812499998,1.8123484713541664,1.2817174479166666,1.4462638771355416
13951,2,2.257,1.128,90.0,2.236,3187,1739,116.565,1.0,3.285599232588026,2.892836279947917,1.4457772812499998,2.865920213541667,1.2817174479166666,2.0453259898153786
13952,3,3.213,1.189,118.155,3.606,3260,1739,123.69,1.789,4.928398848882039,4.11815816015625,1.5239620455729168,4.6218731171875,2.2929925143229166,2.5050025163503102
13953,1,1.128,1.128,0.0,1.414,3300,1739,135.0,1.0,1.642799616294013,1.4457772812499998,1.4457772812499998,1.8123484713541664,1.2817174479166666,1.4462638771355416
13954,4,2.257,2.257,0.0,2.828,640,1740,135.0,2.0,6.571198465176052,2.892836279947917,2.892836279947917,3.624696942708333,2.5634348958333333,2.892527754271083
13955,5,3.144,2.025,161.565,3.606,648,1740,146.31,2.0,8.213998081470065,4.02971965625,2.59547783203125,4.6218731171875,2.5634348958333333,3.2339443426774745
13956,15,4.765,4.008,29.086,6.403,3242,1745,51.34,5.0,24.641994244410196,6.107383639322916,5.13712353125,8.206836819010416,6.408587239583333,5.601355910367322
13957,7,4.285,2.08,127.733,5.0,3254,1740,126.87,2.828,11.499597314058091,5.4921592643229165,2.665972291666667,6.408587239583333,3.624696942708333,3.826454549076717
13958,2,2.257,1.128,90.0,2.236,3363,1740,116.565,1.0,3.285599232588026,2.892836279947917,1.4457772812499998,2.865920213541667,1.2817174479166666,2.0453259898153786
13959,2,2.257,1.128,0.0,2.236,3402,1740,153.435,1.0,3.285599232588026,2.892836279947917,1.4457772812499998,2.865920213541667,1.2817174479166666,2.0453259898153786
13960,244,26.022,11.939,70.141,30.0,3448,1764,53.13,16.318,400.8431063757392,33.3528514296875,15.302424610677082,38.4515234375,20.91506531510417,22.59136395534673
13961,1,1.128,1.128,0.0,1.414,553,1741,135.0,1.0,1.642799616294013,1.4457772812499998,1.4457772812499998,1.8123484713541664,1.2817174479166666,1.4462638771355416
13962,1,1.128,1.128,0.0,1.414,631,1741,135.0,1.0,1.642799616294013,1.4457772812499998,1.4457772812499998,1.8123484713541664,1.2817174479166666,1.4462638771355416
13963,3,2.365,1.615,135.0,2.828,3164,1741,135.0,2.0,4.928398848882039,3.0312617643229167,2.069973678385417,3.624696942708333,2.5634348958333333,2.5050025163503102
13964,5,3.144,2.025,18.435,3.606,3207,1743,33.69,2.0,8.213998081470065,4.02971965625,2.59547783203125,4.6218731171875,2.5634348958333333,3.2339443426774745
13965,33,7.101,5.917,9.007,8.544,3481,1742,159.444,6.934,54.21238733770243,9.10147559765625,7.583922139322916,10.950993875,8.887428783854167,8.308153445630097
13966,4,3.192,1.596,108.435,3.606,3838,1741,123.69,2.0,6.571198465176052,4.09124209375,2.045621046875,4.6218731171875,2.5634348958333333,2.892527754271083
13967,8,4.514,2.257,90.0,4.472,426,1742,116.565,2.0,13.142396930352104,5.785672559895834,2.892836279947917,5.731840427083334,2.5634348958333333,4.090651979630757
13968,5,4.094,1.555,45.0,5.0,520,1745,36.87,2.774,8.213998081470065,5.247351231770834,1.9930706315104165,6.408587239583333,3.555484200520833,3.2339443426774745
13969,1,1.128,1.128,0.0,1.414,617,1742,135.0,1.0,1.642799616294013,1.4457772812499998,1.4457772812499998,1.8123484713541664,1.2817174479166666,1.4462638771355416
13970,8,5.222,1.951,140.062,5.657,691,1742,135.0,2.774,13.142396930352104,6.693128513020834,2.5006307408854167,7.250675602864583,3.555484200520833,4.090651979630757
13971,6,3.718,2.055,36.87,4.243,3329,1745,45.0,2.683,9.856797697764078,4.765425471354167,2.63392935546875,5.438327131510417,3.4388479127604166,3.5426085324013394
13972,13,7.255,2.282,133.358,8.602,3403,1742,125.538,3.536,21.35639501182217,9.298860084635416,2.9248792161458335,11.025333486979166,4.532152895833334,5.214578566863546
13973,3,2.365,1.615,45.0,2.828,3410,1744,45.0,2.0,4.928398848882039,3.0312617643229167,2.069973678385417,3.624696942708333,2.5634348958333333,2.5050025163503102
13974,5,3.144,2.025,108.435,3.606,432,1743,123.69,2.0,8.213998081470065,4.02971965625,2.59547783203125,4.6218731171875,2.5634348958333333,3.2339443426774745
13975,1,1.128,1.128,0.0,1.414,457,1743,135.0,1.0,1.642799616294013,1.4457772812499998,1.4457772812499998,1.8123484713541664,1.2817174479166666,1.4462638771355416
13976,1,1.128,1.128,0.0,1.414,472,1743,135.0,1.0,1.642799616294013,1.4457772812499998,1.4457772812499998,1.8123484713541664,1.2817174479166666,1.4462638771355416
13977,1,1.128,1.128,0.0,1.414,501,1743,135.0,1.0,1.642799616294013,1.4457772812499998,1.4457772812499998,1.8123484713541664,1.2817174479166666,1.4462638771355416
13978,1,1.128,1.128,0.0,1.414,541,1743,135.0,1.0,1.642799616294013,1.4457772812499998,1.4457772812499998,1.8123484713541664,1.2817174479166666,1.4462638771355416
13979,1,1.128,1.128,0.0,1.414,621,1743,135.0,1.0,1.642799616294013,1.4457772812499998,1.4457772812499998,1.8123484713541664,1.2817174479166666,1.4462638771355416
13980,2,2.257,1.128,90.0,2.236,3023,1743,116.565,1.0,3.285599232588026,2.892836279947917,1.4457772812499998,2.865920213541667,1.2817174479166666,2.0453259898153786
13981,1,1.128,1.128,0.0,1.414,3189,1743,135.0,1.0,1.642799616294013,1.4457772812499998,1.4457772812499998,1.8123484713541664,1.2817174479166666,1.4462638771355416
13982,1,1.128,1.128,0.0,1.414,3477,1743,135.0,1.0,1.642799616294013,1.4457772812499998,1.4457772812499998,1.8123484713541664,1.2817174479166666,1.4462638771355416
13983,1,1.128,1.128,0.0,1.414,3800,1743,135.0,1.0,1.642799616294013,1.4457772812499998,1.4457772812499998,1.8123484713541664,1.2817174479166666,1.4462638771355416
13984,5,3.461,1.839,45.0,4.243,461,1747,45.0,2.683,8.213998081470065,4.436024087239583,2.35707838671875,5.438327131510417,3.4388479127604166,3.2339443426774745
13985,3,2.365,1.615,135.0,2.828,626,1744,135.0,2.0,4.928398848882039,3.0312617643229167,2.069973678385417,3.624696942708333,2.5634348958333333,2.5050025163503102
13986,4,2.257,2.257,0.0,2.828,3080,1744,135.0,2.0,6.571198465176052,2.892836279947917,2.892836279947917,3.624696942708333,2.5634348958333333,2.892527754271083
13987,2,2.596,0.981,45.0,2.828,3210,1746,45.0,1.414,3.285599232588026,3.327338494791667,1.2573648164062499,3.624696942708333,1.8123484713541664,2.0453259898153786
13988,3,2.365,1.615,135.0,2.828,3229,1744,135.0,2.0,4.928398848882039,3.0312617643229167,2.069973678385417,3.624696942708333,2.5634348958333333,2.5050025163503102
13989,1,1.128,1.128,0.0,1.414,3235,1744,135.0,1.0,1.642799616294013,1.4457772812499998,1.4457772812499998,1.8123484713541664,1.2817174479166666,1.4462638771355416
13990,3,2.365,1.615,45.0,2.828,3266,1746,45.0,2.0,4.928398848882039,3.0312617643229167,2.069973678385417,3.624696942708333,2.5634348958333333,2.5050025163503102
13991,2,2.257,1.128,0.0,2.236,689,1745,153.435,1.0,3.285599232588026,2.892836279947917,1.4457772812499998,2.865920213541667,1.2817174479166666,2.0453259898153786
13992,2,2.257,1.128,0.0,2.236,718,1745,153.435,1.0,3.285599232588026,2.892836279947917,1.4457772812499998,2.865920213541667,1.2817174479166666,2.0453259898153786
13993,1,1.128,1.128,0.0,1.414,3134,1745,135.0,1.0,1.642799616294013,1.4457772812499998,1.4457772812499998,1.8123484713541664,1.2817174479166666,1.4462638771355416
13994,2,2.257,1.128,0.0,2.236,3206,1745,153.435,1.0,3.285599232588026,2.892836279947917,1.4457772812499998,2.865920213541667,1.2817174479166666,2.0453259898153786
13995,1,1.128,1.128,0.0,1.414,3802,1745,135.0,1.0,1.642799616294013,1.4457772812499998,1.4457772812499998,1.8123484713541664,1.2817174479166666,1.4462638771355416
13996,41,9.008,5.795,164.701,12.042,465,1746,138.366,8.0,67.35478426805453,11.545710770833333,7.4275526106770835,15.4344415078125,10.253739583333333,9.26060728541019
13997,2,2.596,0.981,45.0,2.828,544,1748,45.0,1.414,3.285599232588026,3.327338494791667,1.2573648164062499,3.624696942708333,1.8123484713541664,2.0453259898153786
13998,3,2.365,1.615,45.0,2.828,3280,1748,45.0,2.0,4.928398848882039,3.0312617643229167,2.069973678385417,3.624696942708333,2.5634348958333333,2.5050025163503102
13999,2,2.257,1.128,0.0,2.236,3286,1746,153.435,1.0,3.285599232588026,2.892836279947917,1.4457772812499998,2.865920213541667,1.2817174479166666,2.0453259898153786
14000,3,2.365,1.615,135.0,2.828,3350,1746,135.0,2.0,4.928398848882039,3.0312617643229167,2.069973678385417,3.624696942708333,2.5634348958333333,2.5050025163503102
14001,8,4.276,2.382,103.106,5.099,3363,1746,101.31,3.0,13.142396930352104,5.480623807291666,3.0530509609375,6.535477266927083,3.8451523437499997,4.090651979630757
14002,4,2.257,2.257,0.0,2.828,3380,1746,135.0,2.0,6.571198465176052,2.892836279947917,2.892836279947917,3.624696942708333,2.5634348958333333,2.892527754271083
14003,36,8.551,5.36,34.343,11.314,3430,1754,45.0,6.868,59.14078618658447,10.959965897135417,6.870005520833334,14.501351205729167,8.802835432291667,8.677583262813249
14004,1,1.128,1.128,0.0,1.414,3827,1746,135.0,1.0,1.642799616294013,1.4457772812499998,1.4457772812499998,1.8123484713541664,1.2817174479166666,1.4462638771355416
14005,3,3.213,1.189,28.155,3.606,487,1749,33.69,1.789,4.928398848882039,4.11815816015625,1.5239620455729168,4.6218731171875,2.2929925143229166,2.5050025163503102
14006,4,3.216,1.583,148.283,3.606,502,1747,146.31,2.0,6.571198465176052,4.1220033125,2.028958720052083,4.6218731171875,2.5634348958333333,2.892527754271083
14007,67,14.371,5.936,19.14,17.493,544,1756,30.964,8.749,110.06757429169888,18.419561444010416,7.608274770833333,22.421083316406246,11.213745951822917,11.838180035570401
14008,1,1.128,1.128,0.0,1.414,563,1747,135.0,1.0,1.642799616294013,1.4457772812499998,1.4457772812499998,1.8123484713541664,1.2817174479166666,1.4462638771355416
14009,2,2.257,1.128,90.0,2.236,595,1747,116.565,1.0,3.285599232588026,2.892836279947917,1.4457772812499998,2.865920213541667,1.2817174479166666,2.0453259898153786
14010,6,3.718,2.055,168.76,4.472,786,1748,153.435,2.846,9.856797697764078,4.765425471354167,2.63392935546875,5.731840427083334,3.6477678567708334,3.5426085324013394
14011,1,1.128,1.128,0.0,1.414,3184,1747,135.0,1.0,1.642799616294013,1.4457772812499998,1.4457772812499998,1.8123484713541664,1.2817174479166666,1.4462638771355416
14012,3,2.365,1.615,45.0,2.828,3230,1749,45.0,2.0,4.928398848882039,3.0312617643229167,2.069973678385417,3.624696942708333,2.5634348958333333,2.5050025163503102
14013,12,5.241,2.915,167.443,6.403,3415,1747,141.34,4.0,19.713595395528156,6.7174811445312494,3.7362063606770834,8.206836819010416,5.126869791666667,5.0100050327006205
14014,1,1.128,1.128,0.0,1.414,410,1748,135.0,1.0,1.642799616294013,1.4457772812499998,1.4457772812499998,1.8123484713541664,1.2817174479166666,1.4462638771355416
14015,4,2.257,2.257,0.0,2.828,540,1748,135.0,2.0,6.571198465176052,2.892836279947917,2.892836279947917,3.624696942708333,2.5634348958333333,2.892527754271083
14016,6,4.134,1.848,12.933,4.472,568,1750,26.565,2.0,9.856797697764078,5.298619929687501,2.36861384375,5.731840427083334,2.5634348958333333,3.5426085324013394
14017,15,8.176,2.336,178.585,9.22,3285,1749,167.471,3.0,24.641994244410196,10.479321854166667,2.994091958333333,11.817434869791667,3.8451523437499997,5.601355910367322
14018,13,5.498,3.011,138.981,7.071,511,1749,135.0,4.243,21.35639501182217,7.046882528645834,3.8592512356770836,9.063024074218749,5.438327131510417,5.214578566863546
14019,1,1.128,1.128,0.0,1.414,647,1749,135.0,1.0,1.642799616294013,1.4457772812499998,1.4457772812499998,1.8123484713541664,1.2817174479166666,1.4462638771355416
14020,1,1.128,1.128,0.0,1.414,3152,1749,135.0,1.0,1.642799616294013,1.4457772812499998,1.4457772812499998,1.8123484713541664,1.2817174479166666,1.4462638771355416
14021,2,2.257,1.128,0.0,2.236,3154,1749,153.435,1.0,3.285599232588026,2.892836279947917,1.4457772812499998,2.865920213541667,1.2817174479166666,2.0453259898153786
14022,1,1.128,1.128,0.0,1.414,328,1750,135.0,1.0,1.642799616294013,1.4457772812499998,1.4457772812499998,1.8123484713541664,1.2817174479166666,1.4462638771355416
14023,129,14.304,11.483,68.013,22.804,488,1772,74.745,16.8,211.92115050192768,18.333686375,14.717961454427083,29.228284682291665,21.532853125,16.426400004188977
14024,4,2.257,2.257,0.0,2.828,497,1750,135.0,2.0,6.571198465176052,2.892836279947917,2.892836279947917,3.624696942708333,2.5634348958333333,2.892527754271083
14025,8,4.514,2.257,90.0,4.472,504,1750,116.565,2.0,13.142396930352104,5.785672559895834,2.892836279947917,5.731840427083334,2.5634348958333333,4.090651979630757
14026,12,4.697,3.253,151.174,5.657,580,1750,135.0,4.0,19.713595395528156,6.0202268528645835,4.169426858072916,7.250675602864583,5.126869791666667,5.0100050327006205
14027,17,6.541,3.309,94.308,6.708,591,1750,116.565,3.0,27.927593476998222,8.383713826822916,4.24120303515625,8.597760640625,3.8451523437499997,5.963098727945161
14028,3,2.365,1.615,45.0,2.828,3228,1752,45.0,2.0,4.928398848882039,3.0312617643229167,2.069973678385417,3.624696942708333,2.5634348958333333,2.5050025163503102
14029,7,4.35,2.049,87.957,4.472,3344,1750,116.565,2.0,11.499597314058091,5.5754708984375,2.62623905078125,5.731840427083334,2.5634348958333333,3.826454549076717
14030,37,11.863,3.971,167.036,13.0,3376,1751,157.38,5.578,60.783585802878484,15.205014084635415,5.0896999856770835,16.662326822916665,7.149419924479167,8.7972797207639
14031,10,4.444,2.865,63.435,5.0,3391,1754,53.13,3.0,16.42799616294013,5.695952338541667,3.67212048828125,6.408587239583333,3.8451523437499997,4.573487949374228
14032,1,1.128,1.128,0.0,1.414,553,1751,135.0,1.0,1.642799616294013,1.4457772812499998,1.4457772812499998,1.8123484713541664,1.2817174479166666,1.4462638771355416
14033,1,1.128,1.128,0.0,1.414,588,1751,135.0,1.0,1.642799616294013,1.4457772812499998,1.4457772812499998,1.8123484713541664,1.2817174479166666,1.4462638771355416
14034,2,2.257,1.128,0.0,2.236,672,1751,153.435,1.0,3.285599232588026,2.892836279947917,1.4457772812499998,2.865920213541667,1.2817174479166666,2.0453259898153786
14035,3,2.365,1.615,45.0,2.828,3147,1753,45.0,2.0,4.928398848882039,3.0312617643229167,2.069973678385417,3.624696942708333,2.5634348958333333,2.5050025163503102
14036,1,1.128,1.128,0.0,1.414,3267,1751,135.0,1.0,1.642799616294013,1.4457772812499998,1.4457772812499998,1.8123484713541664,1.2817174479166666,1.4462638771355416
14037,8,4.417,2.306,156.038,5.657,3278,1751,135.0,3.162,13.142396930352104,5.661345967447916,2.9556404348958334,7.250675602864583,4.0527905703125,4.090651979630757
14038,4,4.514,1.128,0.0,4.123,3330,1751,165.964,1.0,6.571198465176052,5.785672559895834,1.4457772812499998,5.284521037760417,1.2817174479166666,2.892527754271083
14039,8,3.726,2.734,0.0,4.472,480,1753,153.435,3.0,13.142396930352104,4.7756792109375,3.5042155026041666,5.731840427083334,3.8451523437499997,4.090651979630757
14040,3,3.385,1.128,90.0,3.162,517,1752,108.435,1.0,4.928398848882039,4.338613561197916,1.4457772812499998,4.0527905703125,1.2817174479166666,2.5050025163503102
14041,1,1.128,1.128,0.0,1.414,3169,1752,135.0,1.0,1.642799616294013,1.4457772812499998,1.4457772812499998,1.8123484713541664,1.2817174479166666,1.4462638771355416
14042,2,2.257,1.128,90.0,2.236,3207,1752,116.565,1.0,3.285599232588026,2.892836279947917,1.4457772812499998,2.865920213541667,1.2817174479166666,2.0453259898153786
14043,9,5.173,2.215,126.299,5.831,3245,1752,120.964,3.051,14.785196546646118,6.630324358072917,2.8390041471354164,7.473694438802084,3.91051993359375,4.338791631406624
14044,9,4.005,2.861,54.217,5.657,3364,1756,45.0,4.0,14.785196546646118,5.13327837890625,3.6669936184895837,7.250675602864583,5.126869791666667,4.338791631406624
14045,1,1.128,1.128,0.0,1.414,3515,1752,135.0,1.0,1.642799616294013,1.4457772812499998,1.4457772812499998,1.8123484713541664,1.2817174479166666,1.4462638771355416
14046,1,1.128,1.128,0.0,1.414,501,1753,135.0,1.0,1.642799616294013,1.4457772812499998,1.4457772812499998,1.8123484713541664,1.2817174479166666,1.4462638771355416
14047,21,6.187,4.321,177.328,8.544,522,1755,159.444,6.0,34.49879194217427,7.929985850260417,5.538301092447917,10.950993875,7.690304687499999,6.627613691853932
14048,27,7.698,4.466,78.455,8.944,556,1762,63.435,5.0,44.35558963993835,9.8666609140625,5.724150122395834,11.463680854166668,6.408587239583333,7.515007549050931
14049,13,6.327,2.616,29.882,6.708,3263,1757,26.565,3.328,21.35639501182217,8.10942629296875,3.35297284375,8.597760640625,4.265555666666667,5.214578566863546
14050,3,2.365,1.615,135.0,2.828,3641,1754,135.0,2.0,4.928398848882039,3.0312617643229167,2.069973678385417,3.624696942708333,2.5634348958333333,2.5050025163503102
14051,22,7.258,3.86,47.35,8.944,464,1763,63.435,4.95,36.141591558468285,9.302705236979167,4.947429348958333,11.463680854166668,6.3445013671875,6.78357888217988
14052,13,5.808,2.85,175.142,6.325,476,1756,161.565,3.0,21.35639501182217,7.4442149375,3.6528947265625002,8.106862858072917,3.8451523437499997,5.214578566863546
14053,5,4.409,1.444,40.735,5.0,502,1758,36.87,2.121,8.213998081470065,5.6510922278645825,1.8507999947916665,6.408587239583333,2.71852270703125,3.2339443426774745
14054,2,2.257,1.128,90.0,2.236,627,1755,116.565,1.0,3.285599232588026,2.892836279947917,1.4457772812499998,2.865920213541667,1.2817174479166666,2.0453259898153786
14055,1,1.128,1.128,0.0,1.414,866,1755,135.0,1.0,1.642799616294013,1.4457772812499998,1.4457772812499998,1.8123484713541664,1.2817174479166666,1.4462638771355416
14056,1,1.128,1.128,0.0,1.414,1211,1755,135.0,1.0,1.642799616294013,1.4457772812499998,1.4457772812499998,1.8123484713541664,1.2817174479166666,1.4462638771355416
14057,1,1.128,1.128,0.0,1.414,3128,1755,135.0,1.0,1.642799616294013,1.4457772812499998,1.4457772812499998,1.8123484713541664,1.2817174479166666,1.4462638771355416
14058,3,3.385,1.128,0.0,3.162,3147,1755,161.565,1.0,4.928398848882039,4.338613561197916,1.4457772812499998,4.0527905703125,1.2817174479166666,2.5050025163503102
14059,2,2.257,1.128,0.0,2.236,3378,1755,153.435,1.0,3.285599232588026,2.892836279947917,1.4457772812499998,2.865920213541667,1.2817174479166666,2.0453259898153786
14060,1,1.128,1.128,0.0,1.414,3839,1755,135.0,1.0,1.642799616294013,1.4457772812499998,1.4457772812499998,1.8123484713541664,1.2817174479166666,1.4462638771355416
14061,5,3.144,2.025,71.565,3.606,383,1759,56.31,2.0,8.213998081470065,4.02971965625,2.59547783203125,4.6218731171875,2.5634348958333333,3.2339443426774745
14062,13,4.806,3.444,146.652,5.657,510,1756,135.0,4.0,21.35639501182217,6.1599340546875,4.414234890625,7.250675602864583,5.126869791666667,5.214578566863546
14063,1,1.128,1.128,0.0,1.414,533,1756,135.0,1.0,1.642799616294013,1.4457772812499998,1.4457772812499998,1.8123484713541664,1.2817174479166666,1.4462638771355416
14064,34,8.185,5.289,36.514,10.0,572,1764,53.13,7.028,55.855186953996444,10.490857311197917,6.779003582031249,12.817174479166667,9.007910223958332,8.433095094829797
14065,2,2.596,0.981,45.0,2.828,764,1758,45.0,1.414,3.285599232588026,3.327338494791667,1.2573648164062499,3.624696942708333,1.8123484713541664,2.0453259898153786
14066,1,1.128,1.128,0.0,1.414,3253,1756,135.0,1.0,1.642799616294013,1.4457772812499998,1.4457772812499998,1.8123484713541664,1.2817174479166666,1.4462638771355416
14067,2,2.257,1.128,0.0,2.236,3272,1756,153.435,1.0,3.285599232588026,2.892836279947917,1.4457772812499998,2.865920213541667,1.2817174479166666,2.0453259898153786
14068,1,1.128,1.128,0.0,1.414,3297,1756,135.0,1.0,1.642799616294013,1.4457772812499998,1.4457772812499998,1.8123484713541664,1.2817174479166666,1.4462638771355416
14069,2,2.257,1.128,0.0,2.236,3394,1756,153.435,1.0,3.285599232588026,2.892836279947917,1.4457772812499998,2.865920213541667,1.2817174479166666,2.0453259898153786
14070,1,1.128,1.128,0.0,1.414,409,1757,135.0,1.0,1.642799616294013,1.4457772812499998,1.4457772812499998,1.8123484713541664,1.2817174479166666,1.4462638771355416
14071,3,2.365,1.615,45.0,2.828,461,1759,45.0,2.0,4.928398848882039,3.0312617643229167,2.069973678385417,3.624696942708333,2.5634348958333333,2.5050025163503102
14072,2,2.257,1.128,0.0,2.236,519,1757,153.435,1.0,3.285599232588026,2.892836279947917,1.4457772812499998,2.865920213541667,1.2817174479166666,2.0453259898153786
14073,3,2.365,1.615,135.0,2.828,537,1757,135.0,2.0,4.928398848882039,3.0312617643229167,2.069973678385417,3.624696942708333,2.5634348958333333,2.5050025163503102
14074,1,1.128,1.128,0.0,1.414,569,1757,135.0,1.0,1.642799616294013,1.4457772812499998,1.4457772812499998,1.8123484713541664,1.2817174479166666,1.4462638771355416
14075,1,1.128,1.128,0.0,1.414,886,1757,135.0,1.0,1.642799616294013,1.4457772812499998,1.4457772812499998,1.8123484713541664,1.2817174479166666,1.4462638771355416
14076,3,2.365,1.615,45.0,2.828,3436,1759,45.0,2.0,4.928398848882039,3.0312617643229167,2.069973678385417,3.624696942708333,2.5634348958333333,2.5050025163503102
14077,11,4.638,3.02,131.264,5.657,532,1758,135.0,4.0,18.070795779234142,5.9446055234375,3.870786692708333,7.250675602864583,5.126869791666667,4.796714628303253
14078,4,2.257,2.257,0.0,2.828,585,1758,135.0,2.0,6.571198465176052,2.892836279947917,2.892836279947917,3.624696942708333,2.5634348958333333,2.892527754271083
14079,1,1.128,1.128,0.0,1.414,625,1758,135.0,1.0,1.642799616294013,1.4457772812499998,1.4457772812499998,1.8123484713541664,1.2817174479166666,1.4462638771355416
14080,1,1.128,1.128,0.0,1.414,671,1758,135.0,1.0,1.642799616294013,1.4457772812499998,1.4457772812499998,1.8123484713541664,1.2817174479166666,1.4462638771355416
14081,2,2.257,1.128,0.0,2.236,710,1758,153.435,1.0,3.285599232588026,2.892836279947917,1.4457772812499998,2.865920213541667,1.2817174479166666,2.0453259898153786
14082,3,2.365,1.615,45.0,2.828,870,1760,45.0,2.0,4.928398848882039,3.0312617643229167,2.069973678385417,3.624696942708333,2.5634348958333333,2.5050025163503102
14083,1,1.128,1.128,0.0,1.414,3217,1758,135.0,1.0,1.642799616294013,1.4457772812499998,1.4457772812499998,1.8123484713541664,1.2817174479166666,1.4462638771355416
14084,17,8.061,2.685,24.218,8.944,3290,1763,26.565,4.457,27.927593476998222,10.33192434765625,3.44141134765625,11.463680854166668,5.712614665364583,5.963098727945161
14085,2,2.257,1.128,90.0,2.236,3310,1758,116.565,1.0,3.285599232588026,2.892836279947917,1.4457772812499998,2.865920213541667,1.2817174479166666,2.0453259898153786
14086,2,2.257,1.128,90.0,2.236,3426,1758,116.565,1.0,3.285599232588026,2.892836279947917,1.4457772812499998,2.865920213541667,1.2817174479166666,2.0453259898153786
14087,1,1.128,1.128,0.0,1.414,284,1759,135.0,1.0,1.642799616294013,1.4457772812499998,1.4457772812499998,1.8123484713541664,1.2817174479166666,1.4462638771355416
14088,13,4.837,3.422,60.009,6.403,412,1764,51.34,5.0,21.35639501182217,6.199667295572916,4.386037106770833,8.206836819010416,6.408587239583333,5.214578566863546
14089,2,2.257,1.128,90.0,2.236,479,1759,116.565,1.0,3.285599232588026,2.892836279947917,1.4457772812499998,2.865920213541667,1.2817174479166666,2.0453259898153786
14090,3,2.365,1.615,135.0,2.828,888,1759,135.0,2.0,4.928398848882039,3.0312617643229167,2.069973678385417,3.624696942708333,2.5634348958333333,2.5050025163503102
14091,1,1.128,1.128,0.0,1.414,3363,1759,135.0,1.0,1.642799616294013,1.4457772812499998,1.4457772812499998,1.8123484713541664,1.2817174479166666,1.4462638771355416
14092,14,4.639,3.843,16.236,5.657,472,1764,45.0,4.0,22.999194628116182,5.945887240885416,4.92564015234375,7.250675602864583,5.126869791666667,5.411423919108519
14093,3,3.385,1.128,90.0,3.162,509,1760,108.435,1.0,4.928398848882039,4.338613561197916,1.4457772812499998,4.0527905703125,1.2817174479166666,2.5050025163503102
14094,3,2.365,1.615,135.0,2.828,596,1760,135.0,2.0,4.928398848882039,3.0312617643229167,2.069973678385417,3.624696942708333,2.5634348958333333,2.5050025163503102
14095,1,1.128,1.128,0.0,1.414,694,1760,135.0,1.0,1.642799616294013,1.4457772812499998,1.4457772812499998,1.8123484713541664,1.2817174479166666,1.4462638771355416
14096,5,3.732,1.706,174.848,4.123,3224,1761,165.964,2.0,8.213998081470065,4.783369515625,2.1866099661458334,5.284521037760417,2.5634348958333333,3.2339443426774745
14097,4,3.969,1.283,17.609,4.472,3310,1762,26.565,1.897,6.571198465176052,5.08713655078125,1.644443485677083,5.731840427083334,2.4314179986979165,2.892527754271083
14098,2,2.257,1.128,90.0,2.236,3485,1760,116.565,1.0,3.285599232588026,2.892836279947917,1.4457772812499998,2.865920213541667,1.2817174479166666,2.0453259898153786
14099,1,1.128,1.128,0.0,1.414,3549,1760,135.0,1.0,1.642799616294013,1.4457772812499998,1.4457772812499998,1.8123484713541664,1.2817174479166666,1.4462638771355416
14100,1,1.128,1.128,0.0,1.414,408,1761,135.0,1.0,1.642799616294013,1.4457772812499998,1.4457772812499998,1.8123484713541664,1.2817174479166666,1.4462638771355416
14101,1,1.128,1.128,0.0,1.414,530,1761,135.0,1.0,1.642799616294013,1.4457772812499998,1.4457772812499998,1.8123484713541664,1.2817174479166666,1.4462638771355416
14102,1,1.128,1.128,0.0,1.414,538,1761,135.0,1.0,1.642799616294013,1.4457772812499998,1.4457772812499998,1.8123484713541664,1.2817174479166666,1.4462638771355416
14103,15,4.954,3.855,124.23,5.831,610,1762,149.036,4.743,24.641994244410196,6.349628236979166,4.94102076171875,7.473694438802084,6.07918585546875,5.601355910367322
14104,30,6.832,5.591,116.198,9.434,673,1761,122.005,7.0,49.28398848882039,8.756693604166665,7.166082251302083,12.091722403645832,8.972022135416667,7.921513496120161
14105,1,1.128,1.128,0.0,1.414,861,1761,135.0,1.0,1.642799616294013,1.4457772812499998,1.4457772812499998,1.8123484713541664,1.2817174479166666,1.4462638771355416
14106,30,8.328,4.586,75.339,9.849,448,1771,66.038,5.0,49.28398848882039,10.67414290625,5.877956216145834,12.62363514453125,6.408587239583333,7.921513496120161
14107,7,3.644,2.446,157.5,4.472,480,1763,153.435,3.0,11.499597314058091,4.670578380208333,3.135080877604167,5.731840427083334,3.8451523437499997,3.826454549076717
14108,4,2.734,1.863,90.0,3.162,549,1762,108.435,2.0,6.571198465176052,3.5042155026041666,2.38783960546875,4.0527905703125,2.5634348958333333,2.892527754271083
14109,1,1.128,1.128,0.0,1.414,605,1762,135.0,1.0,1.642799616294013,1.4457772812499998,1.4457772812499998,1.8123484713541664,1.2817174479166666,1.4462638771355416
14110,27,7.938,4.331,127.15,11.314,626,1762,135.0,7.766,44.35558963993835,10.1742731015625,5.551118266927084,14.501351205729167,9.953817700520833,7.515007549050931
14111,4,2.257,2.257,0.0,2.828,3322,1762,135.0,2.0,6.571198465176052,2.892836279947917,2.892836279947917,3.624696942708333,2.5634348958333333,2.892527754271083
14112,11,6.62,2.116,90.488,6.325,3326,1762,108.435,2.0,18.070795779234142,8.484969505208333,2.712114119791667,8.106862858072917,2.5634348958333333,4.796714628303253
14113,3,2.365,1.615,135.0,2.828,3338,1762,135.0,2.0,4.928398848882039,3.0312617643229167,2.069973678385417,3.624696942708333,2.5634348958333333,2.5050025163503102
14114,10,4.184,3.043,67.737,5.657,3426,1766,45.0,4.0,16.42799616294013,5.362705802083333,3.900266194010417,7.250675602864583,5.126869791666667,4.573487949374228
14115,3,2.365,1.615,45.0,2.828,3434,1764,45.0,2.0,4.928398848882039,3.0312617643229167,2.069973678385417,3.624696942708333,2.5634348958333333,2.5050025163503102
14116,2,2.596,0.981,45.0,2.828,385,1765,45.0,1.414,3.285599232588026,3.327338494791667,1.2573648164062499,3.624696942708333,1.8123484713541664,2.0453259898153786
14117,1,1.128,1.128,0.0,1.414,399,1763,135.0,1.0,1.642799616294013,1.4457772812499998,1.4457772812499998,1.8123484713541664,1.2817174479166666,1.4462638771355416
14118,3,2.365,1.615,135.0,2.828,468,1763,135.0,2.0,4.928398848882039,3.0312617643229167,2.069973678385417,3.624696942708333,2.5634348958333333,2.5050025163503102
14119,4,3.192,1.596,18.435,3.606,503,1765,33.69,2.0,6.571198465176052,4.09124209375,2.045621046875,4.6218731171875,2.5634348958333333,2.892527754271083
14120,24,5.841,5.232,3.976,7.211,514,1764,146.31,6.0,39.42719079105631,7.48651161328125,6.7059456875,9.242464516927084,7.690304687499999,7.085217064802679
14121,1,1.128,1.128,0.0,1.414,713,1763,135.0,1.0,1.642799616294013,1.4457772812499998,1.4457772812499998,1.8123484713541664,1.2817174479166666,1.4462638771355416
14122,3,2.365,1.615,45.0,2.828,814,1765,45.0,2.0,4.928398848882039,3.0312617643229167,2.069973678385417,3.624696942708333,2.5634348958333333,2.5050025163503102
14123,1,1.128,1.128,0.0,1.414,3178,1763,135.0,1.0,1.642799616294013,1.4457772812499998,1.4457772812499998,1.8123484713541664,1.2817174479166666,1.4462638771355416
14124,1,1.128,1.128,0.0,1.414,381,1764,135.0,1.0,1.642799616294013,1.4457772812499998,1.4457772812499998,1.8123484713541664,1.2817174479166666,1.4462638771355416
14125,78,14.441,6.877,111.973,19.723,455,1764,120.466,10.956,128.138370070933,18.509281665364583,8.814370889322916,25.279313225260413,14.042496359374999,12.77305671246926
14126,4,2.257,2.257,0.0,2.828,568,1764,135.0,2.0,6.571198465176052,2.892836279947917,2.892836279947917,3.624696942708333,2.5634348958333333,2.892527754271083
14127,5,3.144,2.025,71.565,3.606,684,1767,56.31,2.0,8.213998081470065,4.02971965625,2.59547783203125,4.6218731171875,2.5634348958333333,3.2339443426774745
14128,9,4.204,2.726,35.783,5.0,3379,1767,36.87,3.0,14.785196546646118,5.388340151041667,3.4939617630208333,6.408587239583333,3.8451523437499997,4.338791631406624
14129,3,2.365,1.615,135.0,2.828,3431,1764,135.0,2.0,4.928398848882039,3.0312617643229167,2.069973678385417,3.624696942708333,2.5634348958333333,2.5050025163503102
14130,2,2.257,1.128,0.0,2.236,545,1765,153.435,1.0,3.285599232588026,2.892836279947917,1.4457772812499998,2.865920213541667,1.2817174479166666,2.0453259898153786
14131,2,2.257,1.128,0.0,2.236,694,1765,153.435,1.0,3.285599232588026,2.892836279947917,1.4457772812499998,2.865920213541667,1.2817174479166666,2.0453259898153786
14132,11,6.742,2.077,165.222,6.708,3266,1765,153.435,2.668,18.070795779234142,8.641339033854166,2.6621271393229167,8.597760640625,3.4196221510416667,4.796714628303253
14133,4,3.216,1.583,121.717,3.606,3338,1765,123.69,2.0,6.571198465176052,4.1220033125,2.028958720052083,4.6218731171875,2.5634348958333333,2.892527754271083
14134,19,7.168,3.375,112.902,8.485,3386,1765,135.0,4.919,31.21319270958625,9.187350666666667,4.32579638671875,10.875372545572915,6.304768126302083,6.304118086127151
14135,4,2.257,2.257,0.0,2.828,3548,1765,135.0,2.0,6.571198465176052,2.892836279947917,2.892836279947917,3.624696942708333,2.5634348958333333,2.892527754271083
14136,1,1.128,1.128,0.0,1.414,3577,1765,135.0,1.0,1.642799616294013,1.4457772812499998,1.4457772812499998,1.8123484713541664,1.2817174479166666,1.4462638771355416
14137,1,1.128,1.128,0.0,1.414,325,1766,135.0,1.0,1.642799616294013,1.4457772812499998,1.4457772812499998,1.8123484713541664,1.2817174479166666,1.4462638771355416
14138,1,1.128,1.128,0.0,1.414,479,1766,135.0,1.0,1.642799616294013,1.4457772812499998,1.4457772812499998,1.8123484713541664,1.2817174479166666,1.4462638771355416
14139,1,1.128,1.128,0.0,1.414,535,1766,135.0,1.0,1.642799616294013,1.4457772812499998,1.4457772812499998,1.8123484713541664,1.2817174479166666,1.4462638771355416
14140,1,1.128,1.128,0.0,1.414,593,1766,135.0,1.0,1.642799616294013,1.4457772812499998,1.4457772812499998,1.8123484713541664,1.2817174479166666,1.4462638771355416
14141,3,2.365,1.615,45.0,2.828,614,1768,45.0,2.0,4.928398848882039,3.0312617643229167,2.069973678385417,3.624696942708333,2.5634348958333333,2.5050025163503102
14142,3,2.365,1.615,135.0,2.828,653,1766,135.0,2.0,4.928398848882039,3.0312617643229167,2.069973678385417,3.624696942708333,2.5634348958333333,2.5050025163503102
14143,1,1.128,1.128,0.0,1.414,769,1766,135.0,1.0,1.642799616294013,1.4457772812499998,1.4457772812499998,1.8123484713541664,1.2817174479166666,1.4462638771355416
14144,31,8.242,4.789,135.0,11.18,3295,1766,116.565,7.211,50.926788105114404,10.563915205729167,6.138144858072916,14.329601067708333,9.242464516927084,8.052456474363645
14145,23,7.648,3.829,62.748,8.485,466,1774,45.0,4.919,37.7843911747623,9.802575041666666,4.9076961080729165,10.875372545572915,6.304768126302083,6.936037892995103
14146,2,2.257,1.128,0.0,2.236,529,1767,153.435,1.0,3.285599232588026,2.892836279947917,1.4457772812499998,2.865920213541667,1.2817174479166666,2.0453259898153786
14147,11,4.879,2.87,58.283,5.657,594,1772,45.0,3.795,18.070795779234142,6.253499428385416,3.6785290755208333,7.250675602864583,4.86411771484375,4.796714628303253
14148,1,1.128,1.128,0.0,1.414,642,1767,135.0,1.0,1.642799616294013,1.4457772812499998,1.4457772812499998,1.8123484713541664,1.2817174479166666,1.4462638771355416
14149,1,1.128,1.128,0.0,1.414,815,1767,135.0,1.0,1.642799616294013,1.4457772812499998,1.4457772812499998,1.8123484713541664,1.2817174479166666,1.4462638771355416
14150,4,2.257,2.257,0.0,2.828,829,1767,135.0,2.0,6.571198465176052,2.892836279947917,2.892836279947917,3.624696942708333,2.5634348958333333,2.892527754271083
14151,1,1.128,1.128,0.0,1.414,839,1767,135.0,1.0,1.642799616294013,1.4457772812499998,1.4457772812499998,1.8123484713541664,1.2817174479166666,1.4462638771355416
14152,14,6.539,2.726,66.106,8.062,3100,1774,60.255,3.795,22.999194628116182,8.381150391927083,3.4939617630208333,10.333206065104166,4.86411771484375,5.411423919108519
14153,1,1.128,1.128,0.0,1.414,3733,1767,135.0,1.0,1.642799616294013,1.4457772812499998,1.4457772812499998,1.8123484713541664,1.2817174479166666,1.4462638771355416
14154,5,4.183,1.522,100.901,4.472,483,1768,116.565,2.0,8.213998081470065,5.361424084635416,1.9507739557291666,5.731840427083334,2.5634348958333333,3.2339443426774745
14155,27,7.456,4.611,173.284,9.22,509,1773,12.529,6.0,44.35558963993835,9.556485291666666,5.909999152343749,11.817434869791667,7.690304687499999,7.515007549050931
14156,4,2.257,2.257,0.0,2.828,542,1768,135.0,2.0,6.571198465176052,2.892836279947917,2.892836279947917,3.624696942708333,2.5634348958333333,2.892527754271083
14157,7,4.594,1.94,81.323,5.385,618,1773,68.199,2.0,11.499597314058091,5.888209955729167,2.4865318489583332,6.90204845703125,2.5634348958333333,3.826454549076717
14158,8,5.191,1.962,135.0,5.657,690,1768,135.0,2.828,13.142396930352104,6.653395272135416,2.5147296328124997,7.250675602864583,3.624696942708333,4.090651979630757
14159,3,2.365,1.615,135.0,2.828,3000,1768,135.0,2.0,4.928398848882039,3.0312617643229167,2.069973678385417,3.624696942708333,2.5634348958333333,2.5050025163503102
14160,2,2.257,1.128,90.0,2.236,3165,1768,116.565,1.0,3.285599232588026,2.892836279947917,1.4457772812499998,2.865920213541667,1.2817174479166666,2.0453259898153786
14161,6,3.909,1.954,116.565,5.0,3367,1768,126.87,3.0,9.856797697764078,5.0102335039062496,2.5044758932291664,6.408587239583333,3.8451523437499997,3.5426085324013394
14162,4,2.257,2.257,0.0,2.828,3402,1768,135.0,2.0,6.571198465176052,2.892836279947917,2.892836279947917,3.624696942708333,2.5634348958333333,2.892527754271083
14163,1,1.128,1.128,0.0,1.414,3405,1768,135.0,1.0,1.642799616294013,1.4457772812499998,1.4457772812499998,1.8123484713541664,1.2817174479166666,1.4462638771355416
14164,23,6.33,4.627,31.334,8.544,472,1772,20.556,5.578,37.7843911747623,8.1132714453125,5.930506631510417,10.950993875,7.149419924479167,6.936037892995103
14165,1,1.128,1.128,0.0,1.414,530,1769,135.0,1.0,1.642799616294013,1.4457772812499998,1.4457772812499998,1.8123484713541664,1.2817174479166666,1.4462638771355416
14166,2,2.257,1.128,0.0,2.236,900,1769,153.435,1.0,3.285599232588026,2.892836279947917,1.4457772812499998,2.865920213541667,1.2817174479166666,2.0453259898153786
14167,2,2.257,1.128,0.0,2.236,3153,1769,153.435,1.0,3.285599232588026,2.892836279947917,1.4457772812499998,2.865920213541667,1.2817174479166666,2.0453259898153786
14168,2,2.596,0.981,135.0,2.828,3268,1769,135.0,1.414,3.285599232588026,3.327338494791667,1.2573648164062499,3.624696942708333,1.8123484713541664,2.0453259898153786
14169,1,1.128,1.128,0.0,1.414,3276,1769,135.0,1.0,1.642799616294013,1.4457772812499998,1.4457772812499998,1.8123484713541664,1.2817174479166666,1.4462638771355416
14170,1,1.128,1.128,0.0,1.414,3318,1769,135.0,1.0,1.642799616294013,1.4457772812499998,1.4457772812499998,1.8123484713541664,1.2817174479166666,1.4462638771355416
14171,2,2.257,1.128,0.0,2.236,3354,1769,153.435,1.0,3.285599232588026,2.892836279947917,1.4457772812499998,2.865920213541667,1.2817174479166666,2.0453259898153786
14172,1,1.128,1.128,0.0,1.414,3379,1769,135.0,1.0,1.642799616294013,1.4457772812499998,1.4457772812499998,1.8123484713541664,1.2817174479166666,1.4462638771355416
14173,1,1.128,1.128,0.0,1.414,3449,1769,135.0,1.0,1.642799616294013,1.4457772812499998,1.4457772812499998,1.8123484713541664,1.2817174479166666,1.4462638771355416
14174,2,2.596,0.981,45.0,2.828,20,1772,45.0,1.414,3.285599232588026,3.327338494791667,1.2573648164062499,3.624696942708333,1.8123484713541664,2.0453259898153786
14175,3,3.385,1.128,90.0,3.162,497,1770,108.435,1.0,4.928398848882039,4.338613561197916,1.4457772812499998,4.0527905703125,1.2817174479166666,2.5050025163503102
14176,2,2.596,0.981,45.0,2.828,506,1772,45.0,1.414,3.285599232588026,3.327338494791667,1.2573648164062499,3.624696942708333,1.8123484713541664,2.0453259898153786
14177,67,11.539,7.393,12.467,13.601,579,1778,36.027,10.0,110.06757429169888,14.789737631510416,9.475737092447917,17.432639009114585,12.817174479166667,11.838180035570401
14178,1,1.128,1.128,0.0,1.414,724,1770,135.0,1.0,1.642799616294013,1.4457772812499998,1.4457772812499998,1.8123484713541664,1.2817174479166666,1.4462638771355416
14179,2,2.257,1.128,90.0,2.236,3057,1770,116.565,1.0,3.285599232588026,2.892836279947917,1.4457772812499998,2.865920213541667,1.2817174479166666,2.0453259898153786
14180,1,1.128,1.128,0.0,1.414,3266,1770,135.0,1.0,1.642799616294013,1.4457772812499998,1.4457772812499998,1.8123484713541664,1.2817174479166666,1.4462638771355416
14181,27,6.618,5.195,153.458,8.602,3284,1770,125.538,6.576,44.35558963993835,8.4824060703125,6.658522141927084,11.025333486979166,8.4285739375,7.515007549050931
14182,5,3.144,2.025,18.435,3.606,3321,1772,33.69,2.0,8.213998081470065,4.02971965625,2.59547783203125,4.6218731171875,2.5634348958333333,3.2339443426774745
14183,1,1.128,1.128,0.0,1.414,3459,1770,135.0,1.0,1.642799616294013,1.4457772812499998,1.4457772812499998,1.8123484713541664,1.2817174479166666,1.4462638771355416
14184,10,4.456,2.857,161.778,5.0,568,1771,143.13,3.0,16.42799616294013,5.7113329479166675,3.661866748697917,6.408587239583333,3.8451523437499997,4.573487949374228
14185,1,1.128,1.128,0.0,1.414,627,1771,135.0,1.0,1.642799616294013,1.4457772812499998,1.4457772812499998,1.8123484713541664,1.2817174479166666,1.4462638771355416
14186,1,1.128,1.128,0.0,1.414,727,1771,135.0,1.0,1.642799616294013,1.4457772812499998,1.4457772812499998,1.8123484713541664,1.2817174479166666,1.4462638771355416
14187,1,1.128,1.128,0.0,1.414,3164,1771,135.0,1.0,1.642799616294013,1.4457772812499998,1.4457772812499998,1.8123484713541664,1.2817174479166666,1.4462638771355416
14188,1,1.128,1.128,0.0,1.414,3182,1771,135.0,1.0,1.642799616294013,1.4457772812499998,1.4457772812499998,1.8123484713541664,1.2817174479166666,1.4462638771355416
14189,1,1.128,1.128,0.0,1.414,3290,1771,135.0,1.0,1.642799616294013,1.4457772812499998,1.4457772812499998,1.8123484713541664,1.2817174479166666,1.4462638771355416
14190,1,1.128,1.128,0.0,1.414,535,1772,135.0,1.0,1.642799616294013,1.4457772812499998,1.4457772812499998,1.8123484713541664,1.2817174479166666,1.4462638771355416
14191,3,3.385,1.128,90.0,3.162,578,1772,108.435,1.0,4.928398848882039,4.338613561197916,1.4457772812499998,4.0527905703125,1.2817174479166666,2.5050025163503102
14192,9,4.196,2.731,173.953,4.472,610,1772,153.435,3.0,14.785196546646118,5.378086411458333,3.5003703502604164,5.731840427083334,3.8451523437499997,4.338791631406624
14193,1,1.128,1.128,0.0,1.414,3129,1772,135.0,1.0,1.642799616294013,1.4457772812499998,1.4457772812499998,1.8123484713541664,1.2817174479166666,1.4462638771355416
14194,1,1.128,1.128,0.0,1.414,3223,1772,135.0,1.0,1.642799616294013,1.4457772812499998,1.4457772812499998,1.8123484713541664,1.2817174479166666,1.4462638771355416
14195,9,4.497,2.548,172.372,5.385,3263,1772,158.199,3.0,14.785196546646118,5.763883363281249,3.2658160572916666,6.90204845703125,3.8451523437499997,4.338791631406624
14196,2,2.257,1.128,90.0,2.236,3275,1772,116.565,1.0,3.285599232588026,2.892836279947917,1.4457772812499998,2.865920213541667,1.2817174479166666,2.0453259898153786
14197,2,2.596,0.981,135.0,2.828,3428,1772,135.0,1.414,3.285599232588026,3.327338494791667,1.2573648164062499,3.624696942708333,1.8123484713541664,2.0453259898153786
14198,2,2.257,1.128,0.0,2.236,490,1773,153.435,1.0,3.285599232588026,2.892836279947917,1.4457772812499998,2.865920213541667,1.2817174479166666,2.0453259898153786
14199,1,1.128,1.128,0.0,1.414,495,1773,135.0,1.0,1.642799616294013,1.4457772812499998,1.4457772812499998,1.8123484713541664,1.2817174479166666,1.4462638771355416
14200,1,1.128,1.128,0.0,1.414,3098,1773,135.0,1.0,1.642799616294013,1.4457772812499998,1.4457772812499998,1.8123484713541664,1.2817174479166666,1.4462638771355416
14201,1,1.128,1.128,0.0,1.414,3194,1773,135.0,1.0,1.642799616294013,1.4457772812499998,1.4457772812499998,1.8123484713541664,1.2817174479166666,1.4462638771355416
14202,1,1.128,1.128,0.0,1.414,3201,1773,135.0,1.0,1.642799616294013,1.4457772812499998,1.4457772812499998,1.8123484713541664,1.2817174479166666,1.4462638771355416
14203,2,2.257,1.128,0.0,2.236,3270,1773,153.435,1.0,3.285599232588026,2.892836279947917,1.4457772812499998,2.865920213541667,1.2817174479166666,2.0453259898153786
14204,157,18.503,10.804,119.551,22.472,3444,1774,122.276,13.336,257.91953975816006,23.715617938802083,13.847675307291667,28.802754489583336,17.09298388541667,18.12163443959234
14205,7,4.11,2.168,112.5,4.472,534,1774,116.565,2.683,11.499597314058091,5.2678587109375,2.7787634270833337,5.731840427083334,3.4388479127604166,3.826454549076717
14206,9,3.923,2.921,11.981,4.472,602,1775,153.435,3.0,14.785196546646118,5.028177548177084,3.743896665364583,5.731840427083334,3.8451523437499997,4.338791631406624
14207,14,5.515,3.232,121.105,6.403,628,1774,128.66,4.427,22.999194628116182,7.068671725260416,4.142510791666667,8.206836819010416,5.674163141927083,5.411423919108519
14208,2,2.257,1.128,90.0,2.236,855,1774,116.565,1.0,3.285599232588026,2.892836279947917,1.4457772812499998,2.865920213541667,1.2817174479166666,2.0453259898153786
14209,1,1.128,1.128,0.0,1.414,3307,1774,135.0,1.0,1.642799616294013,1.4457772812499998,1.4457772812499998,1.8123484713541664,1.2817174479166666,1.4462638771355416
14210,19,5.077,4.765,103.949,6.325,3325,1774,108.435,5.0,31.21319270958625,6.507279483072916,6.107383639322916,8.106862858072917,6.408587239583333,6.304118086127151
14211,7,3.36,2.653,72.231,4.243,3371,1777,45.0,3.0,11.499597314058091,4.306570625,3.4003963893229168,5.438327131510417,3.8451523437499997,3.826454549076717
14212,6,2.93,2.607,116.565,3.606,451,1775,123.69,3.0,9.856797697764078,3.7554321223958333,3.3414373867187503,4.6218731171875,3.8451523437499997,3.5426085324013394
14213,3,2.365,1.615,135.0,2.828,490,1775,135.0,2.0,4.928398848882039,3.0312617643229167,2.069973678385417,3.624696942708333,2.5634348958333333,2.5050025163503102
14214,1,1.128,1.128,0.0,1.414,508,1775,135.0,1.0,1.642799616294013,1.4457772812499998,1.4457772812499998,1.8123484713541664,1.2817174479166666,1.4462638771355416
14215,3,2.365,1.615,135.0,2.828,968,1775,135.0,2.0,4.928398848882039,3.0312617643229167,2.069973678385417,3.624696942708333,2.5634348958333333,2.5050025163503102
14216,9,4.204,2.726,54.217,5.0,3240,1779,53.13,3.0,14.785196546646118,5.388340151041667,3.4939617630208333,6.408587239583333,3.8451523437499997,4.338791631406624
14217,1,1.128,1.128,0.0,1.414,3304,1775,135.0,1.0,1.642799616294013,1.4457772812499998,1.4457772812499998,1.8123484713541664,1.2817174479166666,1.4462638771355416
14218,25,8.82,3.609,79.583,10.198,3310,1785,78.69,4.525,41.069990407350325,11.304747890625,4.62571826953125,13.070954533854167,5.799771451822917,7.231319385677708
14219,1,1.128,1.128,0.0,1.414,3358,1775,135.0,1.0,1.642799616294013,1.4457772812499998,1.4457772812499998,1.8123484713541664,1.2817174479166666,1.4462638771355416
14220,2,2.596,0.981,45.0,2.828,3467,1777,45.0,1.414,3.285599232588026,3.327338494791667,1.2573648164062499,3.624696942708333,1.8123484713541664,2.0453259898153786
14221,2,2.257,1.128,0.0,2.236,370,1776,153.435,1.0,3.285599232588026,2.892836279947917,1.4457772812499998,2.865920213541667,1.2817174479166666,2.0453259898153786
14222,1,1.128,1.128,0.0,1.414,481,1776,135.0,1.0,1.642799616294013,1.4457772812499998,1.4457772812499998,1.8123484713541664,1.2817174479166666,1.4462638771355416
14223,15,6.475,2.949,115.567,7.211,526,1776,123.69,4.0,24.641994244410196,8.299120475260416,3.7797847539062497,9.242464516927084,5.126869791666667,5.601355910367322
14224,3,3.385,1.128,90.0,3.162,545,1776,108.435,1.0,4.928398848882039,4.338613561197916,1.4457772812499998,4.0527905703125,1.2817174479166666,2.5050025163503102
14225,14,5.465,3.262,63.049,6.403,550,1781,51.34,4.0,22.999194628116182,7.004585852864583,4.180962315104167,8.206836819010416,5.126869791666667,5.411423919108519
14226,80,14.425,7.061,130.075,18.868,560,1776,122.005,11.713,131.42396930352103,18.48877418619792,9.050206899739583,24.183444807291664,15.012756467447915,12.935777370709898
14227,5,3.144,2.025,18.435,3.606,3157,1778,33.69,2.0,8.213998081470065,4.02971965625,2.59547783203125,4.6218731171875,2.5634348958333333,3.2339443426774745
14228,2,2.257,1.128,90.0,2.236,3235,1776,116.565,1.0,3.285599232588026,2.892836279947917,1.4457772812499998,2.865920213541667,1.2817174479166666,2.0453259898153786
14229,2,2.257,1.128,0.0,2.236,3270,1776,153.435,1.0,3.285599232588026,2.892836279947917,1.4457772812499998,2.865920213541667,1.2817174479166666,2.0453259898153786
14230,8,4.619,2.205,136.023,5.0,3318,1776,126.87,2.828,13.142396930352104,5.920252891927083,2.82618697265625,6.408587239583333,3.624696942708333,4.090651979630757
14231,3,2.365,1.615,45.0,2.828,3366,1778,45.0,2.0,4.928398848882039,3.0312617643229167,2.069973678385417,3.624696942708333,2.5634348958333333,2.5050025163503102
14232,1,1.128,1.128,0.0,1.414,3427,1776,135.0,1.0,1.642799616294013,1.4457772812499998,1.4457772812499998,1.8123484713541664,1.2817174479166666,1.4462638771355416
14233,1,1.128,1.128,0.0,1.414,424,1777,135.0,1.0,1.642799616294013,1.4457772812499998,1.4457772812499998,1.8123484713541664,1.2817174479166666,1.4462638771355416
14234,2,2.257,1.128,90.0,2.236,501,1777,116.565,1.0,3.285599232588026,2.892836279947917,1.4457772812499998,2.865920213541667,1.2817174479166666,2.0453259898153786
14235,15,6.176,3.092,137.43,7.211,538,1778,146.31,4.243,24.641994244410196,7.915886958333333,3.9630703489583334,9.242464516927084,5.438327131510417,5.601355910367322
14236,3,2.365,1.615,45.0,2.828,597,1779,45.0,2.0,4.928398848882039,3.0312617643229167,2.069973678385417,3.624696942708333,2.5634348958333333,2.5050025163503102
14237,2,2.257,1.128,90.0,2.236,794,1777,116.565,1.0,3.285599232588026,2.892836279947917,1.4457772812499998,2.865920213541667,1.2817174479166666,2.0453259898153786
14238,4,2.257,2.257,0.0,2.828,3228,1777,135.0,2.0,6.571198465176052,2.892836279947917,2.892836279947917,3.624696942708333,2.5634348958333333,2.892527754271083
14239,2,2.257,1.128,0.0,2.236,3259,1777,153.435,1.0,3.285599232588026,2.892836279947917,1.4457772812499998,2.865920213541667,1.2817174479166666,2.0453259898153786
14240,3,2.365,1.615,135.0,2.828,3358,1777,135.0,2.0,4.928398848882039,3.0312617643229167,2.069973678385417,3.624696942708333,2.5634348958333333,2.5050025163503102
14241,17,5.339,4.054,154.184,6.403,395,1779,141.34,4.919,27.927593476998222,6.8430894544270835,5.196082533854167,8.206836819010416,6.304768126302083,5.963098727945161
14242,1,1.128,1.128,0.0,1.414,484,1778,135.0,1.0,1.642799616294013,1.4457772812499998,1.4457772812499998,1.8123484713541664,1.2817174479166666,1.4462638771355416
14243,3,2.365,1.615,45.0,2.828,610,1780,45.0,2.0,4.928398848882039,3.0312617643229167,2.069973678385417,3.624696942708333,2.5634348958333333,2.5050025163503102
14244,1,1.128,1.128,0.0,1.414,835,1778,135.0,1.0,1.642799616294013,1.4457772812499998,1.4457772812499998,1.8123484713541664,1.2817174479166666,1.4462638771355416
14245,4,3.417,1.49,96.62,4.123,2512,1778,104.036,2.0,6.571198465176052,4.379628519531249,1.9097589973958333,5.284521037760417,2.5634348958333333,2.892527754271083
14246,3,2.365,1.615,45.0,2.828,3130,1780,45.0,2.0,4.928398848882039,3.0312617643229167,2.069973678385417,3.624696942708333,2.5634348958333333,2.5050025163503102
14247,2,2.596,0.981,45.0,2.828,3300,1780,45.0,1.414,3.285599232588026,3.327338494791667,1.2573648164062499,3.624696942708333,1.8123484713541664,2.0453259898153786
14248,2,2.257,1.128,90.0,2.236,3363,1778,116.565,1.0,3.285599232588026,2.892836279947917,1.4457772812499998,2.865920213541667,1.2817174479166666,2.0453259898153786
14249,1,1.128,1.128,0.0,1.414,362,1779,135.0,1.0,1.642799616294013,1.4457772812499998,1.4457772812499998,1.8123484713541664,1.2817174479166666,1.4462638771355416
14250,3,3.213,1.189,61.845,3.606,433,1782,56.31,1.789,4.928398848882039,4.11815816015625,1.5239620455729168,4.6218731171875,2.2929925143229166,2.5050025163503102
14251,2,2.257,1.128,0.0,2.236,620,1779,153.435,1.0,3.285599232588026,2.892836279947917,1.4457772812499998,2.865920213541667,1.2817174479166666,2.0453259898153786
14252,4,2.887,1.764,75.128,3.606,3046,1782,56.31,2.0,6.571198465176052,3.7003182721354166,2.260949578125,4.6218731171875,2.5634348958333333,2.892527754271083
14253,1,1.128,1.128,0.0,1.414,3249,1779,135.0,1.0,1.642799616294013,1.4457772812499998,1.4457772812499998,1.8123484713541664,1.2817174479166666,1.4462638771355416
14254,4,2.257,2.257,0.0,2.828,3402,1779,135.0,2.0,6.571198465176052,2.892836279947917,2.892836279947917,3.624696942708333,2.5634348958333333,2.892527754271083
14255,25,7.239,4.397,73.686,9.434,484,1788,57.995,6.0,41.069990407350325,9.278352605468749,5.635711618489584,12.091722403645832,7.690304687499999,7.231319385677708
14256,12,5.041,3.031,144.517,6.403,503,1780,141.34,4.0,19.713595395528156,6.461137654947917,3.8848855846354167,8.206836819010416,5.126869791666667,5.0100050327006205
14257,4,4.514,1.128,0.0,4.123,592,1780,165.964,1.0,6.571198465176052,5.785672559895834,1.4457772812499998,5.284521037760417,1.2817174479166666,2.892527754271083
14258,3,2.365,1.615,135.0,2.828,616,1780,135.0,2.0,4.928398848882039,3.0312617643229167,2.069973678385417,3.624696942708333,2.5634348958333333,2.5050025163503102
14259,4,3.969,1.283,72.391,4.472,736,1784,63.435,1.897,6.571198465176052,5.08713655078125,1.644443485677083,5.731840427083334,2.4314179986979165,2.892527754271083
14260,1,1.128,1.128,0.0,1.414,3145,1780,135.0,1.0,1.642799616294013,1.4457772812499998,1.4457772812499998,1.8123484713541664,1.2817174479166666,1.4462638771355416
14261,12,5.404,2.828,39.806,6.403,3228,1784,38.66,4.0,19.713595395528156,6.926401088541667,3.624696942708333,8.206836819010416,5.126869791666667,5.0100050327006205
14262,7,3.086,2.888,0.0,3.606,3243,1780,123.69,3.0,11.499597314058091,3.955380044270833,3.701599989583333,4.6218731171875,3.8451523437499997,3.826454549076717
14263,5,3.144,2.025,18.435,3.606,3256,1782,33.69,2.0,8.213998081470065,4.02971965625,2.59547783203125,4.6218731171875,2.5634348958333333,3.2339443426774745
14264,3,2.365,1.615,45.0,2.828,3302,1782,45.0,2.0,4.928398848882039,3.0312617643229167,2.069973678385417,3.624696942708333,2.5634348958333333,2.5050025163503102
14265,1,1.128,1.128,0.0,1.414,3313,1780,135.0,1.0,1.642799616294013,1.4457772812499998,1.4457772812499998,1.8123484713541664,1.2817174479166666,1.4462638771355416
14266,5,3.452,1.844,177.145,4.123,3415,1781,165.964,2.0,8.213998081470065,4.424488630208333,2.3634869739583335,5.284521037760417,2.5634348958333333,3.2339443426774745
14267,2,2.257,1.128,0.0,2.236,3786,1780,153.435,1.0,3.285599232588026,2.892836279947917,1.4457772812499998,2.865920213541667,1.2817174479166666,2.0453259898153786
14268,1,1.128,1.128,0.0,1.414,519,1781,135.0,1.0,1.642799616294013,1.4457772812499998,1.4457772812499998,1.8123484713541664,1.2817174479166666,1.4462638771355416
14269,18,5.55,4.129,92.977,7.616,537,1781,113.199,6.499,29.570393093292235,7.1135318359375,5.292211342447916,9.761560083333332,8.329881694010416,6.135977969446135
14270,1,1.128,1.128,0.0,1.414,571,1781,135.0,1.0,1.642799616294013,1.4457772812499998,1.4457772812499998,1.8123484713541664,1.2817174479166666,1.4462638771355416
14271,4,3.216,1.583,31.717,3.606,675,1783,33.69,2.0,6.571198465176052,4.1220033125,2.028958720052083,4.6218731171875,2.5634348958333333,2.892527754271083
14272,3,3.385,1.128,90.0,3.162,739,1781,108.435,1.0,4.928398848882039,4.338613561197916,1.4457772812499998,4.0527905703125,1.2817174479166666,2.5050025163503102
14273,3,3.385,1.128,0.0,3.162,834,1781,161.565,1.0,4.928398848882039,4.338613561197916,1.4457772812499998,4.0527905703125,1.2817174479166666,2.5050025163503102
14274,1,1.128,1.128,0.0,1.414,3105,1781,135.0,1.0,1.642799616294013,1.4457772812499998,1.4457772812499998,1.8123484713541664,1.2817174479166666,1.4462638771355416
14275,2,2.257,1.128,90.0,2.236,3132,1781,116.565,1.0,3.285599232588026,2.892836279947917,1.4457772812499998,2.865920213541667,1.2817174479166666,2.0453259898153786
14276,2,2.257,1.128,90.0,2.236,3235,1781,116.565,1.0,3.285599232588026,2.892836279947917,1.4457772812499998,2.865920213541667,1.2817174479166666,2.0453259898153786
14277,2,2.257,1.128,90.0,2.236,3240,1781,116.565,1.0,3.285599232588026,2.892836279947917,1.4457772812499998,2.865920213541667,1.2817174479166666,2.0453259898153786
14278,4,3.192,1.596,71.565,3.606,3272,1784,56.31,2.0,6.571198465176052,4.09124209375,2.045621046875,4.6218731171875,2.5634348958333333,2.892527754271083
14279,2,2.257,1.128,0.0,2.236,3425,1781,153.435,1.0,3.285599232588026,2.892836279947917,1.4457772812499998,2.865920213541667,1.2817174479166666,2.0453259898153786
14280,34,8.381,5.165,151.725,9.434,3428,1781,147.995,6.364,55.855186953996444,10.742073930989584,6.620070618489583,12.091722403645832,8.156849838541666,8.433095094829797
14281,20,6.287,4.05,17.769,8.544,492,1788,20.556,5.692,32.85599232588026,8.058157595052084,5.1909556640625,10.950993875,7.295535713541667,6.467888685354949
14282,8,4.514,2.257,90.0,4.472,512,1782,116.565,2.0,13.142396930352104,5.785672559895834,2.892836279947917,5.731840427083334,2.5634348958333333,4.090651979630757
14283,7,3.516,2.535,100.901,4.123,715,1782,104.036,3.0,11.499597314058091,4.506518546875,3.24915373046875,5.284521037760417,3.8451523437499997,3.826454549076717
14284,1,1.128,1.128,0.0,1.414,903,1782,135.0,1.0,1.642799616294013,1.4457772812499998,1.4457772812499998,1.8123484713541664,1.2817174479166666,1.4462638771355416
14285,2,2.257,1.128,90.0,2.236,3161,1782,116.565,1.0,3.285599232588026,2.892836279947917,1.4457772812499998,2.865920213541667,1.2817174479166666,2.0453259898153786
14286,1,1.128,1.128,0.0,1.414,3189,1782,135.0,1.0,1.642799616294013,1.4457772812499998,1.4457772812499998,1.8123484713541664,1.2817174479166666,1.4462638771355416
14287,4,2.734,1.863,90.0,3.162,3215,1782,108.435,2.0,6.571198465176052,3.5042155026041666,2.38783960546875,4.0527905703125,2.5634348958333333,2.892527754271083
14288,5,3.927,1.621,13.283,4.472,3218,1784,26.565,2.0,8.213998081470065,5.03330441796875,2.0776639830729167,5.731840427083334,2.5634348958333333,3.2339443426774745
14289,3,2.365,1.615,45.0,2.828,3262,1784,45.0,2.0,4.928398848882039,3.0312617643229167,2.069973678385417,3.624696942708333,2.5634348958333333,2.5050025163503102
14290,9,4.584,2.5,34.419,5.831,3322,1786,30.964,3.795,14.785196546646118,5.8753927812499995,3.2042936197916667,7.473694438802084,4.86411771484375,4.338791631406624
14291,3,2.365,1.615,45.0,2.828,3394,1784,45.0,2.0,4.928398848882039,3.0312617643229167,2.069973678385417,3.624696942708333,2.5634348958333333,2.5050025163503102
14292,7,4.35,2.049,177.957,4.472,3400,1782,153.435,2.0,11.499597314058091,5.5754708984375,2.62623905078125,5.731840427083334,2.5634348958333333,3.826454549076717
14293,12,5.805,2.632,142.445,7.211,3462,1782,123.69,4.116,19.713595395528156,7.44036978515625,3.3734803229166666,9.242464516927084,5.275549015625,5.0100050327006205
14294,1,1.128,1.128,0.0,1.414,504,1783,135.0,1.0,1.642799616294013,1.4457772812499998,1.4457772812499998,1.8123484713541664,1.2817174479166666,1.4462638771355416
14295,1,1.128,1.128,0.0,1.414,544,1783,135.0,1.0,1.642799616294013,1.4457772812499998,1.4457772812499998,1.8123484713541664,1.2817174479166666,1.4462638771355416
14296,5,3.144,2.025,71.565,3.606,616,1786,56.31,2.0,8.213998081470065,4.02971965625,2.59547783203125,4.6218731171875,2.5634348958333333,3.2339443426774745
14297,2,2.257,1.128,0.0,2.236,624,1783,153.435,1.0,3.285599232588026,2.892836279947917,1.4457772812499998,2.865920213541667,1.2817174479166666,2.0453259898153786
14298,4,3.192,1.596,161.565,3.606,659,1783,146.31,2.0,6.571198465176052,4.09124209375,2.045621046875,4.6218731171875,2.5634348958333333,2.892527754271083
14299,3,2.365,1.615,45.0,2.828,718,1785,45.0,2.0,4.928398848882039,3.0312617643229167,2.069973678385417,3.624696942708333,2.5634348958333333,2.5050025163503102
14300,4,3.216,1.583,58.283,3.606,744,1786,56.31,2.0,6.571198465176052,4.1220033125,2.028958720052083,4.6218731171875,2.5634348958333333,2.892527754271083
14301,3,2.365,1.615,45.0,2.828,3179,1785,45.0,2.0,4.928398848882039,3.0312617643229167,2.069973678385417,3.624696942708333,2.5634348958333333,2.5050025163503102
14302,3,2.365,1.615,45.0,2.828,3329,1785,45.0,2.0,4.928398848882039,3.0312617643229167,2.069973678385417,3.624696942708333,2.5634348958333333,2.5050025163503102
14303,4,4.514,1.128,0.0,4.123,3386,1783,165.964,1.0,6.571198465176052,5.785672559895834,1.4457772812499998,5.284521037760417,1.2817174479166666,2.892527754271083
14304,3,3.385,1.128,90.0,3.162,365,1784,108.435,1.0,4.928398848882039,4.338613561197916,1.4457772812499998,4.0527905703125,1.2817174479166666,2.5050025163503102
14305,5,3.144,2.025,18.435,3.606,394,1786,33.69,2.0,8.213998081470065,4.02971965625,2.59547783203125,4.6218731171875,2.5634348958333333,3.2339443426774745
14306,4,2.257,2.257,0.0,2.828,578,1784,135.0,2.0,6.571198465176052,2.892836279947917,2.892836279947917,3.624696942708333,2.5634348958333333,2.892527754271083
14307,2,2.596,0.981,45.0,2.828,584,1786,45.0,1.414,3.285599232588026,3.327338494791667,1.2573648164062499,3.624696942708333,1.8123484713541664,2.0453259898153786
14308,2,2.257,1.128,90.0,2.236,3125,1784,116.565,1.0,3.285599232588026,2.892836279947917,1.4457772812499998,2.865920213541667,1.2817174479166666,2.0453259898153786
14309,3,3.385,1.128,90.0,3.162,3191,1784,108.435,1.0,4.928398848882039,4.338613561197916,1.4457772812499998,4.0527905703125,1.2817174479166666,2.5050025163503102
14310,14,5.948,2.997,44.712,8.062,3255,1789,29.745,4.95,22.999194628116182,7.6236553802083336,3.84130719140625,10.333206065104166,6.3445013671875,5.411423919108519
14311,6,3.931,1.943,30.964,4.472,3284,1786,26.565,2.683,9.856797697764078,5.0384312877604165,2.4903770013020834,5.731840427083334,3.4388479127604166,3.5426085324013394
14312,3,2.365,1.615,45.0,2.828,3334,1786,45.0,2.0,4.928398848882039,3.0312617643229167,2.069973678385417,3.624696942708333,2.5634348958333333,2.5050025163503102
14313,1,1.128,1.128,0.0,1.414,2934,1785,135.0,1.0,1.642799616294013,1.4457772812499998,1.4457772812499998,1.8123484713541664,1.2817174479166666,1.4462638771355416
14314,1,1.128,1.128,0.0,1.414,2984,1785,135.0,1.0,1.642799616294013,1.4457772812499998,1.4457772812499998,1.8123484713541664,1.2817174479166666,1.4462638771355416
14315,1,1.128,1.128,0.0,1.414,3222,1785,135.0,1.0,1.642799616294013,1.4457772812499998,1.4457772812499998,1.8123484713541664,1.2817174479166666,1.4462638771355416
14316,1,1.128,1.128,0.0,1.414,3331,1785,135.0,1.0,1.642799616294013,1.4457772812499998,1.4457772812499998,1.8123484713541664,1.2817174479166666,1.4462638771355416
14317,12,4.109,3.718,149.089,5.0,3394,1785,126.87,4.0,19.713595395528156,5.266576993489584,4.765425471354167,6.408587239583333,5.126869791666667,5.0100050327006205
14318,5,3.144,2.025,18.435,3.606,3758,1787,33.69,2.0,8.213998081470065,4.02971965625,2.59547783203125,4.6218731171875,2.5634348958333333,3.2339443426774745
14319,3,2.365,1.615,45.0,2.828,518,1788,45.0,2.0,4.928398848882039,3.0312617643229167,2.069973678385417,3.624696942708333,2.5634348958333333,2.5050025163503102
14320,4,2.257,2.257,0.0,2.828,672,1786,135.0,2.0,6.571198465176052,2.892836279947917,2.892836279947917,3.624696942708333,2.5634348958333333,2.892527754271083
14321,2,2.596,0.981,45.0,2.828,3176,1788,45.0,1.414,3.285599232588026,3.327338494791667,1.2573648164062499,3.624696942708333,1.8123484713541664,2.0453259898153786
14322,21,6.178,4.328,139.743,8.602,3269,1786,125.538,5.935,34.49879194217427,7.9184503932291666,5.547273114583334,11.025333486979166,7.606993053385416,6.627613691853932
14323,2,2.257,1.128,90.0,2.236,3339,1786,116.565,1.0,3.285599232588026,2.892836279947917,1.4457772812499998,2.865920213541667,1.2817174479166666,2.0453259898153786
14324,25,6.536,4.87,110.223,7.81,3347,1786,129.806,5.883,41.069990407350325,8.377305239583333,6.241963971354167,10.010213268229165,7.5403437460937495,7.231319385677708
14325,2,2.257,1.128,90.0,2.236,3417,1786,116.565,1.0,3.285599232588026,2.892836279947917,1.4457772812499998,2.865920213541667,1.2817174479166666,2.0453259898153786
14326,3,3.385,1.128,0.0,3.162,426,1787,161.565,1.0,4.928398848882039,4.338613561197916,1.4457772812499998,4.0527905703125,1.2817174479166666,2.5050025163503102
14327,1,1.128,1.128,0.0,1.414,465,1787,135.0,1.0,1.642799616294013,1.4457772812499998,1.4457772812499998,1.8123484713541664,1.2817174479166666,1.4462638771355416
14328,1,1.128,1.128,0.0,1.414,614,1787,135.0,1.0,1.642799616294013,1.4457772812499998,1.4457772812499998,1.8123484713541664,1.2817174479166666,1.4462638771355416
14329,1,1.128,1.128,0.0,1.414,902,1787,135.0,1.0,1.642799616294013,1.4457772812499998,1.4457772812499998,1.8123484713541664,1.2817174479166666,1.4462638771355416
14330,1,1.128,1.128,0.0,1.414,3183,1787,135.0,1.0,1.642799616294013,1.4457772812499998,1.4457772812499998,1.8123484713541664,1.2817174479166666,1.4462638771355416
14331,2,2.257,1.128,90.0,2.236,3329,1787,116.565,1.0,3.285599232588026,2.892836279947917,1.4457772812499998,2.865920213541667,1.2817174479166666,2.0453259898153786
14332,1,1.128,1.128,0.0,1.414,3436,1787,135.0,1.0,1.642799616294013,1.4457772812499998,1.4457772812499998,1.8123484713541664,1.2817174479166666,1.4462638771355416
14333,2,2.257,1.128,0.0,2.236,498,1788,153.435,1.0,3.285599232588026,2.892836279947917,1.4457772812499998,2.865920213541667,1.2817174479166666,2.0453259898153786
14334,148,18.975,9.931,36.19,25.554,528,1806,30.579,15.389,243.13434321151394,24.32058857421875,12.728735975260415,32.753007664062494,19.724349805989583,17.5945594415278
14335,6,4.134,1.848,102.933,4.472,570,1788,116.565,2.0,9.856797697764078,5.298619929687501,2.36861384375,5.731840427083334,2.5634348958333333,3.5426085324013394
14336,7,3.507,2.542,120.473,4.243,704,1788,135.0,3.0,11.499597314058091,4.49498308984375,3.2581257526041663,5.438327131510417,3.8451523437499997,3.826454549076717
14337,4,2.734,1.863,0.0,3.162,848,1789,161.565,2.0,6.571198465176052,3.5042155026041666,2.38783960546875,4.0527905703125,2.5634348958333333,2.892527754271083
14338,1,1.128,1.128,0.0,1.414,3069,1788,135.0,1.0,1.642799616294013,1.4457772812499998,1.4457772812499998,1.8123484713541664,1.2817174479166666,1.4462638771355416
14339,11,5.866,2.388,31.304,6.403,3239,1792,38.66,3.13,18.070795779234142,7.518554549479166,3.060741265625,8.206836819010416,4.011775611979166,4.796714628303253
14340,2,2.257,1.128,90.0,2.236,3325,1788,116.565,1.0,3.285599232588026,2.892836279947917,1.4457772812499998,2.865920213541667,1.2817174479166666,2.0453259898153786
14341,7,3.512,2.538,22.5,5.0,3370,1791,36.87,3.883,11.499597314058091,4.501391677083333,3.2529988828125,6.408587239583333,4.976908850260417,3.826454549076717
14342,3,3.385,1.128,0.0,3.162,491,1789,161.565,1.0,4.928398848882039,4.338613561197916,1.4457772812499998,4.0527905703125,1.2817174479166666,2.5050025163503102
14343,5,2.523,2.523,0.0,3.162,526,1789,108.435,2.828,8.213998081470065,3.23377312109375,3.23377312109375,4.0527905703125,3.624696942708333,3.2339443426774745
14344,2,2.257,1.128,0.0,2.236,642,1789,153.435,1.0,3.285599232588026,2.892836279947917,1.4457772812499998,2.865920213541667,1.2817174479166666,2.0453259898153786
14345,1,1.128,1.128,0.0,1.414,3192,1789,135.0,1.0,1.642799616294013,1.4457772812499998,1.4457772812499998,1.8123484713541664,1.2817174479166666,1.4462638771355416
14346,1,1.128,1.128,0.0,1.414,3221,1789,135.0,1.0,1.642799616294013,1.4457772812499998,1.4457772812499998,1.8123484713541664,1.2817174479166666,1.4462638771355416
14347,2,2.257,1.128,0.0,2.236,3318,1789,153.435,1.0,3.285599232588026,2.892836279947917,1.4457772812499998,2.865920213541667,1.2817174479166666,2.0453259898153786
14348,1,1.128,1.128,0.0,1.414,366,1790,135.0,1.0,1.642799616294013,1.4457772812499998,1.4457772812499998,1.8123484713541664,1.2817174479166666,1.4462638771355416
14349,1,1.128,1.128,0.0,1.414,511,1790,135.0,1.0,1.642799616294013,1.4457772812499998,1.4457772812499998,1.8123484713541664,1.2817174479166666,1.4462638771355416
14350,6,3.931,1.943,149.036,4.472,520,1791,153.435,2.683,9.856797697764078,5.0384312877604165,2.4903770013020834,5.731840427083334,3.4388479127604166,3.5426085324013394
14351,3,2.365,1.615,45.0,2.828,662,1792,45.0,2.0,4.928398848882039,3.0312617643229167,2.069973678385417,3.624696942708333,2.5634348958333333,2.5050025163503102
14352,2,2.257,1.128,0.0,2.236,754,1790,153.435,1.0,3.285599232588026,2.892836279947917,1.4457772812499998,2.865920213541667,1.2817174479166666,2.0453259898153786
14353,6,3.489,2.19,135.0,4.243,3225,1790,135.0,2.828,9.856797697764078,4.47191217578125,2.8069612109374997,5.438327131510417,3.624696942708333,3.5426085324013394
14354,97,12.966,9.525,97.04,18.248,3330,1790,99.462,14.513,159.35156278051926,16.6187484296875,12.20835869140625,23.388779989583334,18.601565321614583,14.24404726978226
14355,1,1.128,1.128,0.0,1.414,3384,1790,135.0,1.0,1.642799616294013,1.4457772812499998,1.4457772812499998,1.8123484713541664,1.2817174479166666,1.4462638771355416
14356,4,2.257,2.257,0.0,2.828,3414,1790,135.0,2.0,6.571198465176052,2.892836279947917,2.892836279947917,3.624696942708333,2.5634348958333333,2.892527754271083
14357,1,1.128,1.128,0.0,1.414,3817,1790,135.0,1.0,1.642799616294013,1.4457772812499998,1.4457772812499998,1.8123484713541664,1.2817174479166666,1.4462638771355416
14358,7,4.154,2.146,81.65,4.472,505,1795,63.435,2.0,11.499597314058091,5.324254278645833,2.7505656432291663,5.731840427083334,2.5634348958333333,3.826454549076717
14359,1,1.128,1.128,0.0,1.414,535,1791,135.0,1.0,1.642799616294013,1.4457772812499998,1.4457772812499998,1.8123484713541664,1.2817174479166666,1.4462638771355416
14360,7,4.11,2.168,157.5,4.472,577,1792,153.435,2.683,11.499597314058091,5.2678587109375,2.7787634270833337,5.731840427083334,3.4388479127604166,3.826454549076717
14361,1,1.128,1.128,0.0,1.414,3175,1791,135.0,1.0,1.642799616294013,1.4457772812499998,1.4457772812499998,1.8123484713541664,1.2817174479166666,1.4462638771355416
14362,1,1.128,1.128,0.0,1.414,3386,1791,135.0,1.0,1.642799616294013,1.4457772812499998,1.4457772812499998,1.8123484713541664,1.2817174479166666,1.4462638771355416
14363,1,1.128,1.128,0.0,1.414,3419,1791,135.0,1.0,1.642799616294013,1.4457772812499998,1.4457772812499998,1.8123484713541664,1.2817174479166666,1.4462638771355416
14364,26,9.513,3.48,14.276,11.402,492,1798,15.255,5.754,42.71279002364434,12.19297808203125,4.46037671875,14.614142341145833,7.375002195312499,7.374527731318484
14365,3,3.213,1.189,151.845,3.606,511,1792,146.31,1.789,4.928398848882039,4.11815816015625,1.5239620455729168,4.6218731171875,2.2929925143229166,2.5050025163503102
14366,2,2.257,1.128,90.0,2.236,619,1792,116.565,1.0,3.285599232588026,2.892836279947917,1.4457772812499998,2.865920213541667,1.2817174479166666,2.0453259898153786
14367,4,2.257,2.257,0.0,2.828,626,1792,135.0,2.0,6.571198465176052,2.892836279947917,2.892836279947917,3.624696942708333,2.5634348958333333,2.892527754271083
14368,2,2.257,1.128,90.0,2.236,675,1792,116.565,1.0,3.285599232588026,2.892836279947917,1.4457772812499998,2.865920213541667,1.2817174479166666,2.0453259898153786
14369,7,4.154,2.146,171.65,4.472,724,1792,153.435,2.0,11.499597314058091,5.324254278645833,2.7505656432291663,5.731840427083334,2.5634348958333333,3.826454549076717
14370,5,3.144,2.025,161.565,3.606,741,1792,146.31,2.0,8.213998081470065,4.02971965625,2.59547783203125,4.6218731171875,2.5634348958333333,3.2339443426774745
14371,4,2.257,2.257,0.0,2.828,3185,1792,135.0,2.0,6.571198465176052,2.892836279947917,2.892836279947917,3.624696942708333,2.5634348958333333,2.892527754271083
14372,1,1.128,1.128,0.0,1.414,3189,1792,135.0,1.0,1.642799616294013,1.4457772812499998,1.4457772812499998,1.8123484713541664,1.2817174479166666,1.4462638771355416
14373,12,4.314,3.542,34.722,5.0,3306,1795,36.87,4.0,19.713595395528156,5.5293290703124995,4.539843200520833,6.408587239583333,5.126869791666667,5.0100050327006205
14374,2,2.257,1.128,0.0,2.236,592,1793,153.435,1.0,3.285599232588026,2.892836279947917,1.4457772812499998,2.865920213541667,1.2817174479166666,2.0453259898153786
14375,16,7.584,2.686,58.365,9.22,648,1800,49.399,4.025,26.28479386070421,9.720545125,3.4426930651041667,11.817434869791667,5.158912727864584,5.785055508542166
14376,1,1.128,1.128,0.0,1.414,670,1793,135.0,1.0,1.642799616294013,1.4457772812499998,1.4457772812499998,1.8123484713541664,1.2817174479166666,1.4462638771355416
14377,1,1.128,1.128,0.0,1.414,3265,1793,135.0,1.0,1.642799616294013,1.4457772812499998,1.4457772812499998,1.8123484713541664,1.2817174479166666,1.4462638771355416
14378,3,2.365,1.615,45.0,2.828,620,1796,45.0,2.0,4.928398848882039,3.0312617643229167,2.069973678385417,3.624696942708333,2.5634348958333333,2.5050025163503102
14379,1,1.128,1.128,0.0,1.414,3189,1794,135.0,1.0,1.642799616294013,1.4457772812499998,1.4457772812499998,1.8123484713541664,1.2817174479166666,1.4462638771355416
14380,5,3.144,2.025,71.565,3.606,3274,1797,56.31,2.0,8.213998081470065,4.02971965625,2.59547783203125,4.6218731171875,2.5634348958333333,3.2339443426774745
14381,8,4.242,2.401,66.801,5.0,3347,1798,53.13,3.0,13.142396930352104,5.4370454140625,3.0774035924479164,6.408587239583333,3.8451523437499997,4.090651979630757
14382,1,1.128,1.128,0.0,1.414,3365,1794,135.0,1.0,1.642799616294013,1.4457772812499998,1.4457772812499998,1.8123484713541664,1.2817174479166666,1.4462638771355416
14383,2,2.596,0.981,45.0,2.828,3376,1796,45.0,1.414,3.285599232588026,3.327338494791667,1.2573648164062499,3.624696942708333,1.8123484713541664,2.0453259898153786
14384,4,2.257,2.257,0.0,2.828,3388,1794,135.0,2.0,6.571198465176052,2.892836279947917,2.892836279947917,3.624696942708333,2.5634348958333333,2.892527754271083
14385,91,11.379,10.183,148.605,16.125,3452,1794,119.745,12.627,149.49476508275518,14.58466283984375,13.051728772135416,20.66769384765625,16.18424621484375,13.79647807992854
14386,20,6.027,4.225,114.11,8.485,3810,1794,135.0,6.0,32.85599232588026,7.72491105859375,5.415256217447916,10.875372545572915,7.690304687499999,6.467888685354949
14387,4,3.192,1.596,71.565,3.606,778,1798,56.31,2.0,6.571198465176052,4.09124209375,2.045621046875,4.6218731171875,2.5634348958333333,2.892527754271083
14388,1,1.128,1.128,0.0,1.414,3112,1795,135.0,1.0,1.642799616294013,1.4457772812499998,1.4457772812499998,1.8123484713541664,1.2817174479166666,1.4462638771355416
14389,1,1.128,1.128,0.0,1.414,3208,1795,135.0,1.0,1.642799616294013,1.4457772812499998,1.4457772812499998,1.8123484713541664,1.2817174479166666,1.4462638771355416
14390,6,3.718,2.055,126.87,4.243,3241,1795,135.0,2.683,9.856797697764078,4.765425471354167,2.63392935546875,5.438327131510417,3.4388479127604166,3.5426085324013394
14391,1,1.128,1.128,0.0,1.414,3292,1795,135.0,1.0,1.642799616294013,1.4457772812499998,1.4457772812499998,1.8123484713541664,1.2817174479166666,1.4462638771355416
14392,4,3.192,1.596,108.435,3.606,3382,1795,123.69,2.0,6.571198465176052,4.09124209375,2.045621046875,4.6218731171875,2.5634348958333333,2.892527754271083
14393,8,3.523,2.891,5.392,4.472,3410,1796,153.435,3.0,13.142396930352104,4.515490569010416,3.705445141927083,5.731840427083334,3.8451523437499997,4.090651979630757
14394,15,7.017,2.722,60.455,8.062,554,1803,60.255,3.8,24.641994244410196,8.99381133203125,3.4888348932291664,10.333206065104166,4.870526302083333,5.601355910367322
14395,9,5.203,2.203,53.157,5.831,603,1801,59.036,3.328,14.785196546646118,6.668775881510417,2.8236235377604166,7.473694438802084,4.265555666666667,4.338791631406624
14396,1,1.128,1.128,0.0,1.414,1006,1796,135.0,1.0,1.642799616294013,1.4457772812499998,1.4457772812499998,1.8123484713541664,1.2817174479166666,1.4462638771355416
14397,2,2.257,1.128,90.0,2.236,3301,1796,116.565,1.0,3.285599232588026,2.892836279947917,1.4457772812499998,2.865920213541667,1.2817174479166666,2.0453259898153786
14398,9,5.229,2.191,85.269,5.385,518,1802,68.199,2.0,14.785196546646118,6.70210053515625,2.8082429283854164,6.90204845703125,2.5634348958333333,4.338791631406624
14399,1,1.128,1.128,0.0,1.414,2818,1797,135.0,1.0,1.642799616294013,1.4457772812499998,1.4457772812499998,1.8123484713541664,1.2817174479166666,1.4462638771355416
14400,2,2.257,1.128,0.0,2.236,3002,1797,153.435,1.0,3.285599232588026,2.892836279947917,1.4457772812499998,2.865920213541667,1.2817174479166666,2.0453259898153786
14401,1,1.128,1.128,0.0,1.414,3109,1797,135.0,1.0,1.642799616294013,1.4457772812499998,1.4457772812499998,1.8123484713541664,1.2817174479166666,1.4462638771355416
14402,1,1.128,1.128,0.0,1.414,3129,1797,135.0,1.0,1.642799616294013,1.4457772812499998,1.4457772812499998,1.8123484713541664,1.2817174479166666,1.4462638771355416
14403,4,3.192,1.596,71.565,3.606,3270,1800,56.31,2.0,6.571198465176052,4.09124209375,2.045621046875,4.6218731171875,2.5634348958333333,2.892527754271083
14404,1,1.128,1.128,0.0,1.414,423,1798,135.0,1.0,1.642799616294013,1.4457772812499998,1.4457772812499998,1.8123484713541664,1.2817174479166666,1.4462638771355416
14405,33,8.582,4.896,1.231,10.198,500,1802,168.69,7.273,54.21238733770243,10.999699138020834,6.275288625,13.070954533854167,9.321930998697916,8.308153445630097
14406,11,5.341,2.622,69.95,6.403,574,1803,51.34,4.0,18.070795779234142,6.845652889322917,3.3606631484375,8.206836819010416,5.126869791666667,4.796714628303253
14407,5,3.144,2.025,71.565,3.606,588,1801,56.31,2.0,8.213998081470065,4.02971965625,2.59547783203125,4.6218731171875,2.5634348958333333,3.2339443426774745
14408,11,4.4,3.183,111.255,5.657,598,1798,135.0,4.0,18.070795779234142,5.639556770833334,4.07970663671875,7.250675602864583,5.126869791666667,4.796714628303253
14409,1,1.128,1.128,0.0,1.414,771,1798,135.0,1.0,1.642799616294013,1.4457772812499998,1.4457772812499998,1.8123484713541664,1.2817174479166666,1.4462638771355416
14410,3,2.365,1.615,135.0,2.828,3215,1798,135.0,2.0,4.928398848882039,3.0312617643229167,2.069973678385417,3.624696942708333,2.5634348958333333,2.5050025163503102
14411,1,1.128,1.128,0.0,1.414,3371,1798,135.0,1.0,1.642799616294013,1.4457772812499998,1.4457772812499998,1.8123484713541664,1.2817174479166666,1.4462638771355416
14412,1,1.128,1.128,0.0,1.414,681,1799,135.0,1.0,1.642799616294013,1.4457772812499998,1.4457772812499998,1.8123484713541664,1.2817174479166666,1.4462638771355416
14413,1,1.128,1.128,0.0,1.414,712,1799,135.0,1.0,1.642799616294013,1.4457772812499998,1.4457772812499998,1.8123484713541664,1.2817174479166666,1.4462638771355416
14414,2,2.257,1.128,0.0,2.236,794,1799,153.435,1.0,3.285599232588026,2.892836279947917,1.4457772812499998,2.865920213541667,1.2817174479166666,2.0453259898153786
14415,1,1.128,1.128,0.0,1.414,3263,1799,135.0,1.0,1.642799616294013,1.4457772812499998,1.4457772812499998,1.8123484713541664,1.2817174479166666,1.4462638771355416
14416,2,2.257,1.128,90.0,2.236,3437,1799,116.565,1.0,3.285599232588026,2.892836279947917,1.4457772812499998,2.865920213541667,1.2817174479166666,2.0453259898153786
14417,2,2.257,1.128,90.0,2.236,3197,1800,116.565,1.0,3.285599232588026,2.892836279947917,1.4457772812499998,2.865920213541667,1.2817174479166666,2.0453259898153786
14418,30,9.08,4.207,72.745,10.77,3300,1810,68.199,5.578,49.28398848882039,11.637994427083333,5.392185303385417,13.8040969140625,7.149419924479167,7.921513496120161
14419,11,4.288,3.266,35.008,5.0,3372,1803,36.87,4.0,18.070795779234142,5.496004416666667,4.186089184895834,6.408587239583333,5.126869791666667,4.796714628303253
14420,1,1.128,1.128,0.0,1.414,435,1801,135.0,1.0,1.642799616294013,1.4457772812499998,1.4457772812499998,1.8123484713541664,1.2817174479166666,1.4462638771355416
14421,1,1.128,1.128,0.0,1.414,539,1801,135.0,1.0,1.642799616294013,1.4457772812499998,1.4457772812499998,1.8123484713541664,1.2817174479166666,1.4462638771355416
14422,17,6.789,3.188,94.669,7.28,549,1801,105.945,4.0,27.927593476998222,8.70157975390625,4.086115223958333,9.330903020833334,5.126869791666667,5.963098727945161
14423,1,1.128,1.128,0.0,1.414,770,1801,135.0,1.0,1.642799616294013,1.4457772812499998,1.4457772812499998,1.8123484713541664,1.2817174479166666,1.4462638771355416
14424,1,1.128,1.128,0.0,1.414,979,1801,135.0,1.0,1.642799616294013,1.4457772812499998,1.4457772812499998,1.8123484713541664,1.2817174479166666,1.4462638771355416
14425,1,1.128,1.128,0.0,1.414,2889,1801,135.0,1.0,1.642799616294013,1.4457772812499998,1.4457772812499998,1.8123484713541664,1.2817174479166666,1.4462638771355416
14426,2,2.257,1.128,0.0,2.236,2982,1801,153.435,1.0,3.285599232588026,2.892836279947917,1.4457772812499998,2.865920213541667,1.2817174479166666,2.0453259898153786
14427,2,2.257,1.128,0.0,2.236,3109,1801,153.435,1.0,3.285599232588026,2.892836279947917,1.4457772812499998,2.865920213541667,1.2817174479166666,2.0453259898153786
14428,1,1.128,1.128,0.0,1.414,3408,1801,135.0,1.0,1.642799616294013,1.4457772812499998,1.4457772812499998,1.8123484713541664,1.2817174479166666,1.4462638771355416
14429,1,1.128,1.128,0.0,1.414,3427,1801,135.0,1.0,1.642799616294013,1.4457772812499998,1.4457772812499998,1.8123484713541664,1.2817174479166666,1.4462638771355416
14430,1,1.128,1.128,0.0,1.414,3441,1801,135.0,1.0,1.642799616294013,1.4457772812499998,1.4457772812499998,1.8123484713541664,1.2817174479166666,1.4462638771355416
14431,1,1.128,1.128,0.0,1.414,359,1802,135.0,1.0,1.642799616294013,1.4457772812499998,1.4457772812499998,1.8123484713541664,1.2817174479166666,1.4462638771355416
14432,2,2.257,1.128,0.0,2.236,582,1802,153.435,1.0,3.285599232588026,2.892836279947917,1.4457772812499998,2.865920213541667,1.2817174479166666,2.0453259898153786
14433,29,11.704,3.155,134.176,14.142,672,1802,135.0,6.274,47.64118887252638,15.001221010416668,4.043818548177083,18.126048148437498,8.041495268229166,7.788369332980218
14434,5,3.713,1.715,96.047,4.472,726,1802,116.565,2.0,8.213998081470065,4.759016884114583,2.1981454231770834,5.731840427083334,2.5634348958333333,3.2339443426774745
14435,27,7.218,4.763,170.372,8.944,3291,1802,153.435,6.0,44.35558963993835,9.2514365390625,6.104820204427083,11.463680854166668,7.690304687499999,7.515007549050931
14436,5,4.072,1.563,58.283,5.0,3353,1806,53.13,2.496,8.213998081470065,5.219153447916667,2.00332437109375,6.408587239583333,3.19916675,3.2339443426774745
14437,2,2.257,1.128,0.0,2.236,3400,1802,153.435,1.0,3.285599232588026,2.892836279947917,1.4457772812499998,2.865920213541667,1.2817174479166666,2.0453259898153786
14438,81,15.697,6.57,77.741,17.464,518,1820,76.759,8.041,133.06676891981505,20.119118779947915,8.420883632812501,22.383913510416665,10.306289998697917,13.016374894219874
14439,1,1.128,1.128,0.0,1.414,572,1803,135.0,1.0,1.642799616294013,1.4457772812499998,1.4457772812499998,1.8123484713541664,1.2817174479166666,1.4462638771355416
14440,7,3.507,2.542,120.473,4.243,3127,1803,135.0,3.0,11.499597314058091,4.49498308984375,3.2581257526041663,5.438327131510417,3.8451523437499997,3.826454549076717
14441,1,1.128,1.128,0.0,1.414,3466,1803,135.0,1.0,1.642799616294013,1.4457772812499998,1.4457772812499998,1.8123484713541664,1.2817174479166666,1.4462638771355416
14442,25,8.997,3.538,26.154,10.296,491,1810,29.055,5.145,41.069990407350325,11.531611878906249,4.534716330729166,13.19656284375,6.59443626953125,7.231319385677708
14443,21,7.16,3.734,101.893,8.944,582,1804,116.565,4.0,34.49879194217427,9.177096927083333,4.7859329505208335,11.463680854166668,5.126869791666667,6.627613691853932
14444,1,1.128,1.128,0.0,1.414,655,1804,135.0,1.0,1.642799616294013,1.4457772812499998,1.4457772812499998,1.8123484713541664,1.2817174479166666,1.4462638771355416
14445,1,1.128,1.128,0.0,1.414,798,1804,135.0,1.0,1.642799616294013,1.4457772812499998,1.4457772812499998,1.8123484713541664,1.2817174479166666,1.4462638771355416
14446,1,1.128,1.128,0.0,1.414,801,1804,135.0,1.0,1.642799616294013,1.4457772812499998,1.4457772812499998,1.8123484713541664,1.2817174479166666,1.4462638771355416
14447,5,3.144,2.025,71.565,3.606,3258,1807,56.31,2.0,8.213998081470065,4.02971965625,2.59547783203125,4.6218731171875,2.5634348958333333,3.2339443426774745
14448,6,3.718,2.055,90.0,4.123,3275,1804,104.036,2.0,9.856797697764078,4.765425471354167,2.63392935546875,5.284521037760417,2.5634348958333333,3.5426085324013394
14449,1,1.128,1.128,0.0,1.414,3732,1804,135.0,1.0,1.642799616294013,1.4457772812499998,1.4457772812499998,1.8123484713541664,1.2817174479166666,1.4462638771355416
14450,116,17.457,8.461,118.968,23.601,478,1807,126.384,12.999,190.5647554901055,22.37494148828125,10.844611326822918,30.249813488281248,16.66104510546875,15.576738665960436
14451,1,1.128,1.128,0.0,1.414,555,1805,135.0,1.0,1.642799616294013,1.4457772812499998,1.4457772812499998,1.8123484713541664,1.2817174479166666,1.4462638771355416
14452,1,1.128,1.128,0.0,1.414,580,1805,135.0,1.0,1.642799616294013,1.4457772812499998,1.4457772812499998,1.8123484713541664,1.2817174479166666,1.4462638771355416
14453,1,1.128,1.128,0.0,1.414,593,1805,135.0,1.0,1.642799616294013,1.4457772812499998,1.4457772812499998,1.8123484713541664,1.2817174479166666,1.4462638771355416
14454,1,1.128,1.128,0.0,1.414,3036,1805,135.0,1.0,1.642799616294013,1.4457772812499998,1.4457772812499998,1.8123484713541664,1.2817174479166666,1.4462638771355416
14455,6,2.93,2.607,26.565,3.606,3308,1806,146.31,3.0,9.856797697764078,3.7554321223958333,3.3414373867187503,4.6218731171875,3.8451523437499997,3.5426085324013394
14456,1,1.128,1.128,0.0,1.414,3391,1805,135.0,1.0,1.642799616294013,1.4457772812499998,1.4457772812499998,1.8123484713541664,1.2817174479166666,1.4462638771355416
14457,92,11.928,9.82,110.529,13.601,3432,1806,143.973,10.914,151.1375646990492,15.28832571875,12.586465338541666,17.432639009114585,13.988664226562499,13.872075785990207
14458,8,4.514,2.257,90.0,4.472,452,1806,116.565,2.0,13.142396930352104,5.785672559895834,2.892836279947917,5.731840427083334,2.5634348958333333,4.090651979630757
14459,6,3.995,1.912,80.538,4.472,568,1810,63.435,2.0,9.856797697764078,5.120461204427083,2.4506437604166664,5.731840427083334,2.5634348958333333,3.5426085324013394
14460,5,3.144,2.025,18.435,3.606,3145,1808,33.69,2.0,8.213998081470065,4.02971965625,2.59547783203125,4.6218731171875,2.5634348958333333,3.2339443426774745
14461,3,2.365,1.615,135.0,2.828,3188,1806,135.0,2.0,4.928398848882039,3.0312617643229167,2.069973678385417,3.624696942708333,2.5634348958333333,2.5050025163503102
14462,14,5.216,3.417,162.953,6.403,3388,1806,141.34,4.0,22.999194628116182,6.685438208333333,4.379628519531249,8.206836819010416,5.126869791666667,5.411423919108519
14463,1,1.128,1.128,0.0,1.414,29,1807,135.0,1.0,1.642799616294013,1.4457772812499998,1.4457772812499998,1.8123484713541664,1.2817174479166666,1.4462638771355416
14464,1,1.128,1.128,0.0,1.414,370,1807,135.0,1.0,1.642799616294013,1.4457772812499998,1.4457772812499998,1.8123484713541664,1.2817174479166666,1.4462638771355416
14465,1,1.128,1.128,0.0,1.414,638,1807,135.0,1.0,1.642799616294013,1.4457772812499998,1.4457772812499998,1.8123484713541664,1.2817174479166666,1.4462638771355416
14466,3,2.365,1.615,135.0,2.828,770,1807,135.0,2.0,4.928398848882039,3.0312617643229167,2.069973678385417,3.624696942708333,2.5634348958333333,2.5050025163503102
14467,1,1.128,1.128,0.0,1.414,3277,1807,135.0,1.0,1.642799616294013,1.4457772812499998,1.4457772812499998,1.8123484713541664,1.2817174479166666,1.4462638771355416
14468,12,4.986,3.064,35.783,5.657,3284,1811,45.0,3.578,19.713595395528156,6.390643195312499,3.9271822604166666,7.250675602864583,4.585985028645833,5.0100050327006205
14469,1,1.128,1.128,0.0,1.414,3408,1807,135.0,1.0,1.642799616294013,1.4457772812499998,1.4457772812499998,1.8123484713541664,1.2817174479166666,1.4462638771355416
14470,8,3.978,2.56,114.407,4.472,503,1808,116.565,3.0,13.142396930352104,5.0986720078125005,3.2811966666666668,5.731840427083334,3.8451523437499997,4.090651979630757
14471,26,7.216,4.588,165.321,8.944,590,1808,153.435,6.0,42.71279002364434,9.248873104166666,5.880519651041666,11.463680854166668,7.690304687499999,7.374527731318484
14472,1,1.128,1.128,0.0,1.414,597,1808,135.0,1.0,1.642799616294013,1.4457772812499998,1.4457772812499998,1.8123484713541664,1.2817174479166666,1.4462638771355416
14473,3,2.365,1.615,135.0,2.828,612,1808,135.0,2.0,4.928398848882039,3.0312617643229167,2.069973678385417,3.624696942708333,2.5634348958333333,2.5050025163503102
14474,10,6.488,1.963,90.0,6.325,632,1808,108.435,2.0,16.42799616294013,8.315782802083334,2.516011350260417,8.106862858072917,2.5634348958333333,4.573487949374228
14475,1,1.128,1.128,0.0,1.414,3137,1808,135.0,1.0,1.642799616294013,1.4457772812499998,1.4457772812499998,1.8123484713541664,1.2817174479166666,1.4462638771355416
14476,3,2.365,1.615,135.0,2.828,3252,1808,135.0,2.0,4.928398848882039,3.0312617643229167,2.069973678385417,3.624696942708333,2.5634348958333333,2.5050025163503102
14477,19,5.278,4.584,68.634,8.246,3352,1816,75.964,6.008,31.21319270958625,6.764904690104166,5.8753927812499995,10.569042075520834,7.700558427083333,6.304118086127151
14478,4,2.257,2.257,0.0,2.828,3360,1808,135.0,2.0,6.571198465176052,2.892836279947917,2.892836279947917,3.624696942708333,2.5634348958333333,2.892527754271083
14479,1,1.128,1.128,0.0,1.414,3491,1808,135.0,1.0,1.642799616294013,1.4457772812499998,1.4457772812499998,1.8123484713541664,1.2817174479166666,1.4462638771355416
14480,1,1.128,1.128,0.0,1.414,615,1809,135.0,1.0,1.642799616294013,1.4457772812499998,1.4457772812499998,1.8123484713541664,1.2817174479166666,1.4462638771355416
14481,2,2.257,1.128,0.0,2.236,641,1809,153.435,1.0,3.285599232588026,2.892836279947917,1.4457772812499998,2.865920213541667,1.2817174479166666,2.0453259898153786
14482,6,3.385,2.257,90.0,3.606,3372,1809,123.69,2.0,9.856797697764078,4.338613561197916,2.892836279947917,4.6218731171875,2.5634348958333333,3.5426085324013394
14483,2,2.596,0.981,45.0,2.828,3821,1811,45.0,1.414,3.285599232588026,3.327338494791667,1.2573648164062499,3.624696942708333,1.8123484713541664,2.0453259898153786
14484,106,17.365,7.772,115.485,19.698,528,1810,113.962,10.817,174.13675932716538,22.257023483072913,9.961508005208334,25.2472702890625,13.864337634114584,14.890197965257402
14485,7,4.044,2.204,63.937,5.0,557,1814,53.13,2.846,11.499597314058091,5.1832653593749995,2.8249052552083334,6.408587239583333,3.6477678567708334,3.826454549076717
14486,23,8.49,3.449,69.32,10.77,646,1820,68.199,5.199,37.7843911747623,10.8817811328125,4.420643477864583,13.8040969140625,6.66364901171875,6.936037892995103
14487,16,5.281,3.857,39.015,7.071,3417,1816,45.0,5.547,26.28479386070421,6.768749842447916,4.943584196614584,9.063024074218749,7.10968668359375,5.785055508542166
14488,22,7.339,3.817,40.531,10.0,494,1818,36.87,6.2,36.141591558468285,9.406524350260417,4.892315498697917,12.817174479166667,7.9466481770833335,6.78357888217988
14489,3,3.385,1.128,90.0,3.162,3251,1811,108.435,1.0,4.928398848882039,4.338613561197916,1.4457772812499998,4.0527905703125,1.2817174479166666,2.5050025163503102
14490,16,5.363,3.798,61.512,7.616,3314,1818,66.801,5.376,26.28479386070421,6.873850673177084,4.8679628671875,9.761560083333332,6.890513,5.785055508542166
14491,2,2.257,1.128,90.0,2.236,3331,1811,116.565,1.0,3.285599232588026,2.892836279947917,1.4457772812499998,2.865920213541667,1.2817174479166666,2.0453259898153786
14492,100,13.215,9.635,165.719,15.264,3458,1813,148.392,11.0,164.2799616294013,16.93789607421875,12.349347610677082,19.564135125,14.098891927083333,14.462638771355415
14493,4,2.257,2.257,0.0,2.828,450,1812,135.0,2.0,6.571198465176052,2.892836279947917,2.892836279947917,3.624696942708333,2.5634348958333333,2.892527754271083
14494,3,2.365,1.615,45.0,2.828,736,1814,45.0,2.0,4.928398848882039,3.0312617643229167,2.069973678385417,3.624696942708333,2.5634348958333333,2.5050025163503102
14495,1,1.128,1.128,0.0,1.414,3037,1812,135.0,1.0,1.642799616294013,1.4457772812499998,1.4457772812499998,1.8123484713541664,1.2817174479166666,1.4462638771355416
14496,1,1.128,1.128,0.0,1.414,3197,1812,135.0,1.0,1.642799616294013,1.4457772812499998,1.4457772812499998,1.8123484713541664,1.2817174479166666,1.4462638771355416
14497,10,6.313,2.017,149.36,7.211,3218,1812,146.31,3.13,16.42799616294013,8.091482248697917,2.5852240924479166,9.242464516927084,4.011775611979166,4.573487949374228
14498,9,4.563,2.511,153.435,5.0,3272,1812,143.13,3.0,14.785196546646118,5.848476714843749,3.21839251171875,6.408587239583333,3.8451523437499997,4.338791631406624
14499,13,6.662,2.484,137.315,7.81,3282,1812,129.806,4.116,21.35639501182217,8.538801638020834,3.183786140625,10.010213268229165,5.275549015625,5.214578566863546
14500,3,2.365,1.615,45.0,2.828,3296,1814,45.0,2.0,4.928398848882039,3.0312617643229167,2.069973678385417,3.624696942708333,2.5634348958333333,2.5050025163503102
14501,8,4.902,2.078,48.783,5.831,3339,1817,59.036,3.328,13.142396930352104,6.2829789296875,2.663408856770833,7.473694438802084,4.265555666666667,4.090651979630757
14502,15,5.39,3.543,128.433,6.403,3396,1812,128.66,4.0,24.641994244410196,6.908457044270833,4.54112491796875,8.206836819010416,5.126869791666667,5.601355910367322
14503,2,2.596,0.981,45.0,2.828,3444,1814,45.0,1.414,3.285599232588026,3.327338494791667,1.2573648164062499,3.624696942708333,1.8123484713541664,2.0453259898153786
14504,4,2.257,2.257,0.0,2.828,3450,1812,135.0,2.0,6.571198465176052,2.892836279947917,2.892836279947917,3.624696942708333,2.5634348958333333,2.892527754271083
14505,2,2.257,1.128,0.0,2.236,538,1813,153.435,1.0,3.285599232588026,2.892836279947917,1.4457772812499998,2.865920213541667,1.2817174479166666,2.0453259898153786
14506,68,12.224,7.083,3.73,18.439,548,1818,12.529,10.713,111.71037390799289,15.667714083333333,9.07840468359375,23.633588022135417,13.731039019531249,11.926197455890321
14507,51,10.622,6.113,110.79,12.53,3120,1813,118.61,7.589,83.78278043099466,13.614402731770832,7.835138759114583,16.05991962239583,9.726953712239583,10.32838996735036
14508,2,2.257,1.128,0.0,2.236,3254,1813,153.435,1.0,3.285599232588026,2.892836279947917,1.4457772812499998,2.865920213541667,1.2817174479166666,2.0453259898153786
14509,1,1.128,1.128,0.0,1.414,3487,1813,135.0,1.0,1.642799616294013,1.4457772812499998,1.4457772812499998,1.8123484713541664,1.2817174479166666,1.4462638771355416
14510,4,2.734,1.863,0.0,3.162,545,1814,161.565,2.0,6.571198465176052,3.5042155026041666,2.38783960546875,4.0527905703125,2.5634348958333333,2.892527754271083
14511,5,3.144,2.025,108.435,3.606,575,1814,123.69,2.0,8.213998081470065,4.02971965625,2.59547783203125,4.6218731171875,2.5634348958333333,3.2339443426774745
14512,4,2.257,2.257,0.0,2.828,652,1814,135.0,2.0,6.571198465176052,2.892836279947917,2.892836279947917,3.624696942708333,2.5634348958333333,2.892527754271083
14513,3,2.365,1.615,135.0,2.828,668,1814,135.0,2.0,4.928398848882039,3.0312617643229167,2.069973678385417,3.624696942708333,2.5634348958333333,2.5050025163503102
14514,1,1.128,1.128,0.0,1.414,873,1814,135.0,1.0,1.642799616294013,1.4457772812499998,1.4457772812499998,1.8123484713541664,1.2817174479166666,1.4462638771355416
14515,3,2.365,1.615,135.0,2.828,3114,1814,135.0,2.0,4.928398848882039,3.0312617643229167,2.069973678385417,3.624696942708333,2.5634348958333333,2.5050025163503102
14516,2,2.596,0.981,135.0,2.828,3195,1814,135.0,1.414,3.285599232588026,3.327338494791667,1.2573648164062499,3.624696942708333,1.8123484713541664,2.0453259898153786
14517,2,2.257,1.128,0.0,2.236,684,1815,153.435,1.0,3.285599232588026,2.892836279947917,1.4457772812499998,2.865920213541667,1.2817174479166666,2.0453259898153786
14518,2,2.257,1.128,90.0,2.236,746,1815,116.565,1.0,3.285599232588026,2.892836279947917,1.4457772812499998,2.865920213541667,1.2817174479166666,2.0453259898153786
14519,1,1.128,1.128,0.0,1.414,791,1815,135.0,1.0,1.642799616294013,1.4457772812499998,1.4457772812499998,1.8123484713541664,1.2817174479166666,1.4462638771355416
14520,1,1.128,1.128,0.0,1.414,1275,1815,135.0,1.0,1.642799616294013,1.4457772812499998,1.4457772812499998,1.8123484713541664,1.2817174479166666,1.4462638771355416
14521,1,1.128,1.128,0.0,1.414,3234,1815,135.0,1.0,1.642799616294013,1.4457772812499998,1.4457772812499998,1.8123484713541664,1.2817174479166666,1.4462638771355416
14522,1,1.128,1.128,0.0,1.414,3508,1815,135.0,1.0,1.642799616294013,1.4457772812499998,1.4457772812499998,1.8123484713541664,1.2817174479166666,1.4462638771355416
14523,7,4.265,2.09,131.579,5.0,567,1816,126.87,2.828,11.499597314058091,5.466524915364583,2.678789466145833,6.408587239583333,3.624696942708333,3.826454549076717
14524,1,1.128,1.128,0.0,1.414,681,1816,135.0,1.0,1.642799616294013,1.4457772812499998,1.4457772812499998,1.8123484713541664,1.2817174479166666,1.4462638771355416
14525,9,5.781,1.982,40.543,6.403,747,1820,38.66,2.828,14.785196546646118,7.409608566406249,2.5403639817708332,8.206836819010416,3.624696942708333,4.338791631406624
14526,4,3.192,1.596,161.565,3.606,798,1816,146.31,2.0,6.571198465176052,4.09124209375,2.045621046875,4.6218731171875,2.5634348958333333,2.892527754271083
14527,3,2.365,1.615,45.0,2.828,814,1818,45.0,2.0,4.928398848882039,3.0312617643229167,2.069973678385417,3.624696942708333,2.5634348958333333,2.5050025163503102
14528,3,3.213,1.189,61.845,3.606,3239,1819,56.31,1.789,4.928398848882039,4.11815816015625,1.5239620455729168,4.6218731171875,2.2929925143229166,2.5050025163503102
14529,2,2.596,0.981,45.0,2.828,3394,1818,45.0,1.414,3.285599232588026,3.327338494791667,1.2573648164062499,3.624696942708333,1.8123484713541664,2.0453259898153786
14530,4,3.192,1.596,108.435,3.606,451,1817,123.69,2.0,6.571198465176052,4.09124209375,2.045621046875,4.6218731171875,2.5634348958333333,2.892527754271083
14531,2,2.257,1.128,90.0,2.236,593,1817,116.565,1.0,3.285599232588026,2.892836279947917,1.4457772812499998,2.865920213541667,1.2817174479166666,2.0453259898153786
14532,1,1.128,1.128,0.0,1.414,871,1817,135.0,1.0,1.642799616294013,1.4457772812499998,1.4457772812499998,1.8123484713541664,1.2817174479166666,1.4462638771355416
14533,4,2.257,2.257,0.0,2.828,3210,1817,135.0,2.0,6.571198465176052,2.892836279947917,2.892836279947917,3.624696942708333,2.5634348958333333,2.892527754271083
14534,4,2.257,2.257,0.0,2.828,3332,1817,135.0,2.0,6.571198465176052,2.892836279947917,2.892836279947917,3.624696942708333,2.5634348958333333,2.892527754271083
14535,1,1.128,1.128,0.0,1.414,429,1818,135.0,1.0,1.642799616294013,1.4457772812499998,1.4457772812499998,1.8123484713541664,1.2817174479166666,1.4462638771355416
14536,3,2.365,1.615,45.0,2.828,456,1820,45.0,2.0,4.928398848882039,3.0312617643229167,2.069973678385417,3.624696942708333,2.5634348958333333,2.5050025163503102
14537,65,12.686,6.524,84.787,17.117,540,1818,96.71,10.0,106.78197505911085,16.259867544270833,8.361924630208334,21.939157555989585,12.817174479166667,11.660152149520322
14538,2,2.257,1.128,0.0,2.236,680,1818,153.435,1.0,3.285599232588026,2.892836279947917,1.4457772812499998,2.865920213541667,1.2817174479166666,2.0453259898153786
14539,10,5.693,2.236,85.877,6.325,3322,1818,108.435,3.0,16.42799616294013,7.296817430989583,2.865920213541667,8.106862858072917,3.8451523437499997,4.573487949374228
14540,11,5.135,2.728,44.318,5.831,3395,1821,30.964,3.536,18.070795779234142,6.5816190950520825,3.4965251979166667,7.473694438802084,4.532152895833334,4.796714628303253
14541,18,5.862,3.91,146.788,7.071,498,1819,135.0,4.851,29.570393093292235,7.5134276796875,5.011515221354167,9.063024074218749,6.21761133984375,6.135977969446135
14542,1,1.128,1.128,0.0,1.414,1031,1819,135.0,1.0,1.642799616294013,1.4457772812499998,1.4457772812499998,1.8123484713541664,1.2817174479166666,1.4462638771355416
14543,4,4.428,1.15,143.909,5.0,3198,1819,143.13,1.941,6.571198465176052,5.675444859375,1.4739750651041665,6.408587239583333,2.48781356640625,2.892527754271083
14544,1,1.128,1.128,0.0,1.414,3317,1819,135.0,1.0,1.642799616294013,1.4457772812499998,1.4457772812499998,1.8123484713541664,1.2817174479166666,1.4462638771355416
14545,223,21.113,13.448,136.556,26.173,3483,1821,133.452,17.473,366.34431443356493,27.060900477864582,17.236536239583334,33.546390764322915,22.395448967447916,21.597325346312903
14546,6,3.385,2.257,90.0,3.606,616,1820,123.69,2.0,9.856797697764078,4.338613561197916,2.892836279947917,4.6218731171875,2.5634348958333333,3.5426085324013394
14547,4,2.257,2.257,0.0,2.828,640,1820,135.0,2.0,6.571198465176052,2.892836279947917,2.892836279947917,3.624696942708333,2.5634348958333333,2.892527754271083
14548,6,4.374,1.746,113.199,5.0,714,1820,126.87,2.53,9.856797697764078,5.606232117187499,2.2378786640625,6.408587239583333,3.2427451432291665,3.5426085324013394
14549,1,1.128,1.128,0.0,1.414,3158,1820,135.0,1.0,1.642799616294013,1.4457772812499998,1.4457772812499998,1.8123484713541664,1.2817174479166666,1.4462638771355416
14550,16,6.609,3.082,67.246,7.211,3280,1826,56.31,4.0,26.28479386070421,8.47087061328125,3.9502531744791662,9.242464516927084,5.126869791666667,5.785055508542166
14551,39,12.838,3.868,104.597,16.492,3330,1820,104.036,5.843,64.0691850354665,16.454688596354167,4.957683088541667,21.138084151041667,7.489075048177083,9.031915017867364
14552,7,3.086,2.888,0.0,3.606,3335,1820,123.69,3.0,11.499597314058091,3.955380044270833,3.701599989583333,4.6218731171875,3.8451523437499997,3.826454549076717
14553,44,8.469,6.615,121.335,12.649,3374,1820,108.435,9.371,72.28318311693657,10.85486506640625,8.47856091796875,16.212443998697914,12.010974204427084,9.593429256606505
14554,13,4.447,3.722,88.467,6.083,469,1821,99.462,5.0,21.35639501182217,5.699797490885417,4.770552341145833,7.7966872356770835,6.408587239583333,5.214578566863546
14555,3,3.213,1.189,61.845,3.606,508,1824,56.31,1.789,4.928398848882039,4.11815816015625,1.5239620455729168,4.6218731171875,2.2929925143229166,2.5050025163503102
14556,4,3.192,1.596,108.435,3.606,604,1821,123.69,2.0,6.571198465176052,4.09124209375,2.045621046875,4.6218731171875,2.5634348958333333,2.892527754271083
14557,23,6.807,4.302,155.505,8.062,625,1822,150.255,5.0,37.7843911747623,8.724650667968751,5.5139484609375,10.333206065104166,6.408587239583333,6.936037892995103
14558,1,1.128,1.128,0.0,1.414,680,1821,135.0,1.0,1.642799616294013,1.4457772812499998,1.4457772812499998,1.8123484713541664,1.2817174479166666,1.4462638771355416
14559,3,3.385,1.128,0.0,3.162,3194,1821,161.565,1.0,4.928398848882039,4.338613561197916,1.4457772812499998,4.0527905703125,1.2817174479166666,2.5050025163503102
14560,5,3.144,2.025,161.565,3.606,481,1822,146.31,2.0,8.213998081470065,4.02971965625,2.59547783203125,4.6218731171875,2.5634348958333333,3.2339443426774745
14561,1,1.128,1.128,0.0,1.414,547,1822,135.0,1.0,1.642799616294013,1.4457772812499998,1.4457772812499998,1.8123484713541664,1.2817174479166666,1.4462638771355416
14562,1,1.128,1.128,0.0,1.414,633,1822,135.0,1.0,1.642799616294013,1.4457772812499998,1.4457772812499998,1.8123484713541664,1.2817174479166666,1.4462638771355416
14563,4,3.192,1.596,161.565,3.606,3225,1822,146.31,2.0,6.571198465176052,4.09124209375,2.045621046875,4.6218731171875,2.5634348958333333,2.892527754271083
14564,5,3.144,2.025,18.435,3.606,3354,1824,33.69,2.0,8.213998081470065,4.02971965625,2.59547783203125,4.6218731171875,2.5634348958333333,3.2339443426774745
14565,6,3.988,1.916,71.565,4.472,3402,1826,63.435,2.0,9.856797697764078,5.111489182291667,2.4557706302083333,5.731840427083334,2.5634348958333333,3.5426085324013394
14566,52,9.059,7.309,11.022,11.402,507,1830,37.875,8.854,85.42558004728868,11.611078360677082,9.368072826822917,14.614142341145833,11.348326283854165,10.429157133727092
14567,2,2.257,1.128,90.0,2.236,526,1823,116.565,1.0,3.285599232588026,2.892836279947917,1.4457772812499998,2.865920213541667,1.2817174479166666,2.0453259898153786
14568,5,5.642,1.128,90.0,5.099,698,1823,101.31,1.0,8.213998081470065,7.2314498411458334,1.4457772812499998,6.535477266927083,1.2817174479166666,3.2339443426774745
14569,12,4.992,3.061,109.805,5.831,701,1823,120.964,3.0,19.713595395528156,6.3983335,3.9233371080729165,7.473694438802084,3.8451523437499997,5.0100050327006205
14570,2,2.257,1.128,90.0,2.236,3359,1823,116.565,1.0,3.285599232588026,2.892836279947917,1.4457772812499998,2.865920213541667,1.2817174479166666,2.0453259898153786
14571,12,6.65,2.297,35.668,7.81,3390,1828,39.806,3.8,19.713595395528156,8.523421028645833,2.9441049778645834,10.010213268229165,4.870526302083333,5.0100050327006205
14572,3,2.365,1.615,135.0,2.828,519,1824,135.0,2.0,4.928398848882039,3.0312617643229167,2.069973678385417,3.624696942708333,2.5634348958333333,2.5050025163503102
14573,30,8.902,4.291,95.9,10.44,585,1824,106.699,6.0,49.28398848882039,11.409848721354166,5.499849569010417,13.381130156249998,7.690304687499999,7.921513496120161
14574,1,1.128,1.128,0.0,1.414,635,1824,135.0,1.0,1.642799616294013,1.4457772812499998,1.4457772812499998,1.8123484713541664,1.2817174479166666,1.4462638771355416
14575,2,2.257,1.128,90.0,2.236,752,1824,116.565,1.0,3.285599232588026,2.892836279947917,1.4457772812499998,2.865920213541667,1.2817174479166666,2.0453259898153786
14576,1,1.128,1.128,0.0,1.414,757,1824,135.0,1.0,1.642799616294013,1.4457772812499998,1.4457772812499998,1.8123484713541664,1.2817174479166666,1.4462638771355416
14577,3,2.365,1.615,135.0,2.828,1125,1824,135.0,2.0,4.928398848882039,3.0312617643229167,2.069973678385417,3.624696942708333,2.5634348958333333,2.5050025163503102
14578,16,5.806,3.509,97.854,6.708,3210,1830,63.435,4.0,26.28479386070421,7.4416515026041665,4.497546524739583,8.597760640625,5.126869791666667,5.785055508542166
14579,8,3.797,2.682,82.982,4.472,3444,1828,63.435,3.0,13.142396930352104,4.866681149739583,3.4375661953125,5.731840427083334,3.8451523437499997,4.090651979630757
14580,1,1.128,1.128,0.0,1.414,486,1825,135.0,1.0,1.642799616294013,1.4457772812499998,1.4457772812499998,1.8123484713541664,1.2817174479166666,1.4462638771355416
14581,3,3.385,1.128,90.0,3.162,493,1825,108.435,1.0,4.928398848882039,4.338613561197916,1.4457772812499998,4.0527905703125,1.2817174479166666,2.5050025163503102
14582,44,10.849,5.164,160.174,13.0,570,1827,157.38,6.688,72.28318311693657,13.905352592447917,6.6187889010416665,16.662326822916665,8.572126291666667,9.593429256606505
14583,1,1.128,1.128,0.0,1.414,1087,1825,135.0,1.0,1.642799616294013,1.4457772812499998,1.4457772812499998,1.8123484713541664,1.2817174479166666,1.4462638771355416
14584,10,5.919,2.151,9.992,6.708,3296,1828,26.565,3.0,16.42799616294013,7.58648557421875,2.75697423046875,8.597760640625,3.8451523437499997,4.573487949374228
14585,111,18.049,7.83,90.797,21.095,3799,1846,84.56,12.854,182.35075740863545,23.133718217447914,10.0358476171875,27.03782956380208,16.47519607552083,15.23733544475842
14586,32,7.395,5.509,43.98,11.402,493,1834,37.875,7.891,52.56958772140842,9.47830052734375,7.060981420572917,14.614142341145833,10.114032381510416,8.181303959261514
14587,24,6.971,4.383,149.584,9.434,549,1827,147.995,6.0,39.42719079105631,8.934852329427084,5.61776757421875,12.091722403645832,7.690304687499999,7.085217064802679
14588,257,26.427,12.382,76.974,40.853,551,1864,68.459,21.287,422.1995013875613,33.87194699609375,15.870225440104166,52.362002899739586,27.28391931380208,23.18537372985245
14589,1,1.128,1.128,0.0,1.414,601,1826,135.0,1.0,1.642799616294013,1.4457772812499998,1.4457772812499998,1.8123484713541664,1.2817174479166666,1.4462638771355416
14590,2,2.257,1.128,90.0,2.236,689,1826,116.565,1.0,3.285599232588026,2.892836279947917,1.4457772812499998,2.865920213541667,1.2817174479166666,2.0453259898153786
14591,2,2.257,1.128,90.0,2.236,744,1826,116.565,1.0,3.285599232588026,2.892836279947917,1.4457772812499998,2.865920213541667,1.2817174479166666,2.0453259898153786
14592,2,2.257,1.128,90.0,2.236,3167,1826,116.565,1.0,3.285599232588026,2.892836279947917,1.4457772812499998,2.865920213541667,1.2817174479166666,2.0453259898153786
14593,2,2.596,0.981,45.0,2.828,3206,1828,45.0,1.414,3.285599232588026,3.327338494791667,1.2573648164062499,3.624696942708333,1.8123484713541664,2.0453259898153786
14594,5,3.144,2.025,161.565,3.606,3336,1826,146.31,2.0,8.213998081470065,4.02971965625,2.59547783203125,4.6218731171875,2.5634348958333333,3.2339443426774745
14595,1,1.128,1.128,0.0,1.414,3421,1826,135.0,1.0,1.642799616294013,1.4457772812499998,1.4457772812499998,1.8123484713541664,1.2817174479166666,1.4462638771355416
14596,49,8.421,7.409,134.087,9.849,470,1830,156.038,8.497,80.49718119840664,10.793342628906249,9.496244571614582,12.62363514453125,10.890753154947916,10.12384713994879
14597,1,1.128,1.128,0.0,1.414,528,1827,135.0,1.0,1.642799616294013,1.4457772812499998,1.4457772812499998,1.8123484713541664,1.2817174479166666,1.4462638771355416
14598,5,3.713,1.714,160.097,4.472,646,1828,153.435,2.53,8.213998081470065,4.759016884114583,2.1968637057291667,5.731840427083334,3.2427451432291665,3.2339443426774745
14599,11,4.75,2.948,50.565,5.385,729,1832,68.199,3.536,18.070795779234142,6.088157877604167,3.7785030364583334,6.90204845703125,4.532152895833334,4.796714628303253
14600,1,1.128,1.128,0.0,1.414,889,1827,135.0,1.0,1.642799616294013,1.4457772812499998,1.4457772812499998,1.8123484713541664,1.2817174479166666,1.4462638771355416
14601,1,1.128,1.128,0.0,1.414,2925,1827,135.0,1.0,1.642799616294013,1.4457772812499998,1.4457772812499998,1.8123484713541664,1.2817174479166666,1.4462638771355416
14602,6,4.387,1.742,147.757,5.0,3104,1827,143.13,2.496,9.856797697764078,5.622894444010416,2.2327517942708335,6.408587239583333,3.19916675,3.5426085324013394
14603,1,1.128,1.128,0.0,1.414,3115,1827,135.0,1.0,1.642799616294013,1.4457772812499998,1.4457772812499998,1.8123484713541664,1.2817174479166666,1.4462638771355416
14604,2,2.257,1.128,0.0,2.236,3179,1827,153.435,1.0,3.285599232588026,2.892836279947917,1.4457772812499998,2.865920213541667,1.2817174479166666,2.0453259898153786
14605,2,2.257,1.128,90.0,2.236,3325,1827,116.565,1.0,3.285599232588026,2.892836279947917,1.4457772812499998,2.865920213541667,1.2817174479166666,2.0453259898153786
14606,34,7.885,5.49,37.972,9.22,3428,1833,40.601,7.0,55.855186953996444,10.106342076822916,7.0366287890625,11.817434869791667,8.972022135416667,8.433095094829797
14607,1,1.128,1.128,0.0,1.414,3625,1827,135.0,1.0,1.642799616294013,1.4457772812499998,1.4457772812499998,1.8123484713541664,1.2817174479166666,1.4462638771355416
14608,8,5.426,1.877,96.438,6.325,430,1828,108.435,2.0,13.142396930352104,6.954598872395834,2.4057836497395835,8.106862858072917,2.5634348958333333,4.090651979630757
14609,3,3.213,1.189,28.155,3.606,521,1830,33.69,1.789,4.928398848882039,4.11815816015625,1.5239620455729168,4.6218731171875,2.2929925143229166,2.5050025163503102
14610,2,2.257,1.128,0.0,2.236,598,1828,153.435,1.0,3.285599232588026,2.892836279947917,1.4457772812499998,2.865920213541667,1.2817174479166666,2.0453259898153786
14611,4,2.734,1.863,0.0,3.162,699,1829,161.565,2.0,6.571198465176052,3.5042155026041666,2.38783960546875,4.0527905703125,2.5634348958333333,2.892527754271083
14612,2,2.257,1.128,90.0,2.236,783,1828,116.565,1.0,3.285599232588026,2.892836279947917,1.4457772812499998,2.865920213541667,1.2817174479166666,2.0453259898153786
14613,1,1.128,1.128,0.0,1.414,843,1828,135.0,1.0,1.642799616294013,1.4457772812499998,1.4457772812499998,1.8123484713541664,1.2817174479166666,1.4462638771355416
14614,1,1.128,1.128,0.0,1.414,3290,1828,135.0,1.0,1.642799616294013,1.4457772812499998,1.4457772812499998,1.8123484713541664,1.2817174479166666,1.4462638771355416
14615,43,11.403,4.801,173.457,13.342,3308,1832,12.995,6.0,70.64038350064256,14.615424058593751,6.153525467447917,17.10067419010417,7.690304687499999,9.483786464234974
14616,11,4.9,2.859,37.875,5.657,3338,1832,45.0,3.536,18.070795779234142,6.280415494791667,3.66443018359375,7.250675602864583,4.532152895833334,4.796714628303253
14617,6,4.134,1.848,102.933,4.472,3416,1828,116.565,2.0,9.856797697764078,5.298619929687501,2.36861384375,5.731840427083334,2.5634348958333333,3.5426085324013394
14618,4,3.192,1.596,18.435,3.606,3437,1830,33.69,2.0,6.571198465176052,4.09124209375,2.045621046875,4.6218731171875,2.5634348958333333,2.892527754271083
14619,48,10.032,6.092,56.596,12.207,3470,1838,55.008,7.778,78.85438158211262,12.8581894375,7.808222692708333,15.64592488671875,9.969198309895832,10.020010065401241
14620,5,3.144,2.025,161.565,3.606,3673,1828,146.31,2.0,8.213998081470065,4.02971965625,2.59547783203125,4.6218731171875,2.5634348958333333,3.2339443426774745
14621,2,2.257,1.128,0.0,2.236,532,1829,153.435,1.0,3.285599232588026,2.892836279947917,1.4457772812499998,2.865920213541667,1.2817174479166666,2.0453259898153786
14622,1,1.128,1.128,0.0,1.414,633,1829,135.0,1.0,1.642799616294013,1.4457772812499998,1.4457772812499998,1.8123484713541664,1.2817174479166666,1.4462638771355416
14623,1,1.128,1.128,0.0,1.414,733,1829,135.0,1.0,1.642799616294013,1.4457772812499998,1.4457772812499998,1.8123484713541664,1.2817174479166666,1.4462638771355416
14624,2,2.257,1.128,0.0,2.236,776,1829,153.435,1.0,3.285599232588026,2.892836279947917,1.4457772812499998,2.865920213541667,1.2817174479166666,2.0453259898153786
14625,1,1.128,1.128,0.0,1.414,840,1829,135.0,1.0,1.642799616294013,1.4457772812499998,1.4457772812499998,1.8123484713541664,1.2817174479166666,1.4462638771355416
14626,1,1.128,1.128,0.0,1.414,862,1829,135.0,1.0,1.642799616294013,1.4457772812499998,1.4457772812499998,1.8123484713541664,1.2817174479166666,1.4462638771355416
14627,1,1.128,1.128,0.0,1.414,3407,1829,135.0,1.0,1.642799616294013,1.4457772812499998,1.4457772812499998,1.8123484713541664,1.2817174479166666,1.4462638771355416
14628,3,2.365,1.615,135.0,2.828,3412,1829,135.0,2.0,4.928398848882039,3.0312617643229167,2.069973678385417,3.624696942708333,2.5634348958333333,2.5050025163503102
14629,2,2.257,1.128,0.0,2.236,3831,1829,153.435,1.0,3.285599232588026,2.892836279947917,1.4457772812499998,2.865920213541667,1.2817174479166666,2.0453259898153786
14630,1,1.128,1.128,0.0,1.414,547,1830,135.0,1.0,1.642799616294013,1.4457772812499998,1.4457772812499998,1.8123484713541664,1.2817174479166666,1.4462638771355416
14631,10,4.525,2.814,58.043,5.657,620,1834,45.0,3.883,16.42799616294013,5.799771451822917,3.6067528984375,7.250675602864583,4.976908850260417,4.573487949374228
14632,1,1.128,1.128,0.0,1.414,748,1830,135.0,1.0,1.642799616294013,1.4457772812499998,1.4457772812499998,1.8123484713541664,1.2817174479166666,1.4462638771355416
14633,19,5.509,4.392,42.231,6.708,1272,1835,26.565,5.547,31.21319270958625,7.060981420572917,5.62930303125,8.597760640625,7.10968668359375,6.304118086127151
14634,2,2.257,1.128,90.0,2.236,3262,1830,116.565,1.0,3.285599232588026,2.892836279947917,1.4457772812499998,2.865920213541667,1.2817174479166666,2.0453259898153786
14635,5,3.679,1.73,154.33,4.472,3322,1831,153.435,2.53,8.213998081470065,4.7154384908854166,2.2173711848958333,5.731840427083334,3.2427451432291665,3.2339443426774745
14636,6,4.134,1.848,77.067,4.472,3344,1834,63.435,2.0,9.856797697764078,5.298619929687501,2.36861384375,5.731840427083334,2.5634348958333333,3.5426085324013394
14637,3,3.385,1.128,90.0,3.162,3293,1831,108.435,1.0,4.928398848882039,4.338613561197916,1.4457772812499998,4.0527905703125,1.2817174479166666,2.5050025163503102
14638,2,2.257,1.128,0.0,2.236,3469,1831,153.435,1.0,3.285599232588026,2.892836279947917,1.4457772812499998,2.865920213541667,1.2817174479166666,2.0453259898153786
14639,51,11.839,5.485,7.778,18.028,480,1842,19.44,9.369,83.78278043099466,15.174252865885418,7.0302202018229165,23.106802151041663,12.008410769531249,10.32838996735036
14640,8,3.739,2.724,91.788,4.472,518,1836,63.435,3.0,13.142396930352104,4.792341537760416,3.4913983281250003,5.731840427083334,3.8451523437499997,4.090651979630757
14641,1,1.128,1.128,0.0,1.414,595,1832,135.0,1.0,1.642799616294013,1.4457772812499998,1.4457772812499998,1.8123484713541664,1.2817174479166666,1.4462638771355416
14642,2,2.257,1.128,0.0,2.236,887,1832,153.435,1.0,3.285599232588026,2.892836279947917,1.4457772812499998,2.865920213541667,1.2817174479166666,2.0453259898153786
14643,4,2.257,2.257,0.0,2.828,3234,1832,135.0,2.0,6.571198465176052,2.892836279947917,2.892836279947917,3.624696942708333,2.5634348958333333,2.892527754271083
14644,5,4.076,1.562,159.006,4.472,3280,1832,153.435,2.0,8.213998081470065,5.224280317708333,2.0020426536458333,5.731840427083334,2.5634348958333333,3.2339443426774745
14645,22,8.479,3.304,54.146,10.0,3348,1840,53.13,4.919,36.141591558468285,10.867682240885415,4.234794447916666,12.817174479166667,6.304768126302083,6.78357888217988
14646,3,3.969,0.963,135.0,4.243,3437,1832,135.0,1.414,4.928398848882039,5.08713655078125,1.23429390234375,5.438327131510417,1.8123484713541664,2.5050025163503102
14647,2,2.257,1.128,90.0,2.236,3453,1832,116.565,1.0,3.285599232588026,2.892836279947917,1.4457772812499998,2.865920213541667,1.2817174479166666,2.0453259898153786
14648,1,1.128,1.128,0.0,1.414,570,1833,135.0,1.0,1.642799616294013,1.4457772812499998,1.4457772812499998,1.8123484713541664,1.2817174479166666,1.4462638771355416
14649,1,1.128,1.128,0.0,1.414,572,1833,135.0,1.0,1.642799616294013,1.4457772812499998,1.4457772812499998,1.8123484713541664,1.2817174479166666,1.4462638771355416
14650,8,4.514,2.257,0.0,4.472,748,1833,153.435,2.0,13.142396930352104,5.785672559895834,2.892836279947917,5.731840427083334,2.5634348958333333,4.090651979630757
14651,3,2.365,1.615,45.0,2.828,2552,1835,45.0,2.0,4.928398848882039,3.0312617643229167,2.069973678385417,3.624696942708333,2.5634348958333333,2.5050025163503102
14652,9,4.687,2.445,139.196,5.657,3168,1833,135.0,3.536,14.785196546646118,6.007409678385417,3.13379916015625,7.250675602864583,4.532152895833334,4.338791631406624
14653,1,1.128,1.128,0.0,1.414,3322,1833,135.0,1.0,1.642799616294013,1.4457772812499998,1.4457772812499998,1.8123484713541664,1.2817174479166666,1.4462638771355416
14654,1,1.128,1.128,0.0,1.414,3398,1833,135.0,1.0,1.642799616294013,1.4457772812499998,1.4457772812499998,1.8123484713541664,1.2817174479166666,1.4462638771355416
14655,10,4.226,3.013,90.0,5.0,427,1834,126.87,4.0,16.42799616294013,5.416537934895834,3.8618146705729166,6.408587239583333,5.126869791666667,4.573487949374228
14656,1,1.128,1.128,0.0,1.414,508,1834,135.0,1.0,1.642799616294013,1.4457772812499998,1.4457772812499998,1.8123484713541664,1.2817174479166666,1.4462638771355416
14657,1,1.128,1.128,0.0,1.414,589,1834,135.0,1.0,1.642799616294013,1.4457772812499998,1.4457772812499998,1.8123484713541664,1.2817174479166666,1.4462638771355416
14658,1,1.128,1.128,0.0,1.414,728,1834,135.0,1.0,1.642799616294013,1.4457772812499998,1.4457772812499998,1.8123484713541664,1.2817174479166666,1.4462638771355416
14659,12,4.514,3.385,90.0,5.0,3174,1834,126.87,3.0,19.713595395528156,5.785672559895834,4.338613561197916,6.408587239583333,3.8451523437499997,5.0100050327006205
14660,1,1.128,1.128,0.0,1.414,3213,1834,135.0,1.0,1.642799616294013,1.4457772812499998,1.4457772812499998,1.8123484713541664,1.2817174479166666,1.4462638771355416
14661,3,2.365,1.615,45.0,2.828,3318,1836,45.0,2.0,4.928398848882039,3.0312617643229167,2.069973678385417,3.624696942708333,2.5634348958333333,2.5050025163503102
14662,11,4.424,3.166,157.955,5.385,3377,1835,158.199,4.0,18.070795779234142,5.670317989583333,4.057917440104166,6.90204845703125,5.126869791666667,4.796714628303253
14663,3,2.365,1.615,45.0,2.828,3744,1836,45.0,2.0,4.928398848882039,3.0312617643229167,2.069973678385417,3.624696942708333,2.5634348958333333,2.5050025163503102
14664,3,2.365,1.615,45.0,2.828,423,1837,45.0,2.0,4.928398848882039,3.0312617643229167,2.069973678385417,3.624696942708333,2.5634348958333333,2.5050025163503102
14665,2,2.257,1.128,90.0,2.236,431,1835,116.565,1.0,3.285599232588026,2.892836279947917,1.4457772812499998,2.865920213541667,1.2817174479166666,2.0453259898153786
14666,1,1.128,1.128,0.0,1.414,841,1835,135.0,1.0,1.642799616294013,1.4457772812499998,1.4457772812499998,1.8123484713541664,1.2817174479166666,1.4462638771355416
14667,1,1.128,1.128,0.0,1.414,3179,1835,135.0,1.0,1.642799616294013,1.4457772812499998,1.4457772812499998,1.8123484713541664,1.2817174479166666,1.4462638771355416
14668,161,17.591,11.653,171.124,22.136,3778,1845,161.565,17.4,264.4907382233361,22.546691626302085,14.935853420572917,28.372097427083332,22.30188359375,18.351031348985476
14669,1,1.128,1.128,0.0,1.414,3815,1835,135.0,1.0,1.642799616294013,1.4457772812499998,1.4457772812499998,1.8123484713541664,1.2817174479166666,1.4462638771355416
14670,11,4.384,3.195,74.929,5.0,541,1840,53.13,3.0,18.070795779234142,5.619049291666667,4.095087246093749,6.408587239583333,3.8451523437499997,4.796714628303253
14671,2,2.257,1.128,0.0,2.236,596,1836,153.435,1.0,3.285599232588026,2.892836279947917,1.4457772812499998,2.865920213541667,1.2817174479166666,2.0453259898153786
14672,6,3.385,2.257,0.0,3.606,612,1836,146.31,2.0,9.856797697764078,4.338613561197916,2.892836279947917,4.6218731171875,2.5634348958333333,3.5426085324013394
14673,3,2.365,1.615,45.0,2.828,702,1838,45.0,2.0,4.928398848882039,3.0312617643229167,2.069973678385417,3.624696942708333,2.5634348958333333,2.5050025163503102
14674,10,4.456,2.857,71.778,5.0,3219,1840,53.13,3.0,16.42799616294013,5.7113329479166675,3.661866748697917,6.408587239583333,3.8451523437499997,4.573487949374228
14675,15,6.86,2.784,15.8,8.246,3228,1838,14.036,4.603,24.641994244410196,8.792581692708334,3.568301375,10.569042075520834,5.899745412760416,5.601355910367322
14676,12,6.325,2.415,28.208,7.211,3244,1840,33.69,3.528,19.713595395528156,8.106862858072917,3.09534763671875,9.242464516927084,4.52189915625,5.0100050327006205
14677,1,1.128,1.128,0.0,1.414,3281,1836,135.0,1.0,1.642799616294013,1.4457772812499998,1.4457772812499998,1.8123484713541664,1.2817174479166666,1.4462638771355416
14678,63,11.287,7.107,49.788,14.142,3350,1846,45.0,9.475,103.49637582652282,14.466744834635417,9.10916590234375,18.126048148437498,12.144272819010416,11.47936364723015
14679,20,6.636,3.838,24.144,7.81,3370,1842,50.194,5.336,32.85599232588026,8.505476984374999,4.919231565104167,10.010213268229165,6.839244302083333,6.467888685354949
14680,1,1.128,1.128,0.0,1.414,3451,1836,135.0,1.0,1.642799616294013,1.4457772812499998,1.4457772812499998,1.8123484713541664,1.2817174479166666,1.4462638771355416
14681,152,28.009,6.91,140.525,29.682,3752,1837,147.381,9.32,249.70554167669,35.89962399869792,8.856667565104166,38.0439372890625,11.945606614583333,17.830738592405073
14682,9,5.318,2.155,11.851,6.083,576,1838,170.538,2.846,14.785196546646118,6.816173388020832,2.7621011002604163,7.7966872356770835,3.6477678567708334,4.338791631406624
14683,3,2.365,1.615,45.0,2.828,583,1839,45.0,2.0,4.928398848882039,3.0312617643229167,2.069973678385417,3.624696942708333,2.5634348958333333,2.5050025163503102
14684,1,1.128,1.128,0.0,1.414,619,1837,135.0,1.0,1.642799616294013,1.4457772812499998,1.4457772812499998,1.8123484713541664,1.2817174479166666,1.4462638771355416
14685,2,2.257,1.128,0.0,2.236,751,1837,153.435,1.0,3.285599232588026,2.892836279947917,1.4457772812499998,2.865920213541667,1.2817174479166666,2.0453259898153786
14686,4,4.218,1.207,157.5,4.472,762,1837,153.435,1.789,6.571198465176052,5.4062841953125,1.5470329596354166,5.731840427083334,2.2929925143229166,2.892527754271083
14687,5,2.791,2.281,90.0,3.606,815,1837,123.69,3.0,8.213998081470065,3.5772733971354165,2.9235974986979167,4.6218731171875,3.8451523437499997,3.2339443426774745
14688,1,1.128,1.128,0.0,1.414,2918,1837,135.0,1.0,1.642799616294013,1.4457772812499998,1.4457772812499998,1.8123484713541664,1.2817174479166666,1.4462638771355416
14689,1,1.128,1.128,0.0,1.414,3048,1837,135.0,1.0,1.642799616294013,1.4457772812499998,1.4457772812499998,1.8123484713541664,1.2817174479166666,1.4462638771355416
14690,9,4.899,2.339,101.083,5.385,3277,1837,111.801,2.91,14.785196546646118,6.27913377734375,2.9979371106770833,6.90204845703125,3.7297977734375003,4.338791631406624
14691,2,2.257,1.128,0.0,2.236,3408,1837,153.435,1.0,3.285599232588026,2.892836279947917,1.4457772812499998,2.865920213541667,1.2817174479166666,2.0453259898153786
14692,1,1.128,1.128,0.0,1.414,3505,1837,135.0,1.0,1.642799616294013,1.4457772812499998,1.4457772812499998,1.8123484713541664,1.2817174479166666,1.4462638771355416
14693,2,2.257,1.128,90.0,2.236,527,1838,116.565,1.0,3.285599232588026,2.892836279947917,1.4457772812499998,2.865920213541667,1.2817174479166666,2.0453259898153786
14694,3,2.365,1.615,45.0,2.828,596,1840,45.0,2.0,4.928398848882039,3.0312617643229167,2.069973678385417,3.624696942708333,2.5634348958333333,2.5050025163503102
14695,8,4.514,2.257,90.0,4.472,674,1838,116.565,2.0,13.142396930352104,5.785672559895834,2.892836279947917,5.731840427083334,2.5634348958333333,4.090651979630757
14696,1,1.128,1.128,0.0,1.414,891,1838,135.0,1.0,1.642799616294013,1.4457772812499998,1.4457772812499998,1.8123484713541664,1.2817174479166666,1.4462638771355416
14697,7,4.11,2.168,112.5,4.472,3111,1838,116.565,2.683,11.499597314058091,5.2678587109375,2.7787634270833337,5.731840427083334,3.4388479127604166,3.826454549076717
14698,1,1.128,1.128,0.0,1.414,3169,1838,135.0,1.0,1.642799616294013,1.4457772812499998,1.4457772812499998,1.8123484713541664,1.2817174479166666,1.4462638771355416
14699,5,4.183,1.522,100.901,4.472,3256,1838,116.565,2.0,8.213998081470065,5.361424084635416,1.9507739557291666,5.731840427083334,2.5634348958333333,3.2339443426774745
14700,2,2.257,1.128,0.0,2.236,3282,1838,153.435,1.0,3.285599232588026,2.892836279947917,1.4457772812499998,2.865920213541667,1.2817174479166666,2.0453259898153786
14701,3,3.385,1.128,90.0,3.162,3345,1838,108.435,1.0,4.928398848882039,4.338613561197916,1.4457772812499998,4.0527905703125,1.2817174479166666,2.5050025163503102
14702,4,2.734,1.863,0.0,3.162,3413,1839,161.565,2.0,6.571198465176052,3.5042155026041666,2.38783960546875,4.0527905703125,2.5634348958333333,2.892527754271083
14703,1,1.128,1.128,0.0,1.414,3665,1838,135.0,1.0,1.642799616294013,1.4457772812499998,1.4457772812499998,1.8123484713541664,1.2817174479166666,1.4462638771355416
14704,3,2.365,1.615,45.0,2.828,3698,1840,45.0,2.0,4.928398848882039,3.0312617643229167,2.069973678385417,3.624696942708333,2.5634348958333333,2.5050025163503102
14705,1,1.128,1.128,0.0,1.414,513,1839,135.0,1.0,1.642799616294013,1.4457772812499998,1.4457772812499998,1.8123484713541664,1.2817174479166666,1.4462638771355416
14706,5,3.732,1.706,95.152,4.123,529,1839,104.036,2.0,8.213998081470065,4.783369515625,2.1866099661458334,5.284521037760417,2.5634348958333333,3.2339443426774745
14707,2,2.257,1.128,0.0,2.236,704,1839,153.435,1.0,3.285599232588026,2.892836279947917,1.4457772812499998,2.865920213541667,1.2817174479166666,2.0453259898153786
14708,1,1.128,1.128,0.0,1.414,1367,1839,135.0,1.0,1.642799616294013,1.4457772812499998,1.4457772812499998,1.8123484713541664,1.2817174479166666,1.4462638771355416
14709,2,2.257,1.128,0.0,2.236,3182,1839,153.435,1.0,3.285599232588026,2.892836279947917,1.4457772812499998,2.865920213541667,1.2817174479166666,2.0453259898153786
14710,4,5.325,0.956,135.0,5.657,3208,1839,135.0,1.414,6.571198465176052,6.82514541015625,1.2253218802083332,7.250675602864583,1.8123484713541664,2.892527754271083
14711,1,1.128,1.128,0.0,1.414,3696,1839,135.0,1.0,1.642799616294013,1.4457772812499998,1.4457772812499998,1.8123484713541664,1.2817174479166666,1.4462638771355416
14712,3,3.213,1.189,118.155,3.606,427,1840,123.69,1.789,4.928398848882039,4.11815816015625,1.5239620455729168,4.6218731171875,2.2929925143229166,2.5050025163503102
14713,3,3.213,1.189,61.845,3.606,535,1843,56.31,1.789,4.928398848882039,4.11815816015625,1.5239620455729168,4.6218731171875,2.2929925143229166,2.5050025163503102
14714,8,4.514,2.257,0.0,4.472,618,1840,153.435,2.0,13.142396930352104,5.785672559895834,2.892836279947917,5.731840427083334,2.5634348958333333,4.090651979630757
14715,4,2.734,1.863,0.0,3.162,689,1840,161.565,2.0,6.571198465176052,3.5042155026041666,2.38783960546875,4.0527905703125,2.5634348958333333,2.892527754271083
14716,1,1.128,1.128,0.0,1.414,1165,1840,135.0,1.0,1.642799616294013,1.4457772812499998,1.4457772812499998,1.8123484713541664,1.2817174479166666,1.4462638771355416
14717,4,3.192,1.596,18.435,3.606,2005,1842,33.69,2.0,6.571198465176052,4.09124209375,2.045621046875,4.6218731171875,2.5634348958333333,2.892527754271083
14718,1,1.128,1.128,0.0,1.414,3151,1840,135.0,1.0,1.642799616294013,1.4457772812499998,1.4457772812499998,1.8123484713541664,1.2817174479166666,1.4462638771355416
14719,2,2.257,1.128,90.0,2.236,3190,1840,116.565,1.0,3.285599232588026,2.892836279947917,1.4457772812499998,2.865920213541667,1.2817174479166666,2.0453259898153786
14720,3,2.446,1.561,0.0,3.162,3215,1841,161.565,2.0,4.928398848882039,3.135080877604167,2.0007609361979166,4.0527905703125,2.5634348958333333,2.5050025163503102
14721,8,3.797,2.682,97.018,4.472,3292,1840,116.565,3.0,13.142396930352104,4.866681149739583,3.4375661953125,5.731840427083334,3.8451523437499997,4.090651979630757
14722,17,5.165,4.191,131.362,7.81,3326,1841,140.194,6.0,27.927593476998222,6.620070618489583,5.371677824218749,10.010213268229165,7.690304687499999,5.963098727945161
14723,3,2.365,1.615,45.0,2.828,3458,1842,45.0,2.0,4.928398848882039,3.0312617643229167,2.069973678385417,3.624696942708333,2.5634348958333333,2.5050025163503102
14724,2,2.257,1.128,0.0,2.236,3517,1840,153.435,1.0,3.285599232588026,2.892836279947917,1.4457772812499998,2.865920213541667,1.2817174479166666,2.0453259898153786
14725,4,3.589,1.419,135.0,4.243,488,1841,135.0,2.121,6.571198465176052,4.600083920572916,1.81875705859375,5.438327131510417,2.71852270703125,2.892527754271083
14726,3,2.365,1.615,45.0,2.828,577,1843,45.0,2.0,4.928398848882039,3.0312617643229167,2.069973678385417,3.624696942708333,2.5634348958333333,2.5050025163503102
14727,5,3.144,2.025,108.435,3.606,810,1841,123.69,2.0,8.213998081470065,4.02971965625,2.59547783203125,4.6218731171875,2.5634348958333333,3.2339443426774745
14728,1,1.128,1.128,0.0,1.414,831,1841,135.0,1.0,1.642799616294013,1.4457772812499998,1.4457772812499998,1.8123484713541664,1.2817174479166666,1.4462638771355416
14729,1,1.128,1.128,0.0,1.414,3219,1841,135.0,1.0,1.642799616294013,1.4457772812499998,1.4457772812499998,1.8123484713541664,1.2817174479166666,1.4462638771355416
14730,17,5.878,3.682,21.097,7.81,3407,1846,39.806,4.603,27.927593476998222,7.533935158854167,4.719283643229167,10.010213268229165,5.899745412760416,5.963098727945161
14731,282,28.187,12.738,32.228,34.67,3637,1864,33.232,18.025,463.2694917949117,36.12776970442708,16.3265168515625,44.43714391927084,23.102956998697913,24.286900482577234
14732,1,1.128,1.128,0.0,1.414,513,1842,135.0,1.0,1.642799616294013,1.4457772812499998,1.4457772812499998,1.8123484713541664,1.2817174479166666,1.4462638771355416
14733,56,10.234,6.967,39.904,12.042,523,1852,41.634,7.778,91.99677851246473,13.117096361979167,8.929725459635415,15.4344415078125,9.969198309895832,10.822847838217038
14734,1,1.128,1.128,0.0,1.414,575,1842,135.0,1.0,1.642799616294013,1.4457772812499998,1.4457772812499998,1.8123484713541664,1.2817174479166666,1.4462638771355416
14735,33,9.495,4.425,87.268,10.77,592,1852,68.199,6.0,54.21238733770243,12.169907167968748,5.67159970703125,13.8040969140625,7.690304687499999,8.308153445630097
14736,7,4.154,2.146,98.35,4.472,615,1842,116.565,2.0,11.499597314058091,5.324254278645833,2.7505656432291663,5.731840427083334,2.5634348958333333,3.826454549076717
14737,6,3.385,2.257,0.0,3.606,666,1842,146.31,2.0,9.856797697764078,4.338613561197916,2.892836279947917,4.6218731171875,2.5634348958333333,3.5426085324013394
14738,14,7.282,2.448,78.635,8.062,719,1842,97.125,3.53,22.999194628116182,9.333466455729166,3.1376443125,10.333206065104166,4.524462591145833,5.411423919108519
14739,6,4.153,1.84,3.563,4.472,3104,1842,153.435,2.0,9.856797697764078,5.322972561197916,2.3583601041666666,5.731840427083334,2.5634348958333333,3.5426085324013394
14740,10,4.718,2.699,155.153,6.403,3167,1842,141.34,4.0,16.42799616294013,6.047142919270833,3.459355391927083,8.206836819010416,5.126869791666667,4.573487949374228
14741,1,1.128,1.128,0.0,1.414,3183,1842,135.0,1.0,1.642799616294013,1.4457772812499998,1.4457772812499998,1.8123484713541664,1.2817174479166666,1.4462638771355416
14742,1,1.128,1.128,0.0,1.414,3187,1842,135.0,1.0,1.642799616294013,1.4457772812499998,1.4457772812499998,1.8123484713541664,1.2817174479166666,1.4462638771355416
14743,4,2.257,2.257,0.0,2.828,3206,1842,135.0,2.0,6.571198465176052,2.892836279947917,2.892836279947917,3.624696942708333,2.5634348958333333,2.892527754271083
14744,2,2.257,1.128,90.0,2.236,3228,1842,116.565,1.0,3.285599232588026,2.892836279947917,1.4457772812499998,2.865920213541667,1.2817174479166666,2.0453259898153786
14745,6,3.718,2.055,90.0,4.123,3243,1842,104.036,2.0,9.856797697764078,4.765425471354167,2.63392935546875,5.284521037760417,2.5634348958333333,3.5426085324013394
14746,5,4.183,1.522,79.099,4.472,3289,1846,63.435,2.0,8.213998081470065,5.361424084635416,1.9507739557291666,5.731840427083334,2.5634348958333333,3.2339443426774745
14747,1,1.128,1.128,0.0,1.414,3368,1842,135.0,1.0,1.642799616294013,1.4457772812499998,1.4457772812499998,1.8123484713541664,1.2817174479166666,1.4462638771355416
14748,2,2.257,1.128,90.0,2.236,3373,1842,116.565,1.0,3.285599232588026,2.892836279947917,1.4457772812499998,2.865920213541667,1.2817174479166666,2.0453259898153786
14749,22,7.643,3.665,136.524,8.485,3454,1842,135.0,4.243,36.141591558468285,9.796166454427082,4.697494446614583,10.875372545572915,5.438327131510417,6.78357888217988
14750,5,3.144,2.025,161.565,3.606,477,1843,146.31,2.0,8.213998081470065,4.02971965625,2.59547783203125,4.6218731171875,2.5634348958333333,3.2339443426774745
14751,14,4.891,3.644,47.678,5.831,538,1848,30.964,4.743,22.999194628116182,6.268880037760416,4.670578380208333,7.473694438802084,6.07918585546875,5.411423919108519
14752,2,2.257,1.128,90.0,2.236,567,1843,116.565,1.0,3.285599232588026,2.892836279947917,1.4457772812499998,2.865920213541667,1.2817174479166666,2.0453259898153786
14753,4,3.676,1.385,50.31,4.243,739,1846,45.0,2.121,6.571198465176052,4.711593338541666,1.7751786653645834,5.438327131510417,2.71852270703125,2.892527754271083
14754,1,1.128,1.128,0.0,1.414,1129,1843,135.0,1.0,1.642799616294013,1.4457772812499998,1.4457772812499998,1.8123484713541664,1.2817174479166666,1.4462638771355416
14755,2,2.596,0.981,135.0,2.828,1148,1843,135.0,1.414,3.285599232588026,3.327338494791667,1.2573648164062499,3.624696942708333,1.8123484713541664,2.0453259898153786
14756,2,2.257,1.128,0.0,2.236,3179,1843,153.435,1.0,3.285599232588026,2.892836279947917,1.4457772812499998,2.865920213541667,1.2817174479166666,2.0453259898153786
14757,8,3.824,2.664,17.296,4.472,3276,1846,26.565,3.0,13.142396930352104,4.901287520833333,3.4144952812500002,5.731840427083334,3.8451523437499997,4.090651979630757
14758,9,5.503,2.083,90.0,5.385,3402,1843,111.801,2.0,14.785196546646118,7.053291115885417,2.669817444010417,6.90204845703125,2.5634348958333333,4.338791631406624
14759,2,2.257,1.128,90.0,2.236,535,1844,116.565,1.0,3.285599232588026,2.892836279947917,1.4457772812499998,2.865920213541667,1.2817174479166666,2.0453259898153786
14760,4,2.734,1.863,90.0,3.162,679,1844,108.435,2.0,6.571198465176052,3.5042155026041666,2.38783960546875,4.0527905703125,2.5634348958333333,2.892527754271083
14761,2,2.257,1.128,90.0,2.236,763,1844,116.565,1.0,3.285599232588026,2.892836279947917,1.4457772812499998,2.865920213541667,1.2817174479166666,2.0453259898153786
14762,3,2.365,1.615,45.0,2.828,824,1846,45.0,2.0,4.928398848882039,3.0312617643229167,2.069973678385417,3.624696942708333,2.5634348958333333,2.5050025163503102
14763,2,2.257,1.128,0.0,2.236,3158,1844,153.435,1.0,3.285599232588026,2.892836279947917,1.4457772812499998,2.865920213541667,1.2817174479166666,2.0453259898153786
14764,8,3.824,2.664,72.704,4.472,3250,1848,63.435,3.0,13.142396930352104,4.901287520833333,3.4144952812500002,5.731840427083334,3.8451523437499997,4.090651979630757
14765,2,2.257,1.128,90.0,2.236,3361,1844,116.565,1.0,3.285599232588026,2.892836279947917,1.4457772812499998,2.865920213541667,1.2817174479166666,2.0453259898153786
14766,9,5.066,2.262,144.217,5.657,3384,1844,135.0,3.051,14.785196546646118,6.493180591145833,2.8992448671875,7.250675602864583,3.91051993359375,4.338791631406624
14767,48,9.183,6.655,145.198,10.817,3419,1846,146.31,7.6,78.85438158211262,11.77001132421875,8.529829615885417,13.864337634114584,9.741052604166667,10.020010065401241
14768,4,2.734,1.863,90.0,3.162,3487,1844,108.435,2.0,6.571198465176052,3.5042155026041666,2.38783960546875,4.0527905703125,2.5634348958333333,2.892527754271083
14769,1,1.128,1.128,0.0,1.414,565,1845,135.0,1.0,1.642799616294013,1.4457772812499998,1.4457772812499998,1.8123484713541664,1.2817174479166666,1.4462638771355416
14770,5,5.078,1.254,72.857,5.385,568,1850,68.199,1.897,8.213998081470065,6.508561200520834,1.6072736796875,6.90204845703125,2.4314179986979165,3.2339443426774745
14771,1,1.128,1.128,0.0,1.414,586,1845,135.0,1.0,1.642799616294013,1.4457772812499998,1.4457772812499998,1.8123484713541664,1.2817174479166666,1.4462638771355416
14772,1,1.128,1.128,0.0,1.414,883,1845,135.0,1.0,1.642799616294013,1.4457772812499998,1.4457772812499998,1.8123484713541664,1.2817174479166666,1.4462638771355416
14773,1,1.128,1.128,0.0,1.414,1105,1845,135.0,1.0,1.642799616294013,1.4457772812499998,1.4457772812499998,1.8123484713541664,1.2817174479166666,1.4462638771355416
14774,8,4.037,2.523,33.69,5.0,3112,1848,36.87,3.0,13.142396930352104,5.174293337239583,3.23377312109375,6.408587239583333,3.8451523437499997,4.090651979630757
14775,1,1.128,1.128,0.0,1.414,3217,1845,135.0,1.0,1.642799616294013,1.4457772812499998,1.4457772812499998,1.8123484713541664,1.2817174479166666,1.4462638771355416
14776,2,2.257,1.128,90.0,2.236,3233,1845,116.565,1.0,3.285599232588026,2.892836279947917,1.4457772812499998,2.865920213541667,1.2817174479166666,2.0453259898153786
14777,2,2.257,1.128,0.0,2.236,3368,1845,153.435,1.0,3.285599232588026,2.892836279947917,1.4457772812499998,2.865920213541667,1.2817174479166666,2.0453259898153786
14778,4,3.192,1.596,18.435,3.606,571,1848,33.69,2.0,6.571198465176052,4.09124209375,2.045621046875,4.6218731171875,2.5634348958333333,2.892527754271083
14779,1,1.128,1.128,0.0,1.414,821,1846,135.0,1.0,1.642799616294013,1.4457772812499998,1.4457772812499998,1.8123484713541664,1.2817174479166666,1.4462638771355416
14780,3,2.365,1.615,45.0,2.828,868,1848,45.0,2.0,4.928398848882039,3.0312617643229167,2.069973678385417,3.624696942708333,2.5634348958333333,2.5050025163503102
14781,4,2.257,2.257,0.0,2.828,3144,1846,135.0,2.0,6.571198465176052,2.892836279947917,2.892836279947917,3.624696942708333,2.5634348958333333,2.892527754271083
14782,16,5.109,3.987,40.787,6.403,3244,1851,51.34,5.0,26.28479386070421,6.54829444140625,5.11020746484375,8.206836819010416,6.408587239583333,5.785055508542166
14783,13,5.425,3.051,81.716,6.325,3339,1852,71.565,3.0,21.35639501182217,6.953317154947916,3.91051993359375,8.106862858072917,3.8451523437499997,5.214578566863546
14784,1,1.128,1.128,0.0,1.414,3343,1846,135.0,1.0,1.642799616294013,1.4457772812499998,1.4457772812499998,1.8123484713541664,1.2817174479166666,1.4462638771355416
14785,1,1.128,1.128,0.0,1.414,3603,1846,135.0,1.0,1.642799616294013,1.4457772812499998,1.4457772812499998,1.8123484713541664,1.2817174479166666,1.4462638771355416
14786,2,2.257,1.128,0.0,2.236,425,1847,153.435,1.0,3.285599232588026,2.892836279947917,1.4457772812499998,2.865920213541667,1.2817174479166666,2.0453259898153786
14787,1,1.128,1.128,0.0,1.414,467,1847,135.0,1.0,1.642799616294013,1.4457772812499998,1.4457772812499998,1.8123484713541664,1.2817174479166666,1.4462638771355416
14788,1,1.128,1.128,0.0,1.414,534,1847,135.0,1.0,1.642799616294013,1.4457772812499998,1.4457772812499998,1.8123484713541664,1.2817174479166666,1.4462638771355416
14789,3,2.365,1.615,45.0,2.828,602,1849,45.0,2.0,4.928398848882039,3.0312617643229167,2.069973678385417,3.624696942708333,2.5634348958333333,2.5050025163503102
14790,61,15.334,5.065,2.87,17.464,608,1851,13.241,7.0,100.2107765939348,19.653855346354167,6.491898873697917,22.383913510416665,8.972022135416667,11.295681977673365
14791,3,3.385,1.128,0.0,3.162,3171,1847,161.565,1.0,4.928398848882039,4.338613561197916,1.4457772812499998,4.0527905703125,1.2817174479166666,2.5050025163503102
14792,1,1.128,1.128,0.0,1.414,3221,1847,135.0,1.0,1.642799616294013,1.4457772812499998,1.4457772812499998,1.8123484713541664,1.2817174479166666,1.4462638771355416
14793,3,3.213,1.189,118.155,3.606,3321,1847,123.69,1.789,4.928398848882039,4.11815816015625,1.5239620455729168,4.6218731171875,2.2929925143229166,2.5050025163503102
14794,1,1.128,1.128,0.0,1.414,3324,1847,135.0,1.0,1.642799616294013,1.4457772812499998,1.4457772812499998,1.8123484713541664,1.2817174479166666,1.4462638771355416
14795,5,3.144,2.025,108.435,3.606,3328,1847,123.69,2.0,8.213998081470065,4.02971965625,2.59547783203125,4.6218731171875,2.5634348958333333,3.2339443426774745
14796,3,2.365,1.615,135.0,2.828,3358,1847,135.0,2.0,4.928398848882039,3.0312617643229167,2.069973678385417,3.624696942708333,2.5634348958333333,2.5050025163503102
14797,20,6.075,4.192,154.216,7.81,3380,1847,140.194,5.0,32.85599232588026,7.78643349609375,5.372959541666667,10.010213268229165,6.408587239583333,6.467888685354949
14798,456,32.696,17.757,21.83,48.104,3487,1866,20.695,28.0,749.1166250300699,41.90703367708333,22.75945672265625,61.655736114583334,35.88808854166667,30.883745178524748
14799,140,23.4,7.618,21.709,26.926,529,1863,31.329,11.368,229.99194628116183,29.992188281249998,9.764123518229168,34.51152400260416,14.570563947916666,17.112424969097688
14800,15,5.718,3.34,57.323,6.403,635,1852,38.66,4.427,24.641994244410196,7.3288603671875,4.2809362760416665,8.206836819010416,5.674163141927083,5.601355910367322
14801,2,2.257,1.128,90.0,2.236,689,1848,116.565,1.0,3.285599232588026,2.892836279947917,1.4457772812499998,2.865920213541667,1.2817174479166666,2.0453259898153786
14802,4,2.257,2.257,0.0,2.828,698,1848,135.0,2.0,6.571198465176052,2.892836279947917,2.892836279947917,3.624696942708333,2.5634348958333333,2.892527754271083
14803,2,2.257,1.128,90.0,2.236,818,1848,116.565,1.0,3.285599232588026,2.892836279947917,1.4457772812499998,2.865920213541667,1.2817174479166666,2.0453259898153786
14804,1,1.128,1.128,0.0,1.414,3215,1848,135.0,1.0,1.642799616294013,1.4457772812499998,1.4457772812499998,1.8123484713541664,1.2817174479166666,1.4462638771355416
14805,3,3.385,1.128,0.0,3.162,3345,1848,161.565,1.0,4.928398848882039,4.338613561197916,1.4457772812499998,4.0527905703125,1.2817174479166666,2.5050025163503102
14806,5,3.452,1.844,92.855,4.123,3351,1848,104.036,2.0,8.213998081470065,4.424488630208333,2.3634869739583335,5.284521037760417,2.5634348958333333,3.2339443426774745
14807,2,2.257,1.128,90.0,2.236,3417,1848,116.565,1.0,3.285599232588026,2.892836279947917,1.4457772812499998,2.865920213541667,1.2817174479166666,2.0453259898153786
14808,12,3.999,3.821,45.0,5.385,3462,1850,158.199,4.0,19.713595395528156,5.12558807421875,4.897442368489584,6.90204845703125,5.126869791666667,5.0100050327006205
14809,1,1.128,1.128,0.0,1.414,3472,1848,135.0,1.0,1.642799616294013,1.4457772812499998,1.4457772812499998,1.8123484713541664,1.2817174479166666,1.4462638771355416
14810,1,1.128,1.128,0.0,1.414,3485,1848,135.0,1.0,1.642799616294013,1.4457772812499998,1.4457772812499998,1.8123484713541664,1.2817174479166666,1.4462638771355416
14811,38,7.607,6.361,64.286,11.402,467,1860,74.745,8.0,62.4263854191725,9.750024626302084,8.153004686197916,14.614142341145833,10.253739583333333,8.915369296202536
14812,3,2.365,1.615,135.0,2.828,540,1849,135.0,2.0,4.928398848882039,3.0312617643229167,2.069973678385417,3.624696942708333,2.5634348958333333,2.5050025163503102
14813,1,1.128,1.128,0.0,1.414,716,1849,135.0,1.0,1.642799616294013,1.4457772812499998,1.4457772812499998,1.8123484713541664,1.2817174479166666,1.4462638771355416
14814,1,1.128,1.128,0.0,1.414,2878,1849,135.0,1.0,1.642799616294013,1.4457772812499998,1.4457772812499998,1.8123484713541664,1.2817174479166666,1.4462638771355416
14815,2,2.596,0.981,45.0,2.828,3027,1851,45.0,1.414,3.285599232588026,3.327338494791667,1.2573648164062499,3.624696942708333,1.8123484713541664,2.0453259898153786
14816,1,1.128,1.128,0.0,1.414,3200,1849,135.0,1.0,1.642799616294013,1.4457772812499998,1.4457772812499998,1.8123484713541664,1.2817174479166666,1.4462638771355416
14817,2,2.257,1.128,0.0,2.236,3342,1849,153.435,1.0,3.285599232588026,2.892836279947917,1.4457772812499998,2.865920213541667,1.2817174479166666,2.0453259898153786
14818,37,9.398,5.013,179.942,10.817,3394,1850,146.31,7.0,60.783585802878484,12.045580575520832,6.42524956640625,13.864337634114584,8.972022135416667,8.7972797207639
14819,1,1.128,1.128,0.0,1.414,3475,1849,135.0,1.0,1.642799616294013,1.4457772812499998,1.4457772812499998,1.8123484713541664,1.2817174479166666,1.4462638771355416
14820,8,3.489,2.919,90.0,4.123,459,1850,104.036,3.0,13.142396930352104,4.47191217578125,3.74133323046875,5.284521037760417,3.8451523437499997,4.090651979630757
14821,1,1.128,1.128,0.0,1.414,537,1850,135.0,1.0,1.642799616294013,1.4457772812499998,1.4457772812499998,1.8123484713541664,1.2817174479166666,1.4462638771355416
14822,3,2.365,1.615,45.0,2.828,626,1852,45.0,2.0,4.928398848882039,3.0312617643229167,2.069973678385417,3.624696942708333,2.5634348958333333,2.5050025163503102
14823,4,2.257,2.257,0.0,2.828,684,1850,135.0,2.0,6.571198465176052,2.892836279947917,2.892836279947917,3.624696942708333,2.5634348958333333,2.892527754271083
14824,2,2.257,1.128,90.0,2.236,709,1850,116.565,1.0,3.285599232588026,2.892836279947917,1.4457772812499998,2.865920213541667,1.2817174479166666,2.0453259898153786
14825,2,2.257,1.128,90.0,2.236,759,1850,116.565,1.0,3.285599232588026,2.892836279947917,1.4457772812499998,2.865920213541667,1.2817174479166666,2.0453259898153786
14826,2,2.596,0.981,45.0,2.828,3232,1852,45.0,1.414,3.285599232588026,3.327338494791667,1.2573648164062499,3.624696942708333,1.8123484713541664,2.0453259898153786
14827,1,1.128,1.128,0.0,1.414,3301,1850,135.0,1.0,1.642799616294013,1.4457772812499998,1.4457772812499998,1.8123484713541664,1.2817174479166666,1.4462638771355416
14828,3,2.365,1.615,45.0,2.828,3306,1852,45.0,2.0,4.928398848882039,3.0312617643229167,2.069973678385417,3.624696942708333,2.5634348958333333,2.5050025163503102
14829,8,5.076,2.007,54.217,5.657,3356,1854,45.0,2.683,13.142396930352104,6.505997765625,2.5724069179687503,7.250675602864583,3.4388479127604166,4.090651979630757
14830,220,21.832,12.831,101.03,28.302,3668,1852,122.005,19.0,361.41591558468286,27.982455322916667,16.44571657421875,36.2751672109375,24.352631510416668,21.45155995510742
14831,20,6.07,4.195,109.63,8.544,3805,1850,110.556,6.0,32.85599232588026,7.780024908854167,5.376804694010417,10.950993875,7.690304687499999,6.467888685354949
14832,2,2.596,0.981,45.0,2.828,451,1853,45.0,1.414,3.285599232588026,3.327338494791667,1.2573648164062499,3.624696942708333,1.8123484713541664,2.0453259898153786
14833,1,1.128,1.128,0.0,1.414,603,1851,135.0,1.0,1.642799616294013,1.4457772812499998,1.4457772812499998,1.8123484713541664,1.2817174479166666,1.4462638771355416
14834,2,2.257,1.128,90.0,2.236,3091,1851,116.565,1.0,3.285599232588026,2.892836279947917,1.4457772812499998,2.865920213541667,1.2817174479166666,2.0453259898153786
14835,2,2.257,1.128,0.0,2.236,3284,1851,153.435,1.0,3.285599232588026,2.892836279947917,1.4457772812499998,2.865920213541667,1.2817174479166666,2.0453259898153786
14836,2,2.257,1.128,0.0,2.236,3330,1851,153.435,1.0,3.285599232588026,2.892836279947917,1.4457772812499998,2.865920213541667,1.2817174479166666,2.0453259898153786
14837,1,1.128,1.128,0.0,1.414,3347,1851,135.0,1.0,1.642799616294013,1.4457772812499998,1.4457772812499998,1.8123484713541664,1.2817174479166666,1.4462638771355416
14838,1,1.128,1.128,0.0,1.414,3411,1851,135.0,1.0,1.642799616294013,1.4457772812499998,1.4457772812499998,1.8123484713541664,1.2817174479166666,1.4462638771355416
14839,4,3.216,1.583,148.283,3.606,578,1852,146.31,2.0,6.571198465176052,4.1220033125,2.028958720052083,4.6218731171875,2.5634348958333333,2.892527754271083
14840,5,3.833,1.661,135.0,4.243,583,1852,135.0,2.121,8.213998081470065,4.912822977864583,2.128932680989583,5.438327131510417,2.71852270703125,3.2339443426774745
14841,1,1.128,1.128,0.0,1.414,675,1852,135.0,1.0,1.642799616294013,1.4457772812499998,1.4457772812499998,1.8123484713541664,1.2817174479166666,1.4462638771355416
14842,6,4.024,1.899,83.736,4.472,696,1856,63.435,2.0,9.856797697764078,5.157631010416667,2.43398143359375,5.731840427083334,2.5634348958333333,3.5426085324013394
14843,2,2.257,1.128,90.0,2.236,3079,1852,116.565,1.0,3.285599232588026,2.892836279947917,1.4457772812499998,2.865920213541667,1.2817174479166666,2.0453259898153786
14844,1,1.128,1.128,0.0,1.414,3241,1852,135.0,1.0,1.642799616294013,1.4457772812499998,1.4457772812499998,1.8123484713541664,1.2817174479166666,1.4462638771355416
14845,8,4.712,2.162,26.565,5.0,3286,1855,36.87,2.683,13.142396930352104,6.0394526145833325,2.7710731223958334,6.408587239583333,3.4388479127604166,4.090651979630757
14846,1,1.128,1.128,0.0,1.414,3349,1852,135.0,1.0,1.642799616294013,1.4457772812499998,1.4457772812499998,1.8123484713541664,1.2817174479166666,1.4462638771355416
14847,3,2.365,1.615,135.0,2.828,3404,1852,135.0,2.0,4.928398848882039,3.0312617643229167,2.069973678385417,3.624696942708333,2.5634348958333333,2.5050025163503102
14848,331,32.14,13.113,2.136,51.624,3764,1876,8.915,23.221,543.7666729933184,41.194398776041666,16.80716089453125,66.16738153125,29.762760858072916,26.312465030165068
14849,3,3.213,1.189,61.845,3.606,445,1856,56.31,1.789,4.928398848882039,4.11815816015625,1.5239620455729168,4.6218731171875,2.2929925143229166,2.5050025163503102
14850,1,1.128,1.128,0.0,1.414,491,1853,135.0,1.0,1.642799616294013,1.4457772812499998,1.4457772812499998,1.8123484713541664,1.2817174479166666,1.4462638771355416
14851,15,6.132,3.115,13.521,8.544,648,1856,20.556,4.603,24.641994244410196,7.859491390624999,3.9925498502604166,10.950993875,5.899745412760416,5.601355910367322
14852,4,3.192,1.596,71.565,3.606,758,1856,56.31,2.0,6.571198465176052,4.09124209375,2.045621046875,4.6218731171875,2.5634348958333333,2.892527754271083
14853,1,1.128,1.128,0.0,1.414,791,1853,135.0,1.0,1.642799616294013,1.4457772812499998,1.4457772812499998,1.8123484713541664,1.2817174479166666,1.4462638771355416
14854,1,1.128,1.128,0.0,1.414,3027,1853,135.0,1.0,1.642799616294013,1.4457772812499998,1.4457772812499998,1.8123484713541664,1.2817174479166666,1.4462638771355416
14855,7,4.285,2.08,52.267,5.0,3097,1857,53.13,2.828,11.499597314058091,5.4921592643229165,2.665972291666667,6.408587239583333,3.624696942708333,3.826454549076717
14856,1,1.128,1.128,0.0,1.414,3250,1853,135.0,1.0,1.642799616294013,1.4457772812499998,1.4457772812499998,1.8123484713541664,1.2817174479166666,1.4462638771355416
14857,1,1.128,1.128,0.0,1.414,646,1854,135.0,1.0,1.642799616294013,1.4457772812499998,1.4457772812499998,1.8123484713541664,1.2817174479166666,1.4462638771355416
14858,20,6.053,4.207,28.262,7.211,672,1860,33.69,5.367,32.85599232588026,7.758235712239583,5.392185303385417,9.242464516927084,6.87897754296875,6.467888685354949
14859,8,5.83,1.747,95.914,6.325,688,1854,108.435,2.0,13.142396930352104,7.472412721354167,2.2391603815104166,8.106862858072917,2.5634348958333333,4.090651979630757
14860,1,1.128,1.128,0.0,1.414,694,1854,135.0,1.0,1.642799616294013,1.4457772812499998,1.4457772812499998,1.8123484713541664,1.2817174479166666,1.4462638771355416
14861,2,2.257,1.128,90.0,2.236,3161,1854,116.565,1.0,3.285599232588026,2.892836279947917,1.4457772812499998,2.865920213541667,1.2817174479166666,2.0453259898153786
14862,8,4.135,2.463,46.788,5.0,3212,1858,36.87,3.328,13.142396930352104,5.299901647135417,3.15687007421875,6.408587239583333,4.265555666666667,4.090651979630757
14863,4,3.216,1.583,148.283,3.606,3230,1854,146.31,2.0,6.571198465176052,4.1220033125,2.028958720052083,4.6218731171875,2.5634348958333333,2.892527754271083
14864,3,2.365,1.615,135.0,2.828,3237,1854,135.0,2.0,4.928398848882039,3.0312617643229167,2.069973678385417,3.624696942708333,2.5634348958333333,2.5050025163503102
14865,19,5.44,4.447,157.66,6.325,3472,1856,161.565,5.0,31.21319270958625,6.972542916666667,5.699797490885417,8.106862858072917,6.408587239583333,6.304118086127151
14866,4,3.192,1.596,161.565,3.606,3713,1854,146.31,2.0,6.571198465176052,4.09124209375,2.045621046875,4.6218731171875,2.5634348958333333,2.892527754271083
14867,55,13.068,5.359,13.407,14.765,565,1862,28.301,6.791,90.35397889617072,16.749483609374998,6.868723803385416,18.924558118489582,8.704143188802083,10.72577997755371
14868,9,4.204,2.726,125.783,5.0,587,1855,126.87,3.0,14.785196546646118,5.388340151041667,3.4939617630208333,6.408587239583333,3.8451523437499997,4.338791631406624
14869,1,1.128,1.128,0.0,1.414,756,1855,135.0,1.0,1.642799616294013,1.4457772812499998,1.4457772812499998,1.8123484713541664,1.2817174479166666,1.4462638771355416
14870,2,2.257,1.128,0.0,2.236,3024,1855,153.435,1.0,3.285599232588026,2.892836279947917,1.4457772812499998,2.865920213541667,1.2817174479166666,2.0453259898153786
14871,1,1.128,1.128,0.0,1.414,3125,1855,135.0,1.0,1.642799616294013,1.4457772812499998,1.4457772812499998,1.8123484713541664,1.2817174479166666,1.4462638771355416
14872,1,1.128,1.128,0.0,1.414,3195,1855,135.0,1.0,1.642799616294013,1.4457772812499998,1.4457772812499998,1.8123484713541664,1.2817174479166666,1.4462638771355416
14873,1,1.128,1.128,0.0,1.414,3291,1855,135.0,1.0,1.642799616294013,1.4457772812499998,1.4457772812499998,1.8123484713541664,1.2817174479166666,1.4462638771355416
14874,64,12.141,6.712,132.018,17.692,3367,1858,137.291,10.607,105.13917544281684,15.56133153515625,8.602887510416666,22.676145088541666,13.595176970052082,11.570111017084333
14875,9,4.204,2.726,144.217,5.0,3419,1855,143.13,3.0,14.785196546646118,5.388340151041667,3.4939617630208333,6.408587239583333,3.8451523437499997,4.338791631406624
14876,4,3.676,1.385,129.69,4.243,3636,1855,135.0,2.121,6.571198465176052,4.711593338541666,1.7751786653645834,5.438327131510417,2.71852270703125,2.892527754271083
14877,3,2.365,1.615,45.0,2.828,654,1858,45.0,2.0,4.928398848882039,3.0312617643229167,2.069973678385417,3.624696942708333,2.5634348958333333,2.5050025163503102
14878,4,2.257,2.257,0.0,2.828,704,1856,135.0,2.0,6.571198465176052,2.892836279947917,2.892836279947917,3.624696942708333,2.5634348958333333,2.892527754271083
14879,2,2.257,1.128,0.0,2.236,712,1856,153.435,1.0,3.285599232588026,2.892836279947917,1.4457772812499998,2.865920213541667,1.2817174479166666,2.0453259898153786
14880,2,2.257,1.128,90.0,2.236,865,1856,116.565,1.0,3.285599232588026,2.892836279947917,1.4457772812499998,2.865920213541667,1.2817174479166666,2.0453259898153786
14881,8,3.489,2.919,0.0,4.123,3169,1857,165.964,3.0,13.142396930352104,4.47191217578125,3.74133323046875,5.284521037760417,3.8451523437499997,4.090651979630757
14882,1,1.128,1.128,0.0,1.414,3210,1856,135.0,1.0,1.642799616294013,1.4457772812499998,1.4457772812499998,1.8123484713541664,1.2817174479166666,1.4462638771355416
14883,1,1.128,1.128,0.0,1.414,3223,1856,135.0,1.0,1.642799616294013,1.4457772812499998,1.4457772812499998,1.8123484713541664,1.2817174479166666,1.4462638771355416
14884,15,8.672,2.202,51.25,9.22,3388,1863,49.399,3.28,24.641994244410196,11.115053708333335,2.8223418203125,11.817434869791667,4.204033229166666,5.601355910367322
14885,1,1.128,1.128,0.0,1.414,3415,1856,135.0,1.0,1.642799616294013,1.4457772812499998,1.4457772812499998,1.8123484713541664,1.2817174479166666,1.4462638771355416
14886,7,4.154,2.146,81.65,4.472,3442,1860,63.435,2.0,11.499597314058091,5.324254278645833,2.7505656432291663,5.731840427083334,2.5634348958333333,3.826454549076717
14887,1,1.128,1.128,0.0,1.414,3697,1856,135.0,1.0,1.642799616294013,1.4457772812499998,1.4457772812499998,1.8123484713541664,1.2817174479166666,1.4462638771355416
14888,7,3.507,2.542,149.527,4.243,3700,1856,135.0,3.0,11.499597314058091,4.49498308984375,3.2581257526041663,5.438327131510417,3.8451523437499997,3.826454549076717
14889,53,9.061,7.448,44.453,11.402,3751,1864,37.875,8.05,87.06837966358269,11.613641795572917,9.546231552083334,14.614142341145833,10.317825455729167,10.528959954443641
14890,12,5.359,2.851,93.995,6.325,3804,1856,108.435,3.0,19.713595395528156,6.868723803385416,3.6541764440104165,8.106862858072917,3.8451523437499997,5.0100050327006205
14891,5,3.461,1.839,45.0,4.243,582,1860,45.0,2.683,8.213998081470065,4.436024087239583,2.35707838671875,5.438327131510417,3.4388479127604166,3.2339443426774745
14892,25,6.572,4.844,2.752,8.062,599,1862,29.745,5.0,41.069990407350325,8.423447067708333,6.208639317708333,10.333206065104166,6.408587239583333,7.231319385677708
14893,9,4.488,2.553,103.283,5.385,620,1857,111.801,3.0,14.785196546646118,5.752347906250001,3.2722246445312497,6.90204845703125,3.8451523437499997,4.338791631406624
14894,1,1.128,1.128,0.0,1.414,694,1857,135.0,1.0,1.642799616294013,1.4457772812499998,1.4457772812499998,1.8123484713541664,1.2817174479166666,1.4462638771355416
14895,1,1.128,1.128,0.0,1.414,1225,1857,135.0,1.0,1.642799616294013,1.4457772812499998,1.4457772812499998,1.8123484713541664,1.2817174479166666,1.4462638771355416
14896,1,1.128,1.128,0.0,1.414,2960,1857,135.0,1.0,1.642799616294013,1.4457772812499998,1.4457772812499998,1.8123484713541664,1.2817174479166666,1.4462638771355416
14897,3,2.365,1.615,135.0,2.828,3122,1857,135.0,2.0,4.928398848882039,3.0312617643229167,2.069973678385417,3.624696942708333,2.5634348958333333,2.5050025163503102
14898,5,2.523,2.523,0.0,3.162,3142,1857,108.435,2.828,8.213998081470065,3.23377312109375,3.23377312109375,4.0527905703125,3.624696942708333,3.2339443426774745
14899,1,1.128,1.128,0.0,1.414,3192,1857,135.0,1.0,1.642799616294013,1.4457772812499998,1.4457772812499998,1.8123484713541664,1.2817174479166666,1.4462638771355416
14900,8,4.525,2.251,164.518,5.385,3380,1858,158.199,3.0,13.142396930352104,5.799771451822917,2.8851459752604165,6.90204845703125,3.8451523437499997,4.090651979630757
14901,129,20.476,8.021,62.157,23.707,3701,1878,62.354,11.6,211.92115050192768,26.244446463541664,10.280655649739584,30.385675537760417,14.867922395833332,16.426400004188977
14902,1,1.128,1.128,0.0,1.414,382,1858,135.0,1.0,1.642799616294013,1.4457772812499998,1.4457772812499998,1.8123484713541664,1.2817174479166666,1.4462638771355416
14903,54,10.382,6.622,73.703,12.166,592,1858,99.462,7.906,88.7111792798767,13.306790544270832,8.487532940104167,15.593374471354167,10.133258143229167,10.62782559720402
14904,14,5.98,2.981,100.381,6.708,644,1858,116.565,3.0,22.999194628116182,7.664670338541667,3.820799712239583,8.597760640625,3.8451523437499997,5.411423919108519
14905,11,4.725,2.964,113.941,6.325,679,1858,108.435,4.0,18.070795779234142,6.05611494140625,3.799010515625,8.106862858072917,5.126869791666667,4.796714628303253
14906,4,4.514,1.128,90.0,4.123,721,1858,104.036,1.0,6.571198465176052,5.785672559895834,1.4457772812499998,5.284521037760417,1.2817174479166666,2.892527754271083
14907,7,4.154,2.146,98.35,4.472,756,1858,116.565,2.0,11.499597314058091,5.324254278645833,2.7505656432291663,5.731840427083334,2.5634348958333333,3.826454549076717
14908,7,4.154,2.146,8.35,4.472,3152,1860,26.565,2.0,11.499597314058091,5.324254278645833,2.7505656432291663,5.731840427083334,2.5634348958333333,3.826454549076717
14909,68,11.752,7.367,164.732,13.928,3179,1859,158.962,9.0,111.71037390799289,15.062743447916667,9.442412438802084,17.851760614583334,11.535457031249999,11.926197455890321
14910,5,4.183,1.522,10.901,4.472,3480,1860,26.565,2.0,8.213998081470065,5.361424084635416,1.9507739557291666,5.731840427083334,2.5634348958333333,3.2339443426774745
14911,1,1.128,1.128,0.0,1.414,3799,1858,135.0,1.0,1.642799616294013,1.4457772812499998,1.4457772812499998,1.8123484713541664,1.2817174479166666,1.4462638771355416
14912,2,2.257,1.128,90.0,2.236,561,1859,116.565,1.0,3.285599232588026,2.892836279947917,1.4457772812499998,2.865920213541667,1.2817174479166666,2.0453259898153786
14913,4,3.192,1.596,71.565,3.606,658,1862,56.31,2.0,6.571198465176052,4.09124209375,2.045621046875,4.6218731171875,2.5634348958333333,2.892527754271083
14914,2,2.257,1.128,0.0,2.236,696,1859,153.435,1.0,3.285599232588026,2.892836279947917,1.4457772812499998,2.865920213541667,1.2817174479166666,2.0453259898153786
14915,1,1.128,1.128,0.0,1.414,2981,1859,135.0,1.0,1.642799616294013,1.4457772812499998,1.4457772812499998,1.8123484713541664,1.2817174479166666,1.4462638771355416
14916,2,2.596,0.981,45.0,2.828,3095,1861,45.0,1.414,3.285599232588026,3.327338494791667,1.2573648164062499,3.624696942708333,1.8123484713541664,2.0453259898153786
14917,1,1.128,1.128,0.0,1.414,3222,1859,135.0,1.0,1.642799616294013,1.4457772812499998,1.4457772812499998,1.8123484713541664,1.2817174479166666,1.4462638771355416
14918,10,6.12,2.081,85.249,6.325,3296,1865,71.565,2.0,16.42799616294013,7.84411078125,2.667254009114583,8.106862858072917,2.5634348958333333,4.573487949374228
14919,6,3.718,2.055,90.0,4.123,3401,1859,104.036,2.0,9.856797697764078,4.765425471354167,2.63392935546875,5.284521037760417,2.5634348958333333,3.5426085324013394
14920,1,1.128,1.128,0.0,1.414,3415,1859,135.0,1.0,1.642799616294013,1.4457772812499998,1.4457772812499998,1.8123484713541664,1.2817174479166666,1.4462638771355416
14921,2,2.257,1.128,0.0,2.236,684,1860,153.435,1.0,3.285599232588026,2.892836279947917,1.4457772812499998,2.865920213541667,1.2817174479166666,2.0453259898153786
14922,6,3.385,2.257,0.0,3.606,728,1860,146.31,2.0,9.856797697764078,4.338613561197916,2.892836279947917,4.6218731171875,2.5634348958333333,3.5426085324013394
14923,4,2.734,1.863,90.0,3.162,897,1860,108.435,2.0,6.571198465176052,3.5042155026041666,2.38783960546875,4.0527905703125,2.5634348958333333,2.892527754271083
14924,4,3.969,1.283,72.391,4.472,3316,1864,63.435,1.897,6.571198465176052,5.08713655078125,1.644443485677083,5.731840427083334,2.4314179986979165,2.892527754271083
14925,7,4.35,2.049,87.957,4.472,3330,1860,116.565,2.0,11.499597314058091,5.5754708984375,2.62623905078125,5.731840427083334,2.5634348958333333,3.826454549076717
14926,1,1.128,1.128,0.0,1.414,3346,1860,135.0,1.0,1.642799616294013,1.4457772812499998,1.4457772812499998,1.8123484713541664,1.2817174479166666,1.4462638771355416
14927,11,4.17,3.358,93.058,5.0,3348,1860,126.87,4.0,18.070795779234142,5.3447617578125,4.3040071901041665,6.408587239583333,5.126869791666667,4.796714628303253
14928,22,6.956,4.027,143.147,9.22,3423,1860,139.399,5.814,36.141591558468285,8.915626567708333,5.161476162760417,11.817434869791667,7.4519052421875,6.78357888217988
14929,4,3.969,1.283,17.609,4.472,3480,1862,26.565,1.897,6.571198465176052,5.08713655078125,1.644443485677083,5.731840427083334,2.4314179986979165,2.892527754271083
14930,5,3.144,2.025,71.565,3.606,3702,1863,56.31,2.0,8.213998081470065,4.02971965625,2.59547783203125,4.6218731171875,2.5634348958333333,3.2339443426774745
14931,15,6.271,3.046,75.752,8.062,557,1861,97.125,4.0,24.641994244410196,8.037650115885416,3.9041113463541666,10.333206065104166,5.126869791666667,5.601355910367322
14932,17,9.67,2.238,94.706,9.487,674,1861,108.435,3.0,27.927593476998222,12.394207721354165,2.8684836484375,12.159653428385417,3.8451523437499997,5.963098727945161
14933,1,1.128,1.128,0.0,1.414,711,1861,135.0,1.0,1.642799616294013,1.4457772812499998,1.4457772812499998,1.8123484713541664,1.2817174479166666,1.4462638771355416
14934,3,3.385,1.128,90.0,3.162,798,1861,108.435,1.0,4.928398848882039,4.338613561197916,1.4457772812499998,4.0527905703125,1.2817174479166666,2.5050025163503102
14935,2,2.257,1.128,0.0,2.236,824,1861,153.435,1.0,3.285599232588026,2.892836279947917,1.4457772812499998,2.865920213541667,1.2817174479166666,2.0453259898153786
14936,2,2.257,1.128,90.0,2.236,981,1861,116.565,1.0,3.285599232588026,2.892836279947917,1.4457772812499998,2.865920213541667,1.2817174479166666,2.0453259898153786
14937,1,1.128,1.128,0.0,1.414,2310,1861,135.0,1.0,1.642799616294013,1.4457772812499998,1.4457772812499998,1.8123484713541664,1.2817174479166666,1.4462638771355416
14938,6,4.339,1.761,54.751,5.0,3071,1865,53.13,2.683,9.856797697764078,5.5613720065104175,2.25710442578125,6.408587239583333,3.4388479127604166,3.5426085324013394
14939,12,4.163,3.671,28.632,5.831,3269,1861,120.964,5.0,19.713595395528156,5.335789735677084,4.705184751302083,7.473694438802084,6.408587239583333,5.0100050327006205
14940,1,1.128,1.128,0.0,1.414,3367,1861,135.0,1.0,1.642799616294013,1.4457772812499998,1.4457772812499998,1.8123484713541664,1.2817174479166666,1.4462638771355416
14941,9,4.428,2.588,65.527,5.385,3449,1866,68.199,3.0,14.785196546646118,5.675444859375,3.3170847552083336,6.90204845703125,3.8451523437499997,4.338791631406624
14942,1,1.128,1.128,0.0,1.414,3455,1861,135.0,1.0,1.642799616294013,1.4457772812499998,1.4457772812499998,1.8123484713541664,1.2817174479166666,1.4462638771355416
14943,13,4.909,3.372,104.221,5.831,630,1862,120.964,4.0,21.35639501182217,6.291950951822916,4.321951234375,7.473694438802084,5.126869791666667,5.214578566863546
14944,3,2.365,1.615,45.0,2.828,686,1864,45.0,2.0,4.928398848882039,3.0312617643229167,2.069973678385417,3.624696942708333,2.5634348958333333,2.5050025163503102
14945,19,7.201,3.359,102.73,8.246,767,1862,104.036,4.743,31.21319270958625,9.229647342447915,4.305288907552083,10.569042075520834,6.07918585546875,6.304118086127151
14946,6,4.134,1.848,77.067,4.472,790,1866,63.435,2.0,9.856797697764078,5.298619929687501,2.36861384375,5.731840427083334,2.5634348958333333,3.5426085324013394
14947,1,1.128,1.128,0.0,1.414,837,1862,135.0,1.0,1.642799616294013,1.4457772812499998,1.4457772812499998,1.8123484713541664,1.2817174479166666,1.4462638771355416
14948,3,2.365,1.615,135.0,2.828,3142,1862,135.0,2.0,4.928398848882039,3.0312617643229167,2.069973678385417,3.624696942708333,2.5634348958333333,2.5050025163503102
14949,1,1.128,1.128,0.0,1.414,3203,1862,135.0,1.0,1.642799616294013,1.4457772812499998,1.4457772812499998,1.8123484713541664,1.2817174479166666,1.4462638771355416
14950,2,2.257,1.128,90.0,2.236,3225,1862,116.565,1.0,3.285599232588026,2.892836279947917,1.4457772812499998,2.865920213541667,1.2817174479166666,2.0453259898153786
14951,3,2.365,1.615,135.0,2.828,3250,1862,135.0,2.0,4.928398848882039,3.0312617643229167,2.069973678385417,3.624696942708333,2.5634348958333333,2.5050025163503102
14952,3,2.365,1.615,45.0,2.828,3293,1864,45.0,2.0,4.928398848882039,3.0312617643229167,2.069973678385417,3.624696942708333,2.5634348958333333,2.5050025163503102
14953,1,1.128,1.128,0.0,1.414,3341,1862,135.0,1.0,1.642799616294013,1.4457772812499998,1.4457772812499998,1.8123484713541664,1.2817174479166666,1.4462638771355416
14954,26,6.725,4.923,160.724,7.616,3460,1863,156.801,6.0,42.71279002364434,8.619549837239584,6.30989499609375,9.761560083333332,7.690304687499999,7.374527731318484
14955,1,1.128,1.128,0.0,1.414,3649,1862,135.0,1.0,1.642799616294013,1.4457772812499998,1.4457772812499998,1.8123484713541664,1.2817174479166666,1.4462638771355416
14956,19,5.144,4.703,47.855,8.062,3697,1862,97.125,6.791,31.21319270958625,6.593154552083333,6.027917157552084,10.333206065104166,8.704143188802083,6.304118086127151
14957,2,2.596,0.981,135.0,2.828,3733,1862,135.0,1.414,3.285599232588026,3.327338494791667,1.2573648164062499,3.624696942708333,1.8123484713541664,2.0453259898153786
14958,4,2.257,2.257,0.0,2.828,3740,1862,135.0,2.0,6.571198465176052,2.892836279947917,2.892836279947917,3.624696942708333,2.5634348958333333,2.892527754271083
14959,3,2.365,1.615,135.0,2.828,3747,1862,135.0,2.0,4.928398848882039,3.0312617643229167,2.069973678385417,3.624696942708333,2.5634348958333333,2.5050025163503102
14960,1,1.128,1.128,0.0,1.414,579,1863,135.0,1.0,1.642799616294013,1.4457772812499998,1.4457772812499998,1.8123484713541664,1.2817174479166666,1.4462638771355416
14961,1,1.128,1.128,0.0,1.414,683,1863,135.0,1.0,1.642799616294013,1.4457772812499998,1.4457772812499998,1.8123484713541664,1.2817174479166666,1.4462638771355416
14962,1,1.128,1.128,0.0,1.414,983,1863,135.0,1.0,1.642799616294013,1.4457772812499998,1.4457772812499998,1.8123484713541664,1.2817174479166666,1.4462638771355416
14963,1,1.128,1.128,0.0,1.414,2657,1863,135.0,1.0,1.642799616294013,1.4457772812499998,1.4457772812499998,1.8123484713541664,1.2817174479166666,1.4462638771355416
14964,1,1.128,1.128,0.0,1.414,3140,1863,135.0,1.0,1.642799616294013,1.4457772812499998,1.4457772812499998,1.8123484713541664,1.2817174479166666,1.4462638771355416
14965,5,3.461,1.839,135.0,4.243,3259,1863,135.0,2.683,8.213998081470065,4.436024087239583,2.35707838671875,5.438327131510417,3.4388479127604166,3.2339443426774745
14966,13,4.837,3.422,62.427,5.831,3397,1868,59.036,4.0,21.35639501182217,6.199667295572916,4.386037106770833,7.473694438802084,5.126869791666667,5.214578566863546
14967,3,3.385,1.128,0.0,3.162,3652,1863,161.565,1.0,4.928398848882039,4.338613561197916,1.4457772812499998,4.0527905703125,1.2817174479166666,2.5050025163503102
14968,1,1.128,1.128,0.0,1.414,3661,1863,135.0,1.0,1.642799616294013,1.4457772812499998,1.4457772812499998,1.8123484713541664,1.2817174479166666,1.4462638771355416
14969,6,3.718,2.055,143.13,4.243,3687,1863,135.0,2.683,9.856797697764078,4.765425471354167,2.63392935546875,5.438327131510417,3.4388479127604166,3.5426085324013394
14970,1,1.128,1.128,0.0,1.414,3769,1863,135.0,1.0,1.642799616294013,1.4457772812499998,1.4457772812499998,1.8123484713541664,1.2817174479166666,1.4462638771355416
14971,8,5.263,1.936,67.263,6.708,537,1870,63.435,3.0,13.142396930352104,6.745678928385416,2.4814049791666664,8.597760640625,3.8451523437499997,4.090651979630757
14972,6,4.134,1.848,77.067,4.472,770,1868,63.435,2.0,9.856797697764078,5.298619929687501,2.36861384375,5.731840427083334,2.5634348958333333,3.5426085324013394
14973,3,3.213,1.189,28.155,3.606,859,1866,33.69,1.789,4.928398848882039,4.11815816015625,1.5239620455729168,4.6218731171875,2.2929925143229166,2.5050025163503102
14974,1,1.128,1.128,0.0,1.414,3111,1864,135.0,1.0,1.642799616294013,1.4457772812499998,1.4457772812499998,1.8123484713541664,1.2817174479166666,1.4462638771355416
14975,10,5.221,2.438,67.579,6.708,3131,1870,63.435,4.0,16.42799616294013,6.691846795572917,3.1248271380208337,8.597760640625,5.126869791666667,4.573487949374228
14976,2,2.257,1.128,0.0,2.236,3210,1864,153.435,1.0,3.285599232588026,2.892836279947917,1.4457772812499998,2.865920213541667,1.2817174479166666,2.0453259898153786
14977,1,1.128,1.128,0.0,1.414,3239,1864,135.0,1.0,1.642799616294013,1.4457772812499998,1.4457772812499998,1.8123484713541664,1.2817174479166666,1.4462638771355416
14978,15,7.211,2.649,129.456,8.485,3306,1864,135.0,4.0,24.641994244410196,9.242464516927084,3.39526951953125,10.875372545572915,5.126869791666667,5.601355910367322
14979,2,2.257,1.128,90.0,2.236,3322,1864,116.565,1.0,3.285599232588026,2.892836279947917,1.4457772812499998,2.865920213541667,1.2817174479166666,2.0453259898153786
14980,1,1.128,1.128,0.0,1.414,3335,1864,135.0,1.0,1.642799616294013,1.4457772812499998,1.4457772812499998,1.8123484713541664,1.2817174479166666,1.4462638771355416
14981,27,7.442,4.619,60.134,9.434,3363,1872,57.995,6.261,44.35558963993835,9.538541247395834,5.920252891927083,12.091722403645832,8.02483294140625,7.515007549050931
14982,1,1.128,1.128,0.0,1.414,3389,1864,135.0,1.0,1.642799616294013,1.4457772812499998,1.4457772812499998,1.8123484713541664,1.2817174479166666,1.4462638771355416
14983,129,14.603,11.248,59.447,22.023,3510,1881,50.528,16.0,211.92115050192768,18.716919891927084,14.416757854166665,28.22726335546875,20.507479166666666,16.426400004188977
14984,260,18.504,17.891,140.701,28.844,542,1866,123.69,24.0,427.1279002364434,23.71689965625,22.93120686067708,36.96985806770834,30.761218749999998,23.320304299040643
14985,1,1.128,1.128,0.0,1.414,572,1865,135.0,1.0,1.642799616294013,1.4457772812499998,1.4457772812499998,1.8123484713541664,1.2817174479166666,1.4462638771355416
14986,3,3.385,1.128,90.0,3.162,620,1865,108.435,1.0,4.928398848882039,4.338613561197916,1.4457772812499998,4.0527905703125,1.2817174479166666,2.5050025163503102
14987,1,1.128,1.128,0.0,1.414,3136,1865,135.0,1.0,1.642799616294013,1.4457772812499998,1.4457772812499998,1.8123484713541664,1.2817174479166666,1.4462638771355416
14988,1,1.128,1.128,0.0,1.414,3222,1865,135.0,1.0,1.642799616294013,1.4457772812499998,1.4457772812499998,1.8123484713541664,1.2817174479166666,1.4462638771355416
14989,1,1.128,1.128,0.0,1.414,3253,1865,135.0,1.0,1.642799616294013,1.4457772812499998,1.4457772812499998,1.8123484713541664,1.2817174479166666,1.4462638771355416
14990,16,6.636,3.07,136.38,7.211,3298,1866,146.31,3.536,26.28479386070421,8.505476984374999,3.9348725651041665,9.242464516927084,4.532152895833334,5.785055508542166
14991,6,4.339,1.761,35.249,5.0,3372,1868,36.87,2.683,9.856797697764078,5.5613720065104175,2.25710442578125,6.408587239583333,3.4388479127604166,3.5426085324013394
14992,2,2.257,1.128,90.0,2.236,3745,1865,116.565,1.0,3.285599232588026,2.892836279947917,1.4457772812499998,2.865920213541667,1.2817174479166666,2.0453259898153786
14993,7,3.16,2.82,135.0,4.472,550,1866,116.565,3.795,11.499597314058091,4.050227135416667,3.6144432031249996,5.731840427083334,4.86411771484375,3.826454549076717
14994,6,3.14,2.433,45.0,3.606,562,1868,33.69,2.828,9.856797697764078,4.024592786458333,3.1184185507812496,4.6218731171875,3.624696942708333,3.5426085324013394
14995,14,5.465,3.262,116.951,6.403,652,1866,128.66,4.0,22.999194628116182,7.004585852864583,4.180962315104167,8.206836819010416,5.126869791666667,5.411423919108519
14996,3,2.365,1.615,135.0,2.828,3084,1866,135.0,2.0,4.928398848882039,3.0312617643229167,2.069973678385417,3.624696942708333,2.5634348958333333,2.5050025163503102
14997,1,1.128,1.128,0.0,1.414,3192,1866,135.0,1.0,1.642799616294013,1.4457772812499998,1.4457772812499998,1.8123484713541664,1.2817174479166666,1.4462638771355416
14998,7,4.044,2.204,116.063,5.0,3194,1866,126.87,2.846,11.499597314058091,5.1832653593749995,2.8249052552083334,6.408587239583333,3.6477678567708334,3.826454549076717
14999,12,4.986,3.064,125.783,5.657,3208,1866,135.0,3.578,19.713595395528156,6.390643195312499,3.9271822604166666,7.250675602864583,4.585985028645833,5.0100050327006205
15000,5,3.144,2.025,108.435,3.606,3238,1866,123.69,2.0,8.213998081470065,4.02971965625,2.59547783203125,4.6218731171875,2.5634348958333333,3.2339443426774745
15001,2,2.257,1.128,90.0,2.236,3335,1866,116.565,1.0,3.285599232588026,2.892836279947917,1.4457772812499998,2.865920213541667,1.2817174479166666,2.0453259898153786
15002,6,3.995,1.912,99.462,4.472,3346,1866,116.565,2.0,9.856797697764078,5.120461204427083,2.4506437604166664,5.731840427083334,2.5634348958333333,3.5426085324013394
15003,7,5.015,1.777,25.883,5.831,3405,1869,30.964,2.53,11.499597314058091,6.427813001302082,2.2776119049479164,7.473694438802084,3.2427451432291665,3.826454549076717
15004,9,3.828,2.993,76.051,5.0,509,1871,53.13,4.0,14.785196546646118,4.906414390625,3.836180321614583,6.408587239583333,5.126869791666667,4.338791631406624
15005,4,3.216,1.583,121.717,3.606,532,1867,123.69,2.0,6.571198465176052,4.1220033125,2.028958720052083,4.6218731171875,2.5634348958333333,2.892527754271083
15006,1,1.128,1.128,0.0,1.414,2546,1867,135.0,1.0,1.642799616294013,1.4457772812499998,1.4457772812499998,1.8123484713541664,1.2817174479166666,1.4462638771355416
15007,1,1.128,1.128,0.0,1.414,3654,1867,135.0,1.0,1.642799616294013,1.4457772812499998,1.4457772812499998,1.8123484713541664,1.2817174479166666,1.4462638771355416
15008,2,2.257,1.128,90.0,2.236,3755,1867,116.565,1.0,3.285599232588026,2.892836279947917,1.4457772812499998,2.865920213541667,1.2817174479166666,2.0453259898153786
15009,31,9.1,4.337,89.267,10.77,600,1878,68.199,6.0,50.926788105114404,11.663628776041666,5.558808571614583,13.8040969140625,7.690304687499999,8.052456474363645
15010,13,4.522,3.661,169.202,5.831,627,1872,30.964,4.0,21.35639501182217,5.7959262994791665,4.6923675768229165,7.473694438802084,5.126869791666667,5.214578566863546
15011,1,1.128,1.128,0.0,1.414,644,1868,135.0,1.0,1.642799616294013,1.4457772812499998,1.4457772812499998,1.8123484713541664,1.2817174479166666,1.4462638771355416
15012,13,5.785,2.861,91.896,6.325,684,1868,108.435,4.0,21.35639501182217,7.414735436197916,3.6669936184895837,8.106862858072917,5.126869791666667,5.214578566863546
15013,4,3.676,1.385,39.69,4.243,845,1871,45.0,2.121,6.571198465176052,4.711593338541666,1.7751786653645834,5.438327131510417,2.71852270703125,2.892527754271083
15014,38,8.2,5.901,46.451,11.662,3174,1878,59.036,8.731,62.4263854191725,10.510083072916666,7.5634146601562495,14.947388877604167,11.190675037760416,8.915369296202536
15015,7,4.154,2.146,98.35,4.472,3234,1868,116.565,2.0,11.499597314058091,5.324254278645833,2.7505656432291663,5.731840427083334,2.5634348958333333,3.826454549076717
15016,2,2.257,1.128,90.0,2.236,3267,1868,116.565,1.0,3.285599232588026,2.892836279947917,1.4457772812499998,2.865920213541667,1.2817174479166666,2.0453259898153786
15017,4,2.257,2.257,0.0,2.828,3326,1868,135.0,2.0,6.571198465176052,2.892836279947917,2.892836279947917,3.624696942708333,2.5634348958333333,2.892527754271083
15018,8,4.514,2.257,90.0,4.472,3740,1868,116.565,2.0,13.142396930352104,5.785672559895834,2.892836279947917,5.731840427083334,2.5634348958333333,4.090651979630757
15019,2,2.257,1.128,90.0,2.236,3745,1868,116.565,1.0,3.285599232588026,2.892836279947917,1.4457772812499998,2.865920213541667,1.2817174479166666,2.0453259898153786
15020,1,1.128,1.128,0.0,1.414,0,1869,135.0,1.0,1.642799616294013,1.4457772812499998,1.4457772812499998,1.8123484713541664,1.2817174479166666,1.4462638771355416
15021,7,4.594,1.94,81.323,5.385,574,1874,68.199,2.0,11.499597314058091,5.888209955729167,2.4865318489583332,6.90204845703125,2.5634348958333333,3.826454549076717
15022,4,4.514,1.128,90.0,4.123,585,1869,104.036,1.0,6.571198465176052,5.785672559895834,1.4457772812499998,5.284521037760417,1.2817174479166666,2.892527754271083
15023,10,4.456,2.857,18.222,5.0,666,1872,36.87,3.0,16.42799616294013,5.7113329479166675,3.661866748697917,6.408587239583333,3.8451523437499997,4.573487949374228
15024,1,1.128,1.128,0.0,1.414,800,1869,135.0,1.0,1.642799616294013,1.4457772812499998,1.4457772812499998,1.8123484713541664,1.2817174479166666,1.4462638771355416
15025,1,1.128,1.128,0.0,1.414,1126,1869,135.0,1.0,1.642799616294013,1.4457772812499998,1.4457772812499998,1.8123484713541664,1.2817174479166666,1.4462638771355416
15026,1,1.128,1.128,0.0,1.414,2774,1869,135.0,1.0,1.642799616294013,1.4457772812499998,1.4457772812499998,1.8123484713541664,1.2817174479166666,1.4462638771355416
15027,1,1.128,1.128,0.0,1.414,3349,1869,135.0,1.0,1.642799616294013,1.4457772812499998,1.4457772812499998,1.8123484713541664,1.2817174479166666,1.4462638771355416
15028,41,9.486,5.503,100.024,11.705,3476,1869,109.983,6.791,67.35478426805453,12.1583717109375,7.053291115885417,15.002502727864583,8.704143188802083,9.26060728541019
15029,56,12.419,5.741,142.357,14.422,3716,1870,146.31,7.318,91.99677851246473,15.917648985677083,7.358339868489582,18.48492903385417,9.379608283854166,10.822847838217038
15030,2,2.257,1.128,0.0,2.236,3832,1869,153.435,1.0,3.285599232588026,2.892836279947917,1.4457772812499998,2.865920213541667,1.2817174479166666,2.0453259898153786
15031,1,1.128,1.128,0.0,1.414,345,1870,135.0,1.0,1.642799616294013,1.4457772812499998,1.4457772812499998,1.8123484713541664,1.2817174479166666,1.4462638771355416
15032,17,8.106,2.67,72.647,8.944,484,1878,63.435,3.53,27.927593476998222,10.3896016328125,3.4221855859374997,11.463680854166668,4.524462591145833,5.963098727945161
15033,40,8.221,6.195,11.785,9.434,636,1875,32.005,6.0,65.71198465176052,10.536999139322917,7.94023958984375,12.091722403645832,7.690304687499999,9.146975898748456
15034,2,2.596,0.981,45.0,2.828,660,1872,45.0,1.414,3.285599232588026,3.327338494791667,1.2573648164062499,3.624696942708333,1.8123484713541664,2.0453259898153786
15035,2,2.596,0.981,45.0,2.828,3136,1872,45.0,1.414,3.285599232588026,3.327338494791667,1.2573648164062499,3.624696942708333,1.8123484713541664,2.0453259898153786
15036,16,7.484,2.722,118.277,9.434,3215,1870,122.005,4.366,26.28479386070421,9.592373380208333,3.4888348932291664,12.091722403645832,5.595978377604166,5.785055508542166
15037,1,1.128,1.128,0.0,1.414,3225,1870,135.0,1.0,1.642799616294013,1.4457772812499998,1.4457772812499998,1.8123484713541664,1.2817174479166666,1.4462638771355416
15038,3,2.365,1.615,45.0,2.828,3252,1872,45.0,2.0,4.928398848882039,3.0312617643229167,2.069973678385417,3.624696942708333,2.5634348958333333,2.5050025163503102
15039,2,2.257,1.128,90.0,2.236,3403,1870,116.565,1.0,3.285599232588026,2.892836279947917,1.4457772812499998,2.865920213541667,1.2817174479166666,2.0453259898153786
15040,2,2.257,1.128,90.0,2.236,3407,1870,116.565,1.0,3.285599232588026,2.892836279947917,1.4457772812499998,2.865920213541667,1.2817174479166666,2.0453259898153786
15041,29,7.47,4.943,122.54,8.602,3435,1871,125.538,6.364,47.64118887252638,9.5744293359375,6.335529345052083,11.025333486979166,8.156849838541666,7.788369332980218
15042,1,1.128,1.128,0.0,1.414,3747,1870,135.0,1.0,1.642799616294013,1.4457772812499998,1.4457772812499998,1.8123484713541664,1.2817174479166666,1.4462638771355416
15043,2,2.257,1.128,0.0,2.236,3765,1870,153.435,1.0,3.285599232588026,2.892836279947917,1.4457772812499998,2.865920213541667,1.2817174479166666,2.0453259898153786
15044,2,2.257,1.128,0.0,2.236,537,1871,153.435,1.0,3.285599232588026,2.892836279947917,1.4457772812499998,2.865920213541667,1.2817174479166666,2.0453259898153786
15045,2,2.257,1.128,0.0,2.236,736,1871,153.435,1.0,3.285599232588026,2.892836279947917,1.4457772812499998,2.865920213541667,1.2817174479166666,2.0453259898153786
15046,1,1.128,1.128,0.0,1.414,775,1871,135.0,1.0,1.642799616294013,1.4457772812499998,1.4457772812499998,1.8123484713541664,1.2817174479166666,1.4462638771355416
15047,4,4.218,1.207,157.5,4.472,3221,1871,153.435,1.789,6.571198465176052,5.4062841953125,1.5470329596354166,5.731840427083334,2.2929925143229166,2.892527754271083
15048,25,7.788,4.087,164.724,8.602,3237,1872,144.462,5.59,41.069990407350325,9.982015484375,5.238379209635416,11.025333486979166,7.164800533854167,7.231319385677708
15049,100,18.838,6.759,158.762,21.84,3733,1876,164.055,11.068,164.2799616294013,24.144993283854166,8.66312823046875,27.992709062499998,14.186048713541666,14.462638771355415
15050,4,3.216,1.583,148.283,3.606,3743,1871,146.31,2.0,6.571198465176052,4.1220033125,2.028958720052083,4.6218731171875,2.5634348958333333,2.892527754271083
15051,21,6.631,4.032,26.384,7.81,3752,1876,39.806,4.851,34.49879194217427,8.499068397135417,5.16788475,10.010213268229165,6.21761133984375,6.627613691853932
15052,3,2.365,1.615,45.0,2.828,477,1874,45.0,2.0,4.928398848882039,3.0312617643229167,2.069973678385417,3.624696942708333,2.5634348958333333,2.5050025163503102
15053,3,2.365,1.615,45.0,2.828,500,1874,45.0,2.0,4.928398848882039,3.0312617643229167,2.069973678385417,3.624696942708333,2.5634348958333333,2.5050025163503102
15054,3,3.213,1.189,28.155,3.606,607,1874,33.69,1.789,4.928398848882039,4.11815816015625,1.5239620455729168,4.6218731171875,2.2929925143229166,2.5050025163503102
15055,4,2.257,2.257,0.0,2.828,704,1872,135.0,2.0,6.571198465176052,2.892836279947917,2.892836279947917,3.624696942708333,2.5634348958333333,2.892527754271083
15056,3,3.213,1.189,118.155,3.606,770,1872,123.69,1.789,4.928398848882039,4.11815816015625,1.5239620455729168,4.6218731171875,2.2929925143229166,2.5050025163503102
15057,4,2.257,2.257,0.0,2.828,816,1872,135.0,2.0,6.571198465176052,2.892836279947917,2.892836279947917,3.624696942708333,2.5634348958333333,2.892527754271083
15058,4,3.969,1.283,17.609,4.472,3076,1874,26.565,1.897,6.571198465176052,5.08713655078125,1.644443485677083,5.731840427083334,2.4314179986979165,2.892527754271083
15059,3,2.365,1.615,45.0,2.828,3186,1874,45.0,2.0,4.928398848882039,3.0312617643229167,2.069973678385417,3.624696942708333,2.5634348958333333,2.5050025163503102
15060,2,2.257,1.128,90.0,2.236,3227,1872,116.565,1.0,3.285599232588026,2.892836279947917,1.4457772812499998,2.865920213541667,1.2817174479166666,2.0453259898153786
15061,3,2.365,1.615,135.0,2.828,3346,1872,135.0,2.0,4.928398848882039,3.0312617643229167,2.069973678385417,3.624696942708333,2.5634348958333333,2.5050025163503102
15062,34,9.534,4.541,179.497,10.77,3366,1874,158.199,6.0,55.855186953996444,12.2198941484375,5.820278930989583,13.8040969140625,7.690304687499999,8.433095094829797
15063,3,2.365,1.615,45.0,2.828,3386,1874,45.0,2.0,4.928398848882039,3.0312617643229167,2.069973678385417,3.624696942708333,2.5634348958333333,2.5050025163503102
15064,3,3.213,1.189,28.155,3.606,3415,1874,33.69,1.789,4.928398848882039,4.11815816015625,1.5239620455729168,4.6218731171875,2.2929925143229166,2.5050025163503102
15065,32,8.206,4.965,3.233,9.487,3445,1877,18.435,6.0,52.56958772140842,10.517773377604167,6.36372712890625,12.159653428385417,7.690304687499999,8.181303959261514
15066,123,17.819,8.789,146.79,24.413,3636,1873,145.008,11.18,202.0643528041636,22.838923204427083,11.265014649739582,31.29056805598958,14.329601067708333,16.039842327272947
15067,1,1.128,1.128,0.0,1.414,3803,1872,135.0,1.0,1.642799616294013,1.4457772812499998,1.4457772812499998,1.8123484713541664,1.2817174479166666,1.4462638771355416
15068,12,6.005,2.545,144.736,6.403,525,1873,141.34,3.328,19.713595395528156,7.696713274739583,3.2619709049479164,8.206836819010416,4.265555666666667,5.0100050327006205
15069,1,1.128,1.128,0.0,1.414,680,1873,135.0,1.0,1.642799616294013,1.4457772812499998,1.4457772812499998,1.8123484713541664,1.2817174479166666,1.4462638771355416
15070,2,2.257,1.128,0.0,2.236,781,1873,153.435,1.0,3.285599232588026,2.892836279947917,1.4457772812499998,2.865920213541667,1.2817174479166666,2.0453259898153786
15071,1,1.128,1.128,0.0,1.414,842,1873,135.0,1.0,1.642799616294013,1.4457772812499998,1.4457772812499998,1.8123484713541664,1.2817174479166666,1.4462638771355416
15072,1,1.128,1.128,0.0,1.414,2793,1873,135.0,1.0,1.642799616294013,1.4457772812499998,1.4457772812499998,1.8123484713541664,1.2817174479166666,1.4462638771355416
15073,1,1.128,1.128,0.0,1.414,3058,1873,135.0,1.0,1.642799616294013,1.4457772812499998,1.4457772812499998,1.8123484713541664,1.2817174479166666,1.4462638771355416
15074,5,3.144,2.025,108.435,3.606,3120,1873,123.69,2.0,8.213998081470065,4.02971965625,2.59547783203125,4.6218731171875,2.5634348958333333,3.2339443426774745
15075,2,2.596,0.981,135.0,2.828,3324,1873,135.0,1.414,3.285599232588026,3.327338494791667,1.2573648164062499,3.624696942708333,1.8123484713541664,2.0453259898153786
15076,2,2.257,1.128,90.0,2.236,3360,1873,116.565,1.0,3.285599232588026,2.892836279947917,1.4457772812499998,2.865920213541667,1.2817174479166666,2.0453259898153786
15077,1,1.128,1.128,0.0,1.414,3795,1873,135.0,1.0,1.642799616294013,1.4457772812499998,1.4457772812499998,1.8123484713541664,1.2817174479166666,1.4462638771355416
15078,2,2.596,0.981,135.0,2.828,532,1874,135.0,1.414,3.285599232588026,3.327338494791667,1.2573648164062499,3.624696942708333,1.8123484713541664,2.0453259898153786
15079,1,1.128,1.128,0.0,1.414,566,1874,135.0,1.0,1.642799616294013,1.4457772812499998,1.4457772812499998,1.8123484713541664,1.2817174479166666,1.4462638771355416
15080,27,8.449,4.069,105.887,10.198,633,1874,101.31,5.336,44.35558963993835,10.829230717447917,5.215308295572917,13.070954533854167,6.839244302083333,7.515007549050931
15081,3,2.365,1.615,45.0,2.828,690,1876,45.0,2.0,4.928398848882039,3.0312617643229167,2.069973678385417,3.624696942708333,2.5634348958333333,2.5050025163503102
15082,5,4.183,1.522,169.099,4.472,775,1874,153.435,2.0,8.213998081470065,5.361424084635416,1.9507739557291666,5.731840427083334,2.5634348958333333,3.2339443426774745
15083,1,1.128,1.128,0.0,1.414,827,1874,135.0,1.0,1.642799616294013,1.4457772812499998,1.4457772812499998,1.8123484713541664,1.2817174479166666,1.4462638771355416
15084,4,2.257,2.257,0.0,2.828,3096,1874,135.0,2.0,6.571198465176052,2.892836279947917,2.892836279947917,3.624696942708333,2.5634348958333333,2.892527754271083
15085,8,3.538,2.879,135.0,4.243,3136,1874,135.0,3.0,13.142396930352104,4.534716330729166,3.6900645325520833,5.438327131510417,3.8451523437499997,4.090651979630757
15086,1,1.128,1.128,0.0,1.414,3157,1874,135.0,1.0,1.642799616294013,1.4457772812499998,1.4457772812499998,1.8123484713541664,1.2817174479166666,1.4462638771355416
15087,9,4.77,2.402,37.372,5.657,3190,1878,45.0,3.479,14.785196546646118,6.1137922265624995,3.0786853098958336,7.250675602864583,4.459095001302083,4.338791631406624
15088,4,2.257,2.257,0.0,2.828,3352,1874,135.0,2.0,6.571198465176052,2.892836279947917,2.892836279947917,3.624696942708333,2.5634348958333333,2.892527754271083
15089,3,3.213,1.189,118.155,3.606,3362,1874,123.69,1.789,4.928398848882039,4.11815816015625,1.5239620455729168,4.6218731171875,2.2929925143229166,2.5050025163503102
15090,6,3.385,2.257,0.0,3.606,3423,1874,146.31,2.0,9.856797697764078,4.338613561197916,2.892836279947917,4.6218731171875,2.5634348958333333,3.5426085324013394
15091,1,1.128,1.128,0.0,1.414,619,1875,135.0,1.0,1.642799616294013,1.4457772812499998,1.4457772812499998,1.8123484713541664,1.2817174479166666,1.4462638771355416
15092,6,3.385,2.257,90.0,3.606,680,1875,123.69,2.0,9.856797697764078,4.338613561197916,2.892836279947917,4.6218731171875,2.5634348958333333,3.5426085324013394
15093,4,3.192,1.596,108.435,3.606,976,1875,123.69,2.0,6.571198465176052,4.09124209375,2.045621046875,4.6218731171875,2.5634348958333333,2.892527754271083
15094,1,1.128,1.128,0.0,1.414,3079,1875,135.0,1.0,1.642799616294013,1.4457772812499998,1.4457772812499998,1.8123484713541664,1.2817174479166666,1.4462638771355416
15095,2,2.257,1.128,90.0,2.236,3161,1875,116.565,1.0,3.285599232588026,2.892836279947917,1.4457772812499998,2.865920213541667,1.2817174479166666,2.0453259898153786
15096,19,5.283,4.579,28.392,7.81,3196,1881,50.194,5.0,31.21319270958625,6.771313277343751,5.868984194010416,10.010213268229165,6.408587239583333,6.304118086127151
15097,1,1.128,1.128,0.0,1.414,3234,1875,135.0,1.0,1.642799616294013,1.4457772812499998,1.4457772812499998,1.8123484713541664,1.2817174479166666,1.4462638771355416
15098,1,1.128,1.128,0.0,1.414,3267,1875,135.0,1.0,1.642799616294013,1.4457772812499998,1.4457772812499998,1.8123484713541664,1.2817174479166666,1.4462638771355416
15099,1,1.128,1.128,0.0,1.414,3296,1875,135.0,1.0,1.642799616294013,1.4457772812499998,1.4457772812499998,1.8123484713541664,1.2817174479166666,1.4462638771355416
15100,2,2.257,1.128,0.0,2.236,3404,1875,153.435,1.0,3.285599232588026,2.892836279947917,1.4457772812499998,2.865920213541667,1.2817174479166666,2.0453259898153786
15101,1,1.128,1.128,0.0,1.414,3526,1875,135.0,1.0,1.642799616294013,1.4457772812499998,1.4457772812499998,1.8123484713541664,1.2817174479166666,1.4462638771355416
15102,6,4.387,1.742,147.757,5.0,3778,1875,143.13,2.496,9.856797697764078,5.622894444010416,2.2327517942708335,6.408587239583333,3.19916675,3.5426085324013394
15103,3,2.365,1.615,45.0,2.828,480,1878,45.0,2.0,4.928398848882039,3.0312617643229167,2.069973678385417,3.624696942708333,2.5634348958333333,2.5050025163503102
15104,10,4.444,2.865,153.435,5.0,570,1876,143.13,3.0,16.42799616294013,5.695952338541667,3.67212048828125,6.408587239583333,3.8451523437499997,4.573487949374228
15105,9,4.488,2.553,76.717,5.0,609,1880,53.13,3.0,14.785196546646118,5.752347906250001,3.2722246445312497,6.408587239583333,3.8451523437499997,4.338791631406624
15106,5,3.244,1.963,0.0,3.606,3075,1876,146.31,2.0,8.213998081470065,4.157891401041667,2.516011350260417,4.6218731171875,2.5634348958333333,3.2339443426774745
15107,2,2.257,1.128,90.0,2.236,3168,1876,116.565,1.0,3.285599232588026,2.892836279947917,1.4457772812499998,2.865920213541667,1.2817174479166666,2.0453259898153786
15108,17,6.497,3.332,100.348,7.211,3228,1876,123.69,4.0,27.927593476998222,8.327318259114582,4.270682536458333,9.242464516927084,5.126869791666667,5.963098727945161
15109,1,1.128,1.128,0.0,1.414,3245,1876,135.0,1.0,1.642799616294013,1.4457772812499998,1.4457772812499998,1.8123484713541664,1.2817174479166666,1.4462638771355416
15110,7,4.154,2.146,81.65,4.472,3250,1880,63.435,2.0,11.499597314058091,5.324254278645833,2.7505656432291663,5.731840427083334,2.5634348958333333,3.826454549076717
15111,32,9.221,4.418,27.521,10.63,3320,1883,41.186,6.247,52.56958772140842,11.818716587239583,5.662627684895833,13.624656471354168,8.006888897135417,8.181303959261514
15112,10,4.456,2.857,108.222,5.0,3393,1876,126.87,3.0,16.42799616294013,5.7113329479166675,3.661866748697917,6.408587239583333,3.8451523437499997,4.573487949374228
15113,2,2.257,1.128,90.0,2.236,3399,1876,116.565,1.0,3.285599232588026,2.892836279947917,1.4457772812499998,2.865920213541667,1.2817174479166666,2.0453259898153786
15114,5,4.409,1.444,130.735,5.0,3711,1876,126.87,2.121,8.213998081470065,5.6510922278645825,1.8507999947916665,6.408587239583333,2.71852270703125,3.2339443426774745
15115,1,1.128,1.128,0.0,1.414,507,1877,135.0,1.0,1.642799616294013,1.4457772812499998,1.4457772812499998,1.8123484713541664,1.2817174479166666,1.4462638771355416
15116,1,1.128,1.128,0.0,1.414,533,1877,135.0,1.0,1.642799616294013,1.4457772812499998,1.4457772812499998,1.8123484713541664,1.2817174479166666,1.4462638771355416
15117,1,1.128,1.128,0.0,1.414,590,1877,135.0,1.0,1.642799616294013,1.4457772812499998,1.4457772812499998,1.8123484713541664,1.2817174479166666,1.4462638771355416
15118,2,2.257,1.128,90.0,2.236,725,1877,116.565,1.0,3.285599232588026,2.892836279947917,1.4457772812499998,2.865920213541667,1.2817174479166666,2.0453259898153786
15119,1,1.128,1.128,0.0,1.414,3044,1877,135.0,1.0,1.642799616294013,1.4457772812499998,1.4457772812499998,1.8123484713541664,1.2817174479166666,1.4462638771355416
15120,2,2.257,1.128,0.0,2.236,3140,1877,153.435,1.0,3.285599232588026,2.892836279947917,1.4457772812499998,2.865920213541667,1.2817174479166666,2.0453259898153786
15121,1,1.128,1.128,0.0,1.414,3267,1877,135.0,1.0,1.642799616294013,1.4457772812499998,1.4457772812499998,1.8123484713541664,1.2817174479166666,1.4462638771355416
15122,1,1.128,1.128,0.0,1.414,3812,1877,135.0,1.0,1.642799616294013,1.4457772812499998,1.4457772812499998,1.8123484713541664,1.2817174479166666,1.4462638771355416
15123,3,2.365,1.615,45.0,2.828,536,1880,45.0,2.0,4.928398848882039,3.0312617643229167,2.069973678385417,3.624696942708333,2.5634348958333333,2.5050025163503102
15124,7,4.154,2.146,8.35,4.472,584,1880,26.565,2.0,11.499597314058091,5.324254278645833,2.7505656432291663,5.731840427083334,2.5634348958333333,3.826454549076717
15125,2,2.257,1.128,90.0,2.236,620,1878,116.565,1.0,3.285599232588026,2.892836279947917,1.4457772812499998,2.865920213541667,1.2817174479166666,2.0453259898153786
15126,19,7.743,3.124,23.52,8.944,621,1883,26.565,4.439,31.21319270958625,9.92433819921875,4.004085307291667,11.463680854166668,5.689543751302083,6.304118086127151
15127,1,1.128,1.128,0.0,1.414,705,1878,135.0,1.0,1.642799616294013,1.4457772812499998,1.4457772812499998,1.8123484713541664,1.2817174479166666,1.4462638771355416
15128,15,4.659,4.099,45.001,5.657,736,1882,45.0,4.0,24.641994244410196,5.97152158984375,5.253759819010416,7.250675602864583,5.126869791666667,5.601355910367322
15129,54,11.168,6.156,42.326,13.601,762,1889,53.973,8.485,88.7111792798767,14.314220458333333,7.890252609375,17.432639009114585,10.875372545572915,10.62782559720402
15130,1,1.128,1.128,0.0,1.414,926,1878,135.0,1.0,1.642799616294013,1.4457772812499998,1.4457772812499998,1.8123484713541664,1.2817174479166666,1.4462638771355416
15131,1,1.128,1.128,0.0,1.414,2555,1878,135.0,1.0,1.642799616294013,1.4457772812499998,1.4457772812499998,1.8123484713541664,1.2817174479166666,1.4462638771355416
15132,6,2.93,2.607,26.565,3.606,3119,1878,146.31,3.0,9.856797697764078,3.7554321223958333,3.3414373867187503,4.6218731171875,3.8451523437499997,3.5426085324013394
15133,4,3.192,1.596,18.435,3.606,3157,1880,33.69,2.0,6.571198465176052,4.09124209375,2.045621046875,4.6218731171875,2.5634348958333333,2.892527754271083
15134,3,2.365,1.615,135.0,2.828,3282,1878,135.0,2.0,4.928398848882039,3.0312617643229167,2.069973678385417,3.624696942708333,2.5634348958333333,2.5050025163503102
15135,43,12.633,4.334,140.489,15.62,3340,1880,140.194,6.247,70.64038350064256,16.19193651953125,5.554963419270833,20.02042653645833,8.006888897135417,9.483786464234974
15136,2,2.257,1.128,90.0,2.236,3425,1878,116.565,1.0,3.285599232588026,2.892836279947917,1.4457772812499998,2.865920213541667,1.2817174479166666,2.0453259898153786
15137,5,5.642,1.128,0.0,5.099,717,1879,168.69,1.0,8.213998081470065,7.2314498411458334,1.4457772812499998,6.535477266927083,1.2817174479166666,3.2339443426774745
15138,1,1.128,1.128,0.0,1.414,753,1879,135.0,1.0,1.642799616294013,1.4457772812499998,1.4457772812499998,1.8123484713541664,1.2817174479166666,1.4462638771355416
15139,1,1.128,1.128,0.0,1.414,840,1879,135.0,1.0,1.642799616294013,1.4457772812499998,1.4457772812499998,1.8123484713541664,1.2817174479166666,1.4462638771355416
15140,5,3.144,2.025,71.565,3.606,2954,1882,56.31,2.0,8.213998081470065,4.02971965625,2.59547783203125,4.6218731171875,2.5634348958333333,3.2339443426774745
15141,3,2.365,1.615,135.0,2.828,3258,1879,135.0,2.0,4.928398848882039,3.0312617643229167,2.069973678385417,3.624696942708333,2.5634348958333333,2.5050025163503102
15142,1,1.128,1.128,0.0,1.414,3363,1879,135.0,1.0,1.642799616294013,1.4457772812499998,1.4457772812499998,1.8123484713541664,1.2817174479166666,1.4462638771355416
15143,2,2.257,1.128,0.0,2.236,3708,1879,153.435,1.0,3.285599232588026,2.892836279947917,1.4457772812499998,2.865920213541667,1.2817174479166666,2.0453259898153786
15144,1,1.128,1.128,0.0,1.414,3720,1879,135.0,1.0,1.642799616294013,1.4457772812499998,1.4457772812499998,1.8123484713541664,1.2817174479166666,1.4462638771355416
15145,6,3.718,2.055,126.87,4.243,488,1880,135.0,2.683,9.856797697764078,4.765425471354167,2.63392935546875,5.438327131510417,3.4388479127604166,3.5426085324013394
15146,1,1.128,1.128,0.0,1.414,525,1880,135.0,1.0,1.642799616294013,1.4457772812499998,1.4457772812499998,1.8123484713541664,1.2817174479166666,1.4462638771355416
15147,3,2.365,1.615,45.0,2.828,570,1882,45.0,2.0,4.928398848882039,3.0312617643229167,2.069973678385417,3.624696942708333,2.5634348958333333,2.5050025163503102
15148,14,4.567,3.903,61.125,6.083,673,1880,99.462,4.851,22.999194628116182,5.853603584635417,5.00254319921875,7.7966872356770835,6.21761133984375,5.411423919108519
15149,12,7.474,2.044,6.074,7.616,701,1883,23.199,3.0,19.713595395528156,9.579556205729167,2.6198304635416667,9.761560083333332,3.8451523437499997,5.0100050327006205
15150,10,5.966,2.134,82.982,6.325,970,1886,71.565,2.0,16.42799616294013,7.646726294270834,2.7351850338541666,8.106862858072917,2.5634348958333333,4.573487949374228
15151,6,4.134,1.848,77.067,4.472,3014,1884,63.435,2.0,9.856797697764078,5.298619929687501,2.36861384375,5.731840427083334,2.5634348958333333,3.5426085324013394
15152,1,1.128,1.128,0.0,1.414,3145,1880,135.0,1.0,1.642799616294013,1.4457772812499998,1.4457772812499998,1.8123484713541664,1.2817174479166666,1.4462638771355416
15153,3,2.365,1.615,135.0,2.828,3337,1880,135.0,2.0,4.928398848882039,3.0312617643229167,2.069973678385417,3.624696942708333,2.5634348958333333,2.5050025163503102
15154,3,3.385,1.128,90.0,3.162,3378,1880,108.435,1.0,4.928398848882039,4.338613561197916,1.4457772812499998,4.0527905703125,1.2817174479166666,2.5050025163503102
15155,140,16.344,10.906,54.553,20.591,3484,1898,60.945,14.684,229.99194628116183,20.94838996875,13.978410486979167,26.391843970052083,18.82073900520833,17.112424969097688
15156,23,7.406,3.954,129.686,8.485,3656,1880,135.0,5.367,37.7843911747623,9.492399419270832,5.0679107890625,10.875372545572915,6.87897754296875,6.936037892995103
15157,1,1.128,1.128,0.0,1.414,542,1881,135.0,1.0,1.642799616294013,1.4457772812499998,1.4457772812499998,1.8123484713541664,1.2817174479166666,1.4462638771355416
15158,2,2.257,1.128,90.0,2.236,585,1881,116.565,1.0,3.285599232588026,2.892836279947917,1.4457772812499998,2.865920213541667,1.2817174479166666,2.0453259898153786
15159,3,3.385,1.128,90.0,3.162,890,1881,108.435,1.0,4.928398848882039,4.338613561197916,1.4457772812499998,4.0527905703125,1.2817174479166666,2.5050025163503102
15160,2,2.257,1.128,0.0,2.236,2918,1881,153.435,1.0,3.285599232588026,2.892836279947917,1.4457772812499998,2.865920213541667,1.2817174479166666,2.0453259898153786
15161,2,2.257,1.128,0.0,2.236,3030,1881,153.435,1.0,3.285599232588026,2.892836279947917,1.4457772812499998,2.865920213541667,1.2817174479166666,2.0453259898153786
15162,5,3.144,2.025,71.565,3.606,3284,1884,56.31,2.0,8.213998081470065,4.02971965625,2.59547783203125,4.6218731171875,2.5634348958333333,3.2339443426774745
15163,5,3.144,2.025,108.435,3.606,3370,1881,123.69,2.0,8.213998081470065,4.02971965625,2.59547783203125,4.6218731171875,2.5634348958333333,3.2339443426774745
15164,20,8.25,3.087,68.962,10.77,3402,1891,68.199,5.093,32.85599232588026,10.5741689453125,3.9566617617187503,13.8040969140625,6.527786962239583,6.467888685354949
15165,102,12.833,10.12,8.231,16.763,3678,1884,162.646,11.659,167.56556086198933,16.448280009114583,12.970980572916666,21.485429579427084,14.943543725260417,14.606549169305087
15166,1,1.128,1.128,0.0,1.414,103,1882,135.0,1.0,1.642799616294013,1.4457772812499998,1.4457772812499998,1.8123484713541664,1.2817174479166666,1.4462638771355416
15167,66,17.062,4.925,59.169,21.26,592,1898,48.814,7.412,108.42477467540486,21.86866309635417,6.312458430989583,27.249312942708336,9.500089723958332,11.749503281086843
15168,7,3.525,2.528,94.065,4.472,785,1886,63.435,3.0,11.499597314058091,4.51805400390625,3.2401817083333335,5.731840427083334,3.8451523437499997,3.826454549076717
15169,7,4.01,2.222,9.827,5.0,902,1885,36.87,3.0,11.499597314058091,5.139686966145833,2.8479761692708334,6.408587239583333,3.8451523437499997,3.826454549076717
15170,3,2.365,1.615,45.0,2.828,3060,1884,45.0,2.0,4.928398848882039,3.0312617643229167,2.069973678385417,3.624696942708333,2.5634348958333333,2.5050025163503102
15171,3,2.365,1.615,45.0,2.828,3093,1884,45.0,2.0,4.928398848882039,3.0312617643229167,2.069973678385417,3.624696942708333,2.5634348958333333,2.5050025163503102
15172,2,2.257,1.128,90.0,2.236,3097,1882,116.565,1.0,3.285599232588026,2.892836279947917,1.4457772812499998,2.865920213541667,1.2817174479166666,2.0453259898153786
15173,3,3.213,1.189,61.845,3.606,3195,1885,56.31,1.789,4.928398848882039,4.11815816015625,1.5239620455729168,4.6218731171875,2.2929925143229166,2.5050025163503102
15174,16,6.76,3.013,158.257,7.81,3295,1882,140.194,4.366,26.28479386070421,8.664409947916667,3.8618146705729166,10.010213268229165,5.595978377604166,5.785055508542166
15175,1,1.128,1.128,0.0,1.414,3336,1882,135.0,1.0,1.642799616294013,1.4457772812499998,1.4457772812499998,1.8123484713541664,1.2817174479166666,1.4462638771355416
15176,1,1.128,1.128,0.0,1.414,3407,1882,135.0,1.0,1.642799616294013,1.4457772812499998,1.4457772812499998,1.8123484713541664,1.2817174479166666,1.4462638771355416
15177,2,2.257,1.128,90.0,2.236,3451,1882,116.565,1.0,3.285599232588026,2.892836279947917,1.4457772812499998,2.865920213541667,1.2817174479166666,2.0453259898153786
15178,3,2.365,1.615,45.0,2.828,3716,1884,45.0,2.0,4.928398848882039,3.0312617643229167,2.069973678385417,3.624696942708333,2.5634348958333333,2.5050025163503102
15179,6,2.93,2.607,63.435,3.606,573,1883,123.69,3.0,9.856797697764078,3.7554321223958333,3.3414373867187503,4.6218731171875,3.8451523437499997,3.5426085324013394
15180,17,5.188,4.173,127.982,6.403,650,1883,128.66,5.0,27.927593476998222,6.649550119791666,5.34860691015625,8.206836819010416,6.408587239583333,5.963098727945161
15181,2,2.596,0.981,135.0,2.828,3070,1883,135.0,1.414,3.285599232588026,3.327338494791667,1.2573648164062499,3.624696942708333,1.8123484713541664,2.0453259898153786
15182,6,5.208,1.467,82.534,5.385,3130,1888,68.199,2.0,9.856797697764078,6.67518446875,1.8802794960937501,6.90204845703125,2.5634348958333333,3.5426085324013394
15183,1,1.128,1.128,0.0,1.414,3145,1883,135.0,1.0,1.642799616294013,1.4457772812499998,1.4457772812499998,1.8123484713541664,1.2817174479166666,1.4462638771355416
15184,2,2.257,1.128,0.0,2.236,3158,1883,153.435,1.0,3.285599232588026,2.892836279947917,1.4457772812499998,2.865920213541667,1.2817174479166666,2.0453259898153786
15185,9,5.369,2.134,55.278,6.403,3378,1888,51.34,2.828,14.785196546646118,6.881540977864583,2.7351850338541666,8.206836819010416,3.624696942708333,4.338791631406624
15186,2,2.257,1.128,0.0,2.236,3757,1883,153.435,1.0,3.285599232588026,2.892836279947917,1.4457772812499998,2.865920213541667,1.2817174479166666,2.0453259898153786
15187,2,2.257,1.128,0.0,2.236,436,1884,153.435,1.0,3.285599232588026,2.892836279947917,1.4457772812499998,2.865920213541667,1.2817174479166666,2.0453259898153786
15188,3,3.385,1.128,0.0,3.162,531,1884,161.565,1.0,4.928398848882039,4.338613561197916,1.4457772812499998,4.0527905703125,1.2817174479166666,2.5050025163503102
15189,4,2.257,2.257,0.0,2.828,576,1884,135.0,2.0,6.571198465176052,2.892836279947917,2.892836279947917,3.624696942708333,2.5634348958333333,2.892527754271083
15190,20,7.191,3.541,126.912,9.434,628,1884,122.005,5.824,32.85599232588026,9.21683016796875,4.538561483072916,12.091722403645832,7.464722416666667,6.467888685354949
15191,4,2.257,2.257,0.0,2.828,698,1884,135.0,2.0,6.571198465176052,2.892836279947917,2.892836279947917,3.624696942708333,2.5634348958333333,2.892527754271083
15192,2,2.257,1.128,90.0,2.236,724,1884,116.565,1.0,3.285599232588026,2.892836279947917,1.4457772812499998,2.865920213541667,1.2817174479166666,2.0453259898153786
15193,3,2.365,1.615,45.0,2.828,806,1886,45.0,2.0,4.928398848882039,3.0312617643229167,2.069973678385417,3.624696942708333,2.5634348958333333,2.5050025163503102
15194,3,2.365,1.615,45.0,2.828,1104,1886,45.0,2.0,4.928398848882039,3.0312617643229167,2.069973678385417,3.624696942708333,2.5634348958333333,2.5050025163503102
15195,1,1.128,1.128,0.0,1.414,3065,1884,135.0,1.0,1.642799616294013,1.4457772812499998,1.4457772812499998,1.8123484713541664,1.2817174479166666,1.4462638771355416
15196,4,2.257,2.257,0.0,2.828,3213,1884,135.0,2.0,6.571198465176052,2.892836279947917,2.892836279947917,3.624696942708333,2.5634348958333333,2.892527754271083
15197,3,3.213,1.189,151.845,3.606,3235,1884,146.31,1.789,4.928398848882039,4.11815816015625,1.5239620455729168,4.6218731171875,2.2929925143229166,2.5050025163503102
15198,7,3.507,2.542,149.527,4.243,3249,1884,135.0,3.0,11.499597314058091,4.49498308984375,3.2581257526041663,5.438327131510417,3.8451523437499997,3.826454549076717
15199,8,3.538,2.879,135.0,4.243,3334,1884,135.0,3.0,13.142396930352104,4.534716330729166,3.6900645325520833,5.438327131510417,3.8451523437499997,4.090651979630757
15200,1,1.128,1.128,0.0,1.414,3341,1884,135.0,1.0,1.642799616294013,1.4457772812499998,1.4457772812499998,1.8123484713541664,1.2817174479166666,1.4462638771355416
15201,2,2.257,1.128,90.0,2.236,3415,1884,116.565,1.0,3.285599232588026,2.892836279947917,1.4457772812499998,2.865920213541667,1.2817174479166666,2.0453259898153786
15202,7,4.805,1.855,43.569,5.657,3470,1888,45.0,2.774,11.499597314058091,6.158652337239583,2.3775858658854165,7.250675602864583,3.555484200520833,3.826454549076717
15203,97,14.203,8.695,135.673,18.439,3627,1884,139.399,10.776,159.35156278051926,18.204232912760414,11.144533209635417,23.633588022135417,13.81178721875,14.24404726978226
15204,18,8.862,2.586,84.477,9.22,675,1894,77.471,3.0,29.570393093292235,11.3585800234375,3.3145213203124997,11.817434869791667,3.8451523437499997,6.135977969446135
15205,1,1.128,1.128,0.0,1.414,731,1885,135.0,1.0,1.642799616294013,1.4457772812499998,1.4457772812499998,1.8123484713541664,1.2817174479166666,1.4462638771355416
15206,3,3.385,1.128,90.0,3.162,2531,1885,108.435,1.0,4.928398848882039,4.338613561197916,1.4457772812499998,4.0527905703125,1.2817174479166666,2.5050025163503102
15207,1,1.128,1.128,0.0,1.414,2869,1885,135.0,1.0,1.642799616294013,1.4457772812499998,1.4457772812499998,1.8123484713541664,1.2817174479166666,1.4462638771355416
15208,1,1.128,1.128,0.0,1.414,3068,1885,135.0,1.0,1.642799616294013,1.4457772812499998,1.4457772812499998,1.8123484713541664,1.2817174479166666,1.4462638771355416
15209,3,3.385,1.128,90.0,3.162,3083,1885,108.435,1.0,4.928398848882039,4.338613561197916,1.4457772812499998,4.0527905703125,1.2817174479166666,2.5050025163503102
15210,1,1.128,1.128,0.0,1.414,3233,1885,135.0,1.0,1.642799616294013,1.4457772812499998,1.4457772812499998,1.8123484713541664,1.2817174479166666,1.4462638771355416
15211,2,2.596,0.981,45.0,2.828,3355,1887,45.0,1.414,3.285599232588026,3.327338494791667,1.2573648164062499,3.624696942708333,1.8123484713541664,2.0453259898153786
15212,1,1.128,1.128,0.0,1.414,3722,1885,135.0,1.0,1.642799616294013,1.4457772812499998,1.4457772812499998,1.8123484713541664,1.2817174479166666,1.4462638771355416
15213,16,7.728,2.636,162.636,8.062,561,1886,150.255,3.395,26.28479386070421,9.9051124375,3.3786071927083334,10.333206065104166,4.351430735677083,5.785055508542166
15214,1,1.128,1.128,0.0,1.414,595,1886,135.0,1.0,1.642799616294013,1.4457772812499998,1.4457772812499998,1.8123484713541664,1.2817174479166666,1.4462638771355416
15215,7,3.644,2.446,67.5,4.472,820,1890,63.435,3.0,11.499597314058091,4.670578380208333,3.135080877604167,5.731840427083334,3.8451523437499997,3.826454549076717
15216,2,2.257,1.128,90.0,2.236,987,1886,116.565,1.0,3.285599232588026,2.892836279947917,1.4457772812499998,2.865920213541667,1.2817174479166666,2.0453259898153786
15217,1,1.128,1.128,0.0,1.414,2889,1886,135.0,1.0,1.642799616294013,1.4457772812499998,1.4457772812499998,1.8123484713541664,1.2817174479166666,1.4462638771355416
15218,4,2.257,2.257,0.0,2.828,3090,1886,135.0,2.0,6.571198465176052,2.892836279947917,2.892836279947917,3.624696942708333,2.5634348958333333,2.892527754271083
15219,14,6.787,2.626,20.8,7.211,3282,1890,33.69,3.343,22.999194628116182,8.699016319010417,3.3657900182291667,9.242464516927084,4.284781428385417,5.411423919108519
15220,2,2.257,1.128,0.0,2.236,3303,1886,153.435,1.0,3.285599232588026,2.892836279947917,1.4457772812499998,2.865920213541667,1.2817174479166666,2.0453259898153786
15221,1,1.128,1.128,0.0,1.414,3319,1886,135.0,1.0,1.642799616294013,1.4457772812499998,1.4457772812499998,1.8123484713541664,1.2817174479166666,1.4462638771355416
15222,10,4.859,2.621,53.845,5.657,3326,1890,45.0,3.479,16.42799616294013,6.227865079427083,3.359381430989583,7.250675602864583,4.459095001302083,4.573487949374228
15223,1,1.128,1.128,0.0,1.414,578,1887,135.0,1.0,1.642799616294013,1.4457772812499998,1.4457772812499998,1.8123484713541664,1.2817174479166666,1.4462638771355416
15224,1,1.128,1.128,0.0,1.414,605,1887,135.0,1.0,1.642799616294013,1.4457772812499998,1.4457772812499998,1.8123484713541664,1.2817174479166666,1.4462638771355416
15225,3,2.365,1.615,45.0,2.828,607,1889,45.0,2.0,4.928398848882039,3.0312617643229167,2.069973678385417,3.624696942708333,2.5634348958333333,2.5050025163503102
15226,2,2.257,1.128,90.0,2.236,681,1887,116.565,1.0,3.285599232588026,2.892836279947917,1.4457772812499998,2.865920213541667,1.2817174479166666,2.0453259898153786
15227,1,1.128,1.128,0.0,1.414,724,1887,135.0,1.0,1.642799616294013,1.4457772812499998,1.4457772812499998,1.8123484713541664,1.2817174479166666,1.4462638771355416
15228,1,1.128,1.128,0.0,1.414,2885,1887,135.0,1.0,1.642799616294013,1.4457772812499998,1.4457772812499998,1.8123484713541664,1.2817174479166666,1.4462638771355416
15229,6,4.594,1.663,160.67,5.0,3116,1887,143.13,2.214,9.856797697764078,5.888209955729167,2.1314961158854167,6.408587239583333,2.8377224296875,3.5426085324013394
15230,6,4.339,1.761,144.751,5.0,3146,1887,143.13,2.683,9.856797697764078,5.5613720065104175,2.25710442578125,6.408587239583333,3.4388479127604166,3.5426085324013394
15231,2,2.257,1.128,0.0,2.236,3196,1887,153.435,1.0,3.285599232588026,2.892836279947917,1.4457772812499998,2.865920213541667,1.2817174479166666,2.0453259898153786
15232,2,2.257,1.128,0.0,2.236,3227,1887,153.435,1.0,3.285599232588026,2.892836279947917,1.4457772812499998,2.865920213541667,1.2817174479166666,2.0453259898153786
15233,6,2.93,2.607,63.435,3.606,3232,1887,123.69,3.0,9.856797697764078,3.7554321223958333,3.3414373867187503,4.6218731171875,3.8451523437499997,3.5426085324013394
15234,4,3.216,1.583,31.717,3.606,3246,1889,33.69,2.0,6.571198465176052,4.1220033125,2.028958720052083,4.6218731171875,2.5634348958333333,2.892527754271083
15235,1,1.128,1.128,0.0,1.414,3324,1887,135.0,1.0,1.642799616294013,1.4457772812499998,1.4457772812499998,1.8123484713541664,1.2817174479166666,1.4462638771355416
15236,7,3.507,2.542,149.527,4.243,3344,1887,135.0,3.0,11.499597314058091,4.49498308984375,3.2581257526041663,5.438327131510417,3.8451523437499997,3.826454549076717
15237,1,1.128,1.128,0.0,1.414,3365,1887,135.0,1.0,1.642799616294013,1.4457772812499998,1.4457772812499998,1.8123484713541664,1.2817174479166666,1.4462638771355416
15238,6,3.718,2.055,143.13,4.243,3387,1887,135.0,2.683,9.856797697764078,4.765425471354167,2.63392935546875,5.438327131510417,3.4388479127604166,3.5426085324013394
15239,1,1.128,1.128,0.0,1.414,3391,1887,135.0,1.0,1.642799616294013,1.4457772812499998,1.4457772812499998,1.8123484713541664,1.2817174479166666,1.4462638771355416
15240,7,3.36,2.653,162.231,4.243,3416,1887,135.0,3.0,11.499597314058091,4.306570625,3.4003963893229168,5.438327131510417,3.8451523437499997,3.826454549076717
15241,5,3.144,2.025,71.565,3.606,3467,1890,56.31,2.0,8.213998081470065,4.02971965625,2.59547783203125,4.6218731171875,2.5634348958333333,3.2339443426774745
15242,72,12.704,7.216,103.063,15.811,3661,1887,108.435,9.123,118.28157237316894,16.282938458333334,9.248873104166666,20.265234569010417,11.693108277343748,12.27195593889227
15243,2,2.596,0.981,135.0,2.828,363,1888,135.0,1.414,3.285599232588026,3.327338494791667,1.2573648164062499,3.624696942708333,1.8123484713541664,2.0453259898153786
15244,1,1.128,1.128,0.0,1.414,493,1888,135.0,1.0,1.642799616294013,1.4457772812499998,1.4457772812499998,1.8123484713541664,1.2817174479166666,1.4462638771355416
15245,49,10.478,5.954,81.416,14.318,578,1902,77.905,9.866,80.49718119840664,13.429835419270832,7.631345684895833,18.351630419270833,12.645424341145832,10.12384713994879
15246,45,9.648,5.939,20.636,11.662,610,1895,30.964,7.0,73.92598273323058,12.3660099375,7.612119923177083,14.947388877604167,8.972022135416667,9.701833028032423
15247,9,4.136,2.771,61.845,5.0,701,1892,36.87,3.578,14.785196546646118,5.301183364583333,3.551639048177083,6.408587239583333,4.585985028645833,4.338791631406624
15248,1,1.128,1.128,0.0,1.414,978,1888,135.0,1.0,1.642799616294013,1.4457772812499998,1.4457772812499998,1.8123484713541664,1.2817174479166666,1.4462638771355416
15249,34,8.131,5.324,96.185,10.0,3261,1888,126.87,7.0,55.855186953996444,10.421644569010416,6.823863692708333,12.817174479166667,8.972022135416667,8.433095094829797
15250,3,2.365,1.615,45.0,2.828,3272,1890,45.0,2.0,4.928398848882039,3.0312617643229167,2.069973678385417,3.624696942708333,2.5634348958333333,2.5050025163503102
15251,35,9.445,4.718,100.544,13.153,3333,1888,98.746,6.0,57.49798657029046,12.105821295572916,6.047142919270833,16.858429592447916,7.690304687499999,8.556212484548844
15252,2,2.257,1.128,90.0,2.236,3369,1888,116.565,1.0,3.285599232588026,2.892836279947917,1.4457772812499998,2.865920213541667,1.2817174479166666,2.0453259898153786
15253,1,1.128,1.128,0.0,1.414,3437,1888,135.0,1.0,1.642799616294013,1.4457772812499998,1.4457772812499998,1.8123484713541664,1.2817174479166666,1.4462638771355416
15254,188,20.494,11.68,157.652,26.249,3745,1895,162.255,16.621,308.84632786327444,26.267517377604165,14.970459791666666,33.64380129036458,21.303425701822913,19.83017120535625
15255,2,2.257,1.128,90.0,2.236,3761,1888,116.565,1.0,3.285599232588026,2.892836279947917,1.4457772812499998,2.865920213541667,1.2817174479166666,2.0453259898153786
15256,2,2.257,1.128,0.0,2.236,571,1889,153.435,1.0,3.285599232588026,2.892836279947917,1.4457772812499998,2.865920213541667,1.2817174479166666,2.0453259898153786
15257,19,6.544,3.697,65.908,8.602,589,1897,54.462,5.425,31.21319270958625,8.387558979166666,4.738509404947917,11.025333486979166,6.953317154947916,6.304118086127151
15258,19,8.115,2.981,63.796,9.849,638,1898,66.038,4.427,31.21319270958625,10.40113708984375,3.820799712239583,12.62363514453125,5.674163141927083,6.304118086127151
15259,2,2.257,1.128,90.0,2.236,2916,1889,116.565,1.0,3.285599232588026,2.892836279947917,1.4457772812499998,2.865920213541667,1.2817174479166666,2.0453259898153786
15260,1,1.128,1.128,0.0,1.414,3088,1889,135.0,1.0,1.642799616294013,1.4457772812499998,1.4457772812499998,1.8123484713541664,1.2817174479166666,1.4462638771355416
15261,1,1.128,1.128,0.0,1.414,3195,1889,135.0,1.0,1.642799616294013,1.4457772812499998,1.4457772812499998,1.8123484713541664,1.2817174479166666,1.4462638771355416
15262,5,4.409,1.444,139.265,5.0,3212,1889,143.13,2.121,8.213998081470065,5.6510922278645825,1.8507999947916665,6.408587239583333,2.71852270703125,3.2339443426774745
15263,7,3.885,2.294,148.823,5.0,3302,1889,143.13,3.0,11.499597314058091,4.97947228515625,2.940259825520833,6.408587239583333,3.8451523437499997,3.826454549076717
15264,2,2.257,1.128,0.0,2.236,3323,1889,153.435,1.0,3.285599232588026,2.892836279947917,1.4457772812499998,2.865920213541667,1.2817174479166666,2.0453259898153786
15265,1,1.128,1.128,0.0,1.414,3362,1889,135.0,1.0,1.642799616294013,1.4457772812499998,1.4457772812499998,1.8123484713541664,1.2817174479166666,1.4462638771355416
15266,2,2.257,1.128,90.0,2.236,3397,1889,116.565,1.0,3.285599232588026,2.892836279947917,1.4457772812499998,2.865920213541667,1.2817174479166666,2.0453259898153786
15267,5,3.144,2.025,108.435,3.606,3452,1889,123.69,2.0,8.213998081470065,4.02971965625,2.59547783203125,4.6218731171875,2.5634348958333333,3.2339443426774745
15268,5,3.144,2.025,161.565,3.606,635,1890,146.31,2.0,8.213998081470065,4.02971965625,2.59547783203125,4.6218731171875,2.5634348958333333,3.2339443426774745
15269,14,5.411,3.294,104.923,6.325,712,1890,108.435,4.0,22.999194628116182,6.935373110677083,4.2219772734375,8.106862858072917,5.126869791666667,5.411423919108519
15270,4,2.257,2.257,0.0,2.828,3017,1890,135.0,2.0,6.571198465176052,2.892836279947917,2.892836279947917,3.624696942708333,2.5634348958333333,2.892527754271083
15271,2,2.596,0.981,45.0,2.828,3200,1892,45.0,1.414,3.285599232588026,3.327338494791667,1.2573648164062499,3.624696942708333,1.8123484713541664,2.0453259898153786
15272,82,13.711,7.614,156.239,19.698,3224,1890,113.962,14.2,134.70956853610906,17.573627928385417,9.758996648437499,25.2472702890625,18.200387760416664,13.096476418838181
15273,7,4.154,2.146,98.35,4.472,3256,1890,116.565,2.0,11.499597314058091,5.324254278645833,2.7505656432291663,5.731840427083334,2.5634348958333333,3.826454549076717
15274,13,5.089,3.252,127.613,5.831,3284,1890,120.964,4.0,21.35639501182217,6.522660092447917,4.168145140625,7.473694438802084,5.126869791666667,5.214578566863546
15275,4,3.192,1.596,108.435,3.606,3378,1890,123.69,2.0,6.571198465176052,4.09124209375,2.045621046875,4.6218731171875,2.5634348958333333,2.892527754271083
15276,6,4.134,1.848,102.933,4.472,3448,1890,116.565,2.0,9.856797697764078,5.298619929687501,2.36861384375,5.731840427083334,2.5634348958333333,3.5426085324013394
15277,40,8.829,5.769,159.81,11.18,3766,1891,153.435,8.0,65.71198465176052,11.31628334765625,7.39422795703125,14.329601067708333,10.253739583333333,9.146975898748456
15278,1,1.128,1.128,0.0,1.414,494,1891,135.0,1.0,1.642799616294013,1.4457772812499998,1.4457772812499998,1.8123484713541664,1.2817174479166666,1.4462638771355416
15279,4,3.216,1.583,121.717,3.606,525,1891,123.69,2.0,6.571198465176052,4.1220033125,2.028958720052083,4.6218731171875,2.5634348958333333,2.892527754271083
15280,12,4.728,3.232,99.026,5.831,554,1891,120.964,4.0,19.713595395528156,6.05996009375,4.142510791666667,7.473694438802084,5.126869791666667,5.0100050327006205
15281,38,12.797,3.781,148.989,14.422,559,1891,146.31,5.316,62.4263854191725,16.402138180989585,4.846173670572917,18.48492903385417,6.813609953125,8.915369296202536
15282,2,2.257,1.128,0.0,2.236,564,1891,153.435,1.0,3.285599232588026,2.892836279947917,1.4457772812499998,2.865920213541667,1.2817174479166666,2.0453259898153786
15283,1,1.128,1.128,0.0,1.414,912,1891,135.0,1.0,1.642799616294013,1.4457772812499998,1.4457772812499998,1.8123484713541664,1.2817174479166666,1.4462638771355416
15284,1,1.128,1.128,0.0,1.414,941,1891,135.0,1.0,1.642799616294013,1.4457772812499998,1.4457772812499998,1.8123484713541664,1.2817174479166666,1.4462638771355416
15285,3,2.365,1.615,135.0,2.828,3652,1891,135.0,2.0,4.928398848882039,3.0312617643229167,2.069973678385417,3.624696942708333,2.5634348958333333,2.5050025163503102
15286,2,2.257,1.128,0.0,2.236,3790,1891,153.435,1.0,3.285599232588026,2.892836279947917,1.4457772812499998,2.865920213541667,1.2817174479166666,2.0453259898153786
15287,1,1.128,1.128,0.0,1.414,533,1892,135.0,1.0,1.642799616294013,1.4457772812499998,1.4457772812499998,1.8123484713541664,1.2817174479166666,1.4462638771355416
15288,7,4.35,2.049,87.957,4.472,650,1892,116.565,2.0,11.499597314058091,5.5754708984375,2.62623905078125,5.731840427083334,2.5634348958333333,3.826454549076717
15289,4,2.257,2.257,0.0,2.828,666,1892,135.0,2.0,6.571198465176052,2.892836279947917,2.892836279947917,3.624696942708333,2.5634348958333333,2.892527754271083
15290,7,4.35,2.049,92.043,4.472,690,1892,116.565,2.0,11.499597314058091,5.5754708984375,2.62623905078125,5.731840427083334,2.5634348958333333,3.826454549076717
15291,5,4.076,1.562,20.994,4.472,762,1894,26.565,2.0,8.213998081470065,5.224280317708333,2.0020426536458333,5.731840427083334,2.5634348958333333,3.2339443426774745
15292,8,4.974,2.048,54.002,5.831,801,1897,59.036,3.051,13.142396930352104,6.3752625859375005,2.624957333333333,7.473694438802084,3.91051993359375,4.090651979630757
15293,1,1.128,1.128,0.0,1.414,1111,1892,135.0,1.0,1.642799616294013,1.4457772812499998,1.4457772812499998,1.8123484713541664,1.2817174479166666,1.4462638771355416
15294,1,1.128,1.128,0.0,1.414,2951,1892,135.0,1.0,1.642799616294013,1.4457772812499998,1.4457772812499998,1.8123484713541664,1.2817174479166666,1.4462638771355416
15295,2,2.257,1.128,90.0,2.236,3246,1892,116.565,1.0,3.285599232588026,2.892836279947917,1.4457772812499998,2.865920213541667,1.2817174479166666,2.0453259898153786
15296,4,3.192,1.596,18.435,3.606,3359,1894,33.69,2.0,6.571198465176052,4.09124209375,2.045621046875,4.6218731171875,2.5634348958333333,2.892527754271083
15297,4,3.216,1.583,148.283,3.606,3400,1892,146.31,2.0,6.571198465176052,4.1220033125,2.028958720052083,4.6218731171875,2.5634348958333333,2.892527754271083
15298,73,16.217,5.731,65.686,17.889,3424,1908,63.435,8.497,119.92437198946295,20.78561185286458,7.345522694010416,22.92864342578125,10.890753154947916,12.35688398296352
15299,1,1.128,1.128,0.0,1.414,540,1893,135.0,1.0,1.642799616294013,1.4457772812499998,1.4457772812499998,1.8123484713541664,1.2817174479166666,1.4462638771355416
15300,52,12.06,5.49,91.709,16.279,545,1893,100.62,9.0,85.42558004728868,15.457512421875,7.0366287890625,20.865078334635417,11.535457031249999,10.429157133727092
15301,6,3.385,2.257,90.0,3.606,980,1893,123.69,2.0,9.856797697764078,4.338613561197916,2.892836279947917,4.6218731171875,2.5634348958333333,3.5426085324013394
15302,1,1.128,1.128,0.0,1.414,2876,1893,135.0,1.0,1.642799616294013,1.4457772812499998,1.4457772812499998,1.8123484713541664,1.2817174479166666,1.4462638771355416
15303,6,4.387,1.742,147.757,5.0,2947,1893,143.13,2.496,9.856797697764078,5.622894444010416,2.2327517942708335,6.408587239583333,3.19916675,3.5426085324013394
15304,1,1.128,1.128,0.0,1.414,3083,1893,135.0,1.0,1.642799616294013,1.4457772812499998,1.4457772812499998,1.8123484713541664,1.2817174479166666,1.4462638771355416
15305,1,1.128,1.128,0.0,1.414,3115,1893,135.0,1.0,1.642799616294013,1.4457772812499998,1.4457772812499998,1.8123484713541664,1.2817174479166666,1.4462638771355416
15306,3,2.365,1.615,135.0,2.828,3200,1893,135.0,2.0,4.928398848882039,3.0312617643229167,2.069973678385417,3.624696942708333,2.5634348958333333,2.5050025163503102
15307,2,2.257,1.128,90.0,2.236,3307,1893,116.565,1.0,3.285599232588026,2.892836279947917,1.4457772812499998,2.865920213541667,1.2817174479166666,2.0453259898153786
15308,3,2.365,1.615,45.0,2.828,3347,1895,45.0,2.0,4.928398848882039,3.0312617643229167,2.069973678385417,3.624696942708333,2.5634348958333333,2.5050025163503102
15309,1,1.128,1.128,0.0,1.414,355,1894,135.0,1.0,1.642799616294013,1.4457772812499998,1.4457772812499998,1.8123484713541664,1.2817174479166666,1.4462638771355416
15310,46,11.714,5.0,160.283,14.765,528,1895,151.699,7.589,75.5687823495246,15.014038184895833,6.408587239583333,18.924558118489582,9.726953712239583,9.809038857407382
15311,1,1.128,1.128,0.0,1.414,585,1894,135.0,1.0,1.642799616294013,1.4457772812499998,1.4457772812499998,1.8123484713541664,1.2817174479166666,1.4462638771355416
15312,4,2.734,1.863,0.0,3.162,625,1895,161.565,2.0,6.571198465176052,3.5042155026041666,2.38783960546875,4.0527905703125,2.5634348958333333,2.892527754271083
15313,17,6.36,3.403,163.806,7.211,656,1894,146.31,4.0,27.927593476998222,8.15172296875,4.361684475260416,9.242464516927084,5.126869791666667,5.963098727945161
15314,7,3.772,2.363,135.0,4.243,1827,1894,135.0,2.828,11.499597314058091,4.834638213541666,3.0286983294270833,5.438327131510417,3.624696942708333,3.826454549076717
15315,5,3.144,2.025,161.565,3.606,3172,1894,146.31,2.0,8.213998081470065,4.02971965625,2.59547783203125,4.6218731171875,2.5634348958333333,3.2339443426774745
15316,41,10.153,5.141,151.702,12.53,3293,1894,151.39,6.791,67.35478426805453,13.013277248697918,6.589309399739583,16.05991962239583,8.704143188802083,9.26060728541019
15317,27,9.239,3.721,24.671,10.296,3305,1901,29.055,4.828,44.35558963993835,11.841787501302084,4.769270623697917,13.19656284375,6.188131838541667,7.515007549050931
15318,46,12.135,4.826,156.137,14.422,3344,1894,146.31,6.685,75.5687823495246,15.553641230468749,6.185568403645833,18.48492903385417,8.568281139322917,9.809038857407382
15319,1,1.128,1.128,0.0,1.414,3395,1894,135.0,1.0,1.642799616294013,1.4457772812499998,1.4457772812499998,1.8123484713541664,1.2817174479166666,1.4462638771355416
15320,1,1.128,1.128,0.0,1.414,3677,1894,135.0,1.0,1.642799616294013,1.4457772812499998,1.4457772812499998,1.8123484713541664,1.2817174479166666,1.4462638771355416
15321,1,1.128,1.128,0.0,1.414,667,1895,135.0,1.0,1.642799616294013,1.4457772812499998,1.4457772812499998,1.8123484713541664,1.2817174479166666,1.4462638771355416
15322,3,3.385,1.128,90.0,3.162,772,1895,108.435,1.0,4.928398848882039,4.338613561197916,1.4457772812499998,4.0527905703125,1.2817174479166666,2.5050025163503102
15323,4,2.257,2.257,0.0,2.828,3251,1895,135.0,2.0,6.571198465176052,2.892836279947917,2.892836279947917,3.624696942708333,2.5634348958333333,2.892527754271083
15324,34,8.477,5.107,76.961,10.05,3289,1895,95.711,6.0,55.855186953996444,10.865118805989583,6.545731006510417,12.881260351562501,7.690304687499999,8.433095094829797
15325,2,2.257,1.128,0.0,2.236,3360,1895,153.435,1.0,3.285599232588026,2.892836279947917,1.4457772812499998,2.865920213541667,1.2817174479166666,2.0453259898153786
15326,2,2.257,1.128,0.0,2.236,3397,1895,153.435,1.0,3.285599232588026,2.892836279947917,1.4457772812499998,2.865920213541667,1.2817174479166666,2.0453259898153786
15327,1,1.128,1.128,0.0,1.414,3458,1895,135.0,1.0,1.642799616294013,1.4457772812499998,1.4457772812499998,1.8123484713541664,1.2817174479166666,1.4462638771355416
15328,1,1.128,1.128,0.0,1.414,3460,1895,135.0,1.0,1.642799616294013,1.4457772812499998,1.4457772812499998,1.8123484713541664,1.2817174479166666,1.4462638771355416
15329,3,2.365,1.615,135.0,2.828,3656,1895,135.0,2.0,4.928398848882039,3.0312617643229167,2.069973678385417,3.624696942708333,2.5634348958333333,2.5050025163503102
15330,323,23.654,17.386,88.894,40.311,3667,1932,66.615,26.149,530.6242760629663,30.317744513020834,22.283939549479165,51.667312042968746,33.515629545572914,25.992544745468894
15331,1,1.128,1.128,0.0,1.414,3696,1895,135.0,1.0,1.642799616294013,1.4457772812499998,1.4457772812499998,1.8123484713541664,1.2817174479166666,1.4462638771355416
15332,8,4.667,2.183,88.866,5.385,698,1896,111.801,3.0,13.142396930352104,5.981775329427083,2.797989188802083,6.90204845703125,3.8451523437499997,4.090651979630757
15333,1,1.128,1.128,0.0,1.414,774,1896,135.0,1.0,1.642799616294013,1.4457772812499998,1.4457772812499998,1.8123484713541664,1.2817174479166666,1.4462638771355416
15334,22,6.482,4.321,148.565,7.616,775,1898,156.801,5.814,36.141591558468285,8.308092497395833,5.538301092447917,9.761560083333332,7.4519052421875,6.78357888217988
15335,2,2.257,1.128,90.0,2.236,2939,1896,116.565,1.0,3.285599232588026,2.892836279947917,1.4457772812499998,2.865920213541667,1.2817174479166666,2.0453259898153786
15336,4,2.257,2.257,0.0,2.828,3128,1896,135.0,2.0,6.571198465176052,2.892836279947917,2.892836279947917,3.624696942708333,2.5634348958333333,2.892527754271083
15337,11,4.288,3.266,35.008,5.0,3242,1900,36.87,4.0,18.070795779234142,5.496004416666667,4.186089184895834,6.408587239583333,5.126869791666667,4.796714628303253
15338,3,2.365,1.615,45.0,2.828,3400,1898,45.0,2.0,4.928398848882039,3.0312617643229167,2.069973678385417,3.624696942708333,2.5634348958333333,2.5050025163503102
15339,1,1.128,1.128,0.0,1.414,3449,1896,135.0,1.0,1.642799616294013,1.4457772812499998,1.4457772812499998,1.8123484713541664,1.2817174479166666,1.4462638771355416
15340,73,11.245,8.266,174.893,13.416,3459,1903,26.565,9.701,119.92437198946295,14.412912701822915,10.594676424479166,17.19552128125,12.433940962239584,12.35688398296352
15341,1,1.128,1.128,0.0,1.414,3651,1896,135.0,1.0,1.642799616294013,1.4457772812499998,1.4457772812499998,1.8123484713541664,1.2817174479166666,1.4462638771355416
15342,13,5.714,2.897,19.613,7.28,610,1899,15.945,3.881,21.35639501182217,7.323733497395834,3.713135446614583,9.330903020833334,4.974345415364583,5.214578566863546
15343,1,1.128,1.128,0.0,1.414,648,1897,135.0,1.0,1.642799616294013,1.4457772812499998,1.4457772812499998,1.8123484713541664,1.2817174479166666,1.4462638771355416
15344,1,1.128,1.128,0.0,1.414,665,1897,135.0,1.0,1.642799616294013,1.4457772812499998,1.4457772812499998,1.8123484713541664,1.2817174479166666,1.4462638771355416
15345,5,3.145,2.025,49.065,4.243,673,1900,45.0,2.828,8.213998081470065,4.031001373697917,2.59547783203125,5.438327131510417,3.624696942708333,3.2339443426774745
15346,3,2.365,1.615,135.0,2.828,744,1897,135.0,2.0,4.928398848882039,3.0312617643229167,2.069973678385417,3.624696942708333,2.5634348958333333,2.5050025163503102
15347,1,1.128,1.128,0.0,1.414,784,1897,135.0,1.0,1.642799616294013,1.4457772812499998,1.4457772812499998,1.8123484713541664,1.2817174479166666,1.4462638771355416
15348,2,2.257,1.128,90.0,2.236,3077,1897,116.565,1.0,3.285599232588026,2.892836279947917,1.4457772812499998,2.865920213541667,1.2817174479166666,2.0453259898153786
15349,4,3.192,1.596,108.435,3.606,3146,1897,123.69,2.0,6.571198465176052,4.09124209375,2.045621046875,4.6218731171875,2.5634348958333333,2.892527754271083
15350,1,1.128,1.128,0.0,1.414,3458,1897,135.0,1.0,1.642799616294013,1.4457772812499998,1.4457772812499998,1.8123484713541664,1.2817174479166666,1.4462638771355416
15351,1,1.128,1.128,0.0,1.414,3827,1897,135.0,1.0,1.642799616294013,1.4457772812499998,1.4457772812499998,1.8123484713541664,1.2817174479166666,1.4462638771355416
15352,1,1.128,1.128,0.0,1.414,529,1898,135.0,1.0,1.642799616294013,1.4457772812499998,1.4457772812499998,1.8123484713541664,1.2817174479166666,1.4462638771355416
15353,11,7.604,1.842,112.791,8.944,550,1898,116.565,3.13,18.070795779234142,9.746179473958334,2.3609235390625,11.463680854166668,4.011775611979166,4.796714628303253
15354,10,4.075,3.124,53.677,5.0,557,1901,36.87,3.578,16.42799616294013,5.222998600260417,4.004085307291667,6.408587239583333,4.585985028645833,4.573487949374228
15355,1,1.128,1.128,0.0,1.414,562,1898,135.0,1.0,1.642799616294013,1.4457772812499998,1.4457772812499998,1.8123484713541664,1.2817174479166666,1.4462638771355416
15356,1,1.128,1.128,0.0,1.414,738,1898,135.0,1.0,1.642799616294013,1.4457772812499998,1.4457772812499998,1.8123484713541664,1.2817174479166666,1.4462638771355416
15357,6,4.134,1.848,167.067,4.472,794,1898,153.435,2.0,9.856797697764078,5.298619929687501,2.36861384375,5.731840427083334,2.5634348958333333,3.5426085324013394
15358,1,1.128,1.128,0.0,1.414,3053,1898,135.0,1.0,1.642799616294013,1.4457772812499998,1.4457772812499998,1.8123484713541664,1.2817174479166666,1.4462638771355416
15359,1,1.128,1.128,0.0,1.414,3285,1898,135.0,1.0,1.642799616294013,1.4457772812499998,1.4457772812499998,1.8123484713541664,1.2817174479166666,1.4462638771355416
15360,18,5.882,3.896,63.435,7.211,3340,1904,56.31,4.95,29.570393093292235,7.539062028645833,4.993571177083333,9.242464516927084,6.3445013671875,6.135977969446135
15361,1,1.128,1.128,0.0,1.414,3357,1898,135.0,1.0,1.642799616294013,1.4457772812499998,1.4457772812499998,1.8123484713541664,1.2817174479166666,1.4462638771355416
15362,22,7.803,3.59,101.377,8.544,3395,1898,110.556,4.0,36.141591558468285,10.00124124609375,4.601365638020833,10.950993875,5.126869791666667,6.78357888217988
15363,1,1.128,1.128,0.0,1.414,3403,1898,135.0,1.0,1.642799616294013,1.4457772812499998,1.4457772812499998,1.8123484713541664,1.2817174479166666,1.4462638771355416
15364,31,7.001,5.638,58.62,8.602,3445,1905,54.462,6.0,50.926788105114404,8.973303852864584,7.226322971354167,11.025333486979166,7.690304687499999,8.052456474363645
15365,1,1.128,1.128,0.0,1.414,3640,1898,135.0,1.0,1.642799616294013,1.4457772812499998,1.4457772812499998,1.8123484713541664,1.2817174479166666,1.4462638771355416
15366,55,9.848,7.111,1.996,14.56,3640,1903,15.945,10.0,90.35397889617072,12.622353427083334,9.114292772135416,18.66180604166667,12.817174479166667,10.72577997755371
15367,2,2.257,1.128,90.0,2.236,3775,1898,116.565,1.0,3.285599232588026,2.892836279947917,1.4457772812499998,2.865920213541667,1.2817174479166666,2.0453259898153786
15368,1,1.128,1.128,0.0,1.414,7,1899,135.0,1.0,1.642799616294013,1.4457772812499998,1.4457772812499998,1.8123484713541664,1.2817174479166666,1.4462638771355416
15369,1,1.128,1.128,0.0,1.414,636,1899,135.0,1.0,1.642799616294013,1.4457772812499998,1.4457772812499998,1.8123484713541664,1.2817174479166666,1.4462638771355416
15370,1,1.128,1.128,0.0,1.414,660,1899,135.0,1.0,1.642799616294013,1.4457772812499998,1.4457772812499998,1.8123484713541664,1.2817174479166666,1.4462638771355416
15371,1,1.128,1.128,0.0,1.414,799,1899,135.0,1.0,1.642799616294013,1.4457772812499998,1.4457772812499998,1.8123484713541664,1.2817174479166666,1.4462638771355416
15372,1,1.128,1.128,0.0,1.414,2781,1899,135.0,1.0,1.642799616294013,1.4457772812499998,1.4457772812499998,1.8123484713541664,1.2817174479166666,1.4462638771355416
15373,2,2.257,1.128,0.0,2.236,3080,1899,153.435,1.0,3.285599232588026,2.892836279947917,1.4457772812499998,2.865920213541667,1.2817174479166666,2.0453259898153786
15374,1,1.128,1.128,0.0,1.414,3392,1899,135.0,1.0,1.642799616294013,1.4457772812499998,1.4457772812499998,1.8123484713541664,1.2817174479166666,1.4462638771355416
15375,4,3.216,1.583,121.717,3.606,3432,1899,123.69,2.0,6.571198465176052,4.1220033125,2.028958720052083,4.6218731171875,2.5634348958333333,2.892527754271083
15376,54,10.731,6.407,104.362,13.0,3697,1899,112.62,8.0,88.7111792798767,13.75410993359375,8.211963688802083,16.662326822916665,10.253739583333333,10.62782559720402
15377,32,10.574,3.853,161.454,12.083,525,1900,155.556,5.749,52.56958772140842,13.552880294270834,4.938457326822917,15.486991923177083,7.368593608072916,8.181303959261514
15378,1,1.128,1.128,0.0,1.414,633,1900,135.0,1.0,1.642799616294013,1.4457772812499998,1.4457772812499998,1.8123484713541664,1.2817174479166666,1.4462638771355416
15379,50,9.991,6.372,78.498,12.649,663,1912,71.565,8.31,82.13998081470065,12.805639022135416,8.167103578125,16.212443998697914,10.6510719921875,10.226629949076893
15380,7,3.885,2.294,121.177,5.0,669,1900,126.87,3.0,11.499597314058091,4.97947228515625,2.940259825520833,6.408587239583333,3.8451523437499997,3.826454549076717
15381,1,1.128,1.128,0.0,1.414,707,1900,135.0,1.0,1.642799616294013,1.4457772812499998,1.4457772812499998,1.8123484713541664,1.2817174479166666,1.4462638771355416
15382,1,1.128,1.128,0.0,1.414,867,1900,135.0,1.0,1.642799616294013,1.4457772812499998,1.4457772812499998,1.8123484713541664,1.2817174479166666,1.4462638771355416
15383,1,1.128,1.128,0.0,1.414,3133,1900,135.0,1.0,1.642799616294013,1.4457772812499998,1.4457772812499998,1.8123484713541664,1.2817174479166666,1.4462638771355416
15384,1,1.128,1.128,0.0,1.414,3203,1900,135.0,1.0,1.642799616294013,1.4457772812499998,1.4457772812499998,1.8123484713541664,1.2817174479166666,1.4462638771355416
15385,10,4.513,2.821,180.0,5.0,3258,1900,143.13,3.0,16.42799616294013,5.784390842447916,3.6157249205729167,6.408587239583333,3.8451523437499997,4.573487949374228
15386,29,8.655,4.266,46.552,11.314,3276,1908,45.0,6.656,47.64118887252638,11.093264511718749,5.4678066328125,14.501351205729167,8.531111333333333,7.788369332980218
15387,2,2.257,1.128,90.0,2.236,3361,1900,116.565,1.0,3.285599232588026,2.892836279947917,1.4457772812499998,2.865920213541667,1.2817174479166666,2.0453259898153786
15388,1,1.128,1.128,0.0,1.414,3494,1900,135.0,1.0,1.642799616294013,1.4457772812499998,1.4457772812499998,1.8123484713541664,1.2817174479166666,1.4462638771355416
15389,64,14.92,5.462,110.62,17.0,573,1901,118.072,7.906,105.13917544281684,19.123224322916666,7.000740700520833,21.789196614583332,10.133258143229167,11.570111017084333
15390,19,6.035,4.009,97.137,7.616,599,1901,113.199,5.0,31.21319270958625,7.735164798177084,5.138405248697917,9.761560083333332,6.408587239583333,6.304118086127151
15391,2,2.257,1.128,0.0,2.236,603,1901,153.435,1.0,3.285599232588026,2.892836279947917,1.4457772812499998,2.865920213541667,1.2817174479166666,2.0453259898153786
15392,1,1.128,1.128,0.0,1.414,631,1901,135.0,1.0,1.642799616294013,1.4457772812499998,1.4457772812499998,1.8123484713541664,1.2817174479166666,1.4462638771355416
15393,50,10.76,5.917,109.276,13.601,640,1901,107.103,7.761,82.13998081470065,13.791279739583333,7.583922139322916,17.432639009114585,9.94740911328125,10.226629949076893
15394,1,1.128,1.128,0.0,1.414,651,1901,135.0,1.0,1.642799616294013,1.4457772812499998,1.4457772812499998,1.8123484713541664,1.2817174479166666,1.4462638771355416
15395,3,3.385,1.128,90.0,3.162,701,1901,108.435,1.0,4.928398848882039,4.338613561197916,1.4457772812499998,4.0527905703125,1.2817174479166666,2.5050025163503102
15396,2,2.257,1.128,90.0,2.236,727,1901,116.565,1.0,3.285599232588026,2.892836279947917,1.4457772812499998,2.865920213541667,1.2817174479166666,2.0453259898153786
15397,1,1.128,1.128,0.0,1.414,853,1901,135.0,1.0,1.642799616294013,1.4457772812499998,1.4457772812499998,1.8123484713541664,1.2817174479166666,1.4462638771355416
15398,1,1.128,1.128,0.0,1.414,1013,1901,135.0,1.0,1.642799616294013,1.4457772812499998,1.4457772812499998,1.8123484713541664,1.2817174479166666,1.4462638771355416
15399,1,1.128,1.128,0.0,1.414,2778,1901,135.0,1.0,1.642799616294013,1.4457772812499998,1.4457772812499998,1.8123484713541664,1.2817174479166666,1.4462638771355416
15400,2,2.257,1.128,90.0,2.236,3015,1901,116.565,1.0,3.285599232588026,2.892836279947917,1.4457772812499998,2.865920213541667,1.2817174479166666,2.0453259898153786
15401,1,1.128,1.128,0.0,1.414,3115,1901,135.0,1.0,1.642799616294013,1.4457772812499998,1.4457772812499998,1.8123484713541664,1.2817174479166666,1.4462638771355416
15402,1,1.128,1.128,0.0,1.414,3149,1901,135.0,1.0,1.642799616294013,1.4457772812499998,1.4457772812499998,1.8123484713541664,1.2817174479166666,1.4462638771355416
15403,1,1.128,1.128,0.0,1.414,3217,1901,135.0,1.0,1.642799616294013,1.4457772812499998,1.4457772812499998,1.8123484713541664,1.2817174479166666,1.4462638771355416
15404,1,1.128,1.128,0.0,1.414,625,1902,135.0,1.0,1.642799616294013,1.4457772812499998,1.4457772812499998,1.8123484713541664,1.2817174479166666,1.4462638771355416
15405,5,3.144,2.025,18.435,3.606,627,1904,33.69,2.0,8.213998081470065,4.02971965625,2.59547783203125,4.6218731171875,2.5634348958333333,3.2339443426774745
15406,8,4.514,2.257,90.0,4.472,764,1902,116.565,2.0,13.142396930352104,5.785672559895834,2.892836279947917,5.731840427083334,2.5634348958333333,4.090651979630757
15407,11,5.326,2.63,94.731,5.385,850,1902,111.801,3.0,18.070795779234142,6.826427127604166,3.370916888020833,6.90204845703125,3.8451523437499997,4.796714628303253
15408,1,1.128,1.128,0.0,1.414,3047,1902,135.0,1.0,1.642799616294013,1.4457772812499998,1.4457772812499998,1.8123484713541664,1.2817174479166666,1.4462638771355416
15409,8,3.538,2.879,135.0,4.243,3125,1902,135.0,3.0,13.142396930352104,4.534716330729166,3.6900645325520833,5.438327131510417,3.8451523437499997,4.090651979630757
15410,2,2.257,1.128,90.0,2.236,3235,1902,116.565,1.0,3.285599232588026,2.892836279947917,1.4457772812499998,2.865920213541667,1.2817174479166666,2.0453259898153786
15411,1,1.128,1.128,0.0,1.414,3295,1902,135.0,1.0,1.642799616294013,1.4457772812499998,1.4457772812499998,1.8123484713541664,1.2817174479166666,1.4462638771355416
15412,1,1.128,1.128,0.0,1.414,3331,1902,135.0,1.0,1.642799616294013,1.4457772812499998,1.4457772812499998,1.8123484713541664,1.2817174479166666,1.4462638771355416
15413,3,2.365,1.615,135.0,2.828,3336,1902,135.0,2.0,4.928398848882039,3.0312617643229167,2.069973678385417,3.624696942708333,2.5634348958333333,2.5050025163503102
15414,5,3.144,2.025,161.565,3.606,3494,1902,146.31,2.0,8.213998081470065,4.02971965625,2.59547783203125,4.6218731171875,2.5634348958333333,3.2339443426774745
15415,1,1.128,1.128,0.0,1.414,558,1903,135.0,1.0,1.642799616294013,1.4457772812499998,1.4457772812499998,1.8123484713541664,1.2817174479166666,1.4462638771355416
15416,2,2.257,1.128,90.0,2.236,853,1903,116.565,1.0,3.285599232588026,2.892836279947917,1.4457772812499998,2.865920213541667,1.2817174479166666,2.0453259898153786
15417,1,1.128,1.128,0.0,1.414,3013,1903,135.0,1.0,1.642799616294013,1.4457772812499998,1.4457772812499998,1.8123484713541664,1.2817174479166666,1.4462638771355416
15418,2,2.257,1.128,0.0,2.236,3134,1903,153.435,1.0,3.285599232588026,2.892836279947917,1.4457772812499998,2.865920213541667,1.2817174479166666,2.0453259898153786
15419,1,1.128,1.128,0.0,1.414,3154,1903,135.0,1.0,1.642799616294013,1.4457772812499998,1.4457772812499998,1.8123484713541664,1.2817174479166666,1.4462638771355416
15420,6,3.385,2.257,90.0,3.606,3172,1903,123.69,2.0,9.856797697764078,4.338613561197916,2.892836279947917,4.6218731171875,2.5634348958333333,3.5426085324013394
15421,1,1.128,1.128,0.0,1.414,3201,1903,135.0,1.0,1.642799616294013,1.4457772812499998,1.4457772812499998,1.8123484713541664,1.2817174479166666,1.4462638771355416
15422,2,2.257,1.128,0.0,2.236,3250,1903,153.435,1.0,3.285599232588026,2.892836279947917,1.4457772812499998,2.865920213541667,1.2817174479166666,2.0453259898153786
15423,3,2.365,1.615,135.0,2.828,3372,1903,135.0,2.0,4.928398848882039,3.0312617643229167,2.069973678385417,3.624696942708333,2.5634348958333333,2.5050025163503102
15424,1,1.128,1.128,0.0,1.414,3406,1903,135.0,1.0,1.642799616294013,1.4457772812499998,1.4457772812499998,1.8123484713541664,1.2817174479166666,1.4462638771355416
15425,1,1.128,1.128,0.0,1.414,3411,1903,135.0,1.0,1.642799616294013,1.4457772812499998,1.4457772812499998,1.8123484713541664,1.2817174479166666,1.4462638771355416
15426,2,2.257,1.128,0.0,2.236,3665,1903,153.435,1.0,3.285599232588026,2.892836279947917,1.4457772812499998,2.865920213541667,1.2817174479166666,2.0453259898153786
15427,1,1.128,1.128,0.0,1.414,3839,1903,135.0,1.0,1.642799616294013,1.4457772812499998,1.4457772812499998,1.8123484713541664,1.2817174479166666,1.4462638771355416
15428,1,1.128,1.128,0.0,1.414,617,1904,135.0,1.0,1.642799616294013,1.4457772812499998,1.4457772812499998,1.8123484713541664,1.2817174479166666,1.4462638771355416
15429,11,4.414,3.173,137.432,5.657,812,1904,135.0,4.0,18.070795779234142,5.657500815104166,4.066889462239583,7.250675602864583,5.126869791666667,4.796714628303253
15430,15,6.043,3.161,153.479,7.211,882,1904,146.31,4.472,24.641994244410196,7.7454185377604166,4.0515088528645835,9.242464516927084,5.731840427083334,5.601355910367322
15431,1,1.128,1.128,0.0,1.414,2902,1904,135.0,1.0,1.642799616294013,1.4457772812499998,1.4457772812499998,1.8123484713541664,1.2817174479166666,1.4462638771355416
15432,3,2.365,1.615,45.0,2.828,2930,1906,45.0,2.0,4.928398848882039,3.0312617643229167,2.069973678385417,3.624696942708333,2.5634348958333333,2.5050025163503102
15433,6,4.024,1.899,96.264,4.472,3093,1904,116.565,2.0,9.856797697764078,5.157631010416667,2.43398143359375,5.731840427083334,2.5634348958333333,3.5426085324013394
15434,3,3.385,1.128,0.0,3.162,3149,1904,161.565,1.0,4.928398848882039,4.338613561197916,1.4457772812499998,4.0527905703125,1.2817174479166666,2.5050025163503102
15435,2,2.596,0.981,45.0,2.828,3216,1906,45.0,1.414,3.285599232588026,3.327338494791667,1.2573648164062499,3.624696942708333,1.8123484713541664,2.0453259898153786
15436,3,2.365,1.615,135.0,2.828,3224,1904,135.0,2.0,4.928398848882039,3.0312617643229167,2.069973678385417,3.624696942708333,2.5634348958333333,2.5050025163503102
15437,4,2.257,2.257,0.0,2.828,3318,1904,135.0,2.0,6.571198465176052,2.892836279947917,2.892836279947917,3.624696942708333,2.5634348958333333,2.892527754271083
15438,7,3.086,2.888,90.0,3.606,3368,1904,123.69,3.0,11.499597314058091,3.955380044270833,3.701599989583333,4.6218731171875,3.8451523437499997,3.826454549076717
15439,3,2.365,1.615,135.0,2.828,3668,1904,135.0,2.0,4.928398848882039,3.0312617643229167,2.069973678385417,3.624696942708333,2.5634348958333333,2.5050025163503102
15440,18,6.371,3.597,31.529,7.211,3773,1909,33.69,4.715,29.570393093292235,8.165821860677084,4.61033766015625,9.242464516927084,6.043297766927083,6.135977969446135
15441,2,2.257,1.128,0.0,2.236,670,1905,153.435,1.0,3.285599232588026,2.892836279947917,1.4457772812499998,2.865920213541667,1.2817174479166666,2.0453259898153786
15442,6,3.385,2.257,90.0,3.606,954,1905,123.69,2.0,9.856797697764078,4.338613561197916,2.892836279947917,4.6218731171875,2.5634348958333333,3.5426085324013394
15443,2,2.257,1.128,0.0,2.236,1066,1905,153.435,1.0,3.285599232588026,2.892836279947917,1.4457772812499998,2.865920213541667,1.2817174479166666,2.0453259898153786
15444,1,1.128,1.128,0.0,1.414,2923,1905,135.0,1.0,1.642799616294013,1.4457772812499998,1.4457772812499998,1.8123484713541664,1.2817174479166666,1.4462638771355416
15445,1,1.128,1.128,0.0,1.414,3390,1905,135.0,1.0,1.642799616294013,1.4457772812499998,1.4457772812499998,1.8123484713541664,1.2817174479166666,1.4462638771355416
15446,285,20.371,17.813,134.111,32.202,522,1906,115.769,26.574,468.1978906437937,26.109866131510415,22.831232899739582,41.273865257812496,34.0603594609375,24.415744360095427
15447,3,3.969,0.963,45.0,4.243,543,1909,45.0,1.414,4.928398848882039,5.08713655078125,1.23429390234375,5.438327131510417,1.8123484713541664,2.5050025163503102
15448,3,2.365,1.615,45.0,2.828,556,1908,45.0,2.0,4.928398848882039,3.0312617643229167,2.069973678385417,3.624696942708333,2.5634348958333333,2.5050025163503102
15449,8,3.538,2.879,135.0,4.243,581,1906,135.0,3.0,13.142396930352104,4.534716330729166,3.6900645325520833,5.438327131510417,3.8451523437499997,4.090651979630757
15450,15,4.519,4.226,71.565,5.657,614,1906,135.0,4.0,24.641994244410196,5.792081147135416,5.416537934895834,7.250675602864583,5.126869791666667,5.601355910367322
15451,9,4.722,2.427,114.183,5.385,625,1906,111.801,3.0,14.785196546646118,6.052269789062501,3.11072824609375,6.90204845703125,3.8451523437499997,4.338791631406624
15452,16,9.195,2.215,122.517,10.296,716,1906,119.055,4.025,26.28479386070421,11.78539193359375,2.8390041471354164,13.19656284375,5.158912727864584,5.785055508542166
15453,4,2.257,2.257,0.0,2.828,3088,1906,135.0,2.0,6.571198465176052,2.892836279947917,2.892836279947917,3.624696942708333,2.5634348958333333,2.892527754271083
15454,1,1.128,1.128,0.0,1.414,3145,1906,135.0,1.0,1.642799616294013,1.4457772812499998,1.4457772812499998,1.8123484713541664,1.2817174479166666,1.4462638771355416
15455,27,8.151,4.217,152.841,10.817,3193,1906,146.31,6.45,44.35558963993835,10.447278917968749,5.405002477864583,13.864337634114584,8.2670775390625,7.515007549050931
15456,22,5.75,4.872,33.941,8.062,3286,1911,29.745,6.261,36.141591558468285,7.369875325520833,6.24452740625,10.333206065104166,8.02483294140625,6.78357888217988
15457,4,3.192,1.596,90.0,4.123,3298,1906,104.036,2.0,6.571198465176052,4.09124209375,2.045621046875,5.284521037760417,2.5634348958333333,2.892527754271083
15458,1,1.128,1.128,0.0,1.414,3357,1906,135.0,1.0,1.642799616294013,1.4457772812499998,1.4457772812499998,1.8123484713541664,1.2817174479166666,1.4462638771355416
15459,1,1.128,1.128,0.0,1.414,3477,1906,135.0,1.0,1.642799616294013,1.4457772812499998,1.4457772812499998,1.8123484713541664,1.2817174479166666,1.4462638771355416
15460,1,1.128,1.128,0.0,1.414,3481,1906,135.0,1.0,1.642799616294013,1.4457772812499998,1.4457772812499998,1.8123484713541664,1.2817174479166666,1.4462638771355416
15461,29,8.483,4.353,10.301,11.18,3654,1911,26.565,7.442,47.64118887252638,10.872809110677084,5.57931605078125,14.329601067708333,9.538541247395834,7.788369332980218
15462,2,2.257,1.128,0.0,2.236,629,1907,153.435,1.0,3.285599232588026,2.892836279947917,1.4457772812499998,2.865920213541667,1.2817174479166666,2.0453259898153786
15463,1,1.128,1.128,0.0,1.414,632,1907,135.0,1.0,1.642799616294013,1.4457772812499998,1.4457772812499998,1.8123484713541664,1.2817174479166666,1.4462638771355416
15464,3,2.365,1.615,45.0,2.828,751,1909,45.0,2.0,4.928398848882039,3.0312617643229167,2.069973678385417,3.624696942708333,2.5634348958333333,2.5050025163503102
15465,3,2.365,1.615,45.0,2.828,861,1909,45.0,2.0,4.928398848882039,3.0312617643229167,2.069973678385417,3.624696942708333,2.5634348958333333,2.5050025163503102
15466,6,3.489,2.19,45.0,4.243,2963,1910,45.0,2.828,9.856797697764078,4.47191217578125,2.8069612109374997,5.438327131510417,3.624696942708333,3.5426085324013394
15467,1,1.128,1.128,0.0,1.414,3165,1907,135.0,1.0,1.642799616294013,1.4457772812499998,1.4457772812499998,1.8123484713541664,1.2817174479166666,1.4462638771355416
15468,2,2.257,1.128,90.0,2.236,3235,1907,116.565,1.0,3.285599232588026,2.892836279947917,1.4457772812499998,2.865920213541667,1.2817174479166666,2.0453259898153786
15469,1,1.128,1.128,0.0,1.414,3341,1907,135.0,1.0,1.642799616294013,1.4457772812499998,1.4457772812499998,1.8123484713541664,1.2817174479166666,1.4462638771355416
15470,2,2.257,1.128,0.0,2.236,3372,1907,153.435,1.0,3.285599232588026,2.892836279947917,1.4457772812499998,2.865920213541667,1.2817174479166666,2.0453259898153786
15471,22,7.938,3.529,162.709,8.544,3722,1908,159.444,4.472,36.141591558468285,10.1742731015625,4.523180873697917,10.950993875,5.731840427083334,6.78357888217988
15472,2,2.257,1.128,0.0,2.236,3748,1907,153.435,1.0,3.285599232588026,2.892836279947917,1.4457772812499998,2.865920213541667,1.2817174479166666,2.0453259898153786
15473,41,12.837,4.067,134.737,16.643,699,1908,122.735,7.308,67.35478426805453,16.45340687890625,5.212744860677083,21.331623485677085,9.366791109374999,9.26060728541019
15474,18,6.552,3.498,121.15,8.485,848,1908,135.0,4.472,29.570393093292235,8.39781271875,4.4834476328125,10.875372545572915,5.731840427083334,6.135977969446135
15475,2,2.596,0.981,45.0,2.828,990,1910,45.0,1.414,3.285599232588026,3.327338494791667,1.2573648164062499,3.624696942708333,1.8123484713541664,2.0453259898153786
15476,3,2.365,1.615,45.0,2.828,1002,1910,45.0,2.0,4.928398848882039,3.0312617643229167,2.069973678385417,3.624696942708333,2.5634348958333333,2.5050025163503102
15477,1,1.128,1.128,0.0,1.414,2707,1908,135.0,1.0,1.642799616294013,1.4457772812499998,1.4457772812499998,1.8123484713541664,1.2817174479166666,1.4462638771355416
15478,3,3.385,1.128,90.0,3.162,2921,1908,108.435,1.0,4.928398848882039,4.338613561197916,1.4457772812499998,4.0527905703125,1.2817174479166666,2.5050025163503102
15479,1,1.128,1.128,0.0,1.414,3033,1908,135.0,1.0,1.642799616294013,1.4457772812499998,1.4457772812499998,1.8123484713541664,1.2817174479166666,1.4462638771355416
15480,1,1.128,1.128,0.0,1.414,3071,1908,135.0,1.0,1.642799616294013,1.4457772812499998,1.4457772812499998,1.8123484713541664,1.2817174479166666,1.4462638771355416
15481,2,2.257,1.128,90.0,2.236,3179,1908,116.565,1.0,3.285599232588026,2.892836279947917,1.4457772812499998,2.865920213541667,1.2817174479166666,2.0453259898153786
15482,2,2.596,0.981,45.0,2.828,3254,1910,45.0,1.414,3.285599232588026,3.327338494791667,1.2573648164062499,3.624696942708333,1.8123484713541664,2.0453259898153786
15483,1,1.128,1.128,0.0,1.414,3380,1908,135.0,1.0,1.642799616294013,1.4457772812499998,1.4457772812499998,1.8123484713541664,1.2817174479166666,1.4462638771355416
15484,1,1.128,1.128,0.0,1.414,3443,1908,135.0,1.0,1.642799616294013,1.4457772812499998,1.4457772812499998,1.8123484713541664,1.2817174479166666,1.4462638771355416
15485,10,4.049,3.144,63.435,5.0,3713,1912,53.13,3.0,16.42799616294013,5.189673946614584,4.02971965625,6.408587239583333,3.8451523437499997,4.573487949374228
15486,2,2.257,1.128,90.0,2.236,3792,1908,116.565,1.0,3.285599232588026,2.892836279947917,1.4457772812499998,2.865920213541667,1.2817174479166666,2.0453259898153786
15487,2,2.257,1.128,90.0,2.236,3839,1908,116.565,1.0,3.285599232588026,2.892836279947917,1.4457772812499998,2.865920213541667,1.2817174479166666,2.0453259898153786
15488,6,3.479,2.196,65.817,4.472,563,1913,63.435,2.846,9.856797697764078,4.459095001302083,2.814651515625,5.731840427083334,3.6477678567708334,3.5426085324013394
15489,2,2.257,1.128,90.0,2.236,587,1909,116.565,1.0,3.285599232588026,2.892836279947917,1.4457772812499998,2.865920213541667,1.2817174479166666,2.0453259898153786
15490,9,4.2,2.729,29.518,5.0,778,1912,36.87,3.0,14.785196546646118,5.38321328125,3.4978069153645834,6.408587239583333,3.8451523437499997,4.338791631406624
15491,2,2.257,1.128,0.0,2.236,2976,1909,153.435,1.0,3.285599232588026,2.892836279947917,1.4457772812499998,2.865920213541667,1.2817174479166666,2.0453259898153786
15492,6,3.853,1.983,84.69,4.472,3087,1913,63.435,2.0,9.856797697764078,4.938457326822917,2.54164569921875,5.731840427083334,2.5634348958333333,3.5426085324013394
15493,2,2.257,1.128,90.0,2.236,3127,1909,116.565,1.0,3.285599232588026,2.892836279947917,1.4457772812499998,2.865920213541667,1.2817174479166666,2.0453259898153786
15494,1,1.128,1.128,0.0,1.414,3136,1909,135.0,1.0,1.642799616294013,1.4457772812499998,1.4457772812499998,1.8123484713541664,1.2817174479166666,1.4462638771355416
15495,6,3.14,2.433,135.0,3.606,3182,1909,123.69,2.828,9.856797697764078,4.024592786458333,3.1184185507812496,4.6218731171875,3.624696942708333,3.5426085324013394
15496,1,1.128,1.128,0.0,1.414,3301,1909,135.0,1.0,1.642799616294013,1.4457772812499998,1.4457772812499998,1.8123484713541664,1.2817174479166666,1.4462638771355416
15497,1,1.128,1.128,0.0,1.414,3383,1909,135.0,1.0,1.642799616294013,1.4457772812499998,1.4457772812499998,1.8123484713541664,1.2817174479166666,1.4462638771355416
15498,7,3.644,2.446,112.5,4.472,413,1910,116.565,3.0,11.499597314058091,4.670578380208333,3.135080877604167,5.731840427083334,3.8451523437499997,3.826454549076717
15499,2,2.596,0.981,135.0,2.828,463,1910,135.0,1.414,3.285599232588026,3.327338494791667,1.2573648164062499,3.624696942708333,1.8123484713541664,2.0453259898153786
15500,2,2.257,1.128,90.0,2.236,539,1910,116.565,1.0,3.285599232588026,2.892836279947917,1.4457772812499998,2.865920213541667,1.2817174479166666,2.0453259898153786
15501,1,1.128,1.128,0.0,1.414,546,1910,135.0,1.0,1.642799616294013,1.4457772812499998,1.4457772812499998,1.8123484713541664,1.2817174479166666,1.4462638771355416
15502,3,3.385,1.128,90.0,3.162,771,1910,108.435,1.0,4.928398848882039,4.338613561197916,1.4457772812499998,4.0527905703125,1.2817174479166666,2.5050025163503102
15503,2,2.257,1.128,90.0,2.236,783,1910,116.565,1.0,3.285599232588026,2.892836279947917,1.4457772812499998,2.865920213541667,1.2817174479166666,2.0453259898153786
15504,10,5.147,2.474,30.57,6.403,857,1914,38.66,3.883,16.42799616294013,6.596999704427083,3.1709689661458333,8.206836819010416,4.976908850260417,4.573487949374228
15505,3,2.365,1.615,135.0,2.828,866,1910,135.0,2.0,4.928398848882039,3.0312617643229167,2.069973678385417,3.624696942708333,2.5634348958333333,2.5050025163503102
15506,1,1.128,1.128,0.0,1.414,1617,1910,135.0,1.0,1.642799616294013,1.4457772812499998,1.4457772812499998,1.8123484713541664,1.2817174479166666,1.4462638771355416
15507,10,4.158,3.062,140.194,5.0,3216,1910,126.87,3.883,16.42799616294013,5.3293811484375,3.924618825520833,6.408587239583333,4.976908850260417,4.573487949374228
15508,15,4.516,4.229,167.886,5.831,3259,1911,149.036,4.0,24.641994244410196,5.788235994791666,5.420383087239584,7.473694438802084,5.126869791666667,5.601355910367322
15509,4,2.734,1.863,90.0,3.162,3293,1910,108.435,2.0,6.571198465176052,3.5042155026041666,2.38783960546875,4.0527905703125,2.5634348958333333,2.892527754271083
15510,8,4.514,2.257,90.0,4.472,3328,1910,116.565,2.0,13.142396930352104,5.785672559895834,2.892836279947917,5.731840427083334,2.5634348958333333,4.090651979630757
15511,7,4.154,2.146,98.35,4.472,3338,1910,116.565,2.0,11.499597314058091,5.324254278645833,2.7505656432291663,5.731840427083334,2.5634348958333333,3.826454549076717
15512,1,1.128,1.128,0.0,1.414,3357,1910,135.0,1.0,1.642799616294013,1.4457772812499998,1.4457772812499998,1.8123484713541664,1.2817174479166666,1.4462638771355416
15513,23,6.713,4.362,93.348,7.211,3360,1910,123.69,4.0,37.7843911747623,8.604169227864583,5.5908515078125,9.242464516927084,5.126869791666667,6.936037892995103
15514,1,1.128,1.128,0.0,1.414,3365,1910,135.0,1.0,1.642799616294013,1.4457772812499998,1.4457772812499998,1.8123484713541664,1.2817174479166666,1.4462638771355416
15515,12,4.865,3.14,75.473,5.657,3438,1915,45.0,4.0,19.713595395528156,6.235555384114583,4.024592786458333,7.250675602864583,5.126869791666667,5.0100050327006205
15516,3,2.365,1.615,45.0,2.828,3508,1912,45.0,2.0,4.928398848882039,3.0312617643229167,2.069973678385417,3.624696942708333,2.5634348958333333,2.5050025163503102
15517,15,5.541,3.447,175.429,7.071,3663,1913,171.87,4.0,24.641994244410196,7.10199637890625,4.41808004296875,9.063024074218749,5.126869791666667,5.601355910367322
15518,2,2.257,1.128,90.0,2.236,3817,1910,116.565,1.0,3.285599232588026,2.892836279947917,1.4457772812499998,2.865920213541667,1.2817174479166666,2.0453259898153786
15519,1,1.128,1.128,0.0,1.414,478,1911,135.0,1.0,1.642799616294013,1.4457772812499998,1.4457772812499998,1.8123484713541664,1.2817174479166666,1.4462638771355416
15520,21,5.973,4.477,115.047,7.616,553,1918,66.801,5.0,34.49879194217427,7.65569831640625,5.738249014322917,9.761560083333332,6.408587239583333,6.627613691853932
15521,18,5.89,3.891,44.444,7.211,582,1916,33.69,4.919,29.570393093292235,7.5493157682291665,4.9871625898437495,9.242464516927084,6.304768126302083,6.135977969446135
15522,1,1.128,1.128,0.0,1.414,614,1911,135.0,1.0,1.642799616294013,1.4457772812499998,1.4457772812499998,1.8123484713541664,1.2817174479166666,1.4462638771355416
15523,1,1.128,1.128,0.0,1.414,631,1911,135.0,1.0,1.642799616294013,1.4457772812499998,1.4457772812499998,1.8123484713541664,1.2817174479166666,1.4462638771355416
15524,4,2.734,1.863,90.0,3.162,676,1911,108.435,2.0,6.571198465176052,3.5042155026041666,2.38783960546875,4.0527905703125,2.5634348958333333,2.892527754271083
15525,1,1.128,1.128,0.0,1.414,1001,1911,135.0,1.0,1.642799616294013,1.4457772812499998,1.4457772812499998,1.8123484713541664,1.2817174479166666,1.4462638771355416
15526,1,1.128,1.128,0.0,1.414,3003,1911,135.0,1.0,1.642799616294013,1.4457772812499998,1.4457772812499998,1.8123484713541664,1.2817174479166666,1.4462638771355416
15527,2,2.257,1.128,0.0,2.236,3040,1911,153.435,1.0,3.285599232588026,2.892836279947917,1.4457772812499998,2.865920213541667,1.2817174479166666,2.0453259898153786
15528,1,1.128,1.128,0.0,1.414,3084,1911,135.0,1.0,1.642799616294013,1.4457772812499998,1.4457772812499998,1.8123484713541664,1.2817174479166666,1.4462638771355416
15529,1,1.128,1.128,0.0,1.414,3146,1911,135.0,1.0,1.642799616294013,1.4457772812499998,1.4457772812499998,1.8123484713541664,1.2817174479166666,1.4462638771355416
15530,2,2.257,1.128,0.0,2.236,3156,1911,153.435,1.0,3.285599232588026,2.892836279947917,1.4457772812499998,2.865920213541667,1.2817174479166666,2.0453259898153786
15531,10,4.875,2.612,83.158,5.385,3380,1916,68.199,3.0,16.42799616294013,6.24837255859375,3.3478459739583335,6.90204845703125,3.8451523437499997,4.573487949374228
15532,1,1.128,1.128,0.0,1.414,3479,1911,135.0,1.0,1.642799616294013,1.4457772812499998,1.4457772812499998,1.8123484713541664,1.2817174479166666,1.4462638771355416
15533,1,1.128,1.128,0.0,1.414,3749,1911,135.0,1.0,1.642799616294013,1.4457772812499998,1.4457772812499998,1.8123484713541664,1.2817174479166666,1.4462638771355416
15534,1,1.128,1.128,0.0,1.414,537,1912,135.0,1.0,1.642799616294013,1.4457772812499998,1.4457772812499998,1.8123484713541664,1.2817174479166666,1.4462638771355416
15535,21,6.066,4.408,121.75,8.944,603,1912,116.565,6.0,34.49879194217427,7.774898039062499,5.649810510416667,11.463680854166668,7.690304687499999,6.627613691853932
15536,8,3.538,2.879,45.0,4.243,609,1915,45.0,3.0,13.142396930352104,4.534716330729166,3.6900645325520833,5.438327131510417,3.8451523437499997,4.090651979630757
15537,2,2.257,1.128,90.0,2.236,647,1912,116.565,1.0,3.285599232588026,2.892836279947917,1.4457772812499998,2.865920213541667,1.2817174479166666,2.0453259898153786
15538,20,6.951,3.663,179.748,8.544,650,1917,20.556,5.0,32.85599232588026,8.90921798046875,4.69493101171875,10.950993875,6.408587239583333,6.467888685354949
15539,2,2.257,1.128,0.0,2.236,704,1912,153.435,1.0,3.285599232588026,2.892836279947917,1.4457772812499998,2.865920213541667,1.2817174479166666,2.0453259898153786
15540,5,3.144,2.025,108.435,3.606,790,1912,123.69,2.0,8.213998081470065,4.02971965625,2.59547783203125,4.6218731171875,2.5634348958333333,3.2339443426774745
15541,3,2.365,1.615,135.0,2.828,2896,1912,135.0,2.0,4.928398848882039,3.0312617643229167,2.069973678385417,3.624696942708333,2.5634348958333333,2.5050025163503102
15542,5,3.144,2.025,161.565,3.606,2973,1912,146.31,2.0,8.213998081470065,4.02971965625,2.59547783203125,4.6218731171875,2.5634348958333333,3.2339443426774745
15543,5,3.144,2.025,161.565,3.606,3272,1912,146.31,2.0,8.213998081470065,4.02971965625,2.59547783203125,4.6218731171875,2.5634348958333333,3.2339443426774745
15544,14,6.554,2.72,31.01,7.211,3368,1916,33.69,3.883,22.999194628116182,8.400376153645833,3.4862714583333334,9.242464516927084,4.976908850260417,5.411423919108519
15545,1,1.128,1.128,0.0,1.414,3434,1912,135.0,1.0,1.642799616294013,1.4457772812499998,1.4457772812499998,1.8123484713541664,1.2817174479166666,1.4462638771355416
15546,38,9.811,4.931,132.269,12.042,3700,1913,131.634,7.071,62.4263854191725,12.574929881510416,6.320148735677083,15.4344415078125,9.063024074218749,8.915369296202536
15547,1,1.128,1.128,0.0,1.414,516,1913,135.0,1.0,1.642799616294013,1.4457772812499998,1.4457772812499998,1.8123484713541664,1.2817174479166666,1.4462638771355416
15548,5,3.144,2.025,108.435,3.606,615,1913,123.69,2.0,8.213998081470065,4.02971965625,2.59547783203125,4.6218731171875,2.5634348958333333,3.2339443426774745
15549,1,1.128,1.128,0.0,1.414,2947,1913,135.0,1.0,1.642799616294013,1.4457772812499998,1.4457772812499998,1.8123484713541664,1.2817174479166666,1.4462638771355416
15550,2,2.257,1.128,0.0,2.236,3194,1913,153.435,1.0,3.285599232588026,2.892836279947917,1.4457772812499998,2.865920213541667,1.2817174479166666,2.0453259898153786
15551,15,7.45,2.564,29.58,8.062,3203,1917,29.745,3.578,24.641994244410196,9.548794986979166,3.286323536458333,10.333206065104166,4.585985028645833,5.601355910367322
15552,86,11.144,9.825,89.538,17.692,3224,1926,47.291,13.974,141.2807670012851,14.283459239583333,12.592873925781248,22.676145088541666,17.9107196171875,13.412099440371483
15553,2,2.257,1.128,90.0,2.236,3366,1913,116.565,1.0,3.285599232588026,2.892836279947917,1.4457772812499998,2.865920213541667,1.2817174479166666,2.0453259898153786
15554,3,2.365,1.615,135.0,2.828,3407,1913,135.0,2.0,4.928398848882039,3.0312617643229167,2.069973678385417,3.624696942708333,2.5634348958333333,2.5050025163503102
15555,1,1.128,1.128,0.0,1.414,3412,1913,135.0,1.0,1.642799616294013,1.4457772812499998,1.4457772812499998,1.8123484713541664,1.2817174479166666,1.4462638771355416
15556,4,3.332,1.529,153.435,4.472,559,1914,153.435,2.53,6.571198465176052,4.270682536458333,1.9597459778645832,5.731840427083334,3.2427451432291665,2.892527754271083
15557,2,2.257,1.128,90.0,2.236,571,1914,116.565,1.0,3.285599232588026,2.892836279947917,1.4457772812499998,2.865920213541667,1.2817174479166666,2.0453259898153786
15558,1,1.128,1.128,0.0,1.414,594,1914,135.0,1.0,1.642799616294013,1.4457772812499998,1.4457772812499998,1.8123484713541664,1.2817174479166666,1.4462638771355416
15559,10,4.444,2.865,63.435,5.0,744,1918,53.13,3.0,16.42799616294013,5.695952338541667,3.67212048828125,6.408587239583333,3.8451523437499997,4.573487949374228
15560,3,3.385,1.128,90.0,3.162,3108,1914,108.435,1.0,4.928398848882039,4.338613561197916,1.4457772812499998,4.0527905703125,1.2817174479166666,2.5050025163503102
15561,2,2.257,1.128,90.0,2.236,3111,1914,116.565,1.0,3.285599232588026,2.892836279947917,1.4457772812499998,2.865920213541667,1.2817174479166666,2.0453259898153786
15562,3,3.385,1.128,90.0,3.162,3188,1914,108.435,1.0,4.928398848882039,4.338613561197916,1.4457772812499998,4.0527905703125,1.2817174479166666,2.5050025163503102
15563,1,1.128,1.128,0.0,1.414,3247,1914,135.0,1.0,1.642799616294013,1.4457772812499998,1.4457772812499998,1.8123484713541664,1.2817174479166666,1.4462638771355416
15564,19,7.894,3.065,126.301,9.434,3277,1914,122.005,4.243,31.21319270958625,10.117877533854166,3.9284639778645833,12.091722403645832,5.438327131510417,6.304118086127151
15565,2,2.596,0.981,135.0,2.828,3331,1914,135.0,1.414,3.285599232588026,3.327338494791667,1.2573648164062499,3.624696942708333,1.8123484713541664,2.0453259898153786
15566,142,17.184,10.521,94.078,24.187,3342,1938,82.875,14.677,233.27754551374986,22.025032625,13.484949269531251,31.000899912760417,18.811766983072914,17.23422312515456
15567,4,2.257,2.257,0.0,2.828,3426,1914,135.0,2.0,6.571198465176052,2.892836279947917,2.892836279947917,3.624696942708333,2.5634348958333333,2.892527754271083
15568,5,3.144,2.025,161.565,3.606,567,1915,146.31,2.0,8.213998081470065,4.02971965625,2.59547783203125,4.6218731171875,2.5634348958333333,3.2339443426774745
15569,1,1.128,1.128,0.0,1.414,623,1915,135.0,1.0,1.642799616294013,1.4457772812499998,1.4457772812499998,1.8123484713541664,1.2817174479166666,1.4462638771355416
15570,2,2.257,1.128,0.0,2.236,634,1915,153.435,1.0,3.285599232588026,2.892836279947917,1.4457772812499998,2.865920213541667,1.2817174479166666,2.0453259898153786
15571,2,2.257,1.128,0.0,2.236,639,1915,153.435,1.0,3.285599232588026,2.892836279947917,1.4457772812499998,2.865920213541667,1.2817174479166666,2.0453259898153786
15572,1,1.128,1.128,0.0,1.414,678,1915,135.0,1.0,1.642799616294013,1.4457772812499998,1.4457772812499998,1.8123484713541664,1.2817174479166666,1.4462638771355416
15573,2,2.257,1.128,0.0,2.236,958,1915,153.435,1.0,3.285599232588026,2.892836279947917,1.4457772812499998,2.865920213541667,1.2817174479166666,2.0453259898153786
15574,2,2.596,0.981,135.0,2.828,1100,1915,135.0,1.414,3.285599232588026,3.327338494791667,1.2573648164062499,3.624696942708333,1.8123484713541664,2.0453259898153786
15575,2,2.257,1.128,90.0,2.236,1151,1915,116.565,1.0,3.285599232588026,2.892836279947917,1.4457772812499998,2.865920213541667,1.2817174479166666,2.0453259898153786
15576,2,2.596,0.981,45.0,2.828,1233,1917,45.0,1.414,3.285599232588026,3.327338494791667,1.2573648164062499,3.624696942708333,1.8123484713541664,2.0453259898153786
15577,1,1.128,1.128,0.0,1.414,3084,1915,135.0,1.0,1.642799616294013,1.4457772812499998,1.4457772812499998,1.8123484713541664,1.2817174479166666,1.4462638771355416
15578,1,1.128,1.128,0.0,1.414,3086,1915,135.0,1.0,1.642799616294013,1.4457772812499998,1.4457772812499998,1.8123484713541664,1.2817174479166666,1.4462638771355416
15579,2,2.257,1.128,90.0,2.236,3259,1915,116.565,1.0,3.285599232588026,2.892836279947917,1.4457772812499998,2.865920213541667,1.2817174479166666,2.0453259898153786
15580,9,4.196,2.731,173.953,4.472,3306,1916,153.435,3.0,14.785196546646118,5.378086411458333,3.5003703502604164,5.731840427083334,3.8451523437499997,4.338791631406624
15581,3,2.365,1.615,135.0,2.828,3434,1915,135.0,2.0,4.928398848882039,3.0312617643229167,2.069973678385417,3.624696942708333,2.5634348958333333,2.5050025163503102
15582,2,2.257,1.128,90.0,2.236,415,1916,116.565,1.0,3.285599232588026,2.892836279947917,1.4457772812499998,2.865920213541667,1.2817174479166666,2.0453259898153786
15583,162,21.543,9.575,40.247,26.077,551,1938,57.529,14.34,266.1335378396301,27.61203898046875,12.272444563802082,33.42334588932292,18.379828203125,18.407933908338407
15584,14,6.173,2.888,90.0,6.325,596,1916,108.435,3.0,22.999194628116182,7.912041805989583,3.701599989583333,8.106862858072917,3.8451523437499997,5.411423919108519
15585,1,1.128,1.128,0.0,1.414,1007,1916,135.0,1.0,1.642799616294013,1.4457772812499998,1.4457772812499998,1.8123484713541664,1.2817174479166666,1.4462638771355416
15586,3,2.365,1.615,45.0,2.828,2872,1918,45.0,2.0,4.928398848882039,3.0312617643229167,2.069973678385417,3.624696942708333,2.5634348958333333,2.5050025163503102
15587,1,1.128,1.128,0.0,1.414,3147,1916,135.0,1.0,1.642799616294013,1.4457772812499998,1.4457772812499998,1.8123484713541664,1.2817174479166666,1.4462638771355416
15588,17,6.237,3.47,174.889,8.062,3247,1916,150.255,5.376,27.927593476998222,7.99407172265625,4.447559544270834,10.333206065104166,6.890513,5.963098727945161
15589,2,2.257,1.128,90.0,2.236,3255,1916,116.565,1.0,3.285599232588026,2.892836279947917,1.4457772812499998,2.865920213541667,1.2817174479166666,2.0453259898153786
15590,1,1.128,1.128,0.0,1.414,3397,1916,135.0,1.0,1.642799616294013,1.4457772812499998,1.4457772812499998,1.8123484713541664,1.2817174479166666,1.4462638771355416
15591,2,2.257,1.128,90.0,2.236,3399,1916,116.565,1.0,3.285599232588026,2.892836279947917,1.4457772812499998,2.865920213541667,1.2817174479166666,2.0453259898153786
15592,2,2.257,1.128,90.0,2.236,3409,1916,116.565,1.0,3.285599232588026,2.892836279947917,1.4457772812499998,2.865920213541667,1.2817174479166666,2.0453259898153786
15593,2,2.257,1.128,0.0,2.236,3792,1916,153.435,1.0,3.285599232588026,2.892836279947917,1.4457772812499998,2.865920213541667,1.2817174479166666,2.0453259898153786
15594,1,1.128,1.128,0.0,1.414,3797,1916,135.0,1.0,1.642799616294013,1.4457772812499998,1.4457772812499998,1.8123484713541664,1.2817174479166666,1.4462638771355416
15595,72,11.556,7.933,159.72,13.416,576,1920,153.435,10.6,118.28157237316894,14.811526828124999,10.167864514322916,17.19552128125,13.586204947916666,12.27195593889227
15596,3,2.365,1.615,135.0,2.828,636,1917,135.0,2.0,4.928398848882039,3.0312617643229167,2.069973678385417,3.624696942708333,2.5634348958333333,2.5050025163503102
15597,1,1.128,1.128,0.0,1.414,724,1917,135.0,1.0,1.642799616294013,1.4457772812499998,1.4457772812499998,1.8123484713541664,1.2817174479166666,1.4462638771355416
15598,5,3.144,2.025,108.435,3.606,772,1917,123.69,2.0,8.213998081470065,4.02971965625,2.59547783203125,4.6218731171875,2.5634348958333333,3.2339443426774745
15599,1,1.128,1.128,0.0,1.414,1036,1917,135.0,1.0,1.642799616294013,1.4457772812499998,1.4457772812499998,1.8123484713541664,1.2817174479166666,1.4462638771355416
15600,1,1.128,1.128,0.0,1.414,1149,1917,135.0,1.0,1.642799616294013,1.4457772812499998,1.4457772812499998,1.8123484713541664,1.2817174479166666,1.4462638771355416
15601,1,1.128,1.128,0.0,1.414,2953,1917,135.0,1.0,1.642799616294013,1.4457772812499998,1.4457772812499998,1.8123484713541664,1.2817174479166666,1.4462638771355416
15602,1,1.128,1.128,0.0,1.414,3022,1917,135.0,1.0,1.642799616294013,1.4457772812499998,1.4457772812499998,1.8123484713541664,1.2817174479166666,1.4462638771355416
15603,1,1.128,1.128,0.0,1.414,3154,1917,135.0,1.0,1.642799616294013,1.4457772812499998,1.4457772812499998,1.8123484713541664,1.2817174479166666,1.4462638771355416
15604,2,2.257,1.128,0.0,2.236,3166,1917,153.435,1.0,3.285599232588026,2.892836279947917,1.4457772812499998,2.865920213541667,1.2817174479166666,2.0453259898153786
15605,6,4.594,1.663,160.67,5.0,3288,1917,143.13,2.214,9.856797697764078,5.888209955729167,2.1314961158854167,6.408587239583333,2.8377224296875,3.5426085324013394
15606,1,1.128,1.128,0.0,1.414,3293,1917,135.0,1.0,1.642799616294013,1.4457772812499998,1.4457772812499998,1.8123484713541664,1.2817174479166666,1.4462638771355416
15607,3,3.213,1.189,151.845,3.606,3363,1917,146.31,1.789,4.928398848882039,4.11815816015625,1.5239620455729168,4.6218731171875,2.2929925143229166,2.5050025163503102
15608,1,1.128,1.128,0.0,1.414,3371,1917,135.0,1.0,1.642799616294013,1.4457772812499998,1.4457772812499998,1.8123484713541664,1.2817174479166666,1.4462638771355416
15609,7,3.442,2.589,161.565,4.472,3412,1918,153.435,3.0,11.499597314058091,4.4116714557291665,3.31836647265625,5.731840427083334,3.8451523437499997,3.826454549076717
15610,1,1.128,1.128,0.0,1.414,3437,1917,135.0,1.0,1.642799616294013,1.4457772812499998,1.4457772812499998,1.8123484713541664,1.2817174479166666,1.4462638771355416
15611,1,1.128,1.128,0.0,1.414,3716,1917,135.0,1.0,1.642799616294013,1.4457772812499998,1.4457772812499998,1.8123484713541664,1.2817174479166666,1.4462638771355416
15612,2,2.257,1.128,0.0,2.236,614,1918,153.435,1.0,3.285599232588026,2.892836279947917,1.4457772812499998,2.865920213541667,1.2817174479166666,2.0453259898153786
15613,2,2.257,1.128,90.0,2.236,651,1918,116.565,1.0,3.285599232588026,2.892836279947917,1.4457772812499998,2.865920213541667,1.2817174479166666,2.0453259898153786
15614,17,7.526,2.876,141.632,8.485,730,1918,135.0,4.243,27.927593476998222,9.646205513020833,3.686219380208333,10.875372545572915,5.438327131510417,5.963098727945161
15615,2,2.257,1.128,90.0,2.236,787,1918,116.565,1.0,3.285599232588026,2.892836279947917,1.4457772812499998,2.865920213541667,1.2817174479166666,2.0453259898153786
15616,2,2.257,1.128,0.0,2.236,844,1918,153.435,1.0,3.285599232588026,2.892836279947917,1.4457772812499998,2.865920213541667,1.2817174479166666,2.0453259898153786
15617,8,3.657,2.785,36.505,5.0,3075,1922,53.13,3.795,13.142396930352104,4.68724070703125,3.5695830924479166,6.408587239583333,4.86411771484375,4.090651979630757
15618,3,2.365,1.615,45.0,2.828,3094,1920,45.0,2.0,4.928398848882039,3.0312617643229167,2.069973678385417,3.624696942708333,2.5634348958333333,2.5050025163503102
15619,6,3.718,2.055,0.0,4.123,3115,1919,165.964,2.0,9.856797697764078,4.765425471354167,2.63392935546875,5.284521037760417,2.5634348958333333,3.5426085324013394
15620,12,5.091,3.001,72.857,5.831,3137,1923,59.036,4.0,19.713595395528156,6.52522352734375,3.8464340611979164,7.473694438802084,5.126869791666667,5.0100050327006205
15621,32,9.377,4.345,20.544,10.0,3212,1924,36.87,5.376,52.56958772140842,12.018664509114585,5.569062311197916,12.817174479166667,6.890513,8.181303959261514
15622,1,1.128,1.128,0.0,1.414,3261,1918,135.0,1.0,1.642799616294013,1.4457772812499998,1.4457772812499998,1.8123484713541664,1.2817174479166666,1.4462638771355416
15623,16,4.965,4.103,74.872,5.831,3301,1923,59.036,4.0,26.28479386070421,6.36372712890625,5.258886688802083,7.473694438802084,5.126869791666667,5.785055508542166
15624,14,5.081,3.508,51.264,7.211,3350,1924,56.31,4.0,22.999194628116182,6.512406352864584,4.496264807291666,9.242464516927084,5.126869791666667,5.411423919108519
15625,3,2.365,1.615,45.0,2.828,485,1921,45.0,2.0,4.928398848882039,3.0312617643229167,2.069973678385417,3.624696942708333,2.5634348958333333,2.5050025163503102
15626,4,2.257,2.257,0.0,2.828,504,1919,135.0,2.0,6.571198465176052,2.892836279947917,2.892836279947917,3.624696942708333,2.5634348958333333,2.892527754271083
15627,1,1.128,1.128,0.0,1.414,519,1919,135.0,1.0,1.642799616294013,1.4457772812499998,1.4457772812499998,1.8123484713541664,1.2817174479166666,1.4462638771355416
15628,1,1.128,1.128,0.0,1.414,560,1919,135.0,1.0,1.642799616294013,1.4457772812499998,1.4457772812499998,1.8123484713541664,1.2817174479166666,1.4462638771355416
15629,1,1.128,1.128,0.0,1.414,885,1919,135.0,1.0,1.642799616294013,1.4457772812499998,1.4457772812499998,1.8123484713541664,1.2817174479166666,1.4462638771355416
15630,4,3.192,1.596,161.565,3.606,1004,1919,146.31,2.0,6.571198465176052,4.09124209375,2.045621046875,4.6218731171875,2.5634348958333333,2.892527754271083
15631,1,1.128,1.128,0.0,1.414,1034,1919,135.0,1.0,1.642799616294013,1.4457772812499998,1.4457772812499998,1.8123484713541664,1.2817174479166666,1.4462638771355416
15632,1,1.128,1.128,0.0,1.414,1173,1919,135.0,1.0,1.642799616294013,1.4457772812499998,1.4457772812499998,1.8123484713541664,1.2817174479166666,1.4462638771355416
15633,1,1.128,1.128,0.0,1.414,2483,1919,135.0,1.0,1.642799616294013,1.4457772812499998,1.4457772812499998,1.8123484713541664,1.2817174479166666,1.4462638771355416
15634,2,2.257,1.128,0.0,2.236,3018,1919,153.435,1.0,3.285599232588026,2.892836279947917,1.4457772812499998,2.865920213541667,1.2817174479166666,2.0453259898153786
15635,1,1.128,1.128,0.0,1.414,3201,1919,135.0,1.0,1.642799616294013,1.4457772812499998,1.4457772812499998,1.8123484713541664,1.2817174479166666,1.4462638771355416
15636,1,1.128,1.128,0.0,1.414,3433,1919,135.0,1.0,1.642799616294013,1.4457772812499998,1.4457772812499998,1.8123484713541664,1.2817174479166666,1.4462638771355416
15637,1,1.128,1.128,0.0,1.414,3716,1919,135.0,1.0,1.642799616294013,1.4457772812499998,1.4457772812499998,1.8123484713541664,1.2817174479166666,1.4462638771355416
15638,1,1.128,1.128,0.0,1.414,3828,1919,135.0,1.0,1.642799616294013,1.4457772812499998,1.4457772812499998,1.8123484713541664,1.2817174479166666,1.4462638771355416
15639,184,26.175,8.95,177.404,30.806,496,1926,166.866,13.0,302.2751293980984,33.54895419921875,11.471371158854165,39.484587700520834,16.662326822916665,19.618077714814763
15640,5,3.144,2.025,161.565,3.606,522,1920,146.31,2.0,8.213998081470065,4.02971965625,2.59547783203125,4.6218731171875,2.5634348958333333,3.2339443426774745
15641,2,2.257,1.128,90.0,2.236,550,1920,116.565,1.0,3.285599232588026,2.892836279947917,1.4457772812499998,2.865920213541667,1.2817174479166666,2.0453259898153786
15642,7,4.304,2.071,108.435,5.0,670,1920,126.87,2.846,11.499597314058091,5.516511895833333,2.654436834635417,6.408587239583333,3.6477678567708334,3.826454549076717
15643,38,8.316,5.818,5.222,11.662,686,1930,30.964,9.701,62.4263854191725,10.658762296875,7.457032111979166,14.947388877604167,12.433940962239584,8.915369296202536
15644,8,4.037,2.523,123.69,5.0,3023,1920,126.87,3.0,13.142396930352104,5.174293337239583,3.23377312109375,6.408587239583333,3.8451523437499997,4.090651979630757
15645,2,2.257,1.128,90.0,2.236,3088,1920,116.565,1.0,3.285599232588026,2.892836279947917,1.4457772812499998,2.865920213541667,1.2817174479166666,2.0453259898153786
15646,12,5.763,2.651,70.896,6.325,3091,1926,71.565,3.578,19.713595395528156,7.386537652343749,3.397832954427083,8.106862858072917,4.585985028645833,5.0100050327006205
15647,3,3.385,1.128,90.0,3.162,3129,1920,108.435,1.0,4.928398848882039,4.338613561197916,1.4457772812499998,4.0527905703125,1.2817174479166666,2.5050025163503102
15648,5,3.998,1.592,143.677,5.0,3311,1920,143.13,2.496,8.213998081470065,5.124306356770833,2.0404941770833336,6.408587239583333,3.19916675,3.2339443426774745
15649,2,2.257,1.128,90.0,2.236,3385,1920,116.565,1.0,3.285599232588026,2.892836279947917,1.4457772812499998,2.865920213541667,1.2817174479166666,2.0453259898153786
15650,1,1.128,1.128,0.0,1.414,3404,1920,135.0,1.0,1.642799616294013,1.4457772812499998,1.4457772812499998,1.8123484713541664,1.2817174479166666,1.4462638771355416
15651,35,7.913,5.632,112.204,8.944,3425,1920,116.565,7.799,57.49798657029046,10.142230165364584,7.218632666666666,11.463680854166668,9.996114376302083,8.556212484548844
15652,2,2.257,1.128,90.0,2.236,3820,1920,116.565,1.0,3.285599232588026,2.892836279947917,1.4457772812499998,2.865920213541667,1.2817174479166666,2.0453259898153786
15653,6,4.63,1.65,0.0,5.099,633,1921,168.69,2.0,9.856797697764078,5.934351783854167,2.1148337890624997,6.535477266927083,2.5634348958333333,3.5426085324013394
15654,2,2.257,1.128,0.0,2.236,1158,1921,153.435,1.0,3.285599232588026,2.892836279947917,1.4457772812499998,2.865920213541667,1.2817174479166666,2.0453259898153786
15655,3,3.385,1.128,90.0,3.162,3036,1921,108.435,1.0,4.928398848882039,4.338613561197916,1.4457772812499998,4.0527905703125,1.2817174479166666,2.5050025163503102
15656,1,1.128,1.128,0.0,1.414,3066,1921,135.0,1.0,1.642799616294013,1.4457772812499998,1.4457772812499998,1.8123484713541664,1.2817174479166666,1.4462638771355416
15657,1,1.128,1.128,0.0,1.414,3263,1921,135.0,1.0,1.642799616294013,1.4457772812499998,1.4457772812499998,1.8123484713541664,1.2817174479166666,1.4462638771355416
15658,1,1.128,1.128,0.0,1.414,3363,1921,135.0,1.0,1.642799616294013,1.4457772812499998,1.4457772812499998,1.8123484713541664,1.2817174479166666,1.4462638771355416
15659,20,7.95,3.203,129.14,9.22,3612,1921,130.601,4.685,32.85599232588026,10.1896537109375,4.105340985677083,11.817434869791667,6.004846243489583,6.467888685354949
15660,19,8.871,2.727,2.765,9.22,539,1923,167.471,3.818,31.21319270958625,11.370115480468751,3.4952434804687496,11.817434869791667,4.893597216145833,6.304118086127151
15661,1,1.128,1.128,0.0,1.414,599,1922,135.0,1.0,1.642799616294013,1.4457772812499998,1.4457772812499998,1.8123484713541664,1.2817174479166666,1.4462638771355416
15662,29,9.777,3.777,62.796,11.18,602,1932,63.435,5.316,47.64118887252638,12.53135148828125,4.84104680078125,14.329601067708333,6.813609953125,7.788369332980218
15663,14,4.604,3.871,128.571,5.831,617,1922,120.964,4.472,22.999194628116182,5.901027130208333,4.961528240885417,7.473694438802084,5.731840427083334,5.411423919108519
15664,3,3.213,1.189,28.155,3.606,717,1924,33.69,1.789,4.928398848882039,4.11815816015625,1.5239620455729168,4.6218731171875,2.2929925143229166,2.5050025163503102
15665,22,7.861,3.563,171.462,8.944,756,1922,153.435,4.0,36.141591558468285,10.075580858072916,4.566759266927083,11.463680854166668,5.126869791666667,6.78357888217988
15666,16,7.042,2.893,24.064,8.062,836,1926,29.745,4.0,26.28479386070421,9.025854268229166,3.7080085768229165,10.333206065104166,5.126869791666667,5.785055508542166
15667,2,2.596,0.981,45.0,2.828,948,1924,45.0,1.414,3.285599232588026,3.327338494791667,1.2573648164062499,3.624696942708333,1.8123484713541664,2.0453259898153786
15668,8,4.044,2.519,70.67,4.472,2474,1926,63.435,3.0,13.142396930352104,5.1832653593749995,3.2286462513020835,5.731840427083334,3.8451523437499997,4.090651979630757
15669,3,2.365,1.615,45.0,2.828,2948,1924,45.0,2.0,4.928398848882039,3.0312617643229167,2.069973678385417,3.624696942708333,2.5634348958333333,2.5050025163503102
15670,1,1.128,1.128,0.0,1.414,3324,1922,135.0,1.0,1.642799616294013,1.4457772812499998,1.4457772812499998,1.8123484713541664,1.2817174479166666,1.4462638771355416
15671,22,7.982,3.509,26.813,8.944,3370,1928,26.565,4.472,36.141591558468285,10.230668669270834,4.497546524739583,11.463680854166668,5.731840427083334,6.78357888217988
15672,1,1.128,1.128,0.0,1.414,639,1923,135.0,1.0,1.642799616294013,1.4457772812499998,1.4457772812499998,1.8123484713541664,1.2817174479166666,1.4462638771355416
15673,1,1.128,1.128,0.0,1.414,663,1923,135.0,1.0,1.642799616294013,1.4457772812499998,1.4457772812499998,1.8123484713541664,1.2817174479166666,1.4462638771355416
15674,1,1.128,1.128,0.0,1.414,1135,1923,135.0,1.0,1.642799616294013,1.4457772812499998,1.4457772812499998,1.8123484713541664,1.2817174479166666,1.4462638771355416
15675,1,1.128,1.128,0.0,1.414,2917,1923,135.0,1.0,1.642799616294013,1.4457772812499998,1.4457772812499998,1.8123484713541664,1.2817174479166666,1.4462638771355416
15676,6,3.385,2.257,0.0,3.606,2959,1923,146.31,2.0,9.856797697764078,4.338613561197916,2.892836279947917,4.6218731171875,2.5634348958333333,3.5426085324013394
15677,4,3.676,1.385,50.31,4.243,3100,1926,45.0,2.121,6.571198465176052,4.711593338541666,1.7751786653645834,5.438327131510417,2.71852270703125,2.892527754271083
15678,8,4.712,2.162,26.565,5.0,3146,1926,36.87,2.683,13.142396930352104,6.0394526145833325,2.7710731223958334,6.408587239583333,3.4388479127604166,4.090651979630757
15679,1,1.128,1.128,0.0,1.414,3289,1923,135.0,1.0,1.642799616294013,1.4457772812499998,1.4457772812499998,1.8123484713541664,1.2817174479166666,1.4462638771355416
15680,1,1.128,1.128,0.0,1.414,3310,1923,135.0,1.0,1.642799616294013,1.4457772812499998,1.4457772812499998,1.8123484713541664,1.2817174479166666,1.4462638771355416
15681,37,11.404,4.131,152.129,12.728,3383,1923,135.0,6.202,60.783585802878484,14.616705776041666,5.294774777343751,16.31369967708333,7.949211611979166,8.7972797207639
15682,1,1.128,1.128,0.0,1.414,3408,1923,135.0,1.0,1.642799616294013,1.4457772812499998,1.4457772812499998,1.8123484713541664,1.2817174479166666,1.4462638771355416
15683,1,1.128,1.128,0.0,1.414,3830,1923,135.0,1.0,1.642799616294013,1.4457772812499998,1.4457772812499998,1.8123484713541664,1.2817174479166666,1.4462638771355416
15684,3,2.365,1.615,135.0,2.828,635,1924,135.0,2.0,4.928398848882039,3.0312617643229167,2.069973678385417,3.624696942708333,2.5634348958333333,2.5050025163503102
15685,1,1.128,1.128,0.0,1.414,661,1924,135.0,1.0,1.642799616294013,1.4457772812499998,1.4457772812499998,1.8123484713541664,1.2817174479166666,1.4462638771355416
15686,4,2.257,2.257,0.0,2.828,790,1924,135.0,2.0,6.571198465176052,2.892836279947917,2.892836279947917,3.624696942708333,2.5634348958333333,2.892527754271083
15687,2,2.596,0.981,135.0,2.828,2876,1924,135.0,1.414,3.285599232588026,3.327338494791667,1.2573648164062499,3.624696942708333,1.8123484713541664,2.0453259898153786
15688,2,2.596,0.981,45.0,2.828,3048,1926,45.0,1.414,3.285599232588026,3.327338494791667,1.2573648164062499,3.624696942708333,1.8123484713541664,2.0453259898153786
15689,5,4.183,1.522,10.901,4.472,3126,1926,26.565,2.0,8.213998081470065,5.361424084635416,1.9507739557291666,5.731840427083334,2.5634348958333333,3.2339443426774745
15690,10,4.456,2.857,71.778,5.0,3187,1928,53.13,3.0,16.42799616294013,5.7113329479166675,3.661866748697917,6.408587239583333,3.8451523437499997,4.573487949374228
15691,13,6.235,2.655,78.109,6.708,3243,1930,63.435,3.0,21.35639501182217,7.991508287760417,3.4029598242187498,8.597760640625,3.8451523437499997,5.214578566863546
15692,6,3.96,1.929,63.937,5.0,3282,1928,53.13,3.0,9.856797697764078,5.07560109375,2.47243295703125,6.408587239583333,3.8451523437499997,3.5426085324013394
15693,7,4.154,2.146,98.35,4.472,3312,1924,116.565,2.0,11.499597314058091,5.324254278645833,2.7505656432291663,5.731840427083334,2.5634348958333333,3.826454549076717
15694,3,3.385,1.128,0.0,3.162,3668,1924,161.565,1.0,4.928398848882039,4.338613561197916,1.4457772812499998,4.0527905703125,1.2817174479166666,2.5050025163503102
15695,1,1.128,1.128,0.0,1.414,596,1925,135.0,1.0,1.642799616294013,1.4457772812499998,1.4457772812499998,1.8123484713541664,1.2817174479166666,1.4462638771355416
15696,1,1.128,1.128,0.0,1.414,668,1925,135.0,1.0,1.642799616294013,1.4457772812499998,1.4457772812499998,1.8123484713541664,1.2817174479166666,1.4462638771355416
15697,1,1.128,1.128,0.0,1.414,714,1925,135.0,1.0,1.642799616294013,1.4457772812499998,1.4457772812499998,1.8123484713541664,1.2817174479166666,1.4462638771355416
15698,1,1.128,1.128,0.0,1.414,716,1925,135.0,1.0,1.642799616294013,1.4457772812499998,1.4457772812499998,1.8123484713541664,1.2817174479166666,1.4462638771355416
15699,1,1.128,1.128,0.0,1.414,3088,1925,135.0,1.0,1.642799616294013,1.4457772812499998,1.4457772812499998,1.8123484713541664,1.2817174479166666,1.4462638771355416
15700,1,1.128,1.128,0.0,1.414,3242,1925,135.0,1.0,1.642799616294013,1.4457772812499998,1.4457772812499998,1.8123484713541664,1.2817174479166666,1.4462638771355416
15701,4,3.216,1.583,58.283,3.606,3300,1928,56.31,2.0,6.571198465176052,4.1220033125,2.028958720052083,4.6218731171875,2.5634348958333333,2.892527754271083
15702,2,2.257,1.128,90.0,2.236,3347,1925,116.565,1.0,3.285599232588026,2.892836279947917,1.4457772812499998,2.865920213541667,1.2817174479166666,2.0453259898153786
15703,1,1.128,1.128,0.0,1.414,3790,1925,135.0,1.0,1.642799616294013,1.4457772812499998,1.4457772812499998,1.8123484713541664,1.2817174479166666,1.4462638771355416
15704,2,2.257,1.128,0.0,2.236,602,1926,153.435,1.0,3.285599232588026,2.892836279947917,1.4457772812499998,2.865920213541667,1.2817174479166666,2.0453259898153786
15705,112,16.195,8.805,113.31,21.633,614,1926,123.69,11.963,183.99355702492946,20.757414069010416,11.28552212890625,27.727393550781247,15.333185829427082,15.305818196306868
15706,2,2.257,1.128,0.0,2.236,698,1926,153.435,1.0,3.285599232588026,2.892836279947917,1.4457772812499998,2.865920213541667,1.2817174479166666,2.0453259898153786
15707,42,8.86,6.035,11.838,12.083,696,1932,24.444,8.0,68.99758388434854,11.356016588541666,7.735164798177084,15.486991923177083,10.253739583333333,9.372861169189449
15708,1,1.128,1.128,0.0,1.414,951,1926,135.0,1.0,1.642799616294013,1.4457772812499998,1.4457772812499998,1.8123484713541664,1.2817174479166666,1.4462638771355416
15709,3,2.365,1.615,45.0,2.828,3014,1928,45.0,2.0,4.928398848882039,3.0312617643229167,2.069973678385417,3.624696942708333,2.5634348958333333,2.5050025163503102
15710,4,2.257,2.257,0.0,2.828,3194,1926,135.0,2.0,6.571198465176052,2.892836279947917,2.892836279947917,3.624696942708333,2.5634348958333333,2.892527754271083
15711,3,2.365,1.615,135.0,2.828,3208,1926,135.0,2.0,4.928398848882039,3.0312617643229167,2.069973678385417,3.624696942708333,2.5634348958333333,2.5050025163503102
15712,21,7.066,3.784,105.786,9.22,3408,1926,102.529,5.367,34.49879194217427,9.056615486979167,4.850018822916667,11.817434869791667,6.87897754296875,6.627613691853932
15713,8,4.619,2.205,46.023,5.0,3414,1929,36.87,2.828,13.142396930352104,5.920252891927083,2.82618697265625,6.408587239583333,3.624696942708333,4.090651979630757
15714,15,4.688,4.074,36.87,5.831,3432,1929,30.964,5.0,24.641994244410196,6.008691395833333,5.221716882812499,7.473694438802084,6.408587239583333,5.601355910367322
15715,1,1.128,1.128,0.0,1.414,3715,1926,135.0,1.0,1.642799616294013,1.4457772812499998,1.4457772812499998,1.8123484713541664,1.2817174479166666,1.4462638771355416
15716,6,3.718,2.055,53.13,4.243,540,1930,45.0,2.683,9.856797697764078,4.765425471354167,2.63392935546875,5.438327131510417,3.4388479127604166,3.5426085324013394
15717,1,1.128,1.128,0.0,1.414,547,1927,135.0,1.0,1.642799616294013,1.4457772812499998,1.4457772812499998,1.8123484713541664,1.2817174479166666,1.4462638771355416
15718,3,2.365,1.615,45.0,2.828,573,1929,45.0,2.0,4.928398848882039,3.0312617643229167,2.069973678385417,3.624696942708333,2.5634348958333333,2.5050025163503102
15719,46,9.478,6.18,21.278,13.153,570,1932,171.254,7.92,75.5687823495246,12.148117971354166,7.921013828124999,16.858429592447916,10.1512021875,9.809038857407382
15720,1,1.128,1.128,0.0,1.414,669,1927,135.0,1.0,1.642799616294013,1.4457772812499998,1.4457772812499998,1.8123484713541664,1.2817174479166666,1.4462638771355416
15721,2,2.596,0.981,135.0,2.828,673,1927,135.0,1.414,3.285599232588026,3.327338494791667,1.2573648164062499,3.624696942708333,1.8123484713541664,2.0453259898153786
15722,3,2.365,1.615,45.0,2.828,681,1929,45.0,2.0,4.928398848882039,3.0312617643229167,2.069973678385417,3.624696942708333,2.5634348958333333,2.5050025163503102
15723,5,4.072,1.563,58.283,5.0,811,1931,53.13,2.496,8.213998081470065,5.219153447916667,2.00332437109375,6.408587239583333,3.19916675,3.2339443426774745
15724,8,3.739,2.724,88.212,4.472,2991,1927,116.565,3.0,13.142396930352104,4.792341537760416,3.4913983281250003,5.731840427083334,3.8451523437499997,4.090651979630757
15725,2,2.257,1.128,0.0,2.236,3149,1927,153.435,1.0,3.285599232588026,2.892836279947917,1.4457772812499998,2.865920213541667,1.2817174479166666,2.0453259898153786
15726,1,1.128,1.128,0.0,1.414,3294,1927,135.0,1.0,1.642799616294013,1.4457772812499998,1.4457772812499998,1.8123484713541664,1.2817174479166666,1.4462638771355416
15727,2,2.257,1.128,90.0,2.236,3363,1927,116.565,1.0,3.285599232588026,2.892836279947917,1.4457772812499998,2.865920213541667,1.2817174479166666,2.0453259898153786
15728,1,1.128,1.128,0.0,1.414,3692,1927,135.0,1.0,1.642799616294013,1.4457772812499998,1.4457772812499998,1.8123484713541664,1.2817174479166666,1.4462638771355416
15729,38,9.36,5.169,24.93,11.045,625,1931,174.806,6.641,62.4263854191725,11.996875312499999,6.625197488281249,14.156569212239583,8.511885571614583,8.915369296202536
15730,50,9.196,6.923,9.4,11.402,655,1929,164.745,8.0,82.13998081470065,11.786673651041665,8.873329891927083,14.614142341145833,10.253739583333333,10.226629949076893
15731,1,1.128,1.128,0.0,1.414,760,1928,135.0,1.0,1.642799616294013,1.4457772812499998,1.4457772812499998,1.8123484713541664,1.2817174479166666,1.4462638771355416
15732,6,4.491,1.701,159.543,5.831,817,1928,149.036,2.668,9.856797697764078,5.756193058593749,2.18020137890625,7.473694438802084,3.4196221510416667,3.5426085324013394
15733,8,4.326,2.355,83.83,5.099,831,1928,101.31,3.0,13.142396930352104,5.544709679687499,3.01844458984375,6.535477266927083,3.8451523437499997,4.090651979630757
15734,2,2.257,1.128,0.0,2.236,914,1928,153.435,1.0,3.285599232588026,2.892836279947917,1.4457772812499998,2.865920213541667,1.2817174479166666,2.0453259898153786
15735,1,1.128,1.128,0.0,1.414,1075,1928,135.0,1.0,1.642799616294013,1.4457772812499998,1.4457772812499998,1.8123484713541664,1.2817174479166666,1.4462638771355416
15736,1,1.128,1.128,0.0,1.414,3201,1928,135.0,1.0,1.642799616294013,1.4457772812499998,1.4457772812499998,1.8123484713541664,1.2817174479166666,1.4462638771355416
15737,30,7.792,4.902,29.219,8.944,3200,1932,26.565,6.0,49.28398848882039,9.987142354166666,6.2829789296875,11.463680854166668,7.690304687499999,7.921513496120161
15738,1,1.128,1.128,0.0,1.414,3221,1928,135.0,1.0,1.642799616294013,1.4457772812499998,1.4457772812499998,1.8123484713541664,1.2817174479166666,1.4462638771355416
15739,6,4.224,1.809,90.0,4.472,3270,1928,116.565,2.0,9.856797697764078,5.4139745,2.3186268632812497,5.731840427083334,2.5634348958333333,3.5426085324013394
15740,1,1.128,1.128,0.0,1.414,3519,1928,135.0,1.0,1.642799616294013,1.4457772812499998,1.4457772812499998,1.8123484713541664,1.2817174479166666,1.4462638771355416
15741,15,5.264,3.628,73.503,7.28,2994,1936,74.055,5.0,24.641994244410196,6.746960645833333,4.6500709010416665,9.330903020833334,6.408587239583333,5.601355910367322
15742,2,2.596,0.981,135.0,2.828,3180,1929,135.0,1.414,3.285599232588026,3.327338494791667,1.2573648164062499,3.624696942708333,1.8123484713541664,2.0453259898153786
15743,3,3.385,1.128,90.0,3.162,3190,1929,108.435,1.0,4.928398848882039,4.338613561197916,1.4457772812499998,4.0527905703125,1.2817174479166666,2.5050025163503102
15744,1,1.128,1.128,0.0,1.414,3305,1929,135.0,1.0,1.642799616294013,1.4457772812499998,1.4457772812499998,1.8123484713541664,1.2817174479166666,1.4462638771355416
15745,2,2.257,1.128,0.0,2.236,3352,1929,153.435,1.0,3.285599232588026,2.892836279947917,1.4457772812499998,2.865920213541667,1.2817174479166666,2.0453259898153786
15746,2,2.257,1.128,0.0,2.236,3620,1929,153.435,1.0,3.285599232588026,2.892836279947917,1.4457772812499998,2.865920213541667,1.2817174479166666,2.0453259898153786
15747,2,2.257,1.128,0.0,2.236,569,1930,153.435,1.0,3.285599232588026,2.892836279947917,1.4457772812499998,2.865920213541667,1.2817174479166666,2.0453259898153786
15748,11,6.132,2.284,79.062,6.325,584,1936,71.565,2.91,18.070795779234142,7.859491390624999,2.9274426510416665,8.106862858072917,3.7297977734375003,4.796714628303253
15749,3,2.365,1.615,45.0,2.828,606,1932,45.0,2.0,4.928398848882039,3.0312617643229167,2.069973678385417,3.624696942708333,2.5634348958333333,2.5050025163503102
15750,20,6.21,4.1,43.962,7.616,723,1937,66.801,5.6,32.85599232588026,7.9594653515625,5.255041536458333,9.761560083333332,7.177617708333333,6.467888685354949
15751,2,2.257,1.128,90.0,2.236,733,1930,116.565,1.0,3.285599232588026,2.892836279947917,1.4457772812499998,2.865920213541667,1.2817174479166666,2.0453259898153786
15752,6,4.224,1.809,0.0,4.472,772,1930,153.435,2.0,9.856797697764078,5.4139745,2.3186268632812497,5.731840427083334,2.5634348958333333,3.5426085324013394
15753,2,2.257,1.128,0.0,2.236,914,1930,153.435,1.0,3.285599232588026,2.892836279947917,1.4457772812499998,2.865920213541667,1.2817174479166666,2.0453259898153786
15754,2,2.257,1.128,90.0,2.236,967,1930,116.565,1.0,3.285599232588026,2.892836279947917,1.4457772812499998,2.865920213541667,1.2817174479166666,2.0453259898153786
15755,1,1.128,1.128,0.0,1.414,1207,1930,135.0,1.0,1.642799616294013,1.4457772812499998,1.4457772812499998,1.8123484713541664,1.2817174479166666,1.4462638771355416
15756,5,3.316,1.92,135.0,4.243,2971,1930,135.0,2.828,8.213998081470065,4.250175057291666,2.4608974999999997,5.438327131510417,3.624696942708333,3.2339443426774745
15757,2,2.596,0.981,135.0,2.828,3155,1930,135.0,1.414,3.285599232588026,3.327338494791667,1.2573648164062499,3.624696942708333,1.8123484713541664,2.0453259898153786
15758,58,11.379,6.49,117.767,14.422,3254,1932,123.69,8.043,95.28237774505276,14.58466283984375,8.318346236979167,18.48492903385417,10.308853433593749,11.01441753947132
15759,2,2.257,1.128,90.0,2.236,3300,1930,116.565,1.0,3.285599232588026,2.892836279947917,1.4457772812499998,2.865920213541667,1.2817174479166666,2.0453259898153786
15760,18,8.537,2.684,45.759,9.899,3323,1937,45.0,4.243,29.570393093292235,10.942021852864585,3.4401296302083333,12.687721016927082,5.438327131510417,6.135977969446135
15761,3,2.365,1.615,45.0,2.828,3368,1932,45.0,2.0,4.928398848882039,3.0312617643229167,2.069973678385417,3.624696942708333,2.5634348958333333,2.5050025163503102
15762,19,6.771,3.573,83.736,7.211,3674,1936,56.31,4.0,31.21319270958625,8.678508839843749,4.57957644140625,9.242464516927084,5.126869791666667,6.304118086127151
15763,2,2.257,1.128,0.0,2.236,3690,1930,153.435,1.0,3.285599232588026,2.892836279947917,1.4457772812499998,2.865920213541667,1.2817174479166666,2.0453259898153786
15764,2,2.596,0.981,135.0,2.828,3697,1930,135.0,1.414,3.285599232588026,3.327338494791667,1.2573648164062499,3.624696942708333,1.8123484713541664,2.0453259898153786
15765,6,3.14,2.433,135.0,3.606,7,1931,123.69,2.828,9.856797697764078,4.024592786458333,3.1184185507812496,4.6218731171875,3.624696942708333,3.5426085324013394
15766,8,3.254,3.13,0.0,4.243,594,1931,135.0,3.0,13.142396930352104,4.170708575520833,4.011775611979166,5.438327131510417,3.8451523437499997,4.090651979630757
15767,1,1.128,1.128,0.0,1.414,759,1931,135.0,1.0,1.642799616294013,1.4457772812499998,1.4457772812499998,1.8123484713541664,1.2817174479166666,1.4462638771355416
15768,7,4.336,2.056,52.372,5.657,862,1935,45.0,3.328,11.499597314058091,5.557526854166667,2.635211072916667,7.250675602864583,4.265555666666667,3.826454549076717
15769,1,1.128,1.128,0.0,1.414,2990,1931,135.0,1.0,1.642799616294013,1.4457772812499998,1.4457772812499998,1.8123484713541664,1.2817174479166666,1.4462638771355416
15770,1,1.128,1.128,0.0,1.414,3007,1931,135.0,1.0,1.642799616294013,1.4457772812499998,1.4457772812499998,1.8123484713541664,1.2817174479166666,1.4462638771355416
15771,7,4.11,2.168,112.5,4.472,3130,1931,116.565,2.683,11.499597314058091,5.2678587109375,2.7787634270833337,5.731840427083334,3.4388479127604166,3.826454549076717
15772,2,2.257,1.128,0.0,2.236,3184,1931,153.435,1.0,3.285599232588026,2.892836279947917,1.4457772812499998,2.865920213541667,1.2817174479166666,2.0453259898153786
15773,73,10.56,8.802,5.696,17.205,3238,1942,35.538,12.166,119.92437198946295,13.534936250000001,11.2816769765625,22.05194869140625,15.593374471354167,12.35688398296352
15774,1,1.128,1.128,0.0,1.414,3267,1931,135.0,1.0,1.642799616294013,1.4457772812499998,1.4457772812499998,1.8123484713541664,1.2817174479166666,1.4462638771355416
15775,1,1.128,1.128,0.0,1.414,3292,1931,135.0,1.0,1.642799616294013,1.4457772812499998,1.4457772812499998,1.8123484713541664,1.2817174479166666,1.4462638771355416
15776,1,1.128,1.128,0.0,1.414,3424,1931,135.0,1.0,1.642799616294013,1.4457772812499998,1.4457772812499998,1.8123484713541664,1.2817174479166666,1.4462638771355416
15777,2,2.257,1.128,0.0,2.236,3438,1931,153.435,1.0,3.285599232588026,2.892836279947917,1.4457772812499998,2.865920213541667,1.2817174479166666,2.0453259898153786
15778,1,1.128,1.128,0.0,1.414,649,1932,135.0,1.0,1.642799616294013,1.4457772812499998,1.4457772812499998,1.8123484713541664,1.2817174479166666,1.4462638771355416
15779,1,1.128,1.128,0.0,1.414,677,1932,135.0,1.0,1.642799616294013,1.4457772812499998,1.4457772812499998,1.8123484713541664,1.2817174479166666,1.4462638771355416
15780,13,8.855,1.869,64.704,9.434,683,1940,57.995,3.13,21.35639501182217,11.349608001302084,2.39552991015625,12.091722403645832,4.011775611979166,5.214578566863546
15781,1,1.128,1.128,0.0,1.414,749,1932,135.0,1.0,1.642799616294013,1.4457772812499998,1.4457772812499998,1.8123484713541664,1.2817174479166666,1.4462638771355416
15782,3,2.365,1.615,135.0,2.828,767,1932,135.0,2.0,4.928398848882039,3.0312617643229167,2.069973678385417,3.624696942708333,2.5634348958333333,2.5050025163503102
15783,2,2.257,1.128,0.0,2.236,782,1932,153.435,1.0,3.285599232588026,2.892836279947917,1.4457772812499998,2.865920213541667,1.2817174479166666,2.0453259898153786
15784,2,2.257,1.128,90.0,2.236,884,1932,116.565,1.0,3.285599232588026,2.892836279947917,1.4457772812499998,2.865920213541667,1.2817174479166666,2.0453259898153786
15785,2,2.596,0.981,45.0,2.828,1022,1934,45.0,1.414,3.285599232588026,3.327338494791667,1.2573648164062499,3.624696942708333,1.8123484713541664,2.0453259898153786
15786,9,5.229,2.191,85.269,5.385,1060,1937,68.199,2.0,14.785196546646118,6.70210053515625,2.8082429283854164,6.90204845703125,2.5634348958333333,4.338791631406624
15787,3,2.365,1.615,135.0,2.828,2846,1932,135.0,2.0,4.928398848882039,3.0312617643229167,2.069973678385417,3.624696942708333,2.5634348958333333,2.5050025163503102
15788,1,1.128,1.128,0.0,1.414,3235,1932,135.0,1.0,1.642799616294013,1.4457772812499998,1.4457772812499998,1.8123484713541664,1.2817174479166666,1.4462638771355416
15789,2,2.257,1.128,90.0,2.236,3273,1932,116.565,1.0,3.285599232588026,2.892836279947917,1.4457772812499998,2.865920213541667,1.2817174479166666,2.0453259898153786
15790,24,6.808,4.489,46.218,8.485,3280,1938,45.0,5.657,39.42719079105631,8.725932385416666,5.7536296236979165,10.875372545572915,7.250675602864583,7.085217064802679
15791,18,5.785,3.962,119.626,7.211,3348,1932,123.69,5.547,29.570393093292235,7.414735436197916,5.078164528645834,9.242464516927084,7.10968668359375,6.135977969446135
15792,21,6.375,4.194,162.576,7.211,0,1934,146.31,4.743,34.49879194217427,8.17094873046875,5.3755229765624994,9.242464516927084,6.07918585546875,6.627613691853932
15793,41,12.472,4.186,42.189,16.279,558,1945,47.49,6.364,67.35478426805453,15.985580010416665,5.365269236979167,20.865078334635417,8.156849838541666,9.26060728541019
15794,7,3.507,2.542,120.473,4.243,817,1933,135.0,3.0,11.499597314058091,4.49498308984375,3.2581257526041663,5.438327131510417,3.8451523437499997,3.826454549076717
15795,1,1.128,1.128,0.0,1.414,838,1933,135.0,1.0,1.642799616294013,1.4457772812499998,1.4457772812499998,1.8123484713541664,1.2817174479166666,1.4462638771355416
15796,1,1.128,1.128,0.0,1.414,1206,1933,135.0,1.0,1.642799616294013,1.4457772812499998,1.4457772812499998,1.8123484713541664,1.2817174479166666,1.4462638771355416
15797,1,1.128,1.128,0.0,1.414,1437,1933,135.0,1.0,1.642799616294013,1.4457772812499998,1.4457772812499998,1.8123484713541664,1.2817174479166666,1.4462638771355416
15798,1,1.128,1.128,0.0,1.414,2244,1933,135.0,1.0,1.642799616294013,1.4457772812499998,1.4457772812499998,1.8123484713541664,1.2817174479166666,1.4462638771355416
15799,1,1.128,1.128,0.0,1.414,3060,1933,135.0,1.0,1.642799616294013,1.4457772812499998,1.4457772812499998,1.8123484713541664,1.2817174479166666,1.4462638771355416
15800,3,3.385,1.128,0.0,3.162,3107,1933,161.565,1.0,4.928398848882039,4.338613561197916,1.4457772812499998,4.0527905703125,1.2817174479166666,2.5050025163503102
15801,2,2.596,0.981,135.0,2.828,3298,1933,135.0,1.414,3.285599232588026,3.327338494791667,1.2573648164062499,3.624696942708333,1.8123484713541664,2.0453259898153786
15802,1,1.128,1.128,0.0,1.414,3403,1933,135.0,1.0,1.642799616294013,1.4457772812499998,1.4457772812499998,1.8123484713541664,1.2817174479166666,1.4462638771355416
15803,2,2.257,1.128,90.0,2.236,689,1934,116.565,1.0,3.285599232588026,2.892836279947917,1.4457772812499998,2.865920213541667,1.2817174479166666,2.0453259898153786
15804,1,1.128,1.128,0.0,1.414,699,1934,135.0,1.0,1.642799616294013,1.4457772812499998,1.4457772812499998,1.8123484713541664,1.2817174479166666,1.4462638771355416
15805,10,4.525,2.814,58.043,5.657,708,1938,45.0,3.883,16.42799616294013,5.799771451822917,3.6067528984375,7.250675602864583,4.976908850260417,4.573487949374228
15806,8,4.044,2.519,70.67,4.472,748,1938,63.435,3.0,13.142396930352104,5.1832653593749995,3.2286462513020835,5.731840427083334,3.8451523437499997,4.090651979630757
15807,7,4.154,2.146,8.35,4.472,2954,1936,26.565,2.0,11.499597314058091,5.324254278645833,2.7505656432291663,5.731840427083334,2.5634348958333333,3.826454549076717
15808,7,3.878,2.298,74.767,4.472,3036,1938,63.435,3.0,11.499597314058091,4.970500263020833,2.9453866953125,5.731840427083334,3.8451523437499997,3.826454549076717
15809,12,5.32,2.872,33.265,7.616,3361,1939,23.199,4.472,19.713595395528156,6.818736822916667,3.6810925104166663,9.761560083333332,5.731840427083334,5.0100050327006205
15810,1,1.128,1.128,0.0,1.414,3426,1934,135.0,1.0,1.642799616294013,1.4457772812499998,1.4457772812499998,1.8123484713541664,1.2817174479166666,1.4462638771355416
15811,2,2.257,1.128,90.0,2.236,3447,1934,116.565,1.0,3.285599232588026,2.892836279947917,1.4457772812499998,2.865920213541667,1.2817174479166666,2.0453259898153786
15812,4,2.257,2.257,0.0,2.828,192,1935,135.0,2.0,6.571198465176052,2.892836279947917,2.892836279947917,3.624696942708333,2.5634348958333333,2.892527754271083
15813,1,1.128,1.128,0.0,1.414,511,1935,135.0,1.0,1.642799616294013,1.4457772812499998,1.4457772812499998,1.8123484713541664,1.2817174479166666,1.4462638771355416
15814,2,2.257,1.128,90.0,2.236,655,1935,116.565,1.0,3.285599232588026,2.892836279947917,1.4457772812499998,2.865920213541667,1.2817174479166666,2.0453259898153786
15815,1,1.128,1.128,0.0,1.414,760,1935,135.0,1.0,1.642799616294013,1.4457772812499998,1.4457772812499998,1.8123484713541664,1.2817174479166666,1.4462638771355416
15816,2,2.257,1.128,0.0,2.236,854,1935,153.435,1.0,3.285599232588026,2.892836279947917,1.4457772812499998,2.865920213541667,1.2817174479166666,2.0453259898153786
15817,4,4.514,1.128,0.0,4.123,3064,1935,165.964,1.0,6.571198465176052,5.785672559895834,1.4457772812499998,5.284521037760417,1.2817174479166666,2.892527754271083
15818,3,3.385,1.128,90.0,3.162,3251,1935,108.435,1.0,4.928398848882039,4.338613561197916,1.4457772812499998,4.0527905703125,1.2817174479166666,2.5050025163503102
15819,1,1.128,1.128,0.0,1.414,3335,1935,135.0,1.0,1.642799616294013,1.4457772812499998,1.4457772812499998,1.8123484713541664,1.2817174479166666,1.4462638771355416
15820,3,2.365,1.615,135.0,2.828,3628,1935,135.0,2.0,4.928398848882039,3.0312617643229167,2.069973678385417,3.624696942708333,2.5634348958333333,2.5050025163503102
15821,1,1.128,1.128,0.0,1.414,3757,1935,135.0,1.0,1.642799616294013,1.4457772812499998,1.4457772812499998,1.8123484713541664,1.2817174479166666,1.4462638771355416
15822,1,1.128,1.128,0.0,1.414,509,1936,135.0,1.0,1.642799616294013,1.4457772812499998,1.4457772812499998,1.8123484713541664,1.2817174479166666,1.4462638771355416
15823,255,28.466,11.406,165.069,40.447,592,1946,171.469,21.705,418.91390215497336,36.48536887239583,14.619269210937501,51.84162561588542,27.819677207031248,23.094982065122238
15824,59,10.032,7.488,103.042,12.042,674,1937,131.634,8.0,96.92517736134677,12.8581894375,9.59750025,15.4344415078125,10.253739583333333,11.108963630155632
15825,6,3.385,2.257,0.0,3.606,804,1936,146.31,2.0,9.856797697764078,4.338613561197916,2.892836279947917,4.6218731171875,2.5634348958333333,3.5426085324013394
15826,9,4.2,2.729,60.482,5.0,879,1940,53.13,3.0,14.785196546646118,5.38321328125,3.4978069153645834,6.408587239583333,3.8451523437499997,4.338791631406624
15827,3,2.365,1.615,45.0,2.828,1218,1938,45.0,2.0,4.928398848882039,3.0312617643229167,2.069973678385417,3.624696942708333,2.5634348958333333,2.5050025163503102
15828,3,3.213,1.189,28.155,3.606,2999,1938,33.69,1.789,4.928398848882039,4.11815816015625,1.5239620455729168,4.6218731171875,2.2929925143229166,2.5050025163503102
15829,4,2.257,2.257,0.0,2.828,3014,1936,135.0,2.0,6.571198465176052,2.892836279947917,2.892836279947917,3.624696942708333,2.5634348958333333,2.892527754271083
15830,2,2.257,1.128,90.0,2.236,3071,1936,116.565,1.0,3.285599232588026,2.892836279947917,1.4457772812499998,2.865920213541667,1.2817174479166666,2.0453259898153786
15831,2,2.257,1.128,0.0,2.236,3092,1936,153.435,1.0,3.285599232588026,2.892836279947917,1.4457772812499998,2.865920213541667,1.2817174479166666,2.0453259898153786
15832,3,2.365,1.615,45.0,2.828,3184,1938,45.0,2.0,4.928398848882039,3.0312617643229167,2.069973678385417,3.624696942708333,2.5634348958333333,2.5050025163503102
15833,13,4.741,3.491,168.353,5.831,3187,1937,149.036,4.0,21.35639501182217,6.0766224205729165,4.474475610677083,7.473694438802084,5.126869791666667,5.214578566863546
15834,15,4.953,3.856,3.653,5.831,3222,1940,30.964,4.0,24.641994244410196,6.34834651953125,4.942302479166666,7.473694438802084,5.126869791666667,5.601355910367322
15835,1,1.128,1.128,0.0,1.414,3287,1936,135.0,1.0,1.642799616294013,1.4457772812499998,1.4457772812499998,1.8123484713541664,1.2817174479166666,1.4462638771355416
15836,31,9.365,4.214,96.267,12.369,3377,1948,75.964,6.0,50.926788105114404,12.003283899739584,5.401157325520834,15.853563113281249,7.690304687499999,8.052456474363645
15837,79,13.598,7.397,42.615,16.971,3420,1950,45.0,11.49,129.78116968722702,17.428793856770834,9.480863962239583,21.75202680859375,14.7269334765625,12.854674518721318
15838,1,1.128,1.128,0.0,1.414,414,1937,135.0,1.0,1.642799616294013,1.4457772812499998,1.4457772812499998,1.8123484713541664,1.2817174479166666,1.4462638771355416
15839,1,1.128,1.128,0.0,1.414,491,1937,135.0,1.0,1.642799616294013,1.4457772812499998,1.4457772812499998,1.8123484713541664,1.2817174479166666,1.4462638771355416
15840,12,6.5,2.351,80.358,7.28,535,1944,74.055,3.0,19.713595395528156,8.331163411458332,3.013317720052083,9.330903020833334,3.8451523437499997,5.0100050327006205
15841,2,2.257,1.128,0.0,2.236,583,1937,153.435,1.0,3.285599232588026,2.892836279947917,1.4457772812499998,2.865920213541667,1.2817174479166666,2.0453259898153786
15842,2,2.257,1.128,90.0,2.236,595,1937,116.565,1.0,3.285599232588026,2.892836279947917,1.4457772812499998,2.865920213541667,1.2817174479166666,2.0453259898153786
15843,95,13.956,8.667,21.04,18.601,639,1949,36.254,14.0,156.06596354793123,17.887648703125,11.10864512109375,23.841226248697915,17.944044270833334,14.096436578766182
15844,2,2.257,1.128,0.0,2.236,670,1937,153.435,1.0,3.285599232588026,2.892836279947917,1.4457772812499998,2.865920213541667,1.2817174479166666,2.0453259898153786
15845,10,4.628,2.751,63.435,5.657,782,1942,45.0,3.638,16.42799616294013,5.931788348958333,3.52600469921875,7.250675602864583,4.662888075520833,4.573487949374228
15846,1,1.128,1.128,0.0,1.414,812,1937,135.0,1.0,1.642799616294013,1.4457772812499998,1.4457772812499998,1.8123484713541664,1.2817174479166666,1.4462638771355416
15847,4,3.676,1.385,39.69,4.243,2934,1940,45.0,2.121,6.571198465176052,4.711593338541666,1.7751786653645834,5.438327131510417,2.71852270703125,2.892527754271083
15848,2,2.257,1.128,90.0,2.236,2962,1937,116.565,1.0,3.285599232588026,2.892836279947917,1.4457772812499998,2.865920213541667,1.2817174479166666,2.0453259898153786
15849,19,7.463,3.241,171.905,9.849,3086,1938,156.038,5.0,31.21319270958625,9.565457313802083,4.154046248697917,12.62363514453125,6.408587239583333,6.304118086127151
15850,5,3.461,1.839,45.0,4.243,3130,1940,45.0,2.683,8.213998081470065,4.436024087239583,2.35707838671875,5.438327131510417,3.4388479127604166,3.2339443426774745
15851,5,4.072,1.563,31.717,5.0,3170,1940,36.87,2.496,8.213998081470065,5.219153447916667,2.00332437109375,6.408587239583333,3.19916675,3.2339443426774745
15852,1,1.128,1.128,0.0,1.414,3340,1937,135.0,1.0,1.642799616294013,1.4457772812499998,1.4457772812499998,1.8123484713541664,1.2817174479166666,1.4462638771355416
15853,1,1.128,1.128,0.0,1.414,3673,1937,135.0,1.0,1.642799616294013,1.4457772812499998,1.4457772812499998,1.8123484713541664,1.2817174479166666,1.4462638771355416
15854,1,1.128,1.128,0.0,1.414,3762,1937,135.0,1.0,1.642799616294013,1.4457772812499998,1.4457772812499998,1.8123484713541664,1.2817174479166666,1.4462638771355416
15855,18,6.508,3.521,154.581,7.211,590,1938,146.31,4.0,29.570393093292235,8.341417151041666,4.512927134114583,9.242464516927084,5.126869791666667,6.135977969446135
15856,1,1.128,1.128,0.0,1.414,943,1938,135.0,1.0,1.642799616294013,1.4457772812499998,1.4457772812499998,1.8123484713541664,1.2817174479166666,1.4462638771355416
15857,1,1.128,1.128,0.0,1.414,981,1938,135.0,1.0,1.642799616294013,1.4457772812499998,1.4457772812499998,1.8123484713541664,1.2817174479166666,1.4462638771355416
15858,2,2.257,1.128,90.0,2.236,983,1938,116.565,1.0,3.285599232588026,2.892836279947917,1.4457772812499998,2.865920213541667,1.2817174479166666,2.0453259898153786
15859,1,1.128,1.128,0.0,1.414,1067,1938,135.0,1.0,1.642799616294013,1.4457772812499998,1.4457772812499998,1.8123484713541664,1.2817174479166666,1.4462638771355416
15860,1,1.128,1.128,0.0,1.414,3197,1938,135.0,1.0,1.642799616294013,1.4457772812499998,1.4457772812499998,1.8123484713541664,1.2817174479166666,1.4462638771355416
15861,18,5.36,4.276,157.41,6.403,3228,1938,141.34,4.0,29.570393093292235,6.870005520833334,5.480623807291666,8.206836819010416,5.126869791666667,6.135977969446135
15862,11,5.085,2.754,67.763,5.831,3319,1943,59.036,3.0,18.070795779234142,6.51753322265625,3.5298498515625,7.473694438802084,3.8451523437499997,4.796714628303253
15863,36,7.01,6.538,117.618,10.0,3348,1940,143.13,7.614,59.14078618658447,8.984839309895833,8.379868674479166,12.817174479166667,9.758996648437499,8.677583262813249
15864,1,1.128,1.128,0.0,1.414,509,1939,135.0,1.0,1.642799616294013,1.4457772812499998,1.4457772812499998,1.8123484713541664,1.2817174479166666,1.4462638771355416
15865,1,1.128,1.128,0.0,1.414,601,1939,135.0,1.0,1.642799616294013,1.4457772812499998,1.4457772812499998,1.8123484713541664,1.2817174479166666,1.4462638771355416
15866,1,1.128,1.128,0.0,1.414,631,1939,135.0,1.0,1.642799616294013,1.4457772812499998,1.4457772812499998,1.8123484713541664,1.2817174479166666,1.4462638771355416
15867,1,1.128,1.128,0.0,1.414,1661,1939,135.0,1.0,1.642799616294013,1.4457772812499998,1.4457772812499998,1.8123484713541664,1.2817174479166666,1.4462638771355416
15868,1,1.128,1.128,0.0,1.414,3017,1939,135.0,1.0,1.642799616294013,1.4457772812499998,1.4457772812499998,1.8123484713541664,1.2817174479166666,1.4462638771355416
15869,1,1.128,1.128,0.0,1.414,3079,1939,135.0,1.0,1.642799616294013,1.4457772812499998,1.4457772812499998,1.8123484713541664,1.2817174479166666,1.4462638771355416
15870,1,1.128,1.128,0.0,1.414,3114,1939,135.0,1.0,1.642799616294013,1.4457772812499998,1.4457772812499998,1.8123484713541664,1.2817174479166666,1.4462638771355416
15871,1,1.128,1.128,0.0,1.414,3141,1939,135.0,1.0,1.642799616294013,1.4457772812499998,1.4457772812499998,1.8123484713541664,1.2817174479166666,1.4462638771355416
15872,1,1.128,1.128,0.0,1.414,3217,1939,135.0,1.0,1.642799616294013,1.4457772812499998,1.4457772812499998,1.8123484713541664,1.2817174479166666,1.4462638771355416
15873,1,1.128,1.128,0.0,1.414,3219,1939,135.0,1.0,1.642799616294013,1.4457772812499998,1.4457772812499998,1.8123484713541664,1.2817174479166666,1.4462638771355416
15874,1,1.128,1.128,0.0,1.414,3283,1939,135.0,1.0,1.642799616294013,1.4457772812499998,1.4457772812499998,1.8123484713541664,1.2817174479166666,1.4462638771355416
15875,10,4.456,2.857,161.778,5.0,3288,1939,143.13,3.0,16.42799616294013,5.7113329479166675,3.661866748697917,6.408587239583333,3.8451523437499997,4.573487949374228
15876,4,2.734,1.863,0.0,3.162,3329,1939,161.565,2.0,6.571198465176052,3.5042155026041666,2.38783960546875,4.0527905703125,2.5634348958333333,2.892527754271083
15877,1,1.128,1.128,0.0,1.414,570,1940,135.0,1.0,1.642799616294013,1.4457772812499998,1.4457772812499998,1.8123484713541664,1.2817174479166666,1.4462638771355416
15878,1,1.128,1.128,0.0,1.414,588,1940,135.0,1.0,1.642799616294013,1.4457772812499998,1.4457772812499998,1.8123484713541664,1.2817174479166666,1.4462638771355416
15879,4,3.216,1.583,148.283,3.606,597,1940,146.31,2.0,6.571198465176052,4.1220033125,2.028958720052083,4.6218731171875,2.5634348958333333,2.892527754271083
15880,6,3.718,2.055,101.24,4.472,663,1940,116.565,2.846,9.856797697764078,4.765425471354167,2.63392935546875,5.731840427083334,3.6477678567708334,3.5426085324013394
15881,4,2.257,2.257,0.0,2.828,750,1940,135.0,2.0,6.571198465176052,2.892836279947917,2.892836279947917,3.624696942708333,2.5634348958333333,2.892527754271083
15882,26,6.051,5.471,73.007,7.211,762,1944,33.69,6.0,42.71279002364434,7.75567227734375,7.012276157552083,9.242464516927084,7.690304687499999,7.374527731318484
15883,2,2.257,1.128,90.0,2.236,933,1940,116.565,1.0,3.285599232588026,2.892836279947917,1.4457772812499998,2.865920213541667,1.2817174479166666,2.0453259898153786
15884,14,6.815,2.616,89.25,8.246,3118,1940,104.036,4.0,22.999194628116182,8.734904407552083,3.35297284375,10.569042075520834,5.126869791666667,5.411423919108519
15885,3,2.365,1.615,135.0,2.828,3134,1940,135.0,2.0,4.928398848882039,3.0312617643229167,2.069973678385417,3.624696942708333,2.5634348958333333,2.5050025163503102
15886,2,2.257,1.128,90.0,2.236,3139,1940,116.565,1.0,3.285599232588026,2.892836279947917,1.4457772812499998,2.865920213541667,1.2817174479166666,2.0453259898153786
15887,6,3.385,2.257,0.0,3.606,3185,1940,146.31,2.0,9.856797697764078,4.338613561197916,2.892836279947917,4.6218731171875,2.5634348958333333,3.5426085324013394
15888,4,2.257,2.257,0.0,2.828,3234,1940,135.0,2.0,6.571198465176052,2.892836279947917,2.892836279947917,3.624696942708333,2.5634348958333333,2.892527754271083
15889,31,7.813,5.052,71.698,10.0,3292,1948,53.13,6.0,50.926788105114404,10.014058420572916,6.475236546874999,12.817174479166667,7.690304687499999,8.052456474363645
15890,11,4.288,3.266,54.992,5.0,3300,1944,36.87,4.0,18.070795779234142,5.496004416666667,4.186089184895834,6.408587239583333,5.126869791666667,4.796714628303253
15891,11,4.384,3.195,74.929,5.0,3360,1944,53.13,3.0,18.070795779234142,5.619049291666667,4.095087246093749,6.408587239583333,3.8451523437499997,4.796714628303253
15892,1,1.128,1.128,0.0,1.414,3821,1940,135.0,1.0,1.642799616294013,1.4457772812499998,1.4457772812499998,1.8123484713541664,1.2817174479166666,1.4462638771355416
15893,1,1.128,1.128,0.0,1.414,672,1941,135.0,1.0,1.642799616294013,1.4457772812499998,1.4457772812499998,1.8123484713541664,1.2817174479166666,1.4462638771355416
15894,1,1.128,1.128,0.0,1.414,720,1941,135.0,1.0,1.642799616294013,1.4457772812499998,1.4457772812499998,1.8123484713541664,1.2817174479166666,1.4462638771355416
15895,1,1.128,1.128,0.0,1.414,2995,1941,135.0,1.0,1.642799616294013,1.4457772812499998,1.4457772812499998,1.8123484713541664,1.2817174479166666,1.4462638771355416
15896,1,1.128,1.128,0.0,1.414,3013,1941,135.0,1.0,1.642799616294013,1.4457772812499998,1.4457772812499998,1.8123484713541664,1.2817174479166666,1.4462638771355416
15897,1,1.128,1.128,0.0,1.414,3077,1941,135.0,1.0,1.642799616294013,1.4457772812499998,1.4457772812499998,1.8123484713541664,1.2817174479166666,1.4462638771355416
15898,2,2.257,1.128,0.0,2.236,3084,1941,153.435,1.0,3.285599232588026,2.892836279947917,1.4457772812499998,2.865920213541667,1.2817174479166666,2.0453259898153786
15899,1,1.128,1.128,0.0,1.414,3097,1941,135.0,1.0,1.642799616294013,1.4457772812499998,1.4457772812499998,1.8123484713541664,1.2817174479166666,1.4462638771355416
15900,63,11.78,6.809,95.464,13.0,3411,1941,112.62,7.562,103.49637582652282,15.098631536458333,8.727214102864583,16.662326822916665,9.692347341145833,11.47936364723015
15901,1,1.128,1.128,0.0,1.414,760,1942,135.0,1.0,1.642799616294013,1.4457772812499998,1.4457772812499998,1.8123484713541664,1.2817174479166666,1.4462638771355416
15902,15,5.813,3.285,55.158,7.211,844,1948,33.69,4.919,24.641994244410196,7.450623524739583,4.2104418164062505,9.242464516927084,6.304768126302083,5.601355910367322
15903,6,4.024,1.899,173.736,4.472,878,1942,153.435,2.0,9.856797697764078,5.157631010416667,2.43398143359375,5.731840427083334,2.5634348958333333,3.5426085324013394
15904,12,5.357,2.852,132.322,5.831,889,1942,120.964,3.536,19.713595395528156,6.8661603684895836,3.6554581614583332,7.473694438802084,4.532152895833334,5.0100050327006205
15905,13,5.02,3.297,159.559,5.831,917,1943,149.036,4.0,21.35639501182217,6.434221588541666,4.22582242578125,7.473694438802084,5.126869791666667,5.214578566863546
15906,1,1.128,1.128,0.0,1.414,1575,1942,135.0,1.0,1.642799616294013,1.4457772812499998,1.4457772812499998,1.8123484713541664,1.2817174479166666,1.4462638771355416
15907,4,2.257,2.257,0.0,2.828,3130,1942,135.0,2.0,6.571198465176052,2.892836279947917,2.892836279947917,3.624696942708333,2.5634348958333333,2.892527754271083
15908,14,6.773,2.632,57.648,7.211,3170,1948,56.31,3.578,22.999194628116182,8.681072274739583,3.3734803229166666,9.242464516927084,4.585985028645833,5.411423919108519
15909,4,2.257,2.257,0.0,2.828,3182,1942,135.0,2.0,6.571198465176052,2.892836279947917,2.892836279947917,3.624696942708333,2.5634348958333333,2.892527754271083
15910,1,1.128,1.128,0.0,1.414,3331,1942,135.0,1.0,1.642799616294013,1.4457772812499998,1.4457772812499998,1.8123484713541664,1.2817174479166666,1.4462638771355416
15911,4,2.734,1.863,0.0,3.162,3390,1943,161.565,2.0,6.571198465176052,3.5042155026041666,2.38783960546875,4.0527905703125,2.5634348958333333,2.892527754271083
15912,24,7.241,4.22,88.947,8.246,3404,1942,104.036,5.918,39.42719079105631,9.280916040364582,5.408847630208333,10.569042075520834,7.585203856770834,7.085217064802679
15913,2,2.257,1.128,90.0,2.236,3760,1942,116.565,1.0,3.285599232588026,2.892836279947917,1.4457772812499998,2.865920213541667,1.2817174479166666,2.0453259898153786
15914,3,2.365,1.615,45.0,2.828,591,1945,45.0,2.0,4.928398848882039,3.0312617643229167,2.069973678385417,3.624696942708333,2.5634348958333333,2.5050025163503102
15915,4,3.192,1.596,108.435,3.606,599,1943,123.69,2.0,6.571198465176052,4.09124209375,2.045621046875,4.6218731171875,2.5634348958333333,2.892527754271083
15916,1,1.128,1.128,0.0,1.414,630,1943,135.0,1.0,1.642799616294013,1.4457772812499998,1.4457772812499998,1.8123484713541664,1.2817174479166666,1.4462638771355416
15917,5,3.144,2.025,18.435,3.606,632,1945,33.69,2.0,8.213998081470065,4.02971965625,2.59547783203125,4.6218731171875,2.5634348958333333,3.2339443426774745
15918,3,2.365,1.615,45.0,2.828,696,1945,45.0,2.0,4.928398848882039,3.0312617643229167,2.069973678385417,3.624696942708333,2.5634348958333333,2.5050025163503102
15919,3,3.385,1.128,90.0,3.162,713,1943,108.435,1.0,4.928398848882039,4.338613561197916,1.4457772812499998,4.0527905703125,1.2817174479166666,2.5050025163503102
15920,2,2.257,1.128,90.0,2.236,769,1943,116.565,1.0,3.285599232588026,2.892836279947917,1.4457772812499998,2.865920213541667,1.2817174479166666,2.0453259898153786
15921,1,1.128,1.128,0.0,1.414,2172,1943,135.0,1.0,1.642799616294013,1.4457772812499998,1.4457772812499998,1.8123484713541664,1.2817174479166666,1.4462638771355416
15922,1,1.128,1.128,0.0,1.414,2415,1943,135.0,1.0,1.642799616294013,1.4457772812499998,1.4457772812499998,1.8123484713541664,1.2817174479166666,1.4462638771355416
15923,1,1.128,1.128,0.0,1.414,2945,1943,135.0,1.0,1.642799616294013,1.4457772812499998,1.4457772812499998,1.8123484713541664,1.2817174479166666,1.4462638771355416
15924,1,1.128,1.128,0.0,1.414,2986,1943,135.0,1.0,1.642799616294013,1.4457772812499998,1.4457772812499998,1.8123484713541664,1.2817174479166666,1.4462638771355416
15925,4,3.192,1.596,71.565,3.606,2992,1946,56.31,2.0,6.571198465176052,4.09124209375,2.045621046875,4.6218731171875,2.5634348958333333,2.892527754271083
15926,1,1.128,1.128,0.0,1.414,3019,1943,135.0,1.0,1.642799616294013,1.4457772812499998,1.4457772812499998,1.8123484713541664,1.2817174479166666,1.4462638771355416
15927,7,3.507,2.542,30.473,4.243,3088,1946,45.0,3.0,11.499597314058091,4.49498308984375,3.2581257526041663,5.438327131510417,3.8451523437499997,3.826454549076717
15928,9,5.229,2.191,85.269,5.385,3092,1948,68.199,2.0,14.785196546646118,6.70210053515625,2.8082429283854164,6.90204845703125,2.5634348958333333,4.338791631406624
15929,6,3.718,2.055,126.87,4.243,3241,1943,135.0,2.683,9.856797697764078,4.765425471354167,2.63392935546875,5.438327131510417,3.4388479127604166,3.5426085324013394
15930,1,1.128,1.128,0.0,1.414,603,1944,135.0,1.0,1.642799616294013,1.4457772812499998,1.4457772812499998,1.8123484713541664,1.2817174479166666,1.4462638771355416
15931,3,2.365,1.615,45.0,2.828,692,1946,45.0,2.0,4.928398848882039,3.0312617643229167,2.069973678385417,3.624696942708333,2.5634348958333333,2.5050025163503102
15932,14,5.338,3.339,59.467,7.211,706,1950,56.31,4.0,22.999194628116182,6.841807736979167,4.27965455859375,9.242464516927084,5.126869791666667,5.411423919108519
15933,8,3.579,2.846,111.255,5.0,722,1945,143.13,4.0,13.142396930352104,4.58726674609375,3.6477678567708334,6.408587239583333,5.126869791666667,4.090651979630757
15934,4,4.514,1.128,90.0,4.123,745,1944,104.036,1.0,6.571198465176052,5.785672559895834,1.4457772812499998,5.284521037760417,1.2817174479166666,2.892527754271083
15935,34,8.032,5.39,165.31,10.817,753,1944,146.31,6.0,55.855186953996444,10.294754541666666,6.908457044270833,13.864337634114584,7.690304687499999,8.433095094829797
15936,1,1.128,1.128,0.0,1.414,939,1944,135.0,1.0,1.642799616294013,1.4457772812499998,1.4457772812499998,1.8123484713541664,1.2817174479166666,1.4462638771355416
15937,1,1.128,1.128,0.0,1.414,973,1944,135.0,1.0,1.642799616294013,1.4457772812499998,1.4457772812499998,1.8123484713541664,1.2817174479166666,1.4462638771355416
15938,3,2.365,1.615,45.0,2.828,1012,1946,45.0,2.0,4.928398848882039,3.0312617643229167,2.069973678385417,3.624696942708333,2.5634348958333333,2.5050025163503102
15939,3,2.365,1.615,135.0,2.828,3109,1944,135.0,2.0,4.928398848882039,3.0312617643229167,2.069973678385417,3.624696942708333,2.5634348958333333,2.5050025163503102
15940,3,2.365,1.615,45.0,2.828,3137,1946,45.0,2.0,4.928398848882039,3.0312617643229167,2.069973678385417,3.624696942708333,2.5634348958333333,2.5050025163503102
15941,21,6.644,4.024,15.946,8.944,3138,1948,26.565,6.0,34.49879194217427,8.515730723958333,5.157631010416667,11.463680854166668,7.690304687499999,6.627613691853932
15942,11,6.327,2.214,93.058,6.325,3154,1944,108.435,2.0,18.070795779234142,8.10942629296875,2.8377224296875,8.106862858072917,2.5634348958333333,4.796714628303253
15943,25,5.775,5.512,111.877,7.28,3273,1946,164.055,6.0,41.069990407350325,7.40191826171875,7.064826572916666,9.330903020833334,7.690304687499999,7.231319385677708
15944,56,11.134,6.404,16.047,15.0,3320,1956,53.13,10.59,91.99677851246473,14.270642065104166,8.208118536458333,19.22576171875,13.5733877734375,10.822847838217038
15945,3,2.365,1.615,135.0,2.828,3401,1944,135.0,2.0,4.928398848882039,3.0312617643229167,2.069973678385417,3.624696942708333,2.5634348958333333,2.5050025163503102
15946,1,1.128,1.128,0.0,1.414,472,1945,135.0,1.0,1.642799616294013,1.4457772812499998,1.4457772812499998,1.8123484713541664,1.2817174479166666,1.4462638771355416
15947,3,3.385,1.128,0.0,3.162,566,1945,161.565,1.0,4.928398848882039,4.338613561197916,1.4457772812499998,4.0527905703125,1.2817174479166666,2.5050025163503102
15948,3,2.365,1.615,45.0,2.828,2984,1947,45.0,2.0,4.928398848882039,3.0312617643229167,2.069973678385417,3.624696942708333,2.5634348958333333,2.5050025163503102
15949,3,2.365,1.615,45.0,2.828,3357,1947,45.0,2.0,4.928398848882039,3.0312617643229167,2.069973678385417,3.624696942708333,2.5634348958333333,2.5050025163503102
15950,34,10.107,4.283,62.005,12.042,3392,1955,48.366,6.656,55.855186953996444,12.954318246093749,5.489595829427084,15.4344415078125,8.531111333333333,8.433095094829797
15951,1,1.128,1.128,0.0,1.414,3448,1945,135.0,1.0,1.642799616294013,1.4457772812499998,1.4457772812499998,1.8123484713541664,1.2817174479166666,1.4462638771355416
15952,5,3.144,2.025,161.565,3.606,656,1946,146.31,2.0,8.213998081470065,4.02971965625,2.59547783203125,4.6218731171875,2.5634348958333333,3.2339443426774745
15953,2,2.596,0.981,135.0,2.828,703,1946,135.0,1.414,3.285599232588026,3.327338494791667,1.2573648164062499,3.624696942708333,1.8123484713541664,2.0453259898153786
15954,5,3.732,1.706,95.152,4.123,833,1946,104.036,2.0,8.213998081470065,4.783369515625,2.1866099661458334,5.284521037760417,2.5634348958333333,3.2339443426774745
15955,1,1.128,1.128,0.0,1.414,871,1946,135.0,1.0,1.642799616294013,1.4457772812499998,1.4457772812499998,1.8123484713541664,1.2817174479166666,1.4462638771355416
15956,24,6.81,4.487,131.902,9.22,3058,1946,130.601,5.657,39.42719079105631,8.7284958203125,5.751066188802083,11.817434869791667,7.250675602864583,7.085217064802679
15957,5,3.144,2.025,18.435,3.606,3083,1948,33.69,2.0,8.213998081470065,4.02971965625,2.59547783203125,4.6218731171875,2.5634348958333333,3.2339443426774745
15958,1,1.128,1.128,0.0,1.414,3216,1946,135.0,1.0,1.642799616294013,1.4457772812499998,1.4457772812499998,1.8123484713541664,1.2817174479166666,1.4462638771355416
15959,2,2.596,0.981,45.0,2.828,3310,1948,45.0,1.414,3.285599232588026,3.327338494791667,1.2573648164062499,3.624696942708333,1.8123484713541664,2.0453259898153786
15960,7,4.35,2.049,87.957,4.472,3344,1946,116.565,2.0,11.499597314058091,5.5754708984375,2.62623905078125,5.731840427083334,2.5634348958333333,3.826454549076717
15961,2,2.257,1.128,0.0,2.236,742,1947,153.435,1.0,3.285599232588026,2.892836279947917,1.4457772812499998,2.865920213541667,1.2817174479166666,2.0453259898153786
15962,1,1.128,1.128,0.0,1.414,902,1947,135.0,1.0,1.642799616294013,1.4457772812499998,1.4457772812499998,1.8123484713541664,1.2817174479166666,1.4462638771355416
15963,2,2.257,1.128,0.0,2.236,938,1947,153.435,1.0,3.285599232588026,2.892836279947917,1.4457772812499998,2.865920213541667,1.2817174479166666,2.0453259898153786
15964,1,1.128,1.128,0.0,1.414,1095,1947,135.0,1.0,1.642799616294013,1.4457772812499998,1.4457772812499998,1.8123484713541664,1.2817174479166666,1.4462638771355416
15965,8,4.85,2.1,121.968,5.657,2910,1947,135.0,3.051,13.142396930352104,6.216329622395833,2.691606640625,7.250675602864583,3.91051993359375,4.090651979630757
15966,1,1.128,1.128,0.0,1.414,3089,1947,135.0,1.0,1.642799616294013,1.4457772812499998,1.4457772812499998,1.8123484713541664,1.2817174479166666,1.4462638771355416
15967,5,3.144,2.025,108.435,3.606,3270,1947,123.69,2.0,8.213998081470065,4.02971965625,2.59547783203125,4.6218731171875,2.5634348958333333,3.2339443426774745
15968,12,6.103,2.503,60.009,7.81,3333,1953,50.194,3.9,19.713595395528156,7.822321584635416,3.208138772135417,10.010213268229165,4.998698046875,5.0100050327006205
15969,10,5.61,2.269,10.653,6.325,782,1950,18.435,3.0,16.42799616294013,7.1904348828125,2.9082168893229166,8.106862858072917,3.8451523437499997,4.573487949374228
15970,1,1.128,1.128,0.0,1.414,1081,1948,135.0,1.0,1.642799616294013,1.4457772812499998,1.4457772812499998,1.8123484713541664,1.2817174479166666,1.4462638771355416
15971,2,2.257,1.128,90.0,2.236,2915,1948,116.565,1.0,3.285599232588026,2.892836279947917,1.4457772812499998,2.865920213541667,1.2817174479166666,2.0453259898153786
15972,2,2.257,1.128,90.0,2.236,2985,1948,116.565,1.0,3.285599232588026,2.892836279947917,1.4457772812499998,2.865920213541667,1.2817174479166666,2.0453259898153786
15973,1,1.128,1.128,0.0,1.414,3032,1948,135.0,1.0,1.642799616294013,1.4457772812499998,1.4457772812499998,1.8123484713541664,1.2817174479166666,1.4462638771355416
15974,14,4.903,3.635,70.617,5.831,3160,1953,59.036,4.0,22.999194628116182,6.284260647135416,4.659042923177083,7.473694438802084,5.126869791666667,5.411423919108519
15975,4,3.192,1.596,161.565,3.606,3188,1948,146.31,2.0,6.571198465176052,4.09124209375,2.045621046875,4.6218731171875,2.5634348958333333,2.892527754271083
15976,3,3.385,1.128,90.0,3.162,3235,1948,108.435,1.0,4.928398848882039,4.338613561197916,1.4457772812499998,4.0527905703125,1.2817174479166666,2.5050025163503102
15977,4,3.192,1.596,18.435,3.606,3340,1950,33.69,2.0,6.571198465176052,4.09124209375,2.045621046875,4.6218731171875,2.5634348958333333,2.892527754271083
15978,9,4.196,2.731,83.953,4.472,3366,1948,116.565,3.0,14.785196546646118,5.378086411458333,3.5003703502604164,5.731840427083334,3.8451523437499997,4.338791631406624
15979,2,2.257,1.128,90.0,2.236,3383,1948,116.565,1.0,3.285599232588026,2.892836279947917,1.4457772812499998,2.865920213541667,1.2817174479166666,2.0453259898153786
15980,2,2.257,1.128,0.0,2.236,646,1949,153.435,1.0,3.285599232588026,2.892836279947917,1.4457772812499998,2.865920213541667,1.2817174479166666,2.0453259898153786
15981,13,5.103,3.244,21.405,6.708,675,1954,26.565,4.642,21.35639501182217,6.540604136718749,4.157891401041667,8.597760640625,5.949732393229167,5.214578566863546
15982,1,1.128,1.128,0.0,1.414,690,1949,135.0,1.0,1.642799616294013,1.4457772812499998,1.4457772812499998,1.8123484713541664,1.2817174479166666,1.4462638771355416
15983,10,5.624,2.264,55.305,6.403,794,1954,51.34,3.328,16.42799616294013,7.2083789270833325,2.901808302083333,8.206836819010416,4.265555666666667,4.573487949374228
15984,1,1.128,1.128,0.0,1.414,1203,1949,135.0,1.0,1.642799616294013,1.4457772812499998,1.4457772812499998,1.8123484713541664,1.2817174479166666,1.4462638771355416
15985,1,1.128,1.128,0.0,1.414,1326,1949,135.0,1.0,1.642799616294013,1.4457772812499998,1.4457772812499998,1.8123484713541664,1.2817174479166666,1.4462638771355416
15986,4,4.514,1.128,0.0,4.123,3120,1949,165.964,1.0,6.571198465176052,5.785672559895834,1.4457772812499998,5.284521037760417,1.2817174479166666,2.892527754271083
15987,2,2.257,1.128,0.0,2.236,3128,1949,153.435,1.0,3.285599232588026,2.892836279947917,1.4457772812499998,2.865920213541667,1.2817174479166666,2.0453259898153786
15988,25,6.928,4.594,90.0,9.434,3217,1957,57.995,6.0,41.069990407350325,8.879738479166667,5.888209955729167,12.091722403645832,7.690304687499999,7.231319385677708
15989,42,8.875,6.026,28.503,11.402,3290,1956,37.875,7.0,68.99758388434854,11.375242350260416,7.723629341145833,14.614142341145833,8.972022135416667,9.372861169189449
15990,9,4.563,2.511,26.565,5.0,668,1953,36.87,3.0,14.785196546646118,5.848476714843749,3.21839251171875,6.408587239583333,3.8451523437499997,4.338791631406624
15991,5,3.144,2.025,108.435,3.606,682,1950,123.69,2.0,8.213998081470065,4.02971965625,2.59547783203125,4.6218731171875,2.5634348958333333,3.2339443426774745
15992,1,1.128,1.128,0.0,1.414,701,1950,135.0,1.0,1.642799616294013,1.4457772812499998,1.4457772812499998,1.8123484713541664,1.2817174479166666,1.4462638771355416
15993,39,8.535,5.818,158.638,10.0,748,1950,143.13,6.957,64.0691850354665,10.93945841796875,7.457032111979166,12.817174479166667,8.91690828515625,9.031915017867364
15994,7,3.772,2.363,45.0,4.243,2938,1953,45.0,2.828,11.499597314058091,4.834638213541666,3.0286983294270833,5.438327131510417,3.624696942708333,3.826454549076717
15995,1,1.128,1.128,0.0,1.414,2967,1950,135.0,1.0,1.642799616294013,1.4457772812499998,1.4457772812499998,1.8123484713541664,1.2817174479166666,1.4462638771355416
15996,1,1.128,1.128,0.0,1.414,3003,1950,135.0,1.0,1.642799616294013,1.4457772812499998,1.4457772812499998,1.8123484713541664,1.2817174479166666,1.4462638771355416
15997,5,3.144,2.025,18.435,3.606,3071,1952,33.69,2.0,8.213998081470065,4.02971965625,2.59547783203125,4.6218731171875,2.5634348958333333,3.2339443426774745
15998,18,6.283,3.648,133.788,8.485,3262,1950,135.0,5.199,29.570393093292235,8.053030725260417,4.67570525,10.875372545572915,6.66364901171875,6.135977969446135
15999,5,4.076,1.562,110.994,4.472,3280,1950,116.565,2.0,8.213998081470065,5.224280317708333,2.0020426536458333,5.731840427083334,2.5634348958333333,3.2339443426774745
16000,13,5.621,2.945,146.625,6.403,3434,1950,128.66,3.883,21.35639501182217,7.204533774739584,3.7746578841145833,8.206836819010416,4.976908850260417,5.214578566863546
16001,1,1.128,1.128,0.0,1.414,67,1951,135.0,1.0,1.642799616294013,1.4457772812499998,1.4457772812499998,1.8123484713541664,1.2817174479166666,1.4462638771355416
16002,212,17.791,15.172,178.646,26.926,640,1966,31.329,18.729,348.27351865433076,22.803035115885418,19.446217119791665,34.51152400260416,24.005286082031247,21.057919908887282
16003,11,4.619,3.032,98.825,6.325,708,1951,108.435,4.0,18.070795779234142,5.920252891927083,3.8861673020833334,8.106862858072917,5.126869791666667,4.796714628303253
16004,6,5.208,1.467,82.534,5.385,2890,1956,68.199,2.0,9.856797697764078,6.67518446875,1.8802794960937501,6.90204845703125,2.5634348958333333,3.5426085324013394
16005,2,2.257,1.128,0.0,2.236,2908,1951,153.435,1.0,3.285599232588026,2.892836279947917,1.4457772812499998,2.865920213541667,1.2817174479166666,2.0453259898153786
16006,3,2.365,1.615,45.0,2.828,3030,1953,45.0,2.0,4.928398848882039,3.0312617643229167,2.069973678385417,3.624696942708333,2.5634348958333333,2.5050025163503102
16007,7,3.507,2.542,59.527,4.243,3176,1954,45.0,3.0,11.499597314058091,4.49498308984375,3.2581257526041663,5.438327131510417,3.8451523437499997,3.826454549076717
16008,45,8.447,6.783,179.244,11.18,3201,1956,10.305,9.0,73.92598273323058,10.826667282552082,8.69388944921875,14.329601067708333,11.535457031249999,9.701833028032423
16009,1,1.128,1.128,0.0,1.414,3340,1951,135.0,1.0,1.642799616294013,1.4457772812499998,1.4457772812499998,1.8123484713541664,1.2817174479166666,1.4462638771355416
16010,2,2.257,1.128,0.0,2.236,3342,1951,153.435,1.0,3.285599232588026,2.892836279947917,1.4457772812499998,2.865920213541667,1.2817174479166666,2.0453259898153786
16011,18,5.974,3.836,82.305,6.708,633,1958,63.435,4.0,29.570393093292235,7.6569800338541665,4.9166681302083335,8.597760640625,5.126869791666667,6.135977969446135
16012,12,6.046,2.527,155.753,6.708,638,1953,153.435,3.343,19.713595395528156,7.749263690104167,3.238899990885417,8.597760640625,4.284781428385417,5.0100050327006205
16013,4,2.257,2.257,0.0,2.828,698,1952,135.0,2.0,6.571198465176052,2.892836279947917,2.892836279947917,3.624696942708333,2.5634348958333333,2.892527754271083
16014,3,2.365,1.615,135.0,2.828,718,1952,135.0,2.0,4.928398848882039,3.0312617643229167,2.069973678385417,3.624696942708333,2.5634348958333333,2.5050025163503102
16015,25,7.126,4.467,96.141,8.944,770,1952,116.565,5.687,41.069990407350325,9.133518533854167,5.72543183984375,11.463680854166668,7.289127126302083,7.231319385677708
16016,5,3.144,2.025,108.435,3.606,776,1952,123.69,2.0,8.213998081470065,4.02971965625,2.59547783203125,4.6218731171875,2.5634348958333333,3.2339443426774745
16017,6,3.718,2.055,126.87,4.243,784,1952,135.0,2.683,9.856797697764078,4.765425471354167,2.63392935546875,5.438327131510417,3.4388479127604166,3.5426085324013394
16018,2,2.257,1.128,0.0,2.236,809,1952,153.435,1.0,3.285599232588026,2.892836279947917,1.4457772812499998,2.865920213541667,1.2817174479166666,2.0453259898153786
16019,9,3.923,2.921,11.981,4.472,844,1953,153.435,3.0,14.785196546646118,5.028177548177084,3.743896665364583,5.731840427083334,3.8451523437499997,4.338791631406624
16020,2,2.257,1.128,0.0,2.236,2084,1952,153.435,1.0,3.285599232588026,2.892836279947917,1.4457772812499998,2.865920213541667,1.2817174479166666,2.0453259898153786
16021,4,2.257,2.257,0.0,2.828,2958,1952,135.0,2.0,6.571198465176052,2.892836279947917,2.892836279947917,3.624696942708333,2.5634348958333333,2.892527754271083
16022,4,3.192,1.596,161.565,3.606,3087,1952,146.31,2.0,6.571198465176052,4.09124209375,2.045621046875,4.6218731171875,2.5634348958333333,2.892527754271083
16023,1,1.128,1.128,0.0,1.414,3105,1952,135.0,1.0,1.642799616294013,1.4457772812499998,1.4457772812499998,1.8123484713541664,1.2817174479166666,1.4462638771355416
16024,4,2.257,2.257,0.0,2.828,3148,1952,135.0,2.0,6.571198465176052,2.892836279947917,2.892836279947917,3.624696942708333,2.5634348958333333,2.892527754271083
16025,1,1.128,1.128,0.0,1.414,3181,1952,135.0,1.0,1.642799616294013,1.4457772812499998,1.4457772812499998,1.8123484713541664,1.2817174479166666,1.4462638771355416
16026,6,3.7,2.065,56.599,4.472,3228,1956,63.435,2.828,9.856797697764078,4.742354557291667,2.6467465299479165,5.731840427083334,3.624696942708333,3.5426085324013394
16027,26,6.914,4.788,39.595,7.81,3302,1958,39.806,6.0,42.71279002364434,8.861794434895833,6.1368631406250005,10.010213268229165,7.690304687499999,7.374527731318484
16028,5,4.183,1.522,169.099,4.472,3345,1952,153.435,2.0,8.213998081470065,5.361424084635416,1.9507739557291666,5.731840427083334,2.5634348958333333,3.2339443426774745
16029,3,2.365,1.615,45.0,2.828,3372,1954,45.0,2.0,4.928398848882039,3.0312617643229167,2.069973678385417,3.624696942708333,2.5634348958333333,2.5050025163503102
16030,4,2.257,2.257,0.0,2.828,3386,1952,135.0,2.0,6.571198465176052,2.892836279947917,2.892836279947917,3.624696942708333,2.5634348958333333,2.892527754271083
16031,7,3.987,2.235,45.0,4.472,3404,1955,26.565,2.828,11.499597314058091,5.11020746484375,2.86463849609375,5.731840427083334,3.624696942708333,3.826454549076717
16032,1,1.128,1.128,0.0,1.414,672,1953,135.0,1.0,1.642799616294013,1.4457772812499998,1.4457772812499998,1.8123484713541664,1.2817174479166666,1.4462638771355416
16033,1,1.128,1.128,0.0,1.414,973,1953,135.0,1.0,1.642799616294013,1.4457772812499998,1.4457772812499998,1.8123484713541664,1.2817174479166666,1.4462638771355416
16034,2,2.257,1.128,0.0,2.236,2492,1953,153.435,1.0,3.285599232588026,2.892836279947917,1.4457772812499998,2.865920213541667,1.2817174479166666,2.0453259898153786
16035,1,1.128,1.128,0.0,1.414,3145,1953,135.0,1.0,1.642799616294013,1.4457772812499998,1.4457772812499998,1.8123484713541664,1.2817174479166666,1.4462638771355416
16036,22,7.529,3.72,12.215,9.22,3163,1953,167.471,5.0,36.141591558468285,9.650050665364583,4.76798890625,11.817434869791667,6.408587239583333,6.78357888217988
16037,1,1.128,1.128,0.0,1.414,3355,1953,135.0,1.0,1.642799616294013,1.4457772812499998,1.4457772812499998,1.8123484713541664,1.2817174479166666,1.4462638771355416
16038,4,2.734,1.863,90.0,3.162,609,1954,108.435,2.0,6.571198465176052,3.5042155026041666,2.38783960546875,4.0527905703125,2.5634348958333333,2.892527754271083
16039,1,1.128,1.128,0.0,1.414,759,1954,135.0,1.0,1.642799616294013,1.4457772812499998,1.4457772812499998,1.8123484713541664,1.2817174479166666,1.4462638771355416
16040,30,8.007,4.771,104.666,10.77,790,1954,111.801,7.0,49.28398848882039,10.26271160546875,6.115073944010416,13.8040969140625,8.972022135416667,7.921513496120161
16041,2,2.257,1.128,90.0,2.236,2984,1954,116.565,1.0,3.285599232588026,2.892836279947917,1.4457772812499998,2.865920213541667,1.2817174479166666,2.0453259898153786
16042,4,3.216,1.583,58.283,3.606,3048,1957,56.31,2.0,6.571198465176052,4.1220033125,2.028958720052083,4.6218731171875,2.5634348958333333,2.892527754271083
16043,3,2.365,1.615,45.0,2.828,3106,1956,45.0,2.0,4.928398848882039,3.0312617643229167,2.069973678385417,3.624696942708333,2.5634348958333333,2.5050025163503102
16044,21,6.273,4.262,126.972,7.81,3186,1955,140.194,5.367,34.49879194217427,8.04021355078125,5.462679763020833,10.010213268229165,6.87897754296875,6.627613691853932
16045,1,1.128,1.128,0.0,1.414,3245,1954,135.0,1.0,1.642799616294013,1.4457772812499998,1.4457772812499998,1.8123484713541664,1.2817174479166666,1.4462638771355416
16046,3,2.365,1.615,135.0,2.828,3344,1954,135.0,2.0,4.928398848882039,3.0312617643229167,2.069973678385417,3.624696942708333,2.5634348958333333,2.5050025163503102
16047,8,3.978,2.56,155.593,4.472,3362,1954,153.435,3.0,13.142396930352104,5.0986720078125005,3.2811966666666668,5.731840427083334,3.8451523437499997,4.090651979630757
16048,15,6.072,3.145,113.487,7.211,3376,1954,123.69,4.0,24.641994244410196,7.78258834375,4.031001373697917,9.242464516927084,5.126869791666667,5.601355910367322
16049,2,2.257,1.128,90.0,2.236,3379,1954,116.565,1.0,3.285599232588026,2.892836279947917,1.4457772812499998,2.865920213541667,1.2817174479166666,2.0453259898153786
16050,2,2.596,0.981,135.0,2.828,698,1955,135.0,1.414,3.285599232588026,3.327338494791667,1.2573648164062499,3.624696942708333,1.8123484713541664,2.0453259898153786
16051,8,4.712,2.162,153.435,5.0,938,1955,143.13,2.683,13.142396930352104,6.0394526145833325,2.7710731223958334,6.408587239583333,3.4388479127604166,4.090651979630757
16052,4,3.192,1.596,108.435,3.606,2836,1955,123.69,2.0,6.571198465176052,4.09124209375,2.045621046875,4.6218731171875,2.5634348958333333,2.892527754271083
16053,1,1.128,1.128,0.0,1.414,2923,1955,135.0,1.0,1.642799616294013,1.4457772812499998,1.4457772812499998,1.8123484713541664,1.2817174479166666,1.4462638771355416
16054,2,2.596,0.981,45.0,2.828,446,1958,45.0,1.414,3.285599232588026,3.327338494791667,1.2573648164062499,3.624696942708333,1.8123484713541664,2.0453259898153786
16055,3,2.365,1.615,45.0,2.828,822,1958,45.0,2.0,4.928398848882039,3.0312617643229167,2.069973678385417,3.624696942708333,2.5634348958333333,2.5050025163503102
16056,3,2.365,1.615,45.0,2.828,846,1958,45.0,2.0,4.928398848882039,3.0312617643229167,2.069973678385417,3.624696942708333,2.5634348958333333,2.5050025163503102
16057,6,3.385,2.257,90.0,3.606,898,1956,123.69,2.0,9.856797697764078,4.338613561197916,2.892836279947917,4.6218731171875,2.5634348958333333,3.5426085324013394
16058,2,2.257,1.128,90.0,2.236,935,1956,116.565,1.0,3.285599232588026,2.892836279947917,1.4457772812499998,2.865920213541667,1.2817174479166666,2.0453259898153786
16059,2,2.257,1.128,90.0,2.236,3122,1956,116.565,1.0,3.285599232588026,2.892836279947917,1.4457772812499998,2.865920213541667,1.2817174479166666,2.0453259898153786
16060,3,2.365,1.615,135.0,2.828,3251,1956,135.0,2.0,4.928398848882039,3.0312617643229167,2.069973678385417,3.624696942708333,2.5634348958333333,2.5050025163503102
16061,11,4.817,2.908,103.666,6.403,3282,1957,128.66,4.0,18.070795779234142,6.174032946614584,3.7272343385416664,8.206836819010416,5.126869791666667,4.796714628303253
16062,27,7.989,4.303,72.162,8.944,3310,1964,63.435,6.0,44.35558963993835,10.23964069140625,5.5152301783854165,11.463680854166668,7.690304687499999,7.515007549050931
16063,197,18.163,13.81,177.142,22.472,3376,1962,159.146,17.138,323.6315244099206,23.279834006510416,17.70051795572917,28.802754489583336,21.966073622395836,20.299280845746836
16064,9,4.436,2.583,138.17,5.657,3398,1956,135.0,3.536,14.785196546646118,5.685698598958333,3.31067616796875,7.250675602864583,4.532152895833334,4.338791631406624
16065,2,2.257,1.128,0.0,2.236,499,1957,153.435,1.0,3.285599232588026,2.892836279947917,1.4457772812499998,2.865920213541667,1.2817174479166666,2.0453259898153786
16066,1,1.128,1.128,0.0,1.414,675,1957,135.0,1.0,1.642799616294013,1.4457772812499998,1.4457772812499998,1.8123484713541664,1.2817174479166666,1.4462638771355416
16067,9,6.145,1.865,135.0,7.071,785,1957,135.0,2.828,14.785196546646118,7.876153717447916,2.3904030403645833,9.063024074218749,3.624696942708333,4.338791631406624
16068,1,1.128,1.128,0.0,1.414,2711,1957,135.0,1.0,1.642799616294013,1.4457772812499998,1.4457772812499998,1.8123484713541664,1.2817174479166666,1.4462638771355416
16069,12,4.282,3.568,118.155,5.385,2758,1957,111.801,4.0,19.713595395528156,5.488314111979166,4.573167854166667,6.90204845703125,5.126869791666667,5.0100050327006205
16070,1,1.128,1.128,0.0,1.414,3297,1957,135.0,1.0,1.642799616294013,1.4457772812499998,1.4457772812499998,1.8123484713541664,1.2817174479166666,1.4462638771355416
16071,8,3.961,2.571,82.204,4.472,504,1958,116.565,3.0,13.142396930352104,5.076882811197916,3.2952955585937502,5.731840427083334,3.8451523437499997,4.090651979630757
16072,1,1.128,1.128,0.0,1.414,608,1958,135.0,1.0,1.642799616294013,1.4457772812499998,1.4457772812499998,1.8123484713541664,1.2817174479166666,1.4462638771355416
16073,17,6.385,3.39,177.725,7.616,675,1959,156.801,4.0,27.927593476998222,8.183765904947917,4.3450221484375,9.761560083333332,5.126869791666667,5.963098727945161
16074,2,2.257,1.128,90.0,2.236,911,1958,116.565,1.0,3.285599232588026,2.892836279947917,1.4457772812499998,2.865920213541667,1.2817174479166666,2.0453259898153786
16075,1,1.128,1.128,0.0,1.414,927,1958,135.0,1.0,1.642799616294013,1.4457772812499998,1.4457772812499998,1.8123484713541664,1.2817174479166666,1.4462638771355416
16076,2,2.257,1.128,90.0,2.236,929,1958,116.565,1.0,3.285599232588026,2.892836279947917,1.4457772812499998,2.865920213541667,1.2817174479166666,2.0453259898153786
16077,1,1.128,1.128,0.0,1.414,977,1958,135.0,1.0,1.642799616294013,1.4457772812499998,1.4457772812499998,1.8123484713541664,1.2817174479166666,1.4462638771355416
16078,10,6.795,1.874,119.561,7.211,2950,1958,123.69,2.683,16.42799616294013,8.70927005859375,2.4019384973958333,9.242464516927084,3.4388479127604166,4.573487949374228
16079,3,3.213,1.189,28.155,3.606,3041,1960,33.69,1.789,4.928398848882039,4.11815816015625,1.5239620455729168,4.6218731171875,2.2929925143229166,2.5050025163503102
16080,1,1.128,1.128,0.0,1.414,3227,1958,135.0,1.0,1.642799616294013,1.4457772812499998,1.4457772812499998,1.8123484713541664,1.2817174479166666,1.4462638771355416
16081,19,8.692,2.783,123.332,10.0,3334,1958,126.87,4.438,31.21319270958625,11.140688057291667,3.567019657552083,12.817174479166667,5.6882620338541665,6.304118086127151
16082,2,2.257,1.128,0.0,2.236,3342,1958,153.435,1.0,3.285599232588026,2.892836279947917,1.4457772812499998,2.865920213541667,1.2817174479166666,2.0453259898153786
16083,1,1.128,1.128,0.0,1.414,3439,1958,135.0,1.0,1.642799616294013,1.4457772812499998,1.4457772812499998,1.8123484713541664,1.2817174479166666,1.4462638771355416
16084,1,1.128,1.128,0.0,1.414,626,1959,135.0,1.0,1.642799616294013,1.4457772812499998,1.4457772812499998,1.8123484713541664,1.2817174479166666,1.4462638771355416
16085,1,1.128,1.128,0.0,1.414,908,1959,135.0,1.0,1.642799616294013,1.4457772812499998,1.4457772812499998,1.8123484713541664,1.2817174479166666,1.4462638771355416
16086,1,1.128,1.128,0.0,1.414,1002,1959,135.0,1.0,1.642799616294013,1.4457772812499998,1.4457772812499998,1.8123484713541664,1.2817174479166666,1.4462638771355416
16087,1,1.128,1.128,0.0,1.414,1303,1959,135.0,1.0,1.642799616294013,1.4457772812499998,1.4457772812499998,1.8123484713541664,1.2817174479166666,1.4462638771355416
16088,12,5.773,2.646,2.849,7.28,2763,1959,164.055,4.0,19.713595395528156,7.399354826822916,3.3914243671874997,9.330903020833334,5.126869791666667,5.0100050327006205
16089,1,1.128,1.128,0.0,1.414,3049,1959,135.0,1.0,1.642799616294013,1.4457772812499998,1.4457772812499998,1.8123484713541664,1.2817174479166666,1.4462638771355416
16090,1,1.128,1.128,0.0,1.414,3151,1959,135.0,1.0,1.642799616294013,1.4457772812499998,1.4457772812499998,1.8123484713541664,1.2817174479166666,1.4462638771355416
16091,2,2.257,1.128,0.0,2.236,3166,1959,153.435,1.0,3.285599232588026,2.892836279947917,1.4457772812499998,2.865920213541667,1.2817174479166666,2.0453259898153786
16092,3,3.385,1.128,0.0,3.162,3197,1959,161.565,1.0,4.928398848882039,4.338613561197916,1.4457772812499998,4.0527905703125,1.2817174479166666,2.5050025163503102
16093,13,7.381,2.243,172.921,8.544,3222,1959,159.444,3.0,21.35639501182217,9.460356483072918,2.874892235677083,10.950993875,3.8451523437499997,5.214578566863546
16094,3,2.365,1.615,135.0,2.828,593,1960,135.0,2.0,4.928398848882039,3.0312617643229167,2.069973678385417,3.624696942708333,2.5634348958333333,2.5050025163503102
16095,3,3.385,1.128,90.0,3.162,601,1960,108.435,1.0,4.928398848882039,4.338613561197916,1.4457772812499998,4.0527905703125,1.2817174479166666,2.5050025163503102
16096,4,2.257,2.257,0.0,2.828,666,1960,135.0,2.0,6.571198465176052,2.892836279947917,2.892836279947917,3.624696942708333,2.5634348958333333,2.892527754271083
16097,8,4.351,2.341,45.0,5.0,800,1964,36.87,3.328,13.142396930352104,5.576752615885416,3.000500545572917,6.408587239583333,4.265555666666667,4.090651979630757
16098,2,2.257,1.128,0.0,2.236,846,1960,153.435,1.0,3.285599232588026,2.892836279947917,1.4457772812499998,2.865920213541667,1.2817174479166666,2.0453259898153786
16099,1,1.128,1.128,0.0,1.414,1067,1960,135.0,1.0,1.642799616294013,1.4457772812499998,1.4457772812499998,1.8123484713541664,1.2817174479166666,1.4462638771355416
16100,5,3.144,2.025,18.435,3.606,3341,1962,33.69,2.0,8.213998081470065,4.02971965625,2.59547783203125,4.6218731171875,2.5634348958333333,3.2339443426774745
16101,1,1.128,1.128,0.0,1.414,3353,1960,135.0,1.0,1.642799616294013,1.4457772812499998,1.4457772812499998,1.8123484713541664,1.2817174479166666,1.4462638771355416
16102,3,3.213,1.189,61.845,3.606,614,1964,56.31,1.789,4.928398848882039,4.11815816015625,1.5239620455729168,4.6218731171875,2.2929925143229166,2.5050025163503102
16103,1,1.128,1.128,0.0,1.414,635,1961,135.0,1.0,1.642799616294013,1.4457772812499998,1.4457772812499998,1.8123484713541664,1.2817174479166666,1.4462638771355416
16104,2,2.257,1.128,90.0,2.236,711,1961,116.565,1.0,3.285599232588026,2.892836279947917,1.4457772812499998,2.865920213541667,1.2817174479166666,2.0453259898153786
16105,1,1.128,1.128,0.0,1.414,713,1961,135.0,1.0,1.642799616294013,1.4457772812499998,1.4457772812499998,1.8123484713541664,1.2817174479166666,1.4462638771355416
16106,6,3.988,1.916,108.435,4.472,738,1961,116.565,2.0,9.856797697764078,5.111489182291667,2.4557706302083333,5.731840427083334,2.5634348958333333,3.5426085324013394
16107,3,3.213,1.189,28.155,3.606,997,1963,33.69,1.789,4.928398848882039,4.11815816015625,1.5239620455729168,4.6218731171875,2.2929925143229166,2.5050025163503102
16108,1,1.128,1.128,0.0,1.414,1033,1961,135.0,1.0,1.642799616294013,1.4457772812499998,1.4457772812499998,1.8123484713541664,1.2817174479166666,1.4462638771355416
16109,4,3.192,1.596,71.565,3.606,2862,1964,56.31,2.0,6.571198465176052,4.09124209375,2.045621046875,4.6218731171875,2.5634348958333333,2.892527754271083
16110,1,1.128,1.128,0.0,1.414,2894,1961,135.0,1.0,1.642799616294013,1.4457772812499998,1.4457772812499998,1.8123484713541664,1.2817174479166666,1.4462638771355416
16111,1,1.128,1.128,0.0,1.414,2921,1961,135.0,1.0,1.642799616294013,1.4457772812499998,1.4457772812499998,1.8123484713541664,1.2817174479166666,1.4462638771355416
16112,2,2.257,1.128,0.0,2.236,3050,1961,153.435,1.0,3.285599232588026,2.892836279947917,1.4457772812499998,2.865920213541667,1.2817174479166666,2.0453259898153786
16113,8,5.163,1.973,164.644,5.385,3157,1962,158.199,2.53,13.142396930352104,6.61750718359375,2.528828524739583,6.90204845703125,3.2427451432291665,4.090651979630757
16114,38,7.48,6.468,6.599,13.454,3173,1972,41.987,10.955,62.4263854191725,9.587246510416668,8.290148453125,17.244226544270834,14.041214641927084,8.915369296202536
16115,7,3.772,2.363,45.0,4.243,3184,1964,45.0,2.828,11.499597314058091,4.834638213541666,3.0286983294270833,5.438327131510417,3.624696942708333,3.826454549076717
16116,25,7.047,4.517,151.073,7.616,673,1963,156.801,5.367,41.069990407350325,9.03226285546875,5.789517712239584,9.761560083333332,6.87897754296875,7.231319385677708
16117,10,4.111,3.097,90.0,4.472,732,1962,116.565,3.0,16.42799616294013,5.269140428385416,3.9694789361979166,5.731840427083334,3.8451523437499997,4.573487949374228
16118,49,8.638,7.223,147.675,10.77,748,1962,111.801,8.433,80.49718119840664,11.071475315104166,9.257845126302083,13.8040969140625,10.80872323828125,10.12384713994879
16119,27,9.205,3.735,66.784,11.662,764,1972,59.036,6.788,44.35558963993835,11.798209108072916,4.78721466796875,14.947388877604167,8.700298036458333,7.515007549050931
16120,1,1.128,1.128,0.0,1.414,783,1962,135.0,1.0,1.642799616294013,1.4457772812499998,1.4457772812499998,1.8123484713541664,1.2817174479166666,1.4462638771355416
16121,3,2.365,1.615,135.0,2.828,846,1962,135.0,2.0,4.928398848882039,3.0312617643229167,2.069973678385417,3.624696942708333,2.5634348958333333,2.5050025163503102
16122,1,1.128,1.128,0.0,1.414,3115,1962,135.0,1.0,1.642799616294013,1.4457772812499998,1.4457772812499998,1.8123484713541664,1.2817174479166666,1.4462638771355416
16123,9,4.196,2.731,83.953,4.472,3122,1962,116.565,3.0,14.785196546646118,5.378086411458333,3.5003703502604164,5.731840427083334,3.8451523437499997,4.338791631406624
16124,5,3.144,2.025,108.435,3.606,3134,1962,123.69,2.0,8.213998081470065,4.02971965625,2.59547783203125,4.6218731171875,2.5634348958333333,3.2339443426774745
16125,14,4.264,4.181,90.0,5.0,3203,1962,126.87,4.0,22.999194628116182,5.465243197916667,5.358860649739583,6.408587239583333,5.126869791666667,5.411423919108519
16126,7,5.155,1.729,99.615,5.385,3220,1962,111.801,2.0,11.499597314058091,6.607253444010417,2.2160894674479166,6.90204845703125,2.5634348958333333,3.826454549076717
16127,74,13.574,6.941,141.599,15.62,3242,1962,129.806,10.286,121.56717160575697,17.398032638020833,8.896400805989582,20.02042653645833,13.183745669270833,12.441232293094101
16128,1,1.128,1.128,0.0,1.414,3251,1962,135.0,1.0,1.642799616294013,1.4457772812499998,1.4457772812499998,1.8123484713541664,1.2817174479166666,1.4462638771355416
16129,3,3.385,1.128,90.0,3.162,3277,1962,108.435,1.0,4.928398848882039,4.338613561197916,1.4457772812499998,4.0527905703125,1.2817174479166666,2.5050025163503102
16130,2,2.257,1.128,90.0,2.236,3495,1962,116.565,1.0,3.285599232588026,2.892836279947917,1.4457772812499998,2.865920213541667,1.2817174479166666,2.0453259898153786
16131,2,2.257,1.128,0.0,2.236,31,1963,153.435,1.0,3.285599232588026,2.892836279947917,1.4457772812499998,2.865920213541667,1.2817174479166666,2.0453259898153786
16132,1,1.128,1.128,0.0,1.414,507,1963,135.0,1.0,1.642799616294013,1.4457772812499998,1.4457772812499998,1.8123484713541664,1.2817174479166666,1.4462638771355416
16133,4,2.734,1.863,0.0,3.162,554,1963,161.565,2.0,6.571198465176052,3.5042155026041666,2.38783960546875,4.0527905703125,2.5634348958333333,2.892527754271083
16134,1,1.128,1.128,0.0,1.414,590,1963,135.0,1.0,1.642799616294013,1.4457772812499998,1.4457772812499998,1.8123484713541664,1.2817174479166666,1.4462638771355416
16135,2,2.257,1.128,90.0,2.236,609,1963,116.565,1.0,3.285599232588026,2.892836279947917,1.4457772812499998,2.865920213541667,1.2817174479166666,2.0453259898153786
16136,1,1.128,1.128,0.0,1.414,628,1963,135.0,1.0,1.642799616294013,1.4457772812499998,1.4457772812499998,1.8123484713541664,1.2817174479166666,1.4462638771355416
16137,6,4.633,1.649,140.31,5.0,721,1963,143.13,2.121,9.856797697764078,5.938196936197917,2.1135520716145835,6.408587239583333,2.71852270703125,3.5426085324013394
16138,57,13.157,5.516,153.736,15.811,2763,1964,161.565,7.488,93.63957812875874,16.863556462239583,7.069953442708333,20.265234569010417,9.59750025,10.919052822086096
16139,1,1.128,1.128,0.0,1.414,2860,1963,135.0,1.0,1.642799616294013,1.4457772812499998,1.4457772812499998,1.8123484713541664,1.2817174479166666,1.4462638771355416
16140,2,2.257,1.128,90.0,2.236,3329,1963,116.565,1.0,3.285599232588026,2.892836279947917,1.4457772812499998,2.865920213541667,1.2817174479166666,2.0453259898153786
16141,1,1.128,1.128,0.0,1.414,3728,1963,135.0,1.0,1.642799616294013,1.4457772812499998,1.4457772812499998,1.8123484713541664,1.2817174479166666,1.4462638771355416
16142,5,3.144,2.025,71.565,3.606,856,1967,56.31,2.0,8.213998081470065,4.02971965625,2.59547783203125,4.6218731171875,2.5634348958333333,3.2339443426774745
16143,7,4.154,2.146,98.35,4.472,904,1964,116.565,2.0,11.499597314058091,5.324254278645833,2.7505656432291663,5.731840427083334,2.5634348958333333,3.826454549076717
16144,3,3.969,0.963,45.0,4.243,3005,1967,45.0,1.414,4.928398848882039,5.08713655078125,1.23429390234375,5.438327131510417,1.8123484713541664,2.5050025163503102
16145,2,2.257,1.128,90.0,2.236,3115,1964,116.565,1.0,3.285599232588026,2.892836279947917,1.4457772812499998,2.865920213541667,1.2817174479166666,2.0453259898153786
16146,29,10.709,3.448,157.728,12.207,3156,1964,145.008,4.916,47.64118887252638,13.725912149739582,4.419361760416667,15.64592488671875,6.3009229739583335,7.788369332980218
16147,3,2.365,1.615,135.0,2.828,3274,1964,135.0,2.0,4.928398848882039,3.0312617643229167,2.069973678385417,3.624696942708333,2.5634348958333333,2.5050025163503102
16148,37,11.446,4.116,75.899,13.0,3291,1976,67.38,5.64,60.783585802878484,14.670537908854167,5.275549015625,16.662326822916665,7.228886406249999,8.7972797207639
16149,55,9.6,7.294,49.23,13.416,3308,1972,26.565,10.413,90.35397889617072,12.304487499999999,9.348847065104167,17.19552128125,13.34652378515625,10.72577997755371
16150,2,2.257,1.128,0.0,2.236,10,1965,153.435,1.0,3.285599232588026,2.892836279947917,1.4457772812499998,2.865920213541667,1.2817174479166666,2.0453259898153786
16151,1,1.128,1.128,0.0,1.414,643,1965,135.0,1.0,1.642799616294013,1.4457772812499998,1.4457772812499998,1.8123484713541664,1.2817174479166666,1.4462638771355416
16152,6,4.134,1.848,102.933,4.472,777,1965,116.565,2.0,9.856797697764078,5.298619929687501,2.36861384375,5.731840427083334,2.5634348958333333,3.5426085324013394
16153,2,2.257,1.128,0.0,2.236,1121,1965,153.435,1.0,3.285599232588026,2.892836279947917,1.4457772812499998,2.865920213541667,1.2817174479166666,2.0453259898153786
16154,15,5.823,3.28,12.933,6.325,2340,1968,18.435,3.881,24.641994244410196,7.463440699218751,4.204033229166666,8.106862858072917,4.974345415364583,5.601355910367322
16155,6,3.718,2.055,126.87,4.243,2793,1965,135.0,2.683,9.856797697764078,4.765425471354167,2.63392935546875,5.438327131510417,3.4388479127604166,3.5426085324013394
16156,2,2.257,1.128,90.0,2.236,3042,1965,116.565,1.0,3.285599232588026,2.892836279947917,1.4457772812499998,2.865920213541667,1.2817174479166666,2.0453259898153786
16157,1,1.128,1.128,0.0,1.414,3218,1965,135.0,1.0,1.642799616294013,1.4457772812499998,1.4457772812499998,1.8123484713541664,1.2817174479166666,1.4462638771355416
16158,146,20.427,9.1,13.315,31.257,3247,1978,172.648,17.669,239.8487439789259,26.181642308593748,11.663628776041666,40.06264226953125,22.646665587239582,17.47527291737788
16159,3,3.969,0.963,135.0,4.243,3496,1965,135.0,1.414,4.928398848882039,5.08713655078125,1.23429390234375,5.438327131510417,1.8123484713541664,2.5050025163503102
16160,3,2.365,1.615,45.0,2.828,802,1968,45.0,2.0,4.928398848882039,3.0312617643229167,2.069973678385417,3.624696942708333,2.5634348958333333,2.5050025163503102
16161,5,3.144,2.025,108.435,3.606,920,1966,123.69,2.0,8.213998081470065,4.02971965625,2.59547783203125,4.6218731171875,2.5634348958333333,3.2339443426774745
16162,6,4.134,1.848,167.067,4.472,1032,1966,153.435,2.0,9.856797697764078,5.298619929687501,2.36861384375,5.731840427083334,2.5634348958333333,3.5426085324013394
16163,2,2.257,1.128,90.0,2.236,2907,1966,116.565,1.0,3.285599232588026,2.892836279947917,1.4457772812499998,2.865920213541667,1.2817174479166666,2.0453259898153786
16164,10,7.107,1.791,118.276,8.944,2925,1966,116.565,3.328,16.42799616294013,9.10916590234375,2.29555594921875,11.463680854166668,4.265555666666667,4.573487949374228
16165,1,1.128,1.128,0.0,1.414,3065,1966,135.0,1.0,1.642799616294013,1.4457772812499998,1.4457772812499998,1.8123484713541664,1.2817174479166666,1.4462638771355416
16166,3,2.365,1.615,45.0,2.828,3132,1968,45.0,2.0,4.928398848882039,3.0312617643229167,2.069973678385417,3.624696942708333,2.5634348958333333,2.5050025163503102
16167,13,5.839,2.835,35.635,7.211,3256,1970,33.69,4.0,21.35639501182217,7.483948178385417,3.63366896484375,9.242464516927084,5.126869791666667,5.214578566863546
16168,1,1.128,1.128,0.0,1.414,15,1967,135.0,1.0,1.642799616294013,1.4457772812499998,1.4457772812499998,1.8123484713541664,1.2817174479166666,1.4462638771355416
16169,2,2.257,1.128,90.0,2.236,469,1967,116.565,1.0,3.285599232588026,2.892836279947917,1.4457772812499998,2.865920213541667,1.2817174479166666,2.0453259898153786
16170,2,2.257,1.128,0.0,2.236,522,1967,153.435,1.0,3.285599232588026,2.892836279947917,1.4457772812499998,2.865920213541667,1.2817174479166666,2.0453259898153786
16171,1,1.128,1.128,0.0,1.414,525,1967,135.0,1.0,1.642799616294013,1.4457772812499998,1.4457772812499998,1.8123484713541664,1.2817174479166666,1.4462638771355416
16172,1,1.128,1.128,0.0,1.414,785,1967,135.0,1.0,1.642799616294013,1.4457772812499998,1.4457772812499998,1.8123484713541664,1.2817174479166666,1.4462638771355416
16173,2,2.257,1.128,0.0,2.236,872,1967,153.435,1.0,3.285599232588026,2.892836279947917,1.4457772812499998,2.865920213541667,1.2817174479166666,2.0453259898153786
16174,1,1.128,1.128,0.0,1.414,895,1967,135.0,1.0,1.642799616294013,1.4457772812499998,1.4457772812499998,1.8123484713541664,1.2817174479166666,1.4462638771355416
16175,1,1.128,1.128,0.0,1.414,945,1967,135.0,1.0,1.642799616294013,1.4457772812499998,1.4457772812499998,1.8123484713541664,1.2817174479166666,1.4462638771355416
16176,1,1.128,1.128,0.0,1.414,1067,1967,135.0,1.0,1.642799616294013,1.4457772812499998,1.4457772812499998,1.8123484713541664,1.2817174479166666,1.4462638771355416
16177,1,1.128,1.128,0.0,1.414,1121,1967,135.0,1.0,1.642799616294013,1.4457772812499998,1.4457772812499998,1.8123484713541664,1.2817174479166666,1.4462638771355416
16178,5,3.144,2.025,71.565,3.606,1154,1970,56.31,2.0,8.213998081470065,4.02971965625,2.59547783203125,4.6218731171875,2.5634348958333333,3.2339443426774745
16179,1,1.128,1.128,0.0,1.414,2642,1967,135.0,1.0,1.642799616294013,1.4457772812499998,1.4457772812499998,1.8123484713541664,1.2817174479166666,1.4462638771355416
16180,44,11.241,4.984,31.972,15.556,2749,1978,45.0,8.2,72.28318311693657,14.40778583203125,6.388079760416667,19.938396619791664,10.510083072916666,9.593429256606505
16181,2,2.257,1.128,0.0,2.236,2832,1967,153.435,1.0,3.285599232588026,2.892836279947917,1.4457772812499998,2.865920213541667,1.2817174479166666,2.0453259898153786
16182,1,1.128,1.128,0.0,1.414,2889,1967,135.0,1.0,1.642799616294013,1.4457772812499998,1.4457772812499998,1.8123484713541664,1.2817174479166666,1.4462638771355416
16183,7,4.265,2.09,138.421,5.0,3048,1967,143.13,2.828,11.499597314058091,5.466524915364583,2.678789466145833,6.408587239583333,3.624696942708333,3.826454549076717
16184,16,5.279,3.859,140.31,7.071,3061,1967,135.0,4.851,26.28479386070421,6.766186407552083,4.946147631510416,9.063024074218749,6.21761133984375,5.785055508542166
16185,19,7.782,3.109,86.596,9.487,3284,1967,108.435,4.0,31.21319270958625,9.974325179687499,3.9848595455729168,12.159653428385417,5.126869791666667,6.304118086127151
16186,7,6.3,1.415,46.703,7.071,553,1973,45.0,2.121,11.499597314058091,8.074819921875,1.8136301888020834,9.063024074218749,2.71852270703125,3.826454549076717
16187,1,1.128,1.128,0.0,1.414,559,1968,135.0,1.0,1.642799616294013,1.4457772812499998,1.4457772812499998,1.8123484713541664,1.2817174479166666,1.4462638771355416
16188,15,6.756,2.827,61.533,8.602,667,1975,54.462,4.4,24.641994244410196,8.659283078125,3.6234152252604166,11.025333486979166,5.639556770833334,5.601355910367322
16189,1,1.128,1.128,0.0,1.414,682,1968,135.0,1.0,1.642799616294013,1.4457772812499998,1.4457772812499998,1.8123484713541664,1.2817174479166666,1.4462638771355416
16190,2,2.257,1.128,0.0,2.236,780,1968,153.435,1.0,3.285599232588026,2.892836279947917,1.4457772812499998,2.865920213541667,1.2817174479166666,2.0453259898153786
16191,1,1.128,1.128,0.0,1.414,794,1968,135.0,1.0,1.642799616294013,1.4457772812499998,1.4457772812499998,1.8123484713541664,1.2817174479166666,1.4462638771355416
16192,2,2.257,1.128,90.0,2.236,923,1968,116.565,1.0,3.285599232588026,2.892836279947917,1.4457772812499998,2.865920213541667,1.2817174479166666,2.0453259898153786
16193,52,10.5,6.306,97.59,12.166,2796,1980,80.538,8.91,85.42558004728868,13.458033203125,8.0825102265625,15.593374471354167,11.4201024609375,10.429157133727092
16194,2,2.257,1.128,90.0,2.236,2919,1968,116.565,1.0,3.285599232588026,2.892836279947917,1.4457772812499998,2.865920213541667,1.2817174479166666,2.0453259898153786
16195,4,2.257,2.257,0.0,2.828,3003,1968,135.0,2.0,6.571198465176052,2.892836279947917,2.892836279947917,3.624696942708333,2.5634348958333333,2.892527754271083
16196,6,4.79,1.595,94.731,5.099,3302,1968,101.31,2.0,9.856797697764078,6.139426575520833,2.0443393294270833,6.535477266927083,2.5634348958333333,3.5426085324013394
16197,9,4.196,2.731,6.047,4.472,646,1970,153.435,3.0,14.785196546646118,5.378086411458333,3.5003703502604164,5.731840427083334,3.8451523437499997,4.338791631406624
16198,6,4.594,1.663,160.67,5.0,816,1969,143.13,2.214,9.856797697764078,5.888209955729167,2.1314961158854167,6.408587239583333,2.8377224296875,3.5426085324013394
16199,2,2.257,1.128,0.0,2.236,874,1969,153.435,1.0,3.285599232588026,2.892836279947917,1.4457772812499998,2.865920213541667,1.2817174479166666,2.0453259898153786
16200,1,1.128,1.128,0.0,1.414,937,1969,135.0,1.0,1.642799616294013,1.4457772812499998,1.4457772812499998,1.8123484713541664,1.2817174479166666,1.4462638771355416
16201,1,1.128,1.128,0.0,1.414,1006,1969,135.0,1.0,1.642799616294013,1.4457772812499998,1.4457772812499998,1.8123484713541664,1.2817174479166666,1.4462638771355416
16202,1,1.128,1.128,0.0,1.414,1287,1969,135.0,1.0,1.642799616294013,1.4457772812499998,1.4457772812499998,1.8123484713541664,1.2817174479166666,1.4462638771355416
16203,8,5.136,1.983,84.801,5.385,3230,1974,68.199,2.0,13.142396930352104,6.5829008125,2.54164569921875,6.90204845703125,2.5634348958333333,4.090651979630757
16204,3,2.446,1.561,0.0,3.162,3783,1970,161.565,2.0,4.928398848882039,3.135080877604167,2.0007609361979166,4.0527905703125,2.5634348958333333,2.5050025163503102
16205,1,1.128,1.128,0.0,1.414,503,1970,135.0,1.0,1.642799616294013,1.4457772812499998,1.4457772812499998,1.8123484713541664,1.2817174479166666,1.4462638771355416
16206,2,2.257,1.128,90.0,2.236,551,1970,116.565,1.0,3.285599232588026,2.892836279947917,1.4457772812499998,2.865920213541667,1.2817174479166666,2.0453259898153786
16207,1,1.128,1.128,0.0,1.414,681,1970,135.0,1.0,1.642799616294013,1.4457772812499998,1.4457772812499998,1.8123484713541664,1.2817174479166666,1.4462638771355416
16208,19,6.657,3.634,10.366,7.211,694,1974,33.69,4.0,31.21319270958625,8.53239305078125,4.657761205729167,9.242464516927084,5.126869791666667,6.304118086127151
16209,1,1.128,1.128,0.0,1.414,753,1970,135.0,1.0,1.642799616294013,1.4457772812499998,1.4457772812499998,1.8123484713541664,1.2817174479166666,1.4462638771355416
16210,9,4.767,2.404,47.764,5.657,770,1974,45.0,3.536,14.785196546646118,6.10994707421875,3.0812487447916665,7.250675602864583,4.532152895833334,4.338791631406624
16211,4,3.192,1.596,18.435,3.606,1002,1972,33.69,2.0,6.571198465176052,4.09124209375,2.045621046875,4.6218731171875,2.5634348958333333,2.892527754271083
16212,8,4.037,2.523,123.69,5.0,2765,1970,126.87,3.0,13.142396930352104,5.174293337239583,3.23377312109375,6.408587239583333,3.8451523437499997,4.090651979630757
16213,2,2.257,1.128,90.0,2.236,2769,1970,116.565,1.0,3.285599232588026,2.892836279947917,1.4457772812499998,2.865920213541667,1.2817174479166666,2.0453259898153786
16214,16,6.56,3.106,70.914,7.28,3145,1977,74.055,4.0,26.28479386070421,8.408066458333332,3.9810143932291666,9.330903020833334,5.126869791666667,5.785055508542166
16215,4,2.257,2.257,0.0,2.828,3152,1970,135.0,2.0,6.571198465176052,2.892836279947917,2.892836279947917,3.624696942708333,2.5634348958333333,2.892527754271083
16216,32,7.956,5.121,66.253,9.22,3206,1977,49.399,6.0,52.56958772140842,10.197344015625001,6.56367505078125,11.817434869791667,7.690304687499999,8.181303959261514
16217,12,5.724,2.669,40.935,6.708,3238,1974,26.565,4.0,19.713595395528156,7.336550671875,3.4209038684895834,8.597760640625,5.126869791666667,5.0100050327006205
16218,33,8.376,5.016,177.571,11.402,3339,1970,164.745,6.0,54.21238733770243,10.735665343749998,6.42909471875,14.614142341145833,7.690304687499999,8.308153445630097
16219,269,24.077,14.225,175.785,34.176,3362,1976,159.444,23.313,441.9130967830895,30.859910993489585,18.232430696614582,43.8039755,29.880678863281247,23.720491255887126
16220,8,6.518,1.563,32.908,7.211,3374,1974,33.69,2.496,13.142396930352104,8.354234325520833,2.00332437109375,9.242464516927084,3.19916675,4.090651979630757
16221,4,3.216,1.583,148.283,3.606,10,1971,146.31,2.0,6.571198465176052,4.1220033125,2.028958720052083,4.6218731171875,2.5634348958333333,2.892527754271083
16222,3,2.365,1.615,45.0,2.828,527,1973,45.0,2.0,4.928398848882039,3.0312617643229167,2.069973678385417,3.624696942708333,2.5634348958333333,2.5050025163503102
16223,1,1.128,1.128,0.0,1.414,671,1971,135.0,1.0,1.642799616294013,1.4457772812499998,1.4457772812499998,1.8123484713541664,1.2817174479166666,1.4462638771355416
16224,3,3.385,1.128,90.0,3.162,1007,1971,108.435,1.0,4.928398848882039,4.338613561197916,1.4457772812499998,4.0527905703125,1.2817174479166666,2.5050025163503102
16225,1,1.128,1.128,0.0,1.414,2100,1971,135.0,1.0,1.642799616294013,1.4457772812499998,1.4457772812499998,1.8123484713541664,1.2817174479166666,1.4462638771355416
16226,2,2.257,1.128,0.0,2.236,2684,1971,153.435,1.0,3.285599232588026,2.892836279947917,1.4457772812499998,2.865920213541667,1.2817174479166666,2.0453259898153786
16227,1,1.128,1.128,0.0,1.414,2730,1971,135.0,1.0,1.642799616294013,1.4457772812499998,1.4457772812499998,1.8123484713541664,1.2817174479166666,1.4462638771355416
16228,1,1.128,1.128,0.0,1.414,3134,1971,135.0,1.0,1.642799616294013,1.4457772812499998,1.4457772812499998,1.8123484713541664,1.2817174479166666,1.4462638771355416
16229,2,2.257,1.128,90.0,2.236,3331,1971,116.565,1.0,3.285599232588026,2.892836279947917,1.4457772812499998,2.865920213541667,1.2817174479166666,2.0453259898153786
16230,1,1.128,1.128,0.0,1.414,3353,1971,135.0,1.0,1.642799616294013,1.4457772812499998,1.4457772812499998,1.8123484713541664,1.2817174479166666,1.4462638771355416
16231,1,1.128,1.128,0.0,1.414,3466,1971,135.0,1.0,1.642799616294013,1.4457772812499998,1.4457772812499998,1.8123484713541664,1.2817174479166666,1.4462638771355416
16232,2,2.257,1.128,90.0,2.236,521,1972,116.565,1.0,3.285599232588026,2.892836279947917,1.4457772812499998,2.865920213541667,1.2817174479166666,2.0453259898153786
16233,43,7.719,7.093,163.364,10.296,683,1981,29.055,8.878,70.64038350064256,9.893576980468751,9.091221858072917,13.19656284375,11.379087502604166,9.483786464234974
16234,14,4.557,3.912,135.0,5.657,908,1972,135.0,4.243,22.999194628116182,5.840786410156251,5.01407865625,7.250675602864583,5.438327131510417,5.411423919108519
16235,9,4.778,2.398,148.949,6.403,2969,1972,141.34,3.8,14.785196546646118,6.124045966145832,3.0735584401041667,8.206836819010416,4.870526302083333,4.338791631406624
16236,3,2.365,1.615,45.0,2.828,2980,1974,45.0,2.0,4.928398848882039,3.0312617643229167,2.069973678385417,3.624696942708333,2.5634348958333333,2.5050025163503102
16237,5,3.144,2.025,161.565,3.606,2983,1972,146.31,2.0,8.213998081470065,4.02971965625,2.59547783203125,4.6218731171875,2.5634348958333333,3.2339443426774745
16238,90,14.66,7.817,93.819,20.396,3013,1992,78.69,10.0,147.85196546646117,18.789977786458333,10.019185290364584,26.141909067708333,12.817174479166667,13.720463848122685
16239,2,2.257,1.128,90.0,2.236,3070,1972,116.565,1.0,3.285599232588026,2.892836279947917,1.4457772812499998,2.865920213541667,1.2817174479166666,2.0453259898153786
16240,3,2.365,1.615,135.0,2.828,3120,1972,135.0,2.0,4.928398848882039,3.0312617643229167,2.069973678385417,3.624696942708333,2.5634348958333333,2.5050025163503102
16241,8,4.514,2.257,90.0,4.472,3136,1972,116.565,2.0,13.142396930352104,5.785672559895834,2.892836279947917,5.731840427083334,2.5634348958333333,4.090651979630757
16242,2,2.257,1.128,90.0,2.236,3193,1972,116.565,1.0,3.285599232588026,2.892836279947917,1.4457772812499998,2.865920213541667,1.2817174479166666,2.0453259898153786
16243,1,1.128,1.128,0.0,1.414,718,1973,135.0,1.0,1.642799616294013,1.4457772812499998,1.4457772812499998,1.8123484713541664,1.2817174479166666,1.4462638771355416
16244,1,1.128,1.128,0.0,1.414,820,1973,135.0,1.0,1.642799616294013,1.4457772812499998,1.4457772812499998,1.8123484713541664,1.2817174479166666,1.4462638771355416
16245,1,1.128,1.128,0.0,1.414,3129,1973,135.0,1.0,1.642799616294013,1.4457772812499998,1.4457772812499998,1.8123484713541664,1.2817174479166666,1.4462638771355416
16246,2,2.257,1.128,0.0,2.236,7,1974,153.435,1.0,3.285599232588026,2.892836279947917,1.4457772812499998,2.865920213541667,1.2817174479166666,2.0453259898153786
16247,25,8.216,3.874,33.299,10.0,521,1980,36.87,5.692,41.069990407350325,10.530590552083332,4.965373393229167,12.817174479166667,7.295535713541667,7.231319385677708
16248,20,6.867,3.708,136.763,8.062,530,1974,150.255,5.145,32.85599232588026,8.80155371484375,4.7526082968750005,10.333206065104166,6.59443626953125,6.467888685354949
16249,5,3.144,2.025,161.565,3.606,641,1974,146.31,2.0,8.213998081470065,4.02971965625,2.59547783203125,4.6218731171875,2.5634348958333333,3.2339443426774745
16250,7,4.154,2.146,98.35,4.472,659,1974,116.565,2.0,11.499597314058091,5.324254278645833,2.7505656432291663,5.731840427083334,2.5634348958333333,3.826454549076717
16251,86,15.957,6.862,44.889,19.849,735,1989,49.086,9.648,141.2807670012851,20.45236531640625,8.795145127604167,25.440809623697916,12.3660099375,13.412099440371483
16252,32,7.829,5.205,165.128,10.77,802,1978,158.199,8.0,52.56958772140842,10.034565899739583,6.67133931640625,13.8040969140625,10.253739583333333,8.181303959261514
16253,4,4.514,1.128,90.0,4.123,935,1974,104.036,1.0,6.571198465176052,5.785672559895834,1.4457772812499998,5.284521037760417,1.2817174479166666,2.892527754271083
16254,1,1.128,1.128,0.0,1.414,1121,1974,135.0,1.0,1.642799616294013,1.4457772812499998,1.4457772812499998,1.8123484713541664,1.2817174479166666,1.4462638771355416
16255,62,10.362,7.618,174.163,11.662,2818,1974,149.036,8.854,101.85357621022881,13.2811561953125,9.764123518229168,14.947388877604167,11.348326283854165,11.387893156464104
16256,7,4.154,2.146,8.35,4.472,2836,1976,26.565,2.0,11.499597314058091,5.324254278645833,2.7505656432291663,5.731840427083334,2.5634348958333333,3.826454549076717
16257,47,8.225,7.275,85.732,10.44,2867,1984,73.301,8.0,77.21158196581861,10.542126009114583,9.32449443359375,13.381130156249998,10.253739583333333,9.915085602678126
16258,5,3.144,2.025,161.565,3.606,2879,1974,146.31,2.0,8.213998081470065,4.02971965625,2.59547783203125,4.6218731171875,2.5634348958333333,3.2339443426774745
16259,7,5.522,1.614,144.768,6.403,3019,1974,141.34,2.683,11.499597314058091,7.077643747395833,2.0686919609375,8.206836819010416,3.4388479127604166,3.826454549076717
16260,2,2.596,0.981,45.0,2.828,3158,1976,45.0,1.414,3.285599232588026,3.327338494791667,1.2573648164062499,3.624696942708333,1.8123484713541664,2.0453259898153786
16261,10,4.11,3.098,132.254,5.0,3184,1974,126.87,3.536,16.42799616294013,5.2678587109375,3.970760653645833,6.408587239583333,4.532152895833334,4.573487949374228
16262,1,1.128,1.128,0.0,1.414,3235,1974,135.0,1.0,1.642799616294013,1.4457772812499998,1.4457772812499998,1.8123484713541664,1.2817174479166666,1.4462638771355416
16263,1,1.128,1.128,0.0,1.414,3295,1974,135.0,1.0,1.642799616294013,1.4457772812499998,1.4457772812499998,1.8123484713541664,1.2817174479166666,1.4462638771355416
16264,2,2.257,1.128,90.0,2.236,1163,1975,116.565,1.0,3.285599232588026,2.892836279947917,1.4457772812499998,2.865920213541667,1.2817174479166666,2.0453259898153786
16265,1,1.128,1.128,0.0,1.414,2708,1975,135.0,1.0,1.642799616294013,1.4457772812499998,1.4457772812499998,1.8123484713541664,1.2817174479166666,1.4462638771355416
16266,1,1.128,1.128,0.0,1.414,2812,1975,135.0,1.0,1.642799616294013,1.4457772812499998,1.4457772812499998,1.8123484713541664,1.2817174479166666,1.4462638771355416
16267,4,2.257,2.257,0.0,2.828,2984,1975,135.0,2.0,6.571198465176052,2.892836279947917,2.892836279947917,3.624696942708333,2.5634348958333333,2.892527754271083
16268,4,4.514,1.128,90.0,4.123,3010,1975,104.036,1.0,6.571198465176052,5.785672559895834,1.4457772812499998,5.284521037760417,1.2817174479166666,2.892527754271083
16269,1,1.128,1.128,0.0,1.414,3119,1975,135.0,1.0,1.642799616294013,1.4457772812499998,1.4457772812499998,1.8123484713541664,1.2817174479166666,1.4462638771355416
16270,11,4.384,3.195,15.071,5.0,3198,1978,36.87,3.0,18.070795779234142,5.619049291666667,4.095087246093749,6.408587239583333,3.8451523437499997,4.796714628303253
16271,1,1.128,1.128,0.0,1.414,3387,1975,135.0,1.0,1.642799616294013,1.4457772812499998,1.4457772812499998,1.8123484713541664,1.2817174479166666,1.4462638771355416
16272,1,1.128,1.128,0.0,1.414,3408,1975,135.0,1.0,1.642799616294013,1.4457772812499998,1.4457772812499998,1.8123484713541664,1.2817174479166666,1.4462638771355416
16273,43,9.587,5.711,164.147,11.18,712,1977,153.435,6.0,70.64038350064256,12.287825173177083,7.3198883450520835,14.329601067708333,7.690304687499999,9.483786464234974
16274,2,2.257,1.128,0.0,2.236,2920,1976,153.435,1.0,3.285599232588026,2.892836279947917,1.4457772812499998,2.865920213541667,1.2817174479166666,2.0453259898153786
16275,6,5.19,1.472,45.0,5.657,2956,1980,45.0,2.121,9.856797697764078,6.6521135546875,1.8866880833333333,7.250675602864583,2.71852270703125,3.5426085324013394
16276,1,1.128,1.128,0.0,1.414,2994,1976,135.0,1.0,1.642799616294013,1.4457772812499998,1.4457772812499998,1.8123484713541664,1.2817174479166666,1.4462638771355416
16277,4,3.216,1.583,31.717,3.606,3097,1978,33.69,2.0,6.571198465176052,4.1220033125,2.028958720052083,4.6218731171875,2.5634348958333333,2.892527754271083
16278,17,6.035,3.586,57.683,7.211,3296,1982,56.31,4.608,27.927593476998222,7.735164798177084,4.596238768229166,9.242464516927084,5.906153999999999,5.963098727945161
16279,4,2.257,2.257,0.0,2.828,3306,1976,135.0,2.0,6.571198465176052,2.892836279947917,2.892836279947917,3.624696942708333,2.5634348958333333,2.892527754271083
16280,11,6.9,2.03,94.827,7.28,646,1977,105.945,2.0,18.070795779234142,8.843850390625,2.601886419270833,9.330903020833334,2.5634348958333333,4.796714628303253
16281,2,2.257,1.128,0.0,2.236,651,1977,153.435,1.0,3.285599232588026,2.892836279947917,1.4457772812499998,2.865920213541667,1.2817174479166666,2.0453259898153786
16282,1,1.128,1.128,0.0,1.414,2830,1977,135.0,1.0,1.642799616294013,1.4457772812499998,1.4457772812499998,1.8123484713541664,1.2817174479166666,1.4462638771355416
16283,15,6.883,2.775,72.427,8.062,3064,1984,60.255,4.0,24.641994244410196,8.822061194010416,3.55676591796875,10.333206065104166,5.126869791666667,5.601355910367322
16284,1,1.128,1.128,0.0,1.414,3129,1977,135.0,1.0,1.642799616294013,1.4457772812499998,1.4457772812499998,1.8123484713541664,1.2817174479166666,1.4462638771355416
16285,10,5.046,2.523,85.236,5.385,3232,1977,111.801,3.0,16.42799616294013,6.4675462421875,3.23377312109375,6.90204845703125,3.8451523437499997,4.573487949374228
16286,7,3.752,2.375,0.0,4.472,3284,1978,153.435,3.0,11.499597314058091,4.809003864583333,3.0440789388020835,5.731840427083334,3.8451523437499997,3.826454549076717
16287,4,2.734,1.863,90.0,3.162,649,1978,108.435,2.0,6.571198465176052,3.5042155026041666,2.38783960546875,4.0527905703125,2.5634348958333333,2.892527754271083
16288,1,1.128,1.128,0.0,1.414,655,1978,135.0,1.0,1.642799616294013,1.4457772812499998,1.4457772812499998,1.8123484713541664,1.2817174479166666,1.4462638771355416
16289,1,1.128,1.128,0.0,1.414,733,1978,135.0,1.0,1.642799616294013,1.4457772812499998,1.4457772812499998,1.8123484713541664,1.2817174479166666,1.4462638771355416
16290,3,3.385,1.128,90.0,3.162,737,1978,108.435,1.0,4.928398848882039,4.338613561197916,1.4457772812499998,4.0527905703125,1.2817174479166666,2.5050025163503102
16291,12,4.656,3.282,34.294,5.657,758,1982,45.0,4.0,19.713595395528156,5.9676764375,4.2065966640625,7.250675602864583,5.126869791666667,5.0100050327006205
16292,32,7.493,5.438,102.885,9.434,771,1978,122.005,6.791,52.56958772140842,9.603908837239583,6.9699794817708325,12.091722403645832,8.704143188802083,8.181303959261514
16293,1,1.128,1.128,0.0,1.414,829,1978,135.0,1.0,1.642799616294013,1.4457772812499998,1.4457772812499998,1.8123484713541664,1.2817174479166666,1.4462638771355416
16294,4,4.514,1.128,90.0,4.123,851,1978,104.036,1.0,6.571198465176052,5.785672559895834,1.4457772812499998,5.284521037760417,1.2817174479166666,2.892527754271083
16295,3,2.365,1.615,45.0,2.828,901,1980,45.0,2.0,4.928398848882039,3.0312617643229167,2.069973678385417,3.624696942708333,2.5634348958333333,2.5050025163503102
16296,2,2.257,1.128,90.0,2.236,1425,1978,116.565,1.0,3.285599232588026,2.892836279947917,1.4457772812499998,2.865920213541667,1.2817174479166666,2.0453259898153786
16297,4,2.734,1.863,90.0,3.162,2791,1978,108.435,2.0,6.571198465176052,3.5042155026041666,2.38783960546875,4.0527905703125,2.5634348958333333,2.892527754271083
16298,2,2.257,1.128,90.0,2.236,3103,1978,116.565,1.0,3.285599232588026,2.892836279947917,1.4457772812499998,2.865920213541667,1.2817174479166666,2.0453259898153786
16299,5,3.461,1.839,135.0,4.243,3110,1978,135.0,2.683,8.213998081470065,4.436024087239583,2.35707838671875,5.438327131510417,3.4388479127604166,3.2339443426774745
16300,6,3.385,2.257,90.0,3.606,3142,1978,123.69,2.0,9.856797697764078,4.338613561197916,2.892836279947917,4.6218731171875,2.5634348958333333,3.5426085324013394
16301,20,6.774,3.759,33.195,7.81,3151,1984,39.806,5.154,32.85599232588026,8.6823539921875,4.81797588671875,10.010213268229165,6.6059717265625,6.467888685354949
16302,129,21.138,7.77,58.108,28.425,3326,1998,39.289,13.413,211.92115050192768,27.0929434140625,9.9589445703125,36.43281845703125,17.19167612890625,16.426400004188977
16303,2,2.257,1.128,90.0,2.236,3349,1978,116.565,1.0,3.285599232588026,2.892836279947917,1.4457772812499998,2.865920213541667,1.2817174479166666,2.0453259898153786
16304,1,1.128,1.128,0.0,1.414,553,1979,135.0,1.0,1.642799616294013,1.4457772812499998,1.4457772812499998,1.8123484713541664,1.2817174479166666,1.4462638771355416
16305,1,1.128,1.128,0.0,1.414,2994,1979,135.0,1.0,1.642799616294013,1.4457772812499998,1.4457772812499998,1.8123484713541664,1.2817174479166666,1.4462638771355416
16306,1,1.128,1.128,0.0,1.414,3107,1979,135.0,1.0,1.642799616294013,1.4457772812499998,1.4457772812499998,1.8123484713541664,1.2817174479166666,1.4462638771355416
16307,2,2.257,1.128,0.0,2.236,3222,1979,153.435,1.0,3.285599232588026,2.892836279947917,1.4457772812499998,2.865920213541667,1.2817174479166666,2.0453259898153786
16308,2,2.257,1.128,90.0,2.236,659,1980,116.565,1.0,3.285599232588026,2.892836279947917,1.4457772812499998,2.865920213541667,1.2817174479166666,2.0453259898153786
16309,4,2.257,2.257,0.0,2.828,678,1980,135.0,2.0,6.571198465176052,2.892836279947917,2.892836279947917,3.624696942708333,2.5634348958333333,2.892527754271083
16310,1,1.128,1.128,0.0,1.414,681,1980,135.0,1.0,1.642799616294013,1.4457772812499998,1.4457772812499998,1.8123484713541664,1.2817174479166666,1.4462638771355416
16311,3,2.365,1.615,45.0,2.828,988,1982,45.0,2.0,4.928398848882039,3.0312617643229167,2.069973678385417,3.624696942708333,2.5634348958333333,2.5050025163503102
16312,5,3.144,2.025,161.565,3.606,1133,1980,146.31,2.0,8.213998081470065,4.02971965625,2.59547783203125,4.6218731171875,2.5634348958333333,3.2339443426774745
16313,2,2.257,1.128,90.0,2.236,2751,1980,116.565,1.0,3.285599232588026,2.892836279947917,1.4457772812499998,2.865920213541667,1.2817174479166666,2.0453259898153786
16314,25,7.51,4.239,152.862,10.0,2842,1980,143.13,5.515,41.069990407350325,9.625698033854166,5.43320026171875,12.817174479166667,7.068671725260416,7.231319385677708
16315,1,1.128,1.128,0.0,1.414,2927,1980,135.0,1.0,1.642799616294013,1.4457772812499998,1.4457772812499998,1.8123484713541664,1.2817174479166666,1.4462638771355416
16316,2,2.257,1.128,90.0,2.236,3083,1980,116.565,1.0,3.285599232588026,2.892836279947917,1.4457772812499998,2.865920213541667,1.2817174479166666,2.0453259898153786
16317,43,12.207,4.485,157.54,14.422,3208,1980,146.31,6.957,70.64038350064256,15.64592488671875,5.7485027539062505,18.48492903385417,8.91690828515625,9.483786464234974
16318,9,4.899,2.339,132.047,5.657,3236,1980,135.0,3.328,14.785196546646118,6.27913377734375,2.9979371106770833,7.250675602864583,4.265555666666667,4.338791631406624
16319,20,6.84,3.723,113.97,7.81,3307,1980,129.806,4.511,32.85599232588026,8.76694734375,4.7718340585937495,10.010213268229165,5.7818274075520835,6.467888685354949
16320,2,2.596,0.981,45.0,2.828,3330,1982,45.0,1.414,3.285599232588026,3.327338494791667,1.2573648164062499,3.624696942708333,1.8123484713541664,2.0453259898153786
16321,4,3.192,1.596,18.435,3.606,483,1983,33.69,2.0,6.571198465176052,4.09124209375,2.045621046875,4.6218731171875,2.5634348958333333,2.892527754271083
16322,3,2.365,1.615,45.0,2.828,555,1983,45.0,2.0,4.928398848882039,3.0312617643229167,2.069973678385417,3.624696942708333,2.5634348958333333,2.5050025163503102
16323,1,1.128,1.128,0.0,1.414,685,1981,135.0,1.0,1.642799616294013,1.4457772812499998,1.4457772812499998,1.8123484713541664,1.2817174479166666,1.4462638771355416
16324,5,3.144,2.025,108.435,3.606,790,1981,123.69,2.0,8.213998081470065,4.02971965625,2.59547783203125,4.6218731171875,2.5634348958333333,3.2339443426774745
16325,1,1.128,1.128,0.0,1.414,993,1981,135.0,1.0,1.642799616294013,1.4457772812499998,1.4457772812499998,1.8123484713541664,1.2817174479166666,1.4462638771355416
16326,3,3.385,1.128,90.0,3.162,2793,1981,108.435,1.0,4.928398848882039,4.338613561197916,1.4457772812499998,4.0527905703125,1.2817174479166666,2.5050025163503102
16327,1,1.128,1.128,0.0,1.414,2907,1981,135.0,1.0,1.642799616294013,1.4457772812499998,1.4457772812499998,1.8123484713541664,1.2817174479166666,1.4462638771355416
16328,1,1.128,1.128,0.0,1.414,3107,1981,135.0,1.0,1.642799616294013,1.4457772812499998,1.4457772812499998,1.8123484713541664,1.2817174479166666,1.4462638771355416
16329,3,3.213,1.189,151.845,3.606,3175,1981,146.31,1.789,4.928398848882039,4.11815816015625,1.5239620455729168,4.6218731171875,2.2929925143229166,2.5050025163503102
16330,1,1.128,1.128,0.0,1.414,3246,1981,135.0,1.0,1.642799616294013,1.4457772812499998,1.4457772812499998,1.8123484713541664,1.2817174479166666,1.4462638771355416
16331,43,9.73,5.627,92.68,11.402,3321,1981,105.255,7.0,70.64038350064256,12.471110768229167,7.212224079427083,14.614142341145833,8.972022135416667,9.483786464234974
16332,2,2.257,1.128,0.0,2.236,428,1982,153.435,1.0,3.285599232588026,2.892836279947917,1.4457772812499998,2.865920213541667,1.2817174479166666,2.0453259898153786
16333,5,3.144,2.025,71.565,3.606,682,1985,56.31,2.0,8.213998081470065,4.02971965625,2.59547783203125,4.6218731171875,2.5634348958333333,3.2339443426774745
16334,1,1.128,1.128,0.0,1.414,731,1982,135.0,1.0,1.642799616294013,1.4457772812499998,1.4457772812499998,1.8123484713541664,1.2817174479166666,1.4462638771355416
16335,16,5.138,3.965,68.324,6.325,732,1988,71.565,4.851,26.28479386070421,6.585464247395833,5.082009680989583,8.106862858072917,6.21761133984375,5.785055508542166
16336,12,5.851,2.612,90.804,6.325,896,1982,108.435,3.0,19.713595395528156,7.499328787760416,3.3478459739583335,8.106862858072917,3.8451523437499997,5.0100050327006205
16337,3,2.365,1.615,45.0,2.828,1046,1984,45.0,2.0,4.928398848882039,3.0312617643229167,2.069973678385417,3.624696942708333,2.5634348958333333,2.5050025163503102
16338,7,4.154,2.146,81.65,4.472,2864,1986,63.435,2.0,11.499597314058091,5.324254278645833,2.7505656432291663,5.731840427083334,2.5634348958333333,3.826454549076717
16339,3,2.365,1.615,45.0,2.828,2916,1984,45.0,2.0,4.928398848882039,3.0312617643229167,2.069973678385417,3.624696942708333,2.5634348958333333,2.5050025163503102
16340,3,2.365,1.615,135.0,2.828,3112,1982,135.0,2.0,4.928398848882039,3.0312617643229167,2.069973678385417,3.624696942708333,2.5634348958333333,2.5050025163503102
16341,133,30.535,5.546,84.835,35.693,3833,2017,78.69,8.0,218.49234896710374,39.13724227213542,7.108404966145834,45.74834086848958,10.253739583333333,16.679128691476905
16342,1,1.128,1.128,0.0,1.414,0,1983,135.0,1.0,1.642799616294013,1.4457772812499998,1.4457772812499998,1.8123484713541664,1.2817174479166666,1.4462638771355416
16343,2,2.257,1.128,90.0,2.236,7,1983,116.565,1.0,3.285599232588026,2.892836279947917,1.4457772812499998,2.865920213541667,1.2817174479166666,2.0453259898153786
16344,1,1.128,1.128,0.0,1.414,438,1983,135.0,1.0,1.642799616294013,1.4457772812499998,1.4457772812499998,1.8123484713541664,1.2817174479166666,1.4462638771355416
16345,1,1.128,1.128,0.0,1.414,498,1983,135.0,1.0,1.642799616294013,1.4457772812499998,1.4457772812499998,1.8123484713541664,1.2817174479166666,1.4462638771355416
16346,2,2.257,1.128,90.0,2.236,2502,1983,116.565,1.0,3.285599232588026,2.892836279947917,1.4457772812499998,2.865920213541667,1.2817174479166666,2.0453259898153786
16347,1,1.128,1.128,0.0,1.414,3081,1983,135.0,1.0,1.642799616294013,1.4457772812499998,1.4457772812499998,1.8123484713541664,1.2817174479166666,1.4462638771355416
16348,1,1.128,1.128,0.0,1.414,3352,1983,135.0,1.0,1.642799616294013,1.4457772812499998,1.4457772812499998,1.8123484713541664,1.2817174479166666,1.4462638771355416
16349,1,1.128,1.128,0.0,1.414,3362,1983,135.0,1.0,1.642799616294013,1.4457772812499998,1.4457772812499998,1.8123484713541664,1.2817174479166666,1.4462638771355416
16350,1,1.128,1.128,0.0,1.414,555,1984,135.0,1.0,1.642799616294013,1.4457772812499998,1.4457772812499998,1.8123484713541664,1.2817174479166666,1.4462638771355416
16351,5,3.144,2.025,108.435,3.606,641,1984,123.69,2.0,8.213998081470065,4.02971965625,2.59547783203125,4.6218731171875,2.5634348958333333,3.2339443426774745
16352,32,9.691,4.204,130.632,11.314,766,1984,135.0,5.657,52.56958772140842,12.421123787760417,5.388340151041667,14.501351205729167,7.250675602864583,8.181303959261514
16353,17,5.079,4.262,9.462,5.831,842,1987,30.964,4.0,27.927593476998222,6.50984291796875,5.462679763020833,7.473694438802084,5.126869791666667,5.963098727945161
16354,1,1.128,1.128,0.0,1.414,849,1984,135.0,1.0,1.642799616294013,1.4457772812499998,1.4457772812499998,1.8123484713541664,1.2817174479166666,1.4462638771355416
16355,5,3.732,1.706,148.283,4.243,1061,1984,135.0,2.236,8.213998081470065,4.783369515625,2.1866099661458334,5.438327131510417,2.865920213541667,3.2339443426774745
16356,14,5.41,3.295,21.954,6.403,2742,1988,38.66,3.881,22.999194628116182,6.934091393229167,4.223258990885417,8.206836819010416,4.974345415364583,5.411423919108519
16357,4,2.257,2.257,0.0,2.828,3004,1984,135.0,2.0,6.571198465176052,2.892836279947917,2.892836279947917,3.624696942708333,2.5634348958333333,2.892527754271083
16358,3,2.365,1.615,45.0,2.828,3196,1986,45.0,2.0,4.928398848882039,3.0312617643229167,2.069973678385417,3.624696942708333,2.5634348958333333,2.5050025163503102
16359,8,4.514,2.257,90.0,4.472,3272,1984,116.565,2.0,13.142396930352104,5.785672559895834,2.892836279947917,5.731840427083334,2.5634348958333333,4.090651979630757
16360,23,7.33,3.995,50.457,8.485,3288,1990,45.0,5.367,37.7843911747623,9.394988893229167,5.120461204427083,10.875372545572915,6.87897754296875,6.936037892995103
16361,3,2.365,1.615,45.0,2.828,3298,1986,45.0,2.0,4.928398848882039,3.0312617643229167,2.069973678385417,3.624696942708333,2.5634348958333333,2.5050025163503102
16362,2,2.596,0.981,45.0,2.828,11,1987,45.0,1.414,3.285599232588026,3.327338494791667,1.2573648164062499,3.624696942708333,1.8123484713541664,2.0453259898153786
16363,1,1.128,1.128,0.0,1.414,595,1985,135.0,1.0,1.642799616294013,1.4457772812499998,1.4457772812499998,1.8123484713541664,1.2817174479166666,1.4462638771355416
16364,1,1.128,1.128,0.0,1.414,646,1985,135.0,1.0,1.642799616294013,1.4457772812499998,1.4457772812499998,1.8123484713541664,1.2817174479166666,1.4462638771355416
16365,1,1.128,1.128,0.0,1.414,679,1985,135.0,1.0,1.642799616294013,1.4457772812499998,1.4457772812499998,1.8123484713541664,1.2817174479166666,1.4462638771355416
16366,34,7.677,5.639,16.47,8.944,684,1990,26.565,6.791,55.855186953996444,9.839744847656249,7.227604688802083,11.463680854166668,8.704143188802083,8.433095094829797
16367,1,1.128,1.128,0.0,1.414,3106,1985,135.0,1.0,1.642799616294013,1.4457772812499998,1.4457772812499998,1.8123484713541664,1.2817174479166666,1.4462638771355416
16368,1,1.128,1.128,0.0,1.414,3669,1985,135.0,1.0,1.642799616294013,1.4457772812499998,1.4457772812499998,1.8123484713541664,1.2817174479166666,1.4462638771355416
16369,1,1.128,1.128,0.0,1.414,6,1986,135.0,1.0,1.642799616294013,1.4457772812499998,1.4457772812499998,1.8123484713541664,1.2817174479166666,1.4462638771355416
16370,2,2.257,1.128,90.0,2.236,599,1986,116.565,1.0,3.285599232588026,2.892836279947917,1.4457772812499998,2.865920213541667,1.2817174479166666,2.0453259898153786
16371,13,4.635,3.571,85.535,6.325,656,1992,71.565,4.0,21.35639501182217,5.9407603710937495,4.577013006510417,8.106862858072917,5.126869791666667,5.214578566863546
16372,1,1.128,1.128,0.0,1.414,721,1986,135.0,1.0,1.642799616294013,1.4457772812499998,1.4457772812499998,1.8123484713541664,1.2817174479166666,1.4462638771355416
16373,4,2.257,2.257,0.0,2.828,727,1986,135.0,2.0,6.571198465176052,2.892836279947917,2.892836279947917,3.624696942708333,2.5634348958333333,2.892527754271083
16374,2,2.257,1.128,90.0,2.236,780,1986,116.565,1.0,3.285599232588026,2.892836279947917,1.4457772812499998,2.865920213541667,1.2817174479166666,2.0453259898153786
16375,1,1.128,1.128,0.0,1.414,805,1986,135.0,1.0,1.642799616294013,1.4457772812499998,1.4457772812499998,1.8123484713541664,1.2817174479166666,1.4462638771355416
16376,8,4.663,2.184,157.737,5.385,824,1986,158.199,3.0,13.142396930352104,5.976648459635417,2.7992709062500003,6.90204845703125,3.8451523437499997,4.090651979630757
16377,1,1.128,1.128,0.0,1.414,835,1986,135.0,1.0,1.642799616294013,1.4457772812499998,1.4457772812499998,1.8123484713541664,1.2817174479166666,1.4462638771355416
16378,10,4.267,2.984,17.769,6.325,900,1988,18.435,4.0,16.42799616294013,5.469088350260417,3.824644864583333,8.106862858072917,5.126869791666667,4.573487949374228
16379,2,2.596,0.981,45.0,2.828,1554,1988,45.0,1.414,3.285599232588026,3.327338494791667,1.2573648164062499,3.624696942708333,1.8123484713541664,2.0453259898153786
16380,30,9.544,4.002,120.497,11.18,2784,1986,116.565,5.824,49.28398848882039,12.232711322916668,5.1294332265625,14.329601067708333,7.464722416666667,7.921513496120161
16381,1,1.128,1.128,0.0,1.414,2941,1986,135.0,1.0,1.642799616294013,1.4457772812499998,1.4457772812499998,1.8123484713541664,1.2817174479166666,1.4462638771355416
16382,13,4.359,3.797,13.776,5.0,2964,1987,143.13,4.0,21.35639501182217,5.58700635546875,4.866681149739583,6.408587239583333,5.126869791666667,5.214578566863546
16383,9,3.919,2.924,110.301,4.472,2975,1986,116.565,3.0,14.785196546646118,5.023050678385417,3.747741817708333,5.731840427083334,3.8451523437499997,4.338791631406624
16384,2,2.257,1.128,90.0,2.236,3032,1986,116.565,1.0,3.285599232588026,2.892836279947917,1.4457772812499998,2.865920213541667,1.2817174479166666,2.0453259898153786
16385,11,5.554,2.522,149.714,6.403,3071,1986,141.34,3.578,18.070795779234142,7.118658705729167,3.232491403645833,8.206836819010416,4.585985028645833,4.796714628303253
16386,1,1.128,1.128,0.0,1.414,3108,1986,135.0,1.0,1.642799616294013,1.4457772812499998,1.4457772812499998,1.8123484713541664,1.2817174479166666,1.4462638771355416
16387,3,2.365,1.615,45.0,2.828,3122,1988,45.0,2.0,4.928398848882039,3.0312617643229167,2.069973678385417,3.624696942708333,2.5634348958333333,2.5050025163503102
16388,8,3.978,2.56,114.407,4.472,3139,1986,116.565,3.0,13.142396930352104,5.0986720078125005,3.2811966666666668,5.731840427083334,3.8451523437499997,4.090651979630757
16389,4,3.676,1.385,50.31,4.243,3143,1989,45.0,2.121,6.571198465176052,4.711593338541666,1.7751786653645834,5.438327131510417,2.71852270703125,2.892527754271083
16390,13,8.109,2.041,88.534,8.246,3152,1994,75.964,2.0,21.35639501182217,10.39344678515625,2.6159853111979166,10.569042075520834,2.5634348958333333,5.214578566863546
16391,3,2.365,1.615,135.0,2.828,3176,1986,135.0,2.0,4.928398848882039,3.0312617643229167,2.069973678385417,3.624696942708333,2.5634348958333333,2.5050025163503102
16392,3,3.385,1.128,90.0,3.162,3187,1986,108.435,1.0,4.928398848882039,4.338613561197916,1.4457772812499998,4.0527905703125,1.2817174479166666,2.5050025163503102
16393,1,1.128,1.128,0.0,1.414,3205,1986,135.0,1.0,1.642799616294013,1.4457772812499998,1.4457772812499998,1.8123484713541664,1.2817174479166666,1.4462638771355416
16394,1,1.128,1.128,0.0,1.414,3266,1986,135.0,1.0,1.642799616294013,1.4457772812499998,1.4457772812499998,1.8123484713541664,1.2817174479166666,1.4462638771355416
16395,4,2.257,2.257,0.0,2.828,3268,1986,135.0,2.0,6.571198465176052,2.892836279947917,2.892836279947917,3.624696942708333,2.5634348958333333,2.892527754271083
16396,134,16.71,10.21,88.438,22.847,0,1987,113.199,15.0,220.13514858339775,21.4174985546875,13.086335143229167,29.283398532552084,19.22576171875,16.74171476011807
16397,4,2.257,2.257,0.0,2.828,702,1987,135.0,2.0,6.571198465176052,2.892836279947917,2.892836279947917,3.624696942708333,2.5634348958333333,2.892527754271083
16398,1,1.128,1.128,0.0,1.414,742,1987,135.0,1.0,1.642799616294013,1.4457772812499998,1.4457772812499998,1.8123484713541664,1.2817174479166666,1.4462638771355416
16399,1,1.128,1.128,0.0,1.414,800,1987,135.0,1.0,1.642799616294013,1.4457772812499998,1.4457772812499998,1.8123484713541664,1.2817174479166666,1.4462638771355416
16400,1,1.128,1.128,0.0,1.414,1008,1987,135.0,1.0,1.642799616294013,1.4457772812499998,1.4457772812499998,1.8123484713541664,1.2817174479166666,1.4462638771355416
16401,1,1.128,1.128,0.0,1.414,1118,1987,135.0,1.0,1.642799616294013,1.4457772812499998,1.4457772812499998,1.8123484713541664,1.2817174479166666,1.4462638771355416
16402,1,1.128,1.128,0.0,1.414,2812,1987,135.0,1.0,1.642799616294013,1.4457772812499998,1.4457772812499998,1.8123484713541664,1.2817174479166666,1.4462638771355416
16403,1,1.128,1.128,0.0,1.414,2825,1987,135.0,1.0,1.642799616294013,1.4457772812499998,1.4457772812499998,1.8123484713541664,1.2817174479166666,1.4462638771355416
16404,3,3.385,1.128,0.0,3.162,2935,1987,161.565,1.0,4.928398848882039,4.338613561197916,1.4457772812499998,4.0527905703125,1.2817174479166666,2.5050025163503102
16405,13,6.257,2.645,44.857,7.071,3192,1992,45.0,3.536,21.35639501182217,8.019706071614582,3.3901426497395835,9.063024074218749,4.532152895833334,5.214578566863546
16406,1,1.128,1.128,0.0,1.414,3201,1987,135.0,1.0,1.642799616294013,1.4457772812499998,1.4457772812499998,1.8123484713541664,1.2817174479166666,1.4462638771355416
16407,1,1.128,1.128,0.0,1.414,3325,1987,135.0,1.0,1.642799616294013,1.4457772812499998,1.4457772812499998,1.8123484713541664,1.2817174479166666,1.4462638771355416
16408,2,2.257,1.128,90.0,2.236,3415,1987,116.565,1.0,3.285599232588026,2.892836279947917,1.4457772812499998,2.865920213541667,1.2817174479166666,2.0453259898153786
16409,4,2.734,1.863,90.0,3.162,645,1988,108.435,2.0,6.571198465176052,3.5042155026041666,2.38783960546875,4.0527905703125,2.5634348958333333,2.892527754271083
16410,10,4.333,2.938,133.075,5.657,694,1988,135.0,4.0,16.42799616294013,5.553681701822917,3.7656858619791667,7.250675602864583,5.126869791666667,4.573487949374228
16411,5,3.144,2.025,108.435,3.606,710,1988,123.69,2.0,8.213998081470065,4.02971965625,2.59547783203125,4.6218731171875,2.5634348958333333,3.2339443426774745
16412,24,6.777,4.509,15.245,8.246,718,1992,14.036,6.0,39.42719079105631,8.68619914453125,5.77926397265625,10.569042075520834,7.690304687499999,7.085217064802679
16413,21,6.653,4.019,39.225,8.485,746,1994,45.0,5.367,34.49879194217427,8.527266180989583,5.151222423177083,10.875372545572915,6.87897754296875,6.627613691853932
16414,1,1.128,1.128,0.0,1.414,927,1988,135.0,1.0,1.642799616294013,1.4457772812499998,1.4457772812499998,1.8123484713541664,1.2817174479166666,1.4462638771355416
16415,1,1.128,1.128,0.0,1.414,1685,1988,135.0,1.0,1.642799616294013,1.4457772812499998,1.4457772812499998,1.8123484713541664,1.2817174479166666,1.4462638771355416
16416,2,2.257,1.128,90.0,2.236,2613,1988,116.565,1.0,3.285599232588026,2.892836279947917,1.4457772812499998,2.865920213541667,1.2817174479166666,2.0453259898153786
16417,2,2.257,1.128,90.0,2.236,2795,1988,116.565,1.0,3.285599232588026,2.892836279947917,1.4457772812499998,2.865920213541667,1.2817174479166666,2.0453259898153786
16418,52,13.767,4.809,35.752,15.0,2834,2000,53.13,7.367,85.42558004728868,17.64540410546875,6.16377920703125,19.22576171875,9.442412438802084,10.429157133727092
16419,4,2.734,1.863,0.0,3.162,2891,1988,161.565,2.0,6.571198465176052,3.5042155026041666,2.38783960546875,4.0527905703125,2.5634348958333333,2.892527754271083
16420,6,3.385,2.257,0.0,3.606,2899,1988,146.31,2.0,9.856797697764078,4.338613561197916,2.892836279947917,4.6218731171875,2.5634348958333333,3.5426085324013394
16421,1,1.128,1.128,0.0,1.414,3185,1988,135.0,1.0,1.642799616294013,1.4457772812499998,1.4457772812499998,1.8123484713541664,1.2817174479166666,1.4462638771355416
16422,15,5.554,3.439,70.524,7.211,3230,1994,56.31,4.0,24.641994244410196,7.118658705729167,4.407826303385416,9.242464516927084,5.126869791666667,5.601355910367322
16423,2,2.596,0.981,135.0,2.828,3310,1988,135.0,1.414,3.285599232588026,3.327338494791667,1.2573648164062499,3.624696942708333,1.8123484713541664,2.0453259898153786
16424,1,1.128,1.128,0.0,1.414,64,1989,135.0,1.0,1.642799616294013,1.4457772812499998,1.4457772812499998,1.8123484713541664,1.2817174479166666,1.4462638771355416
16425,6,3.385,2.257,90.0,3.606,760,1989,123.69,2.0,9.856797697764078,4.338613561197916,2.892836279947917,4.6218731171875,2.5634348958333333,3.5426085324013394
16426,1,1.128,1.128,0.0,1.414,781,1989,135.0,1.0,1.642799616294013,1.4457772812499998,1.4457772812499998,1.8123484713541664,1.2817174479166666,1.4462638771355416
16427,1,1.128,1.128,0.0,1.414,1375,1989,135.0,1.0,1.642799616294013,1.4457772812499998,1.4457772812499998,1.8123484713541664,1.2817174479166666,1.4462638771355416
16428,170,23.05,9.391,170.275,31.048,2799,1994,165.069,14.863,279.2759347699822,29.543587174479168,12.036608553385417,39.794763322916666,19.050166428385417,18.85697389275946
16429,3,2.365,1.615,45.0,2.828,2854,1991,45.0,2.0,4.928398848882039,3.0312617643229167,2.069973678385417,3.624696942708333,2.5634348958333333,2.5050025163503102
16430,1,1.128,1.128,0.0,1.414,3066,1989,135.0,1.0,1.642799616294013,1.4457772812499998,1.4457772812499998,1.8123484713541664,1.2817174479166666,1.4462638771355416
16431,2,2.257,1.128,90.0,2.236,3205,1989,116.565,1.0,3.285599232588026,2.892836279947917,1.4457772812499998,2.865920213541667,1.2817174479166666,2.0453259898153786
16432,17,8.558,2.529,148.201,9.434,3212,1989,147.995,3.6,27.927593476998222,10.968937919270832,3.24146342578125,12.091722403645832,4.6141828125,5.963098727945161
16433,1,1.128,1.128,0.0,1.414,3348,1989,135.0,1.0,1.642799616294013,1.4457772812499998,1.4457772812499998,1.8123484713541664,1.2817174479166666,1.4462638771355416
16434,1,1.128,1.128,0.0,1.414,3365,1989,135.0,1.0,1.642799616294013,1.4457772812499998,1.4457772812499998,1.8123484713541664,1.2817174479166666,1.4462638771355416
16435,5,3.144,2.025,108.435,3.606,648,1990,123.69,2.0,8.213998081470065,4.02971965625,2.59547783203125,4.6218731171875,2.5634348958333333,3.2339443426774745
16436,1,1.128,1.128,0.0,1.414,1035,1990,135.0,1.0,1.642799616294013,1.4457772812499998,1.4457772812499998,1.8123484713541664,1.2817174479166666,1.4462638771355416
16437,10,6.132,2.076,83.979,6.325,2982,1996,71.565,2.0,16.42799616294013,7.859491390624999,2.660845421875,8.106862858072917,2.5634348958333333,4.573487949374228
16438,3,2.365,1.615,45.0,2.828,3030,1992,45.0,2.0,4.928398848882039,3.0312617643229167,2.069973678385417,3.624696942708333,2.5634348958333333,2.5050025163503102
16439,12,4.98,3.068,158.755,5.831,3143,1991,149.036,4.0,19.713595395528156,6.382952890625001,3.9323091302083335,7.473694438802084,5.126869791666667,5.0100050327006205
16440,2,2.596,0.981,135.0,2.828,3184,1990,135.0,1.414,3.285599232588026,3.327338494791667,1.2573648164062499,3.624696942708333,1.8123484713541664,2.0453259898153786
16441,1,1.128,1.128,0.0,1.414,3187,1990,135.0,1.0,1.642799616294013,1.4457772812499998,1.4457772812499998,1.8123484713541664,1.2817174479166666,1.4462638771355416
16442,74,10.688,8.816,144.607,12.649,3346,1990,108.435,10.286,121.56717160575697,13.698996083333334,11.299621020833333,16.212443998697914,13.183745669270833,12.441232293094101
16443,3,2.365,1.615,135.0,2.828,3360,1990,135.0,2.0,4.928398848882039,3.0312617643229167,2.069973678385417,3.624696942708333,2.5634348958333333,2.5050025163503102
16444,8,4.66,2.186,168.69,5.385,740,1992,158.199,3.0,13.142396930352104,5.972803307291667,2.8018343411458333,6.90204845703125,3.8451523437499997,4.090651979630757
16445,5,3.144,2.025,71.565,3.606,814,1994,56.31,2.0,8.213998081470065,4.02971965625,2.59547783203125,4.6218731171875,2.5634348958333333,3.2339443426774745
16446,1,1.128,1.128,0.0,1.414,2691,1991,135.0,1.0,1.642799616294013,1.4457772812499998,1.4457772812499998,1.8123484713541664,1.2817174479166666,1.4462638771355416
16447,1,1.128,1.128,0.0,1.414,2772,1991,135.0,1.0,1.642799616294013,1.4457772812499998,1.4457772812499998,1.8123484713541664,1.2817174479166666,1.4462638771355416
16448,2,2.596,0.981,135.0,2.828,2900,1991,135.0,1.414,3.285599232588026,3.327338494791667,1.2573648164062499,3.624696942708333,1.8123484713541664,2.0453259898153786
16449,4,3.192,1.596,71.565,3.606,2941,1994,56.31,2.0,6.571198465176052,4.09124209375,2.045621046875,4.6218731171875,2.5634348958333333,2.892527754271083
16450,2,2.257,1.128,0.0,2.236,3070,1991,153.435,1.0,3.285599232588026,2.892836279947917,1.4457772812499998,2.865920213541667,1.2817174479166666,2.0453259898153786
16451,9,4.2,2.729,119.518,5.0,3136,1991,126.87,3.0,14.785196546646118,5.38321328125,3.4978069153645834,6.408587239583333,3.8451523437499997,4.338791631406624
16452,55,11.242,6.229,76.075,13.601,3296,2004,53.973,9.0,90.35397889617072,14.409067549479168,7.983817983072917,17.432639009114585,11.535457031249999,10.72577997755371
16453,1,1.128,1.128,0.0,1.414,3315,1991,135.0,1.0,1.642799616294013,1.4457772812499998,1.4457772812499998,1.8123484713541664,1.2817174479166666,1.4462638771355416
16454,99,12.24,10.298,78.231,16.279,3372,2007,79.38,12.369,162.6371620131073,15.6882215625,13.199126278645833,20.865078334635417,15.853563113281249,14.39014388490976
16455,1,1.128,1.128,0.0,1.414,3384,1991,135.0,1.0,1.642799616294013,1.4457772812499998,1.4457772812499998,1.8123484713541664,1.2817174479166666,1.4462638771355416
16456,4,3.192,1.596,71.565,3.606,3716,1994,56.31,2.0,6.571198465176052,4.09124209375,2.045621046875,4.6218731171875,2.5634348958333333,2.892527754271083
16457,1,1.128,1.128,0.0,1.414,652,1992,135.0,1.0,1.642799616294013,1.4457772812499998,1.4457772812499998,1.8123484713541664,1.2817174479166666,1.4462638771355416
16458,75,16.485,5.793,36.192,21.954,663,2003,30.069,8.586,123.20997122205098,21.12911212890625,7.42498917578125,28.1388248515625,11.0048260078125,12.52501258175155
16459,75,11.528,8.284,133.09,13.892,694,1994,149.744,9.985,123.20997122205098,14.775638739583334,10.617747338541667,17.805618786458332,12.797948717447916,12.52501258175155
16460,3,2.365,1.615,45.0,2.828,706,1994,45.0,2.0,4.928398848882039,3.0312617643229167,2.069973678385417,3.624696942708333,2.5634348958333333,2.5050025163503102
16461,2,2.257,1.128,90.0,2.236,779,1992,116.565,1.0,3.285599232588026,2.892836279947917,1.4457772812499998,2.865920213541667,1.2817174479166666,2.0453259898153786
16462,4,2.734,1.863,90.0,3.162,828,1992,108.435,2.0,6.571198465176052,3.5042155026041666,2.38783960546875,4.0527905703125,2.5634348958333333,2.892527754271083
16463,1,1.128,1.128,0.0,1.414,889,1992,135.0,1.0,1.642799616294013,1.4457772812499998,1.4457772812499998,1.8123484713541664,1.2817174479166666,1.4462638771355416
16464,2,2.257,1.128,0.0,2.236,1004,1992,153.435,1.0,3.285599232588026,2.892836279947917,1.4457772812499998,2.865920213541667,1.2817174479166666,2.0453259898153786
16465,13,4.759,3.478,121.9,5.831,2781,1992,120.964,4.0,21.35639501182217,6.099693334635417,4.457813283854167,7.473694438802084,5.126869791666667,5.214578566863546
16466,1,1.128,1.128,0.0,1.414,2845,1992,135.0,1.0,1.642799616294013,1.4457772812499998,1.4457772812499998,1.8123484713541664,1.2817174479166666,1.4462638771355416
16467,4,3.192,1.596,108.435,3.606,2854,1992,123.69,2.0,6.571198465176052,4.09124209375,2.045621046875,4.6218731171875,2.5634348958333333,2.892527754271083
16468,3,2.365,1.615,45.0,2.828,2892,1994,45.0,2.0,4.928398848882039,3.0312617643229167,2.069973678385417,3.624696942708333,2.5634348958333333,2.5050025163503102
16469,2,2.257,1.128,90.0,2.236,2955,1992,116.565,1.0,3.285599232588026,2.892836279947917,1.4457772812499998,2.865920213541667,1.2817174479166666,2.0453259898153786
16470,2,2.257,1.128,90.0,2.236,3044,1992,116.565,1.0,3.285599232588026,2.892836279947917,1.4457772812499998,2.865920213541667,1.2817174479166666,2.0453259898153786
16471,1,1.128,1.128,0.0,1.414,483,1993,135.0,1.0,1.642799616294013,1.4457772812499998,1.4457772812499998,1.8123484713541664,1.2817174479166666,1.4462638771355416
16472,6,3.489,2.19,135.0,4.243,645,1993,135.0,2.828,9.856797697764078,4.47191217578125,2.8069612109374997,5.438327131510417,3.624696942708333,3.5426085324013394
16473,1,1.128,1.128,0.0,1.414,692,1993,135.0,1.0,1.642799616294013,1.4457772812499998,1.4457772812499998,1.8123484713541664,1.2817174479166666,1.4462638771355416
16474,1,1.128,1.128,0.0,1.414,871,1993,135.0,1.0,1.642799616294013,1.4457772812499998,1.4457772812499998,1.8123484713541664,1.2817174479166666,1.4462638771355416
16475,16,7.269,2.803,46.85,8.485,911,1999,45.0,4.16,26.28479386070421,9.31680412890625,3.5926540065104167,10.875372545572915,5.331944583333334,5.785055508542166
16476,1,1.128,1.128,0.0,1.414,982,1993,135.0,1.0,1.642799616294013,1.4457772812499998,1.4457772812499998,1.8123484713541664,1.2817174479166666,1.4462638771355416
16477,3,3.385,1.128,0.0,3.162,1034,1993,161.565,1.0,4.928398848882039,4.338613561197916,1.4457772812499998,4.0527905703125,1.2817174479166666,2.5050025163503102
16478,1,1.128,1.128,0.0,1.414,2741,1993,135.0,1.0,1.642799616294013,1.4457772812499998,1.4457772812499998,1.8123484713541664,1.2817174479166666,1.4462638771355416
16479,52,9.344,7.085,135.78,13.601,2882,1996,143.973,9.701,85.42558004728868,11.976367833333333,9.080968118489583,17.432639009114585,12.433940962239584,10.429157133727092
16480,2,2.257,1.128,0.0,2.236,3006,1993,153.435,1.0,3.285599232588026,2.892836279947917,1.4457772812499998,2.865920213541667,1.2817174479166666,2.0453259898153786
16481,2,2.257,1.128,0.0,2.236,3035,1993,153.435,1.0,3.285599232588026,2.892836279947917,1.4457772812499998,2.865920213541667,1.2817174479166666,2.0453259898153786
16482,9,5.311,2.158,156.355,5.831,3185,1993,149.036,2.846,14.785196546646118,6.807201365885416,2.7659462526041665,7.473694438802084,3.6477678567708334,4.338791631406624
16483,2,2.257,1.128,90.0,2.236,3209,1993,116.565,1.0,3.285599232588026,2.892836279947917,1.4457772812499998,2.865920213541667,1.2817174479166666,2.0453259898153786
16484,7,3.507,2.542,120.473,4.243,3258,1993,135.0,3.0,11.499597314058091,4.49498308984375,3.2581257526041663,5.438327131510417,3.8451523437499997,3.826454549076717
16485,9,4.005,2.861,54.217,5.0,884,1998,36.87,3.883,14.785196546646118,5.13327837890625,3.6669936184895837,6.408587239583333,4.976908850260417,4.338791631406624
16486,62,12.983,6.08,159.696,17.029,2844,1994,139.764,9.213,101.85357621022881,16.640537626302084,7.792842083333333,21.826366420572917,11.808462847656248,11.387893156464104
16487,28,8.887,4.012,56.35,11.402,3155,2003,52.125,5.488,45.998389256232365,11.390622959635417,5.142250401041666,14.614142341145833,7.034065354166667,7.652909098153434
16488,8,5.896,1.728,75.047,6.325,3254,2000,71.565,2.425,13.142396930352104,7.557006072916667,2.21480775,8.106862858072917,3.1081648111979163,4.090651979630757
16489,1,1.128,1.128,0.0,1.414,3269,1994,135.0,1.0,1.642799616294013,1.4457772812499998,1.4457772812499998,1.8123484713541664,1.2817174479166666,1.4462638771355416
16490,41,9.251,5.643,137.172,11.402,3279,1995,127.875,8.485,67.35478426805453,11.857168110677083,7.232731558593749,14.614142341145833,10.875372545572915,9.26060728541019
16491,22,5.43,5.158,151.259,6.325,3365,1994,108.435,5.657,36.141591558468285,6.9597257421875,6.611098596354167,8.106862858072917,7.250675602864583,6.78357888217988
16492,2,2.257,1.128,90.0,2.236,3422,1994,116.565,1.0,3.285599232588026,2.892836279947917,1.4457772812499998,2.865920213541667,1.2817174479166666,2.0453259898153786
16493,2,2.257,1.128,0.0,2.236,3722,1994,153.435,1.0,3.285599232588026,2.892836279947917,1.4457772812499998,2.865920213541667,1.2817174479166666,2.0453259898153786
16494,35,11.82,3.77,76.411,15.133,640,2010,82.405,5.261,57.49798657029046,15.149900234375,4.832074778645834,19.396230139322917,6.743115493489583,8.556212484548844
16495,1,1.128,1.128,0.0,1.414,650,1995,135.0,1.0,1.642799616294013,1.4457772812499998,1.4457772812499998,1.8123484713541664,1.2817174479166666,1.4462638771355416
16496,3,3.385,1.128,0.0,3.162,667,1995,161.565,1.0,4.928398848882039,4.338613561197916,1.4457772812499998,4.0527905703125,1.2817174479166666,2.5050025163503102
16497,2,2.257,1.128,90.0,2.236,739,1995,116.565,1.0,3.285599232588026,2.892836279947917,1.4457772812499998,2.865920213541667,1.2817174479166666,2.0453259898153786
16498,3,2.365,1.615,135.0,2.828,1218,1995,135.0,2.0,4.928398848882039,3.0312617643229167,2.069973678385417,3.624696942708333,2.5634348958333333,2.5050025163503102
16499,8,5.785,1.761,26.048,7.211,2897,1999,33.69,2.683,13.142396930352104,7.414735436197916,2.25710442578125,9.242464516927084,3.4388479127604166,4.090651979630757
16500,1,1.128,1.128,0.0,1.414,2993,1995,135.0,1.0,1.642799616294013,1.4457772812499998,1.4457772812499998,1.8123484713541664,1.2817174479166666,1.4462638771355416
16501,3,3.213,1.189,118.155,3.606,3140,1995,123.69,1.789,4.928398848882039,4.11815816015625,1.5239620455729168,4.6218731171875,2.2929925143229166,2.5050025163503102
16502,3,2.365,1.615,45.0,2.828,3310,1997,45.0,2.0,4.928398848882039,3.0312617643229167,2.069973678385417,3.624696942708333,2.5634348958333333,2.5050025163503102
16503,1,1.128,1.128,0.0,1.414,3326,1995,135.0,1.0,1.642799616294013,1.4457772812499998,1.4457772812499998,1.8123484713541664,1.2817174479166666,1.4462638771355416
16504,3,3.385,1.128,90.0,3.162,0,1996,108.435,1.0,4.928398848882039,4.338613561197916,1.4457772812499998,4.0527905703125,1.2817174479166666,2.5050025163503102
16505,1,1.128,1.128,0.0,1.414,13,1996,135.0,1.0,1.642799616294013,1.4457772812499998,1.4457772812499998,1.8123484713541664,1.2817174479166666,1.4462638771355416
16506,1,1.128,1.128,0.0,1.414,707,1996,135.0,1.0,1.642799616294013,1.4457772812499998,1.4457772812499998,1.8123484713541664,1.2817174479166666,1.4462638771355416
16507,8,3.824,2.664,72.704,4.472,784,2000,63.435,3.0,13.142396930352104,4.901287520833333,3.4144952812500002,5.731840427083334,3.8451523437499997,4.090651979630757
16508,11,5.235,2.675,0.0,5.385,847,1996,158.199,3.0,18.070795779234142,6.70979083984375,3.428594173177083,6.90204845703125,3.8451523437499997,4.796714628303253
16509,14,5.925,3.008,43.175,7.071,903,2001,45.0,4.243,22.999194628116182,7.59417587890625,3.8554060833333335,9.063024074218749,5.438327131510417,5.411423919108519
16510,2,2.257,1.128,0.0,2.236,924,1996,153.435,1.0,3.285599232588026,2.892836279947917,1.4457772812499998,2.865920213541667,1.2817174479166666,2.0453259898153786
16511,22,6.07,4.615,38.811,7.81,926,2002,39.806,6.0,36.141591558468285,7.780024908854167,5.915126022135417,10.010213268229165,7.690304687499999,6.78357888217988
16512,42,11.977,4.465,71.526,13.928,2757,2009,68.962,6.45,68.99758388434854,15.351129873697916,5.722868404947916,17.851760614583334,8.2670775390625,9.372861169189449
16513,21,9.803,2.727,166.254,11.402,2765,1996,164.745,4.123,34.49879194217427,12.564676141927084,3.4952434804687496,14.614142341145833,5.284521037760417,6.627613691853932
16514,3,2.365,1.615,135.0,2.828,2829,1996,135.0,2.0,4.928398848882039,3.0312617643229167,2.069973678385417,3.624696942708333,2.5634348958333333,2.5050025163503102
16515,4,3.192,1.596,71.565,3.606,2988,1999,56.31,2.0,6.571198465176052,4.09124209375,2.045621046875,4.6218731171875,2.5634348958333333,2.892527754271083
16516,3,2.365,1.615,135.0,2.828,3137,1996,135.0,2.0,4.928398848882039,3.0312617643229167,2.069973678385417,3.624696942708333,2.5634348958333333,2.5050025163503102
16517,37,9.394,5.015,65.259,12.207,3143,2006,55.008,8.256,60.783585802878484,12.040453705729167,6.427813001302082,15.64592488671875,10.58185925,8.7972797207639
16518,17,5.659,3.825,168.474,6.708,3176,1998,153.435,4.707,27.927593476998222,7.253239037760416,4.9025692382812505,8.597760640625,6.03304402734375,5.963098727945161
16519,5,3.144,2.025,108.435,3.606,18,1997,123.69,2.0,8.213998081470065,4.02971965625,2.59547783203125,4.6218731171875,2.5634348958333333,3.2339443426774745
16520,2,2.257,1.128,0.0,2.236,663,1997,153.435,1.0,3.285599232588026,2.892836279947917,1.4457772812499998,2.865920213541667,1.2817174479166666,2.0453259898153786
16521,9,4.563,2.511,153.435,5.0,746,1997,143.13,3.0,14.785196546646118,5.848476714843749,3.21839251171875,6.408587239583333,3.8451523437499997,4.338791631406624
16522,53,9.562,7.057,103.055,11.705,1479,1997,109.983,7.0,87.06837966358269,12.255782236979165,9.045080029947917,15.002502727864583,8.972022135416667,10.528959954443641
16523,1,1.128,1.128,0.0,1.414,2849,1997,135.0,1.0,1.642799616294013,1.4457772812499998,1.4457772812499998,1.8123484713541664,1.2817174479166666,1.4462638771355416
16524,1,1.128,1.128,0.0,1.414,2905,1997,135.0,1.0,1.642799616294013,1.4457772812499998,1.4457772812499998,1.8123484713541664,1.2817174479166666,1.4462638771355416
16525,4,2.257,2.257,0.0,2.828,3269,1997,135.0,2.0,6.571198465176052,2.892836279947917,2.892836279947917,3.624696942708333,2.5634348958333333,2.892527754271083
16526,64,13.332,6.112,173.224,14.866,646,2002,160.346,8.682,105.13917544281684,17.087857015625,7.833857041666667,19.054011580729167,11.1278708828125,11.570111017084333
16527,1,1.128,1.128,0.0,1.414,659,1998,135.0,1.0,1.642799616294013,1.4457772812499998,1.4457772812499998,1.8123484713541664,1.2817174479166666,1.4462638771355416
16528,14,5.003,3.563,42.061,7.81,736,2004,39.806,5.199,22.999194628116182,6.412432391927084,4.566759266927083,10.010213268229165,6.66364901171875,5.411423919108519
16529,3,2.365,1.615,135.0,2.828,830,1998,135.0,2.0,4.928398848882039,3.0312617643229167,2.069973678385417,3.624696942708333,2.5634348958333333,2.5050025163503102
16530,3,2.365,1.615,135.0,2.828,1040,1998,135.0,2.0,4.928398848882039,3.0312617643229167,2.069973678385417,3.624696942708333,2.5634348958333333,2.5050025163503102
16531,3,2.365,1.615,135.0,2.828,1102,1998,135.0,2.0,4.928398848882039,3.0312617643229167,2.069973678385417,3.624696942708333,2.5634348958333333,2.5050025163503102
16532,3,2.365,1.615,45.0,2.828,1196,2000,45.0,2.0,4.928398848882039,3.0312617643229167,2.069973678385417,3.624696942708333,2.5634348958333333,2.5050025163503102
16533,1,1.128,1.128,0.0,1.414,2797,1998,135.0,1.0,1.642799616294013,1.4457772812499998,1.4457772812499998,1.8123484713541664,1.2817174479166666,1.4462638771355416
16534,1,1.128,1.128,0.0,1.414,2913,1998,135.0,1.0,1.642799616294013,1.4457772812499998,1.4457772812499998,1.8123484713541664,1.2817174479166666,1.4462638771355416
16535,7,4.154,2.146,98.35,4.472,2946,1998,116.565,2.0,11.499597314058091,5.324254278645833,2.7505656432291663,5.731840427083334,2.5634348958333333,3.826454549076717
16536,10,4.256,2.992,4.018,5.385,2954,1998,158.199,4.0,16.42799616294013,5.454989458333333,3.8348986041666664,6.90204845703125,5.126869791666667,4.573487949374228
16537,4,4.218,1.207,112.5,4.472,3114,1998,116.565,1.789,6.571198465176052,5.4062841953125,1.5470329596354166,5.731840427083334,2.2929925143229166,2.892527754271083
16538,7,4.154,2.146,171.65,4.472,3242,1998,153.435,2.0,11.499597314058091,5.324254278645833,2.7505656432291663,5.731840427083334,2.5634348958333333,3.826454549076717
16539,1,1.128,1.128,0.0,1.414,3267,1998,135.0,1.0,1.642799616294013,1.4457772812499998,1.4457772812499998,1.8123484713541664,1.2817174479166666,1.4462638771355416
16540,24,10.467,2.919,103.188,11.402,3308,1998,105.255,4.439,39.42719079105631,13.41573652734375,3.74133323046875,14.614142341145833,5.689543751302083,7.085217064802679
16541,17,5.995,3.61,161.545,7.211,3354,1998,146.31,4.0,27.927593476998222,7.683896100260417,4.6269999869791665,9.242464516927084,5.126869791666667,5.963098727945161
16542,1,1.128,1.128,0.0,1.414,14,1999,135.0,1.0,1.642799616294013,1.4457772812499998,1.4457772812499998,1.8123484713541664,1.2817174479166666,1.4462638771355416
16543,1,1.128,1.128,0.0,1.414,77,1999,135.0,1.0,1.642799616294013,1.4457772812499998,1.4457772812499998,1.8123484713541664,1.2817174479166666,1.4462638771355416
16544,1,1.128,1.128,0.0,1.414,1081,1999,135.0,1.0,1.642799616294013,1.4457772812499998,1.4457772812499998,1.8123484713541664,1.2817174479166666,1.4462638771355416
16545,1,1.128,1.128,0.0,1.414,1093,1999,135.0,1.0,1.642799616294013,1.4457772812499998,1.4457772812499998,1.8123484713541664,1.2817174479166666,1.4462638771355416
16546,5,3.144,2.025,161.565,3.606,2777,1999,146.31,2.0,8.213998081470065,4.02971965625,2.59547783203125,4.6218731171875,2.5634348958333333,3.2339443426774745
16547,1,1.128,1.128,0.0,1.414,2783,1999,135.0,1.0,1.642799616294013,1.4457772812499998,1.4457772812499998,1.8123484713541664,1.2817174479166666,1.4462638771355416
16548,2,2.257,1.128,0.0,2.236,2938,1999,153.435,1.0,3.285599232588026,2.892836279947917,1.4457772812499998,2.865920213541667,1.2817174479166666,2.0453259898153786
16549,3,2.365,1.615,45.0,2.828,3074,2001,45.0,2.0,4.928398848882039,3.0312617643229167,2.069973678385417,3.624696942708333,2.5634348958333333,2.5050025163503102
16550,12,4.117,3.711,58.776,5.831,3213,1999,120.964,5.0,19.713595395528156,5.2768307330729165,4.75645344921875,7.473694438802084,6.408587239583333,5.0100050327006205
16551,39,12.422,3.997,39.67,14.213,703,2009,39.289,5.935,64.0691850354665,15.921494138020833,5.123024639322916,18.21705008723958,7.606993053385416,9.031915017867364
16552,1,1.128,1.128,0.0,1.414,767,2000,135.0,1.0,1.642799616294013,1.4457772812499998,1.4457772812499998,1.8123484713541664,1.2817174479166666,1.4462638771355416
16553,22,6.639,4.219,169.926,7.211,796,2000,146.31,4.0,36.141591558468285,8.50932213671875,5.4075659127604165,9.242464516927084,5.126869791666667,6.78357888217988
16554,5,3.144,2.025,161.565,3.606,1024,2000,146.31,2.0,8.213998081470065,4.02971965625,2.59547783203125,4.6218731171875,2.5634348958333333,3.2339443426774745
16555,2,2.257,1.128,90.0,2.236,1129,2000,116.565,1.0,3.285599232588026,2.892836279947917,1.4457772812499998,2.865920213541667,1.2817174479166666,2.0453259898153786
16556,1,1.128,1.128,0.0,1.414,2623,2000,135.0,1.0,1.642799616294013,1.4457772812499998,1.4457772812499998,1.8123484713541664,1.2817174479166666,1.4462638771355416
16557,2,2.596,0.981,45.0,2.828,2702,2002,45.0,1.414,3.285599232588026,3.327338494791667,1.2573648164062499,3.624696942708333,1.8123484713541664,2.0453259898153786
16558,115,16.276,8.996,45.99,25.06,2870,2022,61.39,14.189,188.9219558738115,20.861233182291667,11.530330161458334,32.11983924479166,18.186288868489584,15.509452223251465
16559,1,1.128,1.128,0.0,1.414,2897,2000,135.0,1.0,1.642799616294013,1.4457772812499998,1.4457772812499998,1.8123484713541664,1.2817174479166666,1.4462638771355416
16560,6,3.988,1.916,108.435,4.472,2960,2000,116.565,2.0,9.856797697764078,5.111489182291667,2.4557706302083333,5.731840427083334,2.5634348958333333,3.5426085324013394
16561,12,6.026,2.536,126.943,7.211,3122,2000,123.69,3.536,19.713595395528156,7.723629341145833,3.250435447916667,9.242464516927084,4.532152895833334,5.0100050327006205
16562,6,2.93,2.607,116.565,3.606,3292,2000,123.69,3.0,9.856797697764078,3.7554321223958333,3.3414373867187503,4.6218731171875,3.8451523437499997,3.5426085324013394
16563,92,14.916,7.853,77.573,20.881,685,2021,73.301,11.0,151.1375646990492,19.118097453125,10.065327118489583,26.763542029947917,14.098891927083333,13.872075785990207
16564,2,2.257,1.128,0.0,2.236,756,2001,153.435,1.0,3.285599232588026,2.892836279947917,1.4457772812499998,2.865920213541667,1.2817174479166666,2.0453259898153786
16565,2,2.257,1.128,0.0,2.236,772,2001,153.435,1.0,3.285599232588026,2.892836279947917,1.4457772812499998,2.865920213541667,1.2817174479166666,2.0453259898153786
16566,6,3.385,2.257,90.0,3.606,858,2001,123.69,2.0,9.856797697764078,4.338613561197916,2.892836279947917,4.6218731171875,2.5634348958333333,3.5426085324013394
16567,1,1.128,1.128,0.0,1.414,967,2001,135.0,1.0,1.642799616294013,1.4457772812499998,1.4457772812499998,1.8123484713541664,1.2817174479166666,1.4462638771355416
16568,3,3.385,1.128,90.0,3.162,969,2001,108.435,1.0,4.928398848882039,4.338613561197916,1.4457772812499998,4.0527905703125,1.2817174479166666,2.5050025163503102
16569,1,1.128,1.128,0.0,1.414,1049,2001,135.0,1.0,1.642799616294013,1.4457772812499998,1.4457772812499998,1.8123484713541664,1.2817174479166666,1.4462638771355416
16570,3,2.365,1.615,135.0,2.828,1060,2001,135.0,2.0,4.928398848882039,3.0312617643229167,2.069973678385417,3.624696942708333,2.5634348958333333,2.5050025163503102
16571,1,1.128,1.128,0.0,1.414,1102,2001,135.0,1.0,1.642799616294013,1.4457772812499998,1.4457772812499998,1.8123484713541664,1.2817174479166666,1.4462638771355416
16572,11,5.945,2.356,82.559,6.325,3182,2007,71.565,3.0,18.070795779234142,7.619810227864583,3.0197263072916662,8.106862858072917,3.8451523437499997,4.796714628303253
16573,18,8.245,2.78,75.95,8.944,3184,2009,63.435,3.795,29.570393093292235,10.567760358072915,3.563174505208333,11.463680854166668,4.86411771484375,6.135977969446135
16574,2,2.257,1.128,0.0,2.236,3430,2001,153.435,1.0,3.285599232588026,2.892836279947917,1.4457772812499998,2.865920213541667,1.2817174479166666,2.0453259898153786
16575,1,1.128,1.128,0.0,1.414,733,2002,135.0,1.0,1.642799616294013,1.4457772812499998,1.4457772812499998,1.8123484713541664,1.2817174479166666,1.4462638771355416
16576,1,1.128,1.128,0.0,1.414,781,2002,135.0,1.0,1.642799616294013,1.4457772812499998,1.4457772812499998,1.8123484713541664,1.2817174479166666,1.4462638771355416
16577,3,2.365,1.615,135.0,2.828,873,2002,135.0,2.0,4.928398848882039,3.0312617643229167,2.069973678385417,3.624696942708333,2.5634348958333333,2.5050025163503102
16578,4,2.734,1.863,90.0,3.162,1149,2002,108.435,2.0,6.571198465176052,3.5042155026041666,2.38783960546875,4.0527905703125,2.5634348958333333,2.892527754271083
16579,2,2.257,1.128,0.0,2.236,1304,2002,153.435,1.0,3.285599232588026,2.892836279947917,1.4457772812499998,2.865920213541667,1.2817174479166666,2.0453259898153786
16580,50,10.809,5.89,83.568,14.036,2863,2002,94.086,7.701,82.13998081470065,13.854083894531248,7.5493157682291665,17.990186098958333,9.87050606640625,10.226629949076893
16581,14,5.679,3.139,108.0,6.325,3102,2002,108.435,4.0,22.999194628116182,7.27887338671875,4.023311069010417,8.106862858072917,5.126869791666667,5.411423919108519
16582,3,2.365,1.615,45.0,2.828,3116,2004,45.0,2.0,4.928398848882039,3.0312617643229167,2.069973678385417,3.624696942708333,2.5634348958333333,2.5050025163503102
16583,1,1.128,1.128,0.0,1.414,3144,2002,135.0,1.0,1.642799616294013,1.4457772812499998,1.4457772812499998,1.8123484713541664,1.2817174479166666,1.4462638771355416
16584,17,7.386,2.93,139.389,8.485,3264,2002,135.0,4.243,27.927593476998222,9.4667650703125,3.7554321223958333,10.875372545572915,5.438327131510417,5.963098727945161
16585,4,2.257,2.257,0.0,2.828,3274,2002,135.0,2.0,6.571198465176052,2.892836279947917,2.892836279947917,3.624696942708333,2.5634348958333333,2.892527754271083
16586,9,4.2,2.729,60.482,5.0,3328,2006,53.13,3.0,14.785196546646118,5.38321328125,3.4978069153645834,6.408587239583333,3.8451523437499997,4.338791631406624
16587,5,3.316,1.92,135.0,4.243,631,2003,135.0,2.828,8.213998081470065,4.250175057291666,2.4608974999999997,5.438327131510417,3.624696942708333,3.2339443426774745
16588,3,3.385,1.128,90.0,3.162,900,2003,108.435,1.0,4.928398848882039,4.338613561197916,1.4457772812499998,4.0527905703125,1.2817174479166666,2.5050025163503102
16589,1,1.128,1.128,0.0,1.414,1709,2003,135.0,1.0,1.642799616294013,1.4457772812499998,1.4457772812499998,1.8123484713541664,1.2817174479166666,1.4462638771355416
16590,2,2.596,0.981,135.0,2.828,2894,2003,135.0,1.414,3.285599232588026,3.327338494791667,1.2573648164062499,3.624696942708333,1.8123484713541664,2.0453259898153786
16591,142,18.633,9.703,163.242,22.361,2920,2012,10.305,13.914,233.27754551374986,23.88224120703125,12.436504397135415,28.660483852864584,17.8338165703125,17.23422312515456
16592,1,1.128,1.128,0.0,1.414,3247,2003,135.0,1.0,1.642799616294013,1.4457772812499998,1.4457772812499998,1.8123484713541664,1.2817174479166666,1.4462638771355416
16593,2,2.257,1.128,0.0,2.236,3835,2003,153.435,1.0,3.285599232588026,2.892836279947917,1.4457772812499998,2.865920213541667,1.2817174479166666,2.0453259898153786
16594,1,1.128,1.128,0.0,1.414,35,2004,135.0,1.0,1.642799616294013,1.4457772812499998,1.4457772812499998,1.8123484713541664,1.2817174479166666,1.4462638771355416
16595,1,1.128,1.128,0.0,1.414,373,2004,135.0,1.0,1.642799616294013,1.4457772812499998,1.4457772812499998,1.8123484713541664,1.2817174479166666,1.4462638771355416
16596,1,1.128,1.128,0.0,1.414,719,2004,135.0,1.0,1.642799616294013,1.4457772812499998,1.4457772812499998,1.8123484713541664,1.2817174479166666,1.4462638771355416
16597,4,2.257,2.257,0.0,2.828,724,2004,135.0,2.0,6.571198465176052,2.892836279947917,2.892836279947917,3.624696942708333,2.5634348958333333,2.892527754271083
16598,22,6.407,4.372,127.183,8.246,727,2004,104.036,5.547,36.141591558468285,8.211963688802083,5.603668682291667,10.569042075520834,7.10968668359375,6.78357888217988
16599,2,2.257,1.128,90.0,2.236,733,2004,116.565,1.0,3.285599232588026,2.892836279947917,1.4457772812499998,2.865920213541667,1.2817174479166666,2.0453259898153786
16600,2,2.257,1.128,90.0,2.236,739,2004,116.565,1.0,3.285599232588026,2.892836279947917,1.4457772812499998,2.865920213541667,1.2817174479166666,2.0453259898153786
16601,6,3.14,2.433,135.0,3.606,876,2004,123.69,2.828,9.856797697764078,4.024592786458333,3.1184185507812496,4.6218731171875,3.624696942708333,3.5426085324013394
16602,36,10.532,4.352,19.829,15.652,872,2011,26.565,8.676,59.14078618658447,13.499048161458333,5.578034333333334,20.061441494791666,11.120180578125,8.677583262813249
16603,2,2.257,1.128,90.0,2.236,1305,2004,116.565,1.0,3.285599232588026,2.892836279947917,1.4457772812499998,2.865920213541667,1.2817174479166666,2.0453259898153786
16604,4,2.257,2.257,0.0,2.828,1444,2004,135.0,2.0,6.571198465176052,2.892836279947917,2.892836279947917,3.624696942708333,2.5634348958333333,2.892527754271083
16605,1,1.128,1.128,0.0,1.414,1449,2004,135.0,1.0,1.642799616294013,1.4457772812499998,1.4457772812499998,1.8123484713541664,1.2817174479166666,1.4462638771355416
16606,1,1.128,1.128,0.0,1.414,2629,2004,135.0,1.0,1.642799616294013,1.4457772812499998,1.4457772812499998,1.8123484713541664,1.2817174479166666,1.4462638771355416
16607,4,2.257,2.257,0.0,2.828,2704,2004,135.0,2.0,6.571198465176052,2.892836279947917,2.892836279947917,3.624696942708333,2.5634348958333333,2.892527754271083
16608,2,2.257,1.128,0.0,2.236,2768,2004,153.435,1.0,3.285599232588026,2.892836279947917,1.4457772812499998,2.865920213541667,1.2817174479166666,2.0453259898153786
16609,1,1.128,1.128,0.0,1.414,2897,2004,135.0,1.0,1.642799616294013,1.4457772812499998,1.4457772812499998,1.8123484713541664,1.2817174479166666,1.4462638771355416
16610,3,2.365,1.615,135.0,2.828,2968,2004,135.0,2.0,4.928398848882039,3.0312617643229167,2.069973678385417,3.624696942708333,2.5634348958333333,2.5050025163503102
16611,4,2.257,2.257,0.0,2.828,3022,2004,135.0,2.0,6.571198465176052,2.892836279947917,2.892836279947917,3.624696942708333,2.5634348958333333,2.892527754271083
16612,3,2.365,1.615,45.0,2.828,3066,2006,45.0,2.0,4.928398848882039,3.0312617643229167,2.069973678385417,3.624696942708333,2.5634348958333333,2.5050025163503102
16613,6,4.339,1.761,125.249,5.0,3164,2004,126.87,2.683,9.856797697764078,5.5613720065104175,2.25710442578125,6.408587239583333,3.4388479127604166,3.5426085324013394
16614,67,11.995,7.112,172.567,15.524,3218,2006,165.069,9.701,110.06757429169888,15.374200787760415,9.115574489583333,19.897381661458333,12.433940962239584,11.838180035570401
16615,1,1.128,1.128,0.0,1.414,3241,2004,135.0,1.0,1.642799616294013,1.4457772812499998,1.4457772812499998,1.8123484713541664,1.2817174479166666,1.4462638771355416
16616,30,7.789,4.904,148.369,10.0,3348,2004,126.87,6.45,49.28398848882039,9.983297201822916,6.285542364583333,12.817174479166667,8.2670775390625,7.921513496120161
16617,6,3.385,2.257,90.0,3.606,3404,2004,123.69,2.0,9.856797697764078,4.338613561197916,2.892836279947917,4.6218731171875,2.5634348958333333,3.5426085324013394
16618,2,2.257,1.128,0.0,2.236,603,2005,153.435,1.0,3.285599232588026,2.892836279947917,1.4457772812499998,2.865920213541667,1.2817174479166666,2.0453259898153786
16619,1,1.128,1.128,0.0,1.414,699,2005,135.0,1.0,1.642799616294013,1.4457772812499998,1.4457772812499998,1.8123484713541664,1.2817174479166666,1.4462638771355416
16620,2,2.257,1.128,0.0,2.236,750,2005,153.435,1.0,3.285599232588026,2.892836279947917,1.4457772812499998,2.865920213541667,1.2817174479166666,2.0453259898153786
16621,1,1.128,1.128,0.0,1.414,966,2005,135.0,1.0,1.642799616294013,1.4457772812499998,1.4457772812499998,1.8123484713541664,1.2817174479166666,1.4462638771355416
16622,1,1.128,1.128,0.0,1.414,1162,2005,135.0,1.0,1.642799616294013,1.4457772812499998,1.4457772812499998,1.8123484713541664,1.2817174479166666,1.4462638771355416
16623,1,1.128,1.128,0.0,1.414,1326,2005,135.0,1.0,1.642799616294013,1.4457772812499998,1.4457772812499998,1.8123484713541664,1.2817174479166666,1.4462638771355416
16624,2,2.596,0.981,135.0,2.828,1392,2005,135.0,1.414,3.285599232588026,3.327338494791667,1.2573648164062499,3.624696942708333,1.8123484713541664,2.0453259898153786
16625,1,1.128,1.128,0.0,1.414,1962,2005,135.0,1.0,1.642799616294013,1.4457772812499998,1.4457772812499998,1.8123484713541664,1.2817174479166666,1.4462638771355416
16626,1,1.128,1.128,0.0,1.414,2575,2005,135.0,1.0,1.642799616294013,1.4457772812499998,1.4457772812499998,1.8123484713541664,1.2817174479166666,1.4462638771355416
16627,3,2.365,1.615,135.0,2.828,2958,2005,135.0,2.0,4.928398848882039,3.0312617643229167,2.069973678385417,3.624696942708333,2.5634348958333333,2.5050025163503102
16628,2,2.257,1.128,0.0,2.236,3256,2005,153.435,1.0,3.285599232588026,2.892836279947917,1.4457772812499998,2.865920213541667,1.2817174479166666,2.0453259898153786
16629,4,4.514,1.128,0.0,4.123,3291,2005,165.964,1.0,6.571198465176052,5.785672559895834,1.4457772812499998,5.284521037760417,1.2817174479166666,2.892527754271083
16630,1,1.128,1.128,0.0,1.414,3326,2005,135.0,1.0,1.642799616294013,1.4457772812499998,1.4457772812499998,1.8123484713541664,1.2817174479166666,1.4462638771355416
16631,1,1.128,1.128,0.0,1.414,3360,2005,135.0,1.0,1.642799616294013,1.4457772812499998,1.4457772812499998,1.8123484713541664,1.2817174479166666,1.4462638771355416
16632,1,1.128,1.128,0.0,1.414,629,2006,135.0,1.0,1.642799616294013,1.4457772812499998,1.4457772812499998,1.8123484713541664,1.2817174479166666,1.4462638771355416
16633,4,2.257,2.257,0.0,2.828,680,2006,135.0,2.0,6.571198465176052,2.892836279947917,2.892836279947917,3.624696942708333,2.5634348958333333,2.892527754271083
16634,13,6.013,2.753,95.414,7.071,715,2006,98.13,3.0,21.35639501182217,7.706967014322917,3.5285681341145834,9.063024074218749,3.8451523437499997,5.214578566863546
16635,2,2.257,1.128,90.0,2.236,2841,2006,116.565,1.0,3.285599232588026,2.892836279947917,1.4457772812499998,2.865920213541667,1.2817174479166666,2.0453259898153786
16636,2,2.596,0.981,135.0,2.828,2893,2006,135.0,1.414,3.285599232588026,3.327338494791667,1.2573648164062499,3.624696942708333,1.8123484713541664,2.0453259898153786
16637,7,4.061,2.195,119.12,5.0,2954,2006,126.87,3.0,11.499597314058091,5.205054555989583,2.813369798177083,6.408587239583333,3.8451523437499997,3.826454549076717
16638,3,2.365,1.615,135.0,2.828,2990,2006,135.0,2.0,4.928398848882039,3.0312617643229167,2.069973678385417,3.624696942708333,2.5634348958333333,2.5050025163503102
16639,1,1.128,1.128,0.0,1.414,3002,2006,135.0,1.0,1.642799616294013,1.4457772812499998,1.4457772812499998,1.8123484713541664,1.2817174479166666,1.4462638771355416
16640,11,4.863,2.88,150.408,5.657,3088,2006,135.0,3.479,18.070795779234142,6.23299194921875,3.6913462499999996,7.250675602864583,4.459095001302083,4.796714628303253
16641,1,1.128,1.128,0.0,1.414,3205,2006,135.0,1.0,1.642799616294013,1.4457772812499998,1.4457772812499998,1.8123484713541664,1.2817174479166666,1.4462638771355416
16642,28,6.505,5.481,40.768,7.81,3234,2012,39.806,6.0,45.998389256232365,8.337571998697916,7.02509333203125,10.010213268229165,7.690304687499999,7.652909098153434
16643,3,2.365,1.615,135.0,2.828,3300,2006,135.0,2.0,4.928398848882039,3.0312617643229167,2.069973678385417,3.624696942708333,2.5634348958333333,2.5050025163503102
16644,5,3.144,2.025,18.435,3.606,2,2009,33.69,2.0,8.213998081470065,4.02971965625,2.59547783203125,4.6218731171875,2.5634348958333333,3.2339443426774745
16645,2,2.596,0.981,45.0,2.828,11,2009,45.0,1.414,3.285599232588026,3.327338494791667,1.2573648164062499,3.624696942708333,1.8123484713541664,2.0453259898153786
16646,1,1.128,1.128,0.0,1.414,30,2007,135.0,1.0,1.642799616294013,1.4457772812499998,1.4457772812499998,1.8123484713541664,1.2817174479166666,1.4462638771355416
16647,1,1.128,1.128,0.0,1.414,534,2007,135.0,1.0,1.642799616294013,1.4457772812499998,1.4457772812499998,1.8123484713541664,1.2817174479166666,1.4462638771355416
16648,1,1.128,1.128,0.0,1.414,663,2007,135.0,1.0,1.642799616294013,1.4457772812499998,1.4457772812499998,1.8123484713541664,1.2817174479166666,1.4462638771355416
16649,2,2.257,1.128,0.0,2.236,723,2007,153.435,1.0,3.285599232588026,2.892836279947917,1.4457772812499998,2.865920213541667,1.2817174479166666,2.0453259898153786
16650,5,3.316,1.92,135.0,4.243,816,2007,135.0,2.828,8.213998081470065,4.250175057291666,2.4608974999999997,5.438327131510417,3.624696942708333,3.2339443426774745
16651,1,1.128,1.128,0.0,1.414,1163,2007,135.0,1.0,1.642799616294013,1.4457772812499998,1.4457772812499998,1.8123484713541664,1.2817174479166666,1.4462638771355416
16652,1,1.128,1.128,0.0,1.414,1305,2007,135.0,1.0,1.642799616294013,1.4457772812499998,1.4457772812499998,1.8123484713541664,1.2817174479166666,1.4462638771355416
16653,1,1.128,1.128,0.0,1.414,1330,2007,135.0,1.0,1.642799616294013,1.4457772812499998,1.4457772812499998,1.8123484713541664,1.2817174479166666,1.4462638771355416
16654,5,3.144,2.025,18.435,3.606,1959,2009,33.69,2.0,8.213998081470065,4.02971965625,2.59547783203125,4.6218731171875,2.5634348958333333,3.2339443426774745
16655,1,1.128,1.128,0.0,1.414,2561,2007,135.0,1.0,1.642799616294013,1.4457772812499998,1.4457772812499998,1.8123484713541664,1.2817174479166666,1.4462638771355416
16656,1,1.128,1.128,0.0,1.414,2830,2007,135.0,1.0,1.642799616294013,1.4457772812499998,1.4457772812499998,1.8123484713541664,1.2817174479166666,1.4462638771355416
16657,1,1.128,1.128,0.0,1.414,2849,2007,135.0,1.0,1.642799616294013,1.4457772812499998,1.4457772812499998,1.8123484713541664,1.2817174479166666,1.4462638771355416
16658,5,3.144,2.025,161.565,3.606,2899,2007,146.31,2.0,8.213998081470065,4.02971965625,2.59547783203125,4.6218731171875,2.5634348958333333,3.2339443426774745
16659,2,2.257,1.128,90.0,2.236,3005,2007,116.565,1.0,3.285599232588026,2.892836279947917,1.4457772812499998,2.865920213541667,1.2817174479166666,2.0453259898153786
16660,13,5.687,2.91,2.0,6.325,3108,2010,18.435,3.0,21.35639501182217,7.289127126302083,3.7297977734375003,8.106862858072917,3.8451523437499997,5.214578566863546
16661,1,1.128,1.128,0.0,1.414,3333,2007,135.0,1.0,1.642799616294013,1.4457772812499998,1.4457772812499998,1.8123484713541664,1.2817174479166666,1.4462638771355416
16662,59,15.361,4.89,36.571,19.849,630,2023,49.086,9.264,96.92517736134677,19.688461717447918,6.2675983203125,25.440809623697916,11.873830437499999,11.108963630155632
16663,1,1.128,1.128,0.0,1.414,787,2008,135.0,1.0,1.642799616294013,1.4457772812499998,1.4457772812499998,1.8123484713541664,1.2817174479166666,1.4462638771355416
16664,6,4.224,1.809,90.0,4.472,800,2008,116.565,2.0,9.856797697764078,5.4139745,2.3186268632812497,5.731840427083334,2.5634348958333333,3.5426085324013394
16665,1,1.128,1.128,0.0,1.414,827,2008,135.0,1.0,1.642799616294013,1.4457772812499998,1.4457772812499998,1.8123484713541664,1.2817174479166666,1.4462638771355416
16666,4,2.257,2.257,0.0,2.828,1024,2008,135.0,2.0,6.571198465176052,2.892836279947917,2.892836279947917,3.624696942708333,2.5634348958333333,2.892527754271083
16667,1,1.128,1.128,0.0,1.414,1631,2008,135.0,1.0,1.642799616294013,1.4457772812499998,1.4457772812499998,1.8123484713541664,1.2817174479166666,1.4462638771355416
16668,1,1.128,1.128,0.0,1.414,2858,2008,135.0,1.0,1.642799616294013,1.4457772812499998,1.4457772812499998,1.8123484713541664,1.2817174479166666,1.4462638771355416
16669,4,2.257,2.257,0.0,2.828,3016,2008,135.0,2.0,6.571198465176052,2.892836279947917,2.892836279947917,3.624696942708333,2.5634348958333333,2.892527754271083
16670,6,4.134,1.848,102.933,4.472,3030,2008,116.565,2.0,9.856797697764078,5.298619929687501,2.36861384375,5.731840427083334,2.5634348958333333,3.5426085324013394
16671,16,5.54,3.677,179.365,6.708,3118,2009,153.435,4.0,26.28479386070421,7.100714661458333,4.712875055989583,8.597760640625,5.126869791666667,5.785055508542166
16672,4,2.257,2.257,0.0,2.828,3150,2008,135.0,2.0,6.571198465176052,2.892836279947917,2.892836279947917,3.624696942708333,2.5634348958333333,2.892527754271083
16673,2,2.257,1.128,90.0,2.236,3215,2008,116.565,1.0,3.285599232588026,2.892836279947917,1.4457772812499998,2.865920213541667,1.2817174479166666,2.0453259898153786
16674,21,6.123,4.367,55.116,7.81,3257,2014,50.194,6.0,34.49879194217427,7.8479559335937505,5.597260095052083,10.010213268229165,7.690304687499999,6.627613691853932
16675,1,1.128,1.128,0.0,1.414,634,2009,135.0,1.0,1.642799616294013,1.4457772812499998,1.4457772812499998,1.8123484713541664,1.2817174479166666,1.4462638771355416
16676,149,20.058,9.458,79.213,23.409,648,2031,70.017,13.583,244.77714282780795,25.7086885703125,12.122483622395833,30.00372373828125,17.409568095052084,17.653900451281643
16677,1,1.128,1.128,0.0,1.414,696,2009,135.0,1.0,1.642799616294013,1.4457772812499998,1.4457772812499998,1.8123484713541664,1.2817174479166666,1.4462638771355416
16678,3,3.385,1.128,90.0,3.162,755,2009,108.435,1.0,4.928398848882039,4.338613561197916,1.4457772812499998,4.0527905703125,1.2817174479166666,2.5050025163503102
16679,1,1.128,1.128,0.0,1.414,804,2009,135.0,1.0,1.642799616294013,1.4457772812499998,1.4457772812499998,1.8123484713541664,1.2817174479166666,1.4462638771355416
16680,1,1.128,1.128,0.0,1.414,962,2009,135.0,1.0,1.642799616294013,1.4457772812499998,1.4457772812499998,1.8123484713541664,1.2817174479166666,1.4462638771355416
16681,8,3.538,2.879,45.0,4.243,1000,2012,45.0,3.0,13.142396930352104,4.534716330729166,3.6900645325520833,5.438327131510417,3.8451523437499997,4.090651979630757
16682,3,2.365,1.615,45.0,2.828,1007,2011,45.0,2.0,4.928398848882039,3.0312617643229167,2.069973678385417,3.624696942708333,2.5634348958333333,2.5050025163503102
16683,1,1.128,1.128,0.0,1.414,3153,2009,135.0,1.0,1.642799616294013,1.4457772812499998,1.4457772812499998,1.8123484713541664,1.2817174479166666,1.4462638771355416
16684,4,3.676,1.385,50.31,4.243,3298,2012,45.0,2.121,6.571198465176052,4.711593338541666,1.7751786653645834,5.438327131510417,2.71852270703125,2.892527754271083
16685,2,2.257,1.128,90.0,2.236,3341,2009,116.565,1.0,3.285599232588026,2.892836279947917,1.4457772812499998,2.865920213541667,1.2817174479166666,2.0453259898153786
16686,1,1.128,1.128,0.0,1.414,3706,2009,135.0,1.0,1.642799616294013,1.4457772812499998,1.4457772812499998,1.8123484713541664,1.2817174479166666,1.4462638771355416
16687,1,1.128,1.128,0.0,1.414,670,2010,135.0,1.0,1.642799616294013,1.4457772812499998,1.4457772812499998,1.8123484713541664,1.2817174479166666,1.4462638771355416
16688,4,2.734,1.863,0.0,3.162,679,2010,161.565,2.0,6.571198465176052,3.5042155026041666,2.38783960546875,4.0527905703125,2.5634348958333333,2.892527754271083
16689,19,6.652,3.637,175.798,8.246,826,2012,165.964,5.0,31.21319270958625,8.525984463541667,4.661606358072917,10.569042075520834,6.408587239583333,6.304118086127151
16690,1,1.128,1.128,0.0,1.414,1073,2010,135.0,1.0,1.642799616294013,1.4457772812499998,1.4457772812499998,1.8123484713541664,1.2817174479166666,1.4462638771355416
16691,2,2.257,1.128,90.0,2.236,1159,2010,116.565,1.0,3.285599232588026,2.892836279947917,1.4457772812499998,2.865920213541667,1.2817174479166666,2.0453259898153786
16692,2,2.257,1.128,0.0,2.236,1434,2010,153.435,1.0,3.285599232588026,2.892836279947917,1.4457772812499998,2.865920213541667,1.2817174479166666,2.0453259898153786
16693,3,2.365,1.615,45.0,2.828,2770,2012,45.0,2.0,4.928398848882039,3.0312617643229167,2.069973678385417,3.624696942708333,2.5634348958333333,2.5050025163503102
16694,1,1.128,1.128,0.0,1.414,2773,2010,135.0,1.0,1.642799616294013,1.4457772812499998,1.4457772812499998,1.8123484713541664,1.2817174479166666,1.4462638771355416
16695,2,2.596,0.981,135.0,2.828,2839,2010,135.0,1.414,3.285599232588026,3.327338494791667,1.2573648164062499,3.624696942708333,1.8123484713541664,2.0453259898153786
16696,3,3.385,1.128,90.0,3.162,2869,2010,108.435,1.0,4.928398848882039,4.338613561197916,1.4457772812499998,4.0527905703125,1.2817174479166666,2.5050025163503102
16697,3,2.365,1.615,135.0,2.828,3075,2010,135.0,2.0,4.928398848882039,3.0312617643229167,2.069973678385417,3.624696942708333,2.5634348958333333,2.5050025163503102
16698,2,2.596,0.981,135.0,2.828,3135,2010,135.0,1.414,3.285599232588026,3.327338494791667,1.2573648164062499,3.624696942708333,1.8123484713541664,2.0453259898153786
16699,7,4.719,1.889,136.363,5.657,3186,2010,135.0,2.828,11.499597314058091,6.04842463671875,2.421164259114583,7.250675602864583,3.624696942708333,3.826454549076717
16700,38,9.916,4.879,12.586,10.77,3206,2016,21.801,6.0,62.4263854191725,12.709510213541668,6.253499428385416,13.8040969140625,7.690304687499999,8.915369296202536
16701,11,5.57,2.515,172.921,6.325,3264,2010,161.565,3.0,18.070795779234142,7.139166184895833,3.2235193815104166,8.106862858072917,3.8451523437499997,4.796714628303253
16702,11,5.869,2.386,108.847,6.708,3274,2010,116.565,3.395,18.070795779234142,7.522399701822916,3.058177830729167,8.597760640625,4.351430735677083,4.796714628303253
16703,1,1.128,1.128,0.0,1.414,3279,2010,135.0,1.0,1.642799616294013,1.4457772812499998,1.4457772812499998,1.8123484713541664,1.2817174479166666,1.4462638771355416
16704,72,15.38,5.961,37.519,22.627,3312,2026,45.0,10.061,118.28157237316894,19.712814348958332,7.64031770703125,29.001420694010413,12.895359243489583,12.27195593889227
16705,1,1.128,1.128,0.0,1.414,579,2011,135.0,1.0,1.642799616294013,1.4457772812499998,1.4457772812499998,1.8123484713541664,1.2817174479166666,1.4462638771355416
16706,1,1.128,1.128,0.0,1.414,674,2011,135.0,1.0,1.642799616294013,1.4457772812499998,1.4457772812499998,1.8123484713541664,1.2817174479166666,1.4462638771355416
16707,12,4.217,3.624,116.951,5.657,738,2012,135.0,4.0,19.713595395528156,5.405002477864583,4.64494403125,7.250675602864583,5.126869791666667,5.0100050327006205
16708,1,1.128,1.128,0.0,1.414,834,2011,135.0,1.0,1.642799616294013,1.4457772812499998,1.4457772812499998,1.8123484713541664,1.2817174479166666,1.4462638771355416
16709,2,2.257,1.128,0.0,2.236,952,2011,153.435,1.0,3.285599232588026,2.892836279947917,1.4457772812499998,2.865920213541667,1.2817174479166666,2.0453259898153786
16710,4,2.257,2.257,0.0,2.828,996,2011,135.0,2.0,6.571198465176052,2.892836279947917,2.892836279947917,3.624696942708333,2.5634348958333333,2.892527754271083
16711,1,1.128,1.128,0.0,1.414,1099,2011,135.0,1.0,1.642799616294013,1.4457772812499998,1.4457772812499998,1.8123484713541664,1.2817174479166666,1.4462638771355416
16712,2,2.596,0.981,45.0,2.828,1107,2013,45.0,1.414,3.285599232588026,3.327338494791667,1.2573648164062499,3.624696942708333,1.8123484713541664,2.0453259898153786
16713,2,2.257,1.128,0.0,2.236,1418,2011,153.435,1.0,3.285599232588026,2.892836279947917,1.4457772812499998,2.865920213541667,1.2817174479166666,2.0453259898153786
16714,1,1.128,1.128,0.0,1.414,1778,2011,135.0,1.0,1.642799616294013,1.4457772812499998,1.4457772812499998,1.8123484713541664,1.2817174479166666,1.4462638771355416
16715,4,3.192,1.596,71.565,3.606,2826,2014,56.31,2.0,6.571198465176052,4.09124209375,2.045621046875,4.6218731171875,2.5634348958333333,2.892527754271083
16716,3,3.213,1.189,28.155,3.606,2907,2013,33.69,1.789,4.928398848882039,4.11815816015625,1.5239620455729168,4.6218731171875,2.2929925143229166,2.5050025163503102
16717,2,2.257,1.128,0.0,2.236,3010,2011,153.435,1.0,3.285599232588026,2.892836279947917,1.4457772812499998,2.865920213541667,1.2817174479166666,2.0453259898153786
16718,2,2.257,1.128,0.0,2.236,3152,2011,153.435,1.0,3.285599232588026,2.892836279947917,1.4457772812499998,2.865920213541667,1.2817174479166666,2.0453259898153786
16719,8,3.978,2.56,24.407,4.472,3176,2013,26.565,3.0,13.142396930352104,5.0986720078125005,3.2811966666666668,5.731840427083334,3.8451523437499997,4.090651979630757
16720,1,1.128,1.128,0.0,1.414,3308,2011,135.0,1.0,1.642799616294013,1.4457772812499998,1.4457772812499998,1.8123484713541664,1.2817174479166666,1.4462638771355416
16721,16,5.717,3.563,9.645,6.708,3330,2012,153.435,4.851,26.28479386070421,7.327578649739583,4.566759266927083,8.597760640625,6.21761133984375,5.785055508542166
16722,2,2.257,1.128,90.0,2.236,0,2012,116.565,1.0,3.285599232588026,2.892836279947917,1.4457772812499998,2.865920213541667,1.2817174479166666,2.0453259898153786
16723,13,4.493,3.684,116.986,5.657,704,2012,135.0,4.0,21.35639501182217,5.758756493489583,4.721847078125,7.250675602864583,5.126869791666667,5.214578566863546
16724,2,2.257,1.128,90.0,2.236,781,2012,116.565,1.0,3.285599232588026,2.892836279947917,1.4457772812499998,2.865920213541667,1.2817174479166666,2.0453259898153786
16725,7,3.821,2.332,138.421,5.0,869,2012,126.87,3.536,11.499597314058091,4.897442368489584,2.9889650885416663,6.408587239583333,4.532152895833334,3.826454549076717
16726,4,2.257,2.257,0.0,2.828,2846,2012,135.0,2.0,6.571198465176052,2.892836279947917,2.892836279947917,3.624696942708333,2.5634348958333333,2.892527754271083
16727,1,1.128,1.128,0.0,1.414,2895,2012,135.0,1.0,1.642799616294013,1.4457772812499998,1.4457772812499998,1.8123484713541664,1.2817174479166666,1.4462638771355416
16728,1,1.128,1.128,0.0,1.414,2943,2012,135.0,1.0,1.642799616294013,1.4457772812499998,1.4457772812499998,1.8123484713541664,1.2817174479166666,1.4462638771355416
16729,2,2.257,1.128,90.0,2.236,3184,2012,116.565,1.0,3.285599232588026,2.892836279947917,1.4457772812499998,2.865920213541667,1.2817174479166666,2.0453259898153786
16730,7,3.742,2.382,14.872,4.472,3228,2014,26.565,3.0,11.499597314058091,4.796186690104166,3.0530509609375,5.731840427083334,3.8451523437499997,3.826454549076717
16731,6,3.489,2.19,45.0,4.243,3250,2015,45.0,2.828,9.856797697764078,4.47191217578125,2.8069612109374997,5.438327131510417,3.624696942708333,3.5426085324013394
16732,14,4.741,3.76,159.95,5.657,3314,2012,135.0,4.0,22.999194628116182,6.0766224205729165,4.819257604166666,7.250675602864583,5.126869791666667,5.411423919108519
16733,15,5.684,3.36,92.54,6.325,3580,2012,108.435,4.0,24.641994244410196,7.285281973958333,4.306570625,8.106862858072917,5.126869791666667,5.601355910367322
16734,21,8.69,3.077,111.472,10.296,545,2013,119.055,4.511,34.49879194217427,11.138124622395832,3.943844587239583,13.19656284375,5.7818274075520835,6.627613691853932
16735,1,1.128,1.128,0.0,1.414,697,2013,135.0,1.0,1.642799616294013,1.4457772812499998,1.4457772812499998,1.8123484713541664,1.2817174479166666,1.4462638771355416
16736,1,1.128,1.128,0.0,1.414,1299,2013,135.0,1.0,1.642799616294013,1.4457772812499998,1.4457772812499998,1.8123484713541664,1.2817174479166666,1.4462638771355416
16737,27,7.419,4.634,105.027,8.944,2752,2013,116.565,6.0,44.35558963993835,9.50906174609375,5.939478653645834,11.463680854166668,7.690304687499999,7.515007549050931
16738,2,2.257,1.128,90.0,2.236,2781,2013,116.565,1.0,3.285599232588026,2.892836279947917,1.4457772812499998,2.865920213541667,1.2817174479166666,2.0453259898153786
16739,13,6.273,2.639,31.5,7.81,2798,2018,39.806,3.944,21.35639501182217,8.04021355078125,3.382452345052083,10.010213268229165,5.055093614583333,5.214578566863546
16740,4,3.216,1.583,58.283,3.606,2970,2016,56.31,2.0,6.571198465176052,4.1220033125,2.028958720052083,4.6218731171875,2.5634348958333333,2.892527754271083
16741,5,3.144,2.025,71.565,3.606,3022,2016,56.31,2.0,8.213998081470065,4.02971965625,2.59547783203125,4.6218731171875,2.5634348958333333,3.2339443426774745
16742,11,5.005,2.798,171.884,6.325,3104,2014,161.565,3.0,18.070795779234142,6.414995826822916,3.5862454192708335,8.106862858072917,3.8451523437499997,4.796714628303253
16743,2,2.596,0.981,45.0,2.828,3149,2015,45.0,1.414,3.285599232588026,3.327338494791667,1.2573648164062499,3.624696942708333,1.8123484713541664,2.0453259898153786
16744,20,6.289,4.049,71.565,7.211,0,2020,56.31,4.0,32.85599232588026,8.060721029947915,5.189673946614584,9.242464516927084,5.126869791666667,6.467888685354949
16745,1,1.128,1.128,0.0,1.414,634,2014,135.0,1.0,1.642799616294013,1.4457772812499998,1.4457772812499998,1.8123484713541664,1.2817174479166666,1.4462638771355416
16746,3,2.365,1.615,135.0,2.828,670,2014,135.0,2.0,4.928398848882039,3.0312617643229167,2.069973678385417,3.624696942708333,2.5634348958333333,2.5050025163503102
16747,92,17.932,6.532,79.592,22.804,722,2036,74.745,10.786,151.1375646990492,22.983757276041665,8.372178369791667,29.228284682291665,13.824604393229166,13.872075785990207
16748,2,2.257,1.128,90.0,2.236,803,2014,116.565,1.0,3.285599232588026,2.892836279947917,1.4457772812499998,2.865920213541667,1.2817174479166666,2.0453259898153786
16749,1,1.128,1.128,0.0,1.414,808,2014,135.0,1.0,1.642799616294013,1.4457772812499998,1.4457772812499998,1.8123484713541664,1.2817174479166666,1.4462638771355416
16750,25,8.522,3.735,34.99,11.314,860,2022,45.0,5.423,41.069990407350325,10.922796091145834,4.78721466796875,14.501351205729167,6.9507537200520835,7.231319385677708
16751,1,1.128,1.128,0.0,1.414,903,2014,135.0,1.0,1.642799616294013,1.4457772812499998,1.4457772812499998,1.8123484713541664,1.2817174479166666,1.4462638771355416
16752,3,2.365,1.615,135.0,2.828,997,2014,135.0,2.0,4.928398848882039,3.0312617643229167,2.069973678385417,3.624696942708333,2.5634348958333333,2.5050025163503102
16753,7,4.154,2.146,171.65,4.472,1016,2014,153.435,2.0,11.499597314058091,5.324254278645833,2.7505656432291663,5.731840427083334,2.5634348958333333,3.826454549076717
16754,2,2.596,0.981,45.0,2.828,1202,2016,45.0,1.414,3.285599232588026,3.327338494791667,1.2573648164062499,3.624696942708333,1.8123484713541664,2.0453259898153786
16755,4,2.257,2.257,0.0,2.828,2730,2014,135.0,2.0,6.571198465176052,2.892836279947917,2.892836279947917,3.624696942708333,2.5634348958333333,2.892527754271083
16756,3,3.213,1.189,151.845,3.606,2773,2014,146.31,1.789,4.928398848882039,4.11815816015625,1.5239620455729168,4.6218731171875,2.2929925143229166,2.5050025163503102
16757,1,1.128,1.128,0.0,1.414,2795,2014,135.0,1.0,1.642799616294013,1.4457772812499998,1.4457772812499998,1.8123484713541664,1.2817174479166666,1.4462638771355416
16758,26,6.458,5.126,166.211,9.22,2889,2015,139.399,6.871,42.71279002364434,8.277331278645834,6.570083638020834,11.817434869791667,8.806680584635417,7.374527731318484
16759,1,1.128,1.128,0.0,1.414,2913,2014,135.0,1.0,1.642799616294013,1.4457772812499998,1.4457772812499998,1.8123484713541664,1.2817174479166666,1.4462638771355416
16760,2,2.257,1.128,0.0,2.236,2946,2014,153.435,1.0,3.285599232588026,2.892836279947917,1.4457772812499998,2.865920213541667,1.2817174479166666,2.0453259898153786
16761,5,4.076,1.562,110.994,4.472,3054,2014,116.565,2.0,8.213998081470065,5.224280317708333,2.0020426536458333,5.731840427083334,2.5634348958333333,3.2339443426774745
16762,4,2.257,2.257,0.0,2.828,3114,2014,135.0,2.0,6.571198465176052,2.892836279947917,2.892836279947917,3.624696942708333,2.5634348958333333,2.892527754271083
16763,1,1.128,1.128,0.0,1.414,3133,2014,135.0,1.0,1.642799616294013,1.4457772812499998,1.4457772812499998,1.8123484713541664,1.2817174479166666,1.4462638771355416
16764,23,5.8,5.049,38.38,7.211,3160,2014,146.31,6.0,37.7843911747623,7.433961197916666,6.47139139453125,9.242464516927084,7.690304687499999,6.936037892995103
16765,2,2.257,1.128,90.0,2.236,3291,2014,116.565,1.0,3.285599232588026,2.892836279947917,1.4457772812499998,2.865920213541667,1.2817174479166666,2.0453259898153786
16766,3,2.365,1.615,45.0,2.828,3298,2016,45.0,2.0,4.928398848882039,3.0312617643229167,2.069973678385417,3.624696942708333,2.5634348958333333,2.5050025163503102
16767,8,3.254,3.13,0.0,4.243,38,2015,135.0,3.0,13.142396930352104,4.170708575520833,4.011775611979166,5.438327131510417,3.8451523437499997,4.090651979630757
16768,6,3.718,2.055,0.0,4.123,615,2015,165.964,2.0,9.856797697764078,4.765425471354167,2.63392935546875,5.284521037760417,2.5634348958333333,3.5426085324013394
16769,1,1.128,1.128,0.0,1.414,793,2015,135.0,1.0,1.642799616294013,1.4457772812499998,1.4457772812499998,1.8123484713541664,1.2817174479166666,1.4462638771355416
16770,10,5.015,2.539,72.307,5.385,950,2020,68.199,3.0,16.42799616294013,6.427813001302082,3.254280600260417,6.90204845703125,3.8451523437499997,4.573487949374228
16771,1,1.128,1.128,0.0,1.414,960,2015,135.0,1.0,1.642799616294013,1.4457772812499998,1.4457772812499998,1.8123484713541664,1.2817174479166666,1.4462638771355416
16772,1,1.128,1.128,0.0,1.414,991,2015,135.0,1.0,1.642799616294013,1.4457772812499998,1.4457772812499998,1.8123484713541664,1.2817174479166666,1.4462638771355416
16773,1,1.128,1.128,0.0,1.414,1430,2015,135.0,1.0,1.642799616294013,1.4457772812499998,1.4457772812499998,1.8123484713541664,1.2817174479166666,1.4462638771355416
16774,1,1.128,1.128,0.0,1.414,1466,2015,135.0,1.0,1.642799616294013,1.4457772812499998,1.4457772812499998,1.8123484713541664,1.2817174479166666,1.4462638771355416
16775,3,3.213,1.189,118.155,3.606,2762,2015,123.69,1.789,4.928398848882039,4.11815816015625,1.5239620455729168,4.6218731171875,2.2929925143229166,2.5050025163503102
16776,2,2.257,1.128,0.0,2.236,2835,2015,153.435,1.0,3.285599232588026,2.892836279947917,1.4457772812499998,2.865920213541667,1.2817174479166666,2.0453259898153786
16777,2,2.257,1.128,90.0,2.236,2847,2015,116.565,1.0,3.285599232588026,2.892836279947917,1.4457772812499998,2.865920213541667,1.2817174479166666,2.0453259898153786
16778,3,2.365,1.615,45.0,2.828,2869,2017,45.0,2.0,4.928398848882039,3.0312617643229167,2.069973678385417,3.624696942708333,2.5634348958333333,2.5050025163503102
16779,67,10.877,7.843,127.279,17.493,2909,2015,120.964,12.454,110.06757429169888,13.941240680989583,10.052509944010417,22.421083316406246,15.962509096354168,11.838180035570401
16780,4,3.192,1.596,71.565,3.606,2918,2018,56.31,2.0,6.571198465176052,4.09124209375,2.045621046875,4.6218731171875,2.5634348958333333,2.892527754271083
16781,3,3.385,1.128,0.0,3.162,3025,2015,161.565,1.0,4.928398848882039,4.338613561197916,1.4457772812499998,4.0527905703125,1.2817174479166666,2.5050025163503102
16782,1,1.128,1.128,0.0,1.414,3203,2015,135.0,1.0,1.642799616294013,1.4457772812499998,1.4457772812499998,1.8123484713541664,1.2817174479166666,1.4462638771355416
16783,6,4.968,1.538,146.647,5.831,3286,2015,149.036,2.496,9.856797697764078,6.36757228125,1.9712814348958334,7.473694438802084,3.19916675,3.5426085324013394
16784,6,3.718,2.055,36.87,4.243,3301,2018,45.0,2.683,9.856797697764078,4.765425471354167,2.63392935546875,5.438327131510417,3.4388479127604166,3.5426085324013394
16785,4,3.216,1.583,58.283,3.606,3352,2018,56.31,2.0,6.571198465176052,4.1220033125,2.028958720052083,4.6218731171875,2.5634348958333333,2.892527754271083
16786,4,3.192,1.596,71.565,3.606,3749,2018,56.31,2.0,6.571198465176052,4.09124209375,2.045621046875,4.6218731171875,2.5634348958333333,2.892527754271083
16787,1,1.128,1.128,0.0,1.414,22,2016,135.0,1.0,1.642799616294013,1.4457772812499998,1.4457772812499998,1.8123484713541664,1.2817174479166666,1.4462638771355416
16788,16,7.399,2.753,152.403,8.944,524,2017,153.435,4.025,26.28479386070421,9.483427397135417,3.5285681341145834,11.463680854166668,5.158912727864584,5.785055508542166
16789,9,5.157,2.222,25.435,5.831,672,2020,30.964,3.13,14.785196546646118,6.6098168789062495,2.8479761692708334,7.473694438802084,4.011775611979166,4.338791631406624
16790,1,1.128,1.128,0.0,1.414,681,2016,135.0,1.0,1.642799616294013,1.4457772812499998,1.4457772812499998,1.8123484713541664,1.2817174479166666,1.4462638771355416
16791,1,1.128,1.128,0.0,1.414,795,2016,135.0,1.0,1.642799616294013,1.4457772812499998,1.4457772812499998,1.8123484713541664,1.2817174479166666,1.4462638771355416
16792,5,3.461,1.839,135.0,4.243,902,2016,135.0,2.683,8.213998081470065,4.436024087239583,2.35707838671875,5.438327131510417,3.4388479127604166,3.2339443426774745
16793,24,6.279,4.866,57.09,7.81,2779,2023,50.194,6.0,39.42719079105631,8.04790385546875,6.236837101562499,10.010213268229165,7.690304687499999,7.085217064802679
16794,11,6.712,2.087,112.599,7.211,2791,2016,123.69,2.846,18.070795779234142,8.602887510416666,2.6749443138020834,9.242464516927084,3.6477678567708334,4.796714628303253
16795,4,3.192,1.596,161.565,3.606,2805,2016,146.31,2.0,6.571198465176052,4.09124209375,2.045621046875,4.6218731171875,2.5634348958333333,2.892527754271083
16796,7,3.086,2.888,0.0,3.606,2904,2016,123.69,3.0,11.499597314058091,3.955380044270833,3.701599989583333,4.6218731171875,3.8451523437499997,3.826454549076717
16797,36,9.289,4.935,23.548,13.454,2952,2025,41.987,7.603,59.14078618658447,11.905873373697917,6.325275605468749,17.244226544270834,9.744897756510417,8.677583262813249
16798,9,6.714,1.707,175.643,7.071,3227,2017,171.87,2.0,14.785196546646118,8.6054509453125,2.18789168359375,9.063024074218749,2.5634348958333333,4.338791631406624
16799,52,10.278,6.442,134.653,13.892,3244,2016,120.256,9.43,85.42558004728868,13.1734919296875,8.256823799479166,17.805618786458332,12.086595533854165,10.429157133727092
16800,1,1.128,1.128,0.0,1.414,3265,2016,135.0,1.0,1.642799616294013,1.4457772812499998,1.4457772812499998,1.8123484713541664,1.2817174479166666,1.4462638771355416
16801,2,2.257,1.128,0.0,2.236,624,2017,153.435,1.0,3.285599232588026,2.892836279947917,1.4457772812499998,2.865920213541667,1.2817174479166666,2.0453259898153786
16802,30,8.081,4.727,147.181,10.817,640,2017,123.69,6.697,49.28398848882039,10.357558696614582,6.058678376302083,13.864337634114584,8.583661748697917,7.921513496120161
16803,20,6.845,3.72,135.784,8.602,697,2017,125.538,6.128,32.85599232588026,8.773355930989583,4.76798890625,11.025333486979166,7.854364520833333,6.467888685354949
16804,4,3.676,1.385,140.31,4.243,714,2017,135.0,2.121,6.571198465176052,4.711593338541666,1.7751786653645834,5.438327131510417,2.71852270703125,2.892527754271083
16805,2,2.257,1.128,0.0,2.236,817,2017,153.435,1.0,3.285599232588026,2.892836279947917,1.4457772812499998,2.865920213541667,1.2817174479166666,2.0453259898153786
16806,4,4.514,1.128,0.0,4.123,828,2017,165.964,1.0,6.571198465176052,5.785672559895834,1.4457772812499998,5.284521037760417,1.2817174479166666,2.892527754271083
16807,1,1.128,1.128,0.0,1.414,843,2017,135.0,1.0,1.642799616294013,1.4457772812499998,1.4457772812499998,1.8123484713541664,1.2817174479166666,1.4462638771355416
16808,13,4.119,4.019,71.565,5.385,2835,2022,68.199,4.0,21.35639501182217,5.27939416796875,5.151222423177083,6.90204845703125,5.126869791666667,5.214578566863546
16809,1,1.128,1.128,0.0,1.414,3050,2017,135.0,1.0,1.642799616294013,1.4457772812499998,1.4457772812499998,1.8123484713541664,1.2817174479166666,1.4462638771355416
16810,189,23.798,10.112,161.805,32.311,3204,2022,158.199,17.464,310.4891274795685,30.50231182552083,12.960726833333334,41.41357245963542,22.383913510416665,19.882841075561796
16811,65,13.91,5.95,25.884,20.809,3258,2029,35.218,11.242,106.78197505911085,17.828689700520833,7.626218815104167,26.671258373697917,14.409067549479168,11.660152149520322
16812,1,1.128,1.128,0.0,1.414,3340,2017,135.0,1.0,1.642799616294013,1.4457772812499998,1.4457772812499998,1.8123484713541664,1.2817174479166666,1.4462638771355416
16813,1,1.128,1.128,0.0,1.414,3555,2017,135.0,1.0,1.642799616294013,1.4457772812499998,1.4457772812499998,1.8123484713541664,1.2817174479166666,1.4462638771355416
16814,1,1.128,1.128,0.0,1.414,3610,2017,135.0,1.0,1.642799616294013,1.4457772812499998,1.4457772812499998,1.8123484713541664,1.2817174479166666,1.4462638771355416
16815,1,1.128,1.128,0.0,1.414,583,2018,135.0,1.0,1.642799616294013,1.4457772812499998,1.4457772812499998,1.8123484713541664,1.2817174479166666,1.4462638771355416
16816,5,2.523,2.523,0.0,3.162,619,2018,108.435,2.828,8.213998081470065,3.23377312109375,3.23377312109375,4.0527905703125,3.624696942708333,3.2339443426774745
16817,3,3.385,1.128,90.0,3.162,637,2018,108.435,1.0,4.928398848882039,4.338613561197916,1.4457772812499998,4.0527905703125,1.2817174479166666,2.5050025163503102
16818,4,3.676,1.385,140.31,4.243,729,2018,135.0,2.121,6.571198465176052,4.711593338541666,1.7751786653645834,5.438327131510417,2.71852270703125,2.892527754271083
16819,34,7.679,5.637,17.088,9.434,754,2024,32.005,6.0,55.855186953996444,9.842308282552084,7.225041253906249,12.091722403645832,7.690304687499999,8.433095094829797
16820,4,2.257,2.257,0.0,2.828,796,2018,135.0,2.0,6.571198465176052,2.892836279947917,2.892836279947917,3.624696942708333,2.5634348958333333,2.892527754271083
16821,5,3.144,2.025,18.435,3.606,824,2020,33.69,2.0,8.213998081470065,4.02971965625,2.59547783203125,4.6218731171875,2.5634348958333333,3.2339443426774745
16822,1,1.128,1.128,0.0,1.414,871,2018,135.0,1.0,1.642799616294013,1.4457772812499998,1.4457772812499998,1.8123484713541664,1.2817174479166666,1.4462638771355416
16823,1,1.128,1.128,0.0,1.414,980,2018,135.0,1.0,1.642799616294013,1.4457772812499998,1.4457772812499998,1.8123484713541664,1.2817174479166666,1.4462638771355416
16824,1,1.128,1.128,0.0,1.414,991,2018,135.0,1.0,1.642799616294013,1.4457772812499998,1.4457772812499998,1.8123484713541664,1.2817174479166666,1.4462638771355416
16825,1,1.128,1.128,0.0,1.414,2585,2018,135.0,1.0,1.642799616294013,1.4457772812499998,1.4457772812499998,1.8123484713541664,1.2817174479166666,1.4462638771355416
16826,1,1.128,1.128,0.0,1.414,2814,2018,135.0,1.0,1.642799616294013,1.4457772812499998,1.4457772812499998,1.8123484713541664,1.2817174479166666,1.4462638771355416
16827,4,3.216,1.583,148.283,3.606,2829,2018,146.31,2.0,6.571198465176052,4.1220033125,2.028958720052083,4.6218731171875,2.5634348958333333,2.892527754271083
16828,4,3.676,1.385,140.31,4.243,2865,2018,135.0,2.121,6.571198465176052,4.711593338541666,1.7751786653645834,5.438327131510417,2.71852270703125,2.892527754271083
16829,2,2.257,1.128,90.0,2.236,2886,2018,116.565,1.0,3.285599232588026,2.892836279947917,1.4457772812499998,2.865920213541667,1.2817174479166666,2.0453259898153786
16830,1,1.128,1.128,0.0,1.414,2915,2018,135.0,1.0,1.642799616294013,1.4457772812499998,1.4457772812499998,1.8123484713541664,1.2817174479166666,1.4462638771355416
16831,156,16.842,11.794,145.861,22.204,2925,2018,125.838,16.971,256.276740141866,21.586685257812498,15.116575580729167,28.459254213541666,21.75202680859375,18.06383003573473
16832,3,2.365,1.615,135.0,2.828,3142,2018,135.0,2.0,4.928398848882039,3.0312617643229167,2.069973678385417,3.624696942708333,2.5634348958333333,2.5050025163503102
16833,1,1.128,1.128,0.0,1.414,3145,2018,135.0,1.0,1.642799616294013,1.4457772812499998,1.4457772812499998,1.8123484713541664,1.2817174479166666,1.4462638771355416
16834,2,2.596,0.981,45.0,2.828,3310,2020,45.0,1.414,3.285599232588026,3.327338494791667,1.2573648164062499,3.624696942708333,1.8123484713541664,2.0453259898153786
16835,1,1.128,1.128,0.0,1.414,3827,2018,135.0,1.0,1.642799616294013,1.4457772812499998,1.4457772812499998,1.8123484713541664,1.2817174479166666,1.4462638771355416
16836,77,11.432,8.576,150.889,14.866,679,2019,109.654,13.0,126.49557045463901,14.652593864583334,10.992008833333333,19.054011580729167,16.662326822916665,12.690914016636032
16837,4,3.192,1.596,71.565,3.606,745,2022,56.31,2.0,6.571198465176052,4.09124209375,2.045621046875,4.6218731171875,2.5634348958333333,2.892527754271083
16838,4,2.838,1.795,135.0,3.606,1014,2019,123.69,2.683,6.571198465176052,3.6375141171875,2.3006828190104165,4.6218731171875,3.4388479127604166,2.892527754271083
16839,1,1.128,1.128,0.0,1.414,2088,2019,135.0,1.0,1.642799616294013,1.4457772812499998,1.4457772812499998,1.8123484713541664,1.2817174479166666,1.4462638771355416
16840,51,12.173,5.335,104.822,15.297,2803,2034,78.69,9.357,83.78278043099466,15.602346493489582,6.837962584635417,19.60643180078125,11.993030160156248,10.32838996735036
16841,3,2.365,1.615,45.0,2.828,2860,2021,45.0,2.0,4.928398848882039,3.0312617643229167,2.069973678385417,3.624696942708333,2.5634348958333333,2.5050025163503102
16842,1,1.128,1.128,0.0,1.414,2877,2019,135.0,1.0,1.642799616294013,1.4457772812499998,1.4457772812499998,1.8123484713541664,1.2817174479166666,1.4462638771355416
16843,1,1.128,1.128,0.0,1.414,2908,2019,135.0,1.0,1.642799616294013,1.4457772812499998,1.4457772812499998,1.8123484713541664,1.2817174479166666,1.4462638771355416
16844,2,2.596,0.981,135.0,2.828,2920,2019,135.0,1.414,3.285599232588026,3.327338494791667,1.2573648164062499,3.624696942708333,1.8123484713541664,2.0453259898153786
16845,1,1.128,1.128,0.0,1.414,3126,2019,135.0,1.0,1.642799616294013,1.4457772812499998,1.4457772812499998,1.8123484713541664,1.2817174479166666,1.4462638771355416
16846,3,3.385,1.128,0.0,3.162,3330,2019,161.565,1.0,4.928398848882039,4.338613561197916,1.4457772812499998,4.0527905703125,1.2817174479166666,2.5050025163503102
16847,4,4.514,1.128,0.0,4.123,3334,2019,165.964,1.0,6.571198465176052,5.785672559895834,1.4457772812499998,5.284521037760417,1.2817174479166666,2.892527754271083
16848,2,2.257,1.128,90.0,2.236,3793,2019,116.565,1.0,3.285599232588026,2.892836279947917,1.4457772812499998,2.865920213541667,1.2817174479166666,2.0453259898153786
16849,47,8.629,6.935,62.968,11.18,623,2030,63.435,8.0,77.21158196581861,11.059939858072916,8.888710501302082,14.329601067708333,10.253739583333333,9.915085602678126
16850,8,4.514,2.257,90.0,4.472,766,2020,116.565,2.0,13.142396930352104,5.785672559895834,2.892836279947917,5.731840427083334,2.5634348958333333,4.090651979630757
16851,4,2.257,2.257,0.0,2.828,808,2020,135.0,2.0,6.571198465176052,2.892836279947917,2.892836279947917,3.624696942708333,2.5634348958333333,2.892527754271083
16852,2,2.257,1.128,90.0,2.236,871,2020,116.565,1.0,3.285599232588026,2.892836279947917,1.4457772812499998,2.865920213541667,1.2817174479166666,2.0453259898153786
16853,1,1.128,1.128,0.0,1.414,983,2020,135.0,1.0,1.642799616294013,1.4457772812499998,1.4457772812499998,1.8123484713541664,1.2817174479166666,1.4462638771355416
16854,4,2.257,2.257,0.0,2.828,1154,2020,135.0,2.0,6.571198465176052,2.892836279947917,2.892836279947917,3.624696942708333,2.5634348958333333,2.892527754271083
16855,2,2.257,1.128,90.0,2.236,1314,2020,116.565,1.0,3.285599232588026,2.892836279947917,1.4457772812499998,2.865920213541667,1.2817174479166666,2.0453259898153786
16856,1,1.128,1.128,0.0,1.414,2687,2020,135.0,1.0,1.642799616294013,1.4457772812499998,1.4457772812499998,1.8123484713541664,1.2817174479166666,1.4462638771355416
16857,17,5.757,3.76,114.308,6.325,2774,2020,108.435,4.438,27.927593476998222,7.378847347656249,4.819257604166666,8.106862858072917,5.6882620338541665,5.963098727945161
16858,12,6.616,2.309,68.014,7.616,2879,2027,66.801,3.395,19.713595395528156,8.479842635416666,2.9594855872395835,9.761560083333332,4.351430735677083,5.0100050327006205
16859,19,6.963,3.475,131.283,9.434,2889,2020,122.005,5.814,31.21319270958625,8.92459858984375,4.4539681315104165,12.091722403645832,7.4519052421875,6.304118086127151
16860,8,4.712,2.162,63.435,5.0,2998,2024,53.13,2.683,13.142396930352104,6.0394526145833325,2.7710731223958334,6.408587239583333,3.4388479127604166,4.090651979630757
16861,2,2.257,1.128,0.0,2.236,3062,2020,153.435,1.0,3.285599232588026,2.892836279947917,1.4457772812499998,2.865920213541667,1.2817174479166666,2.0453259898153786
16862,8,4.249,2.397,77.443,5.0,3106,2024,53.13,3.0,13.142396930352104,5.446017436197916,3.0722767226562495,6.408587239583333,3.8451523437499997,4.090651979630757
16863,13,6.502,2.546,34.488,7.81,3144,2025,39.806,3.883,21.35639501182217,8.333726846354166,3.263252622395833,10.010213268229165,4.976908850260417,5.214578566863546
16864,11,5.132,2.729,154.014,6.403,3272,2020,141.34,3.883,18.070795779234142,6.577773942708332,3.4978069153645834,8.206836819010416,4.976908850260417,4.796714628303253
16865,2,2.257,1.128,0.0,2.236,3274,2020,153.435,1.0,3.285599232588026,2.892836279947917,1.4457772812499998,2.865920213541667,1.2817174479166666,2.0453259898153786
16866,7,3.507,2.542,30.473,4.243,0,2024,45.0,3.0,11.499597314058091,4.49498308984375,3.2581257526041663,5.438327131510417,3.8451523437499997,3.826454549076717
16867,2,2.257,1.128,90.0,2.236,463,2021,116.565,1.0,3.285599232588026,2.892836279947917,1.4457772812499998,2.865920213541667,1.2817174479166666,2.0453259898153786
16868,2,2.257,1.128,90.0,2.236,551,2021,116.565,1.0,3.285599232588026,2.892836279947917,1.4457772812499998,2.865920213541667,1.2817174479166666,2.0453259898153786
16869,5,4.072,1.563,148.283,5.0,556,2021,143.13,2.496,8.213998081470065,5.219153447916667,2.00332437109375,6.408587239583333,3.19916675,3.2339443426774745
16870,1,1.128,1.128,0.0,1.414,749,2021,135.0,1.0,1.642799616294013,1.4457772812499998,1.4457772812499998,1.8123484713541664,1.2817174479166666,1.4462638771355416
16871,2,2.257,1.128,0.0,2.236,798,2021,153.435,1.0,3.285599232588026,2.892836279947917,1.4457772812499998,2.865920213541667,1.2817174479166666,2.0453259898153786
16872,1,1.128,1.128,0.0,1.414,994,2021,135.0,1.0,1.642799616294013,1.4457772812499998,1.4457772812499998,1.8123484713541664,1.2817174479166666,1.4462638771355416
16873,1,1.128,1.128,0.0,1.414,2070,2021,135.0,1.0,1.642799616294013,1.4457772812499998,1.4457772812499998,1.8123484713541664,1.2817174479166666,1.4462638771355416
16874,1,1.128,1.128,0.0,1.414,2536,2021,135.0,1.0,1.642799616294013,1.4457772812499998,1.4457772812499998,1.8123484713541664,1.2817174479166666,1.4462638771355416
16875,1,1.128,1.128,0.0,1.414,2761,2021,135.0,1.0,1.642799616294013,1.4457772812499998,1.4457772812499998,1.8123484713541664,1.2817174479166666,1.4462638771355416
16876,1,1.128,1.128,0.0,1.414,2815,2021,135.0,1.0,1.642799616294013,1.4457772812499998,1.4457772812499998,1.8123484713541664,1.2817174479166666,1.4462638771355416
16877,2,2.257,1.128,90.0,2.236,2825,2021,116.565,1.0,3.285599232588026,2.892836279947917,1.4457772812499998,2.865920213541667,1.2817174479166666,2.0453259898153786
16878,1,1.128,1.128,0.0,1.414,3012,2021,135.0,1.0,1.642799616294013,1.4457772812499998,1.4457772812499998,1.8123484713541664,1.2817174479166666,1.4462638771355416
16879,5,3.316,1.92,45.0,4.243,3109,2024,45.0,2.828,8.213998081470065,4.250175057291666,2.4608974999999997,5.438327131510417,3.624696942708333,3.2339443426774745
16880,2,2.257,1.128,0.0,2.236,3114,2021,153.435,1.0,3.285599232588026,2.892836279947917,1.4457772812499998,2.865920213541667,1.2817174479166666,2.0453259898153786
16881,1,1.128,1.128,0.0,1.414,3122,2021,135.0,1.0,1.642799616294013,1.4457772812499998,1.4457772812499998,1.8123484713541664,1.2817174479166666,1.4462638771355416
16882,1,1.128,1.128,0.0,1.414,3200,2021,135.0,1.0,1.642799616294013,1.4457772812499998,1.4457772812499998,1.8123484713541664,1.2817174479166666,1.4462638771355416
16883,1,1.128,1.128,0.0,1.414,3229,2021,135.0,1.0,1.642799616294013,1.4457772812499998,1.4457772812499998,1.8123484713541664,1.2817174479166666,1.4462638771355416
16884,9,5.109,2.243,15.325,5.385,3251,2024,21.801,2.846,14.785196546646118,6.54829444140625,2.874892235677083,6.90204845703125,3.6477678567708334,4.338791631406624
16885,6,3.489,2.19,135.0,4.243,3527,2021,135.0,2.828,9.856797697764078,4.47191217578125,2.8069612109374997,5.438327131510417,3.624696942708333,3.5426085324013394
16886,1,1.128,1.128,0.0,1.414,3837,2021,135.0,1.0,1.642799616294013,1.4457772812499998,1.4457772812499998,1.8123484713541664,1.2817174479166666,1.4462638771355416
16887,4,2.734,1.863,0.0,3.162,616,2023,161.565,2.0,6.571198465176052,3.5042155026041666,2.38783960546875,4.0527905703125,2.5634348958333333,2.892527754271083
16888,3,2.365,1.615,45.0,2.828,668,2024,45.0,2.0,4.928398848882039,3.0312617643229167,2.069973678385417,3.624696942708333,2.5634348958333333,2.5050025163503102
16889,4,3.216,1.583,148.283,3.606,741,2022,146.31,2.0,6.571198465176052,4.1220033125,2.028958720052083,4.6218731171875,2.5634348958333333,2.892527754271083
16890,16,10.438,1.952,177.408,11.045,781,2023,174.806,2.0,26.28479386070421,13.378566721354167,2.5019124583333334,14.156569212239583,2.5634348958333333,5.785055508542166
16891,15,6.705,2.849,101.279,8.944,972,2022,116.565,4.0,24.641994244410196,8.59391548828125,3.6516130091145835,11.463680854166668,5.126869791666667,5.601355910367322
16892,2,2.257,1.128,90.0,2.236,987,2022,116.565,1.0,3.285599232588026,2.892836279947917,1.4457772812499998,2.865920213541667,1.2817174479166666,2.0453259898153786
16893,11,5.468,2.562,150.233,5.831,1124,2023,149.036,3.13,18.070795779234142,7.008431005208333,3.2837601015624998,7.473694438802084,4.011775611979166,4.796714628303253
16894,1,1.128,1.128,0.0,1.414,1529,2022,135.0,1.0,1.642799616294013,1.4457772812499998,1.4457772812499998,1.8123484713541664,1.2817174479166666,1.4462638771355416
16895,2,2.596,0.981,45.0,2.828,2862,2024,45.0,1.414,3.285599232588026,3.327338494791667,1.2573648164062499,3.624696942708333,1.8123484713541664,2.0453259898153786
16896,13,5.046,3.28,106.254,6.708,2899,2022,116.565,4.608,21.35639501182217,6.4675462421875,4.204033229166666,8.597760640625,5.906153999999999,5.214578566863546
16897,6,2.93,2.607,116.565,3.606,2970,2022,123.69,3.0,9.856797697764078,3.7554321223958333,3.3414373867187503,4.6218731171875,3.8451523437499997,3.5426085324013394
16898,1,1.128,1.128,0.0,1.414,3167,2022,135.0,1.0,1.642799616294013,1.4457772812499998,1.4457772812499998,1.8123484713541664,1.2817174479166666,1.4462638771355416
16899,1,1.128,1.128,0.0,1.414,3169,2022,135.0,1.0,1.642799616294013,1.4457772812499998,1.4457772812499998,1.8123484713541664,1.2817174479166666,1.4462638771355416
16900,104,15.23,8.694,99.058,18.248,3290,2022,99.462,10.577,170.85116009457735,19.520556731770835,11.1432514921875,23.388779989583334,13.556725446614584,14.749055462636967
16901,8,4.514,2.257,90.0,4.472,3296,2022,116.565,2.0,13.142396930352104,5.785672559895834,2.892836279947917,5.731840427083334,2.5634348958333333,4.090651979630757
16902,13,4.602,3.597,24.459,5.657,3330,2026,45.0,4.0,21.35639501182217,5.8984636953125005,4.61033766015625,7.250675602864583,5.126869791666667,5.214578566863546
16903,86,16.214,6.754,142.149,19.799,3826,2022,135.0,9.799,141.2807670012851,20.78176670052083,8.656719643229167,25.376723751302084,12.559549272135415,13.412099440371483
16904,4,2.257,2.257,0.0,2.828,636,2023,135.0,2.0,6.571198465176052,2.892836279947917,2.892836279947917,3.624696942708333,2.5634348958333333,2.892527754271083
16905,6,3.995,1.912,9.462,4.472,692,2025,26.565,2.0,9.856797697764078,5.120461204427083,2.4506437604166664,5.731840427083334,2.5634348958333333,3.5426085324013394
16906,21,6.699,3.991,72.881,7.616,776,2030,66.801,4.0,34.49879194217427,8.586225183593749,5.115334334635417,9.761560083333332,5.126869791666667,6.627613691853932
16907,4,3.192,1.596,108.435,3.606,850,2023,123.69,2.0,6.571198465176052,4.09124209375,2.045621046875,4.6218731171875,2.5634348958333333,2.892527754271083
16908,1,1.128,1.128,0.0,1.414,981,2023,135.0,1.0,1.642799616294013,1.4457772812499998,1.4457772812499998,1.8123484713541664,1.2817174479166666,1.4462638771355416
16909,11,4.384,3.195,15.071,5.0,1054,2026,36.87,3.0,18.070795779234142,5.619049291666667,4.095087246093749,6.408587239583333,3.8451523437499997,4.796714628303253
16910,1,1.128,1.128,0.0,1.414,2802,2023,135.0,1.0,1.642799616294013,1.4457772812499998,1.4457772812499998,1.8123484713541664,1.2817174479166666,1.4462638771355416
16911,3,3.385,1.128,90.0,3.162,2849,2023,108.435,1.0,4.928398848882039,4.338613561197916,1.4457772812499998,4.0527905703125,1.2817174479166666,2.5050025163503102
16912,2,2.257,1.128,90.0,2.236,2865,2023,116.565,1.0,3.285599232588026,2.892836279947917,1.4457772812499998,2.865920213541667,1.2817174479166666,2.0453259898153786
16913,1,1.128,1.128,0.0,1.414,2884,2023,135.0,1.0,1.642799616294013,1.4457772812499998,1.4457772812499998,1.8123484713541664,1.2817174479166666,1.4462638771355416
16914,12,7.033,2.172,85.136,7.28,3164,2030,74.055,2.0,19.713595395528156,9.014318811197917,2.783890296875,9.330903020833334,2.5634348958333333,5.0100050327006205
16915,2,2.596,0.981,135.0,2.828,3278,2023,135.0,1.414,3.285599232588026,3.327338494791667,1.2573648164062499,3.624696942708333,1.8123484713541664,2.0453259898153786
16916,1,1.128,1.128,0.0,1.414,3511,2023,135.0,1.0,1.642799616294013,1.4457772812499998,1.4457772812499998,1.8123484713541664,1.2817174479166666,1.4462638771355416
16917,5,3.732,1.706,84.848,4.123,829,2024,104.036,2.0,8.213998081470065,4.783369515625,2.1866099661458334,5.284521037760417,2.5634348958333333,3.2339443426774745
16918,11,4.723,2.966,93.861,5.385,934,2029,68.199,3.0,18.070795779234142,6.053551506510416,3.8015739505208335,6.90204845703125,3.8451523437499997,4.796714628303253
16919,6,3.988,1.916,161.565,4.472,937,2024,153.435,2.0,9.856797697764078,5.111489182291667,2.4557706302083333,5.731840427083334,2.5634348958333333,3.5426085324013394
16920,7,4.647,1.918,175.692,5.099,2811,2025,168.69,2.0,11.499597314058091,5.95614098046875,2.4583340651041667,6.535477266927083,2.5634348958333333,3.826454549076717
16921,5,3.144,2.025,71.565,3.606,2835,2027,56.31,2.0,8.213998081470065,4.02971965625,2.59547783203125,4.6218731171875,2.5634348958333333,3.2339443426774745
16922,27,7.634,4.503,9.448,8.544,3032,2028,20.556,5.942,44.35558963993835,9.784630997395833,5.77157366796875,10.950993875,7.615965075520833,7.515007549050931
16923,3,2.365,1.615,135.0,2.828,3058,2024,135.0,2.0,4.928398848882039,3.0312617643229167,2.069973678385417,3.624696942708333,2.5634348958333333,2.5050025163503102
16924,1,1.128,1.128,0.0,1.414,3155,2024,135.0,1.0,1.642799616294013,1.4457772812499998,1.4457772812499998,1.8123484713541664,1.2817174479166666,1.4462638771355416
16925,5,3.713,1.715,173.953,4.472,3192,2024,153.435,2.0,8.213998081470065,4.759016884114583,2.1981454231770834,5.731840427083334,2.5634348958333333,3.2339443426774745
16926,1,1.128,1.128,0.0,1.414,3231,2024,135.0,1.0,1.642799616294013,1.4457772812499998,1.4457772812499998,1.8123484713541664,1.2817174479166666,1.4462638771355416
16927,18,6.101,3.757,70.816,7.211,3280,2030,56.31,4.0,29.570393093292235,7.819758149739583,4.815412451822917,9.242464516927084,5.126869791666667,6.135977969446135
16928,163,18.909,10.976,24.113,28.653,3347,2040,29.249,18.35,267.77633745592414,24.23599522265625,14.068130708333333,36.72505003515625,23.519515169270836,18.464661111866146
16929,1,1.128,1.128,0.0,1.414,3717,2024,135.0,1.0,1.642799616294013,1.4457772812499998,1.4457772812499998,1.8123484713541664,1.2817174479166666,1.4462638771355416
16930,1,1.128,1.128,0.0,1.414,1,2025,135.0,1.0,1.642799616294013,1.4457772812499998,1.4457772812499998,1.8123484713541664,1.2817174479166666,1.4462638771355416
16931,41,9.244,5.647,176.746,11.045,629,2027,174.806,6.576,67.35478426805453,11.848196088541666,7.237858428385417,14.156569212239583,8.4285739375,9.26060728541019
16932,23,6.785,4.316,107.776,9.849,662,2025,113.962,6.0,37.7843911747623,8.696452884114583,5.531892505208333,12.62363514453125,7.690304687499999,6.936037892995103
16933,19,6.329,3.822,43.89,7.81,981,2032,39.806,4.95,31.21319270958625,8.111989727864582,4.8987240859375,10.010213268229165,6.3445013671875,6.304118086127151
16934,1,1.128,1.128,0.0,1.414,1123,2025,135.0,1.0,1.642799616294013,1.4457772812499998,1.4457772812499998,1.8123484713541664,1.2817174479166666,1.4462638771355416
16935,2,2.257,1.128,0.0,2.236,1302,2025,153.435,1.0,3.285599232588026,2.892836279947917,1.4457772812499998,2.865920213541667,1.2817174479166666,2.0453259898153786
16936,6,3.385,2.257,90.0,3.606,2801,2025,123.69,2.0,9.856797697764078,4.338613561197916,2.892836279947917,4.6218731171875,2.5634348958333333,3.5426085324013394
16937,3,2.365,1.615,45.0,2.828,2818,2027,45.0,2.0,4.928398848882039,3.0312617643229167,2.069973678385417,3.624696942708333,2.5634348958333333,2.5050025163503102
16938,1,1.128,1.128,0.0,1.414,2832,2025,135.0,1.0,1.642799616294013,1.4457772812499998,1.4457772812499998,1.8123484713541664,1.2817174479166666,1.4462638771355416
16939,5,3.144,2.025,71.565,3.606,2859,2028,56.31,2.0,8.213998081470065,4.02971965625,2.59547783203125,4.6218731171875,2.5634348958333333,3.2339443426774745
16940,7,4.996,1.784,86.964,5.385,2956,2030,68.199,2.0,11.499597314058091,6.403460369791667,2.2865839270833335,6.90204845703125,2.5634348958333333,3.826454549076717
16941,4,2.734,1.863,90.0,3.162,2973,2025,108.435,2.0,6.571198465176052,3.5042155026041666,2.38783960546875,4.0527905703125,2.5634348958333333,2.892527754271083
16942,7,3.507,2.542,59.527,4.243,3318,2028,45.0,3.0,11.499597314058091,4.49498308984375,3.2581257526041663,5.438327131510417,3.8451523437499997,3.826454549076717
16943,1,1.128,1.128,0.0,1.414,3532,2025,135.0,1.0,1.642799616294013,1.4457772812499998,1.4457772812499998,1.8123484713541664,1.2817174479166666,1.4462638771355416
16944,48,11.571,5.282,38.369,15.0,0,2035,36.87,7.778,78.85438158211262,14.83075258984375,6.770031559895833,19.22576171875,9.969198309895832,10.020010065401241
16945,12,4.804,3.18,50.614,5.657,16,2030,45.0,4.0,19.713595395528156,6.157370619791667,4.075861484375,7.250675602864583,5.126869791666667,5.0100050327006205
16946,1,1.128,1.128,0.0,1.414,545,2026,135.0,1.0,1.642799616294013,1.4457772812499998,1.4457772812499998,1.8123484713541664,1.2817174479166666,1.4462638771355416
16947,16,5.518,3.692,13.626,8.062,709,2030,29.745,5.814,26.28479386070421,7.0725168776041665,4.732100817708333,10.333206065104166,7.4519052421875,5.785055508542166
16948,28,8.466,4.211,121.345,9.22,748,2026,130.601,5.367,45.998389256232365,10.8510199140625,5.397312173177084,11.817434869791667,6.87897754296875,7.652909098153434
16949,7,4.154,2.146,8.35,4.472,890,2028,26.565,2.0,11.499597314058091,5.324254278645833,2.7505656432291663,5.731840427083334,2.5634348958333333,3.826454549076717
16950,2,2.257,1.128,90.0,2.236,1191,2026,116.565,1.0,3.285599232588026,2.892836279947917,1.4457772812499998,2.865920213541667,1.2817174479166666,2.0453259898153786
16951,3,2.365,1.615,45.0,2.828,1314,2028,45.0,2.0,4.928398848882039,3.0312617643229167,2.069973678385417,3.624696942708333,2.5634348958333333,2.5050025163503102
16952,2,2.257,1.128,90.0,2.236,2099,2026,116.565,1.0,3.285599232588026,2.892836279947917,1.4457772812499998,2.865920213541667,1.2817174479166666,2.0453259898153786
16953,1,1.128,1.128,0.0,1.414,2757,2026,135.0,1.0,1.642799616294013,1.4457772812499998,1.4457772812499998,1.8123484713541664,1.2817174479166666,1.4462638771355416
16954,7,4.085,2.182,136.907,5.0,2781,2026,126.87,3.328,11.499597314058091,5.235815774739583,2.7967074713541664,6.408587239583333,4.265555666666667,3.826454549076717
16955,76,11.487,8.424,171.928,15.264,2818,2029,148.392,10.607,124.852770838345,14.72308832421875,10.797187781249999,19.564135125,13.595176970052082,12.608236172254301
16956,35,7.113,6.265,53.657,8.544,2852,2034,69.444,7.0,57.49798657029046,9.116856207031251,8.029959811197916,10.950993875,8.972022135416667,8.556212484548844
16957,451,31.383,18.298,11.125,44.407,2852,2054,35.838,30.0,740.9026269485998,40.224138667968745,23.452865861979163,56.91722670963541,38.4515234375,30.71395969653726
16958,3,2.365,1.615,45.0,2.828,2946,2028,45.0,2.0,4.928398848882039,3.0312617643229167,2.069973678385417,3.624696942708333,2.5634348958333333,2.5050025163503102
16959,4,2.734,1.863,90.0,3.162,3007,2026,108.435,2.0,6.571198465176052,3.5042155026041666,2.38783960546875,4.0527905703125,2.5634348958333333,2.892527754271083
16960,7,3.752,2.375,90.0,4.472,3155,2026,116.565,3.0,11.499597314058091,4.809003864583333,3.0440789388020835,5.731840427083334,3.8451523437499997,3.826454549076717
16961,48,10.057,6.077,169.994,12.806,3170,2026,141.34,8.0,78.85438158211262,12.890232373697916,7.788996930989583,16.413673638020832,10.253739583333333,10.020010065401241
16962,84,17.119,6.248,30.835,20.518,0,2041,43.025,12.225,137.9951677686971,21.941720990885415,8.008170614583333,26.298278596354166,15.66899580078125,13.255227383707863
16963,1,1.128,1.128,0.0,1.414,22,2027,135.0,1.0,1.642799616294013,1.4457772812499998,1.4457772812499998,1.8123484713541664,1.2817174479166666,1.4462638771355416
16964,1,1.128,1.128,0.0,1.414,30,2027,135.0,1.0,1.642799616294013,1.4457772812499998,1.4457772812499998,1.8123484713541664,1.2817174479166666,1.4462638771355416
16965,1,1.128,1.128,0.0,1.414,644,2027,135.0,1.0,1.642799616294013,1.4457772812499998,1.4457772812499998,1.8123484713541664,1.2817174479166666,1.4462638771355416
16966,10,6.864,1.855,75.296,8.544,739,2035,69.444,2.91,16.42799616294013,8.7977085625,2.3775858658854165,10.950993875,3.7297977734375003,4.573487949374228
16967,1,1.128,1.128,0.0,1.414,901,2027,135.0,1.0,1.642799616294013,1.4457772812499998,1.4457772812499998,1.8123484713541664,1.2817174479166666,1.4462638771355416
16968,1,1.128,1.128,0.0,1.414,1089,2027,135.0,1.0,1.642799616294013,1.4457772812499998,1.4457772812499998,1.8123484713541664,1.2817174479166666,1.4462638771355416
16969,1,1.128,1.128,0.0,1.414,1125,2027,135.0,1.0,1.642799616294013,1.4457772812499998,1.4457772812499998,1.8123484713541664,1.2817174479166666,1.4462638771355416
16970,1,1.128,1.128,0.0,1.414,1137,2027,135.0,1.0,1.642799616294013,1.4457772812499998,1.4457772812499998,1.8123484713541664,1.2817174479166666,1.4462638771355416
16971,1,1.128,1.128,0.0,1.414,1345,2027,135.0,1.0,1.642799616294013,1.4457772812499998,1.4457772812499998,1.8123484713541664,1.2817174479166666,1.4462638771355416
16972,3,2.365,1.615,135.0,2.828,1448,2027,135.0,2.0,4.928398848882039,3.0312617643229167,2.069973678385417,3.624696942708333,2.5634348958333333,2.5050025163503102
16973,4,3.192,1.596,108.435,3.606,2786,2027,123.69,2.0,6.571198465176052,4.09124209375,2.045621046875,4.6218731171875,2.5634348958333333,2.892527754271083
16974,2,2.257,1.128,0.0,2.236,2873,2027,153.435,1.0,3.285599232588026,2.892836279947917,1.4457772812499998,2.865920213541667,1.2817174479166666,2.0453259898153786
16975,1,1.128,1.128,0.0,1.414,2953,2027,135.0,1.0,1.642799616294013,1.4457772812499998,1.4457772812499998,1.8123484713541664,1.2817174479166666,1.4462638771355416
16976,2,2.257,1.128,0.0,2.236,3026,2027,153.435,1.0,3.285599232588026,2.892836279947917,1.4457772812499998,2.865920213541667,1.2817174479166666,2.0453259898153786
16977,1,1.128,1.128,0.0,1.414,3122,2027,135.0,1.0,1.642799616294013,1.4457772812499998,1.4457772812499998,1.8123484713541664,1.2817174479166666,1.4462638771355416
16978,1,1.128,1.128,0.0,1.414,3569,2027,135.0,1.0,1.642799616294013,1.4457772812499998,1.4457772812499998,1.8123484713541664,1.2817174479166666,1.4462638771355416
16979,174,19.113,11.591,122.258,29.411,615,2028,125.311,20.125,285.84713323515825,24.49746558203125,14.856386938802082,37.69659186067708,25.794563639322917,19.077530794142106
16980,3,2.365,1.615,45.0,2.828,626,2030,45.0,2.0,4.928398848882039,3.0312617643229167,2.069973678385417,3.624696942708333,2.5634348958333333,2.5050025163503102
16981,2,2.596,0.981,135.0,2.828,641,2028,135.0,1.414,3.285599232588026,3.327338494791667,1.2573648164062499,3.624696942708333,1.8123484713541664,2.0453259898153786
16982,1,1.128,1.128,0.0,1.414,695,2028,135.0,1.0,1.642799616294013,1.4457772812499998,1.4457772812499998,1.8123484713541664,1.2817174479166666,1.4462638771355416
16983,8,4.037,2.523,123.69,5.0,701,2028,126.87,3.0,13.142396930352104,5.174293337239583,3.23377312109375,6.408587239583333,3.8451523437499997,4.090651979630757
16984,3,2.365,1.615,45.0,2.828,846,2030,45.0,2.0,4.928398848882039,3.0312617643229167,2.069973678385417,3.624696942708333,2.5634348958333333,2.5050025163503102
16985,4,2.734,1.863,90.0,3.162,926,2028,108.435,2.0,6.571198465176052,3.5042155026041666,2.38783960546875,4.0527905703125,2.5634348958333333,2.892527754271083
16986,4,2.734,1.863,90.0,3.162,2779,2028,108.435,2.0,6.571198465176052,3.5042155026041666,2.38783960546875,4.0527905703125,2.5634348958333333,2.892527754271083
16987,12,6.145,2.486,93.365,6.325,2990,2028,108.435,3.0,19.713595395528156,7.876153717447916,3.1863495755208335,8.106862858072917,3.8451523437499997,5.0100050327006205
16988,1,1.128,1.128,0.0,1.414,3022,2028,135.0,1.0,1.642799616294013,1.4457772812499998,1.4457772812499998,1.8123484713541664,1.2817174479166666,1.4462638771355416
16989,11,6.288,2.227,65.118,7.211,3058,2034,56.31,3.13,18.070795779234142,8.0594393125,2.8543847565104166,9.242464516927084,4.011775611979166,4.796714628303253
16990,9,5.229,2.191,4.731,5.385,3265,2030,21.801,2.0,14.785196546646118,6.70210053515625,2.8082429283854164,6.90204845703125,2.5634348958333333,4.338791631406624
16991,10,5.438,2.341,82.534,5.831,3303,2033,59.036,3.0,16.42799616294013,6.9699794817708325,3.000500545572917,7.473694438802084,3.8451523437499997,4.573487949374228
16992,1,1.128,1.128,0.0,1.414,745,2029,135.0,1.0,1.642799616294013,1.4457772812499998,1.4457772812499998,1.8123484713541664,1.2817174479166666,1.4462638771355416
16993,7,4.335,2.056,169.099,5.385,833,2030,158.199,2.91,11.499597314058091,5.55624513671875,2.635211072916667,6.90204845703125,3.7297977734375003,3.826454549076717
16994,1,1.128,1.128,0.0,1.414,841,2029,135.0,1.0,1.642799616294013,1.4457772812499998,1.4457772812499998,1.8123484713541664,1.2817174479166666,1.4462638771355416
16995,3,2.365,1.615,45.0,2.828,891,2031,45.0,2.0,4.928398848882039,3.0312617643229167,2.069973678385417,3.624696942708333,2.5634348958333333,2.5050025163503102
16996,1,1.128,1.128,0.0,1.414,929,2029,135.0,1.0,1.642799616294013,1.4457772812499998,1.4457772812499998,1.8123484713541664,1.2817174479166666,1.4462638771355416
16997,1,1.128,1.128,0.0,1.414,937,2029,135.0,1.0,1.642799616294013,1.4457772812499998,1.4457772812499998,1.8123484713541664,1.2817174479166666,1.4462638771355416
16998,2,2.257,1.128,0.0,2.236,1080,2029,153.435,1.0,3.285599232588026,2.892836279947917,1.4457772812499998,2.865920213541667,1.2817174479166666,2.0453259898153786
16999,2,2.257,1.128,90.0,2.236,1087,2029,116.565,1.0,3.285599232588026,2.892836279947917,1.4457772812499998,2.865920213541667,1.2817174479166666,2.0453259898153786
17000,1,1.128,1.128,0.0,1.414,1226,2029,135.0,1.0,1.642799616294013,1.4457772812499998,1.4457772812499998,1.8123484713541664,1.2817174479166666,1.4462638771355416
17001,1,1.128,1.128,0.0,1.414,1271,2029,135.0,1.0,1.642799616294013,1.4457772812499998,1.4457772812499998,1.8123484713541664,1.2817174479166666,1.4462638771355416
17002,2,2.257,1.128,0.0,2.236,1364,2029,153.435,1.0,3.285599232588026,2.892836279947917,1.4457772812499998,2.865920213541667,1.2817174479166666,2.0453259898153786
17003,1,1.128,1.128,0.0,1.414,1575,2029,135.0,1.0,1.642799616294013,1.4457772812499998,1.4457772812499998,1.8123484713541664,1.2817174479166666,1.4462638771355416
17004,2,2.257,1.128,0.0,2.236,2534,2029,153.435,1.0,3.285599232588026,2.892836279947917,1.4457772812499998,2.865920213541667,1.2817174479166666,2.0453259898153786
17005,1,1.128,1.128,0.0,1.414,2661,2029,135.0,1.0,1.642799616294013,1.4457772812499998,1.4457772812499998,1.8123484713541664,1.2817174479166666,1.4462638771355416
17006,2,2.257,1.128,90.0,2.236,2799,2029,116.565,1.0,3.285599232588026,2.892836279947917,1.4457772812499998,2.865920213541667,1.2817174479166666,2.0453259898153786
17007,1,1.128,1.128,0.0,1.414,2859,2029,135.0,1.0,1.642799616294013,1.4457772812499998,1.4457772812499998,1.8123484713541664,1.2817174479166666,1.4462638771355416
17008,5,3.986,1.597,28.997,5.0,2893,2032,36.87,2.53,8.213998081470065,5.108925747395833,2.0469027643229167,6.408587239583333,3.2427451432291665,3.2339443426774745
17009,1,1.128,1.128,0.0,1.414,3025,2029,135.0,1.0,1.642799616294013,1.4457772812499998,1.4457772812499998,1.8123484713541664,1.2817174479166666,1.4462638771355416
17010,3,2.365,1.615,45.0,2.828,3080,2031,45.0,2.0,4.928398848882039,3.0312617643229167,2.069973678385417,3.624696942708333,2.5634348958333333,2.5050025163503102
17011,1,1.128,1.128,0.0,1.414,3129,2029,135.0,1.0,1.642799616294013,1.4457772812499998,1.4457772812499998,1.8123484713541664,1.2817174479166666,1.4462638771355416
17012,1,1.128,1.128,0.0,1.414,3277,2029,135.0,1.0,1.642799616294013,1.4457772812499998,1.4457772812499998,1.8123484713541664,1.2817174479166666,1.4462638771355416
17013,2,2.257,1.128,0.0,2.236,3383,2029,153.435,1.0,3.285599232588026,2.892836279947917,1.4457772812499998,2.865920213541667,1.2817174479166666,2.0453259898153786
17014,54,8.704,7.899,42.28,14.213,556,2040,39.289,10.601,88.7111792798767,11.156068666666668,10.12428612109375,18.21705008723958,13.587486665364585,10.62782559720402
17015,20,7.158,3.558,96.177,8.544,639,2030,110.556,4.0,32.85599232588026,9.1745334921875,4.5603506796875,10.950993875,5.126869791666667,6.467888685354949
17016,2,2.596,0.981,45.0,2.828,2422,2032,45.0,1.414,3.285599232588026,3.327338494791667,1.2573648164062499,3.624696942708333,1.8123484713541664,2.0453259898153786
17017,87,12.579,8.806,121.816,14.56,2760,2030,105.945,9.899,142.92356661757913,16.12272377734375,11.286803846354166,18.66180604166667,12.687721016927082,13.489851392833065
17018,1,1.128,1.128,0.0,1.414,2803,2030,135.0,1.0,1.642799616294013,1.4457772812499998,1.4457772812499998,1.8123484713541664,1.2817174479166666,1.4462638771355416
17019,25,6.662,4.778,47.764,8.944,2902,2038,63.435,7.603,41.069990407350325,8.538801638020834,6.124045966145832,11.463680854166668,9.744897756510417,7.231319385677708
17020,8,4.215,2.416,52.796,5.657,2918,2034,45.0,3.536,13.142396930352104,5.40243904296875,3.0966293541666663,7.250675602864583,4.532152895833334,4.090651979630757
17021,11,4.345,3.224,14.197,5.385,3147,2032,21.801,4.0,18.070795779234142,5.569062311197916,4.132257052083333,6.90204845703125,5.126869791666667,4.796714628303253
17022,66,9.988,8.414,107.791,13.416,3190,2042,63.435,11.384,108.42477467540486,12.801793869791666,10.784370606770834,17.19552128125,14.591071427083333,11.749503281086843
17023,98,11.906,10.48,16.106,19.416,3236,2044,34.509,14.0,160.99436239681327,15.260127934895834,13.432398854166667,24.88582596875,17.944044270833334,14.317281928707649
17024,2,2.257,1.128,0.0,2.236,3244,2030,153.435,1.0,3.285599232588026,2.892836279947917,1.4457772812499998,2.865920213541667,1.2817174479166666,2.0453259898153786
17025,25,7.264,4.382,111.048,8.246,3328,2030,104.036,5.367,41.069990407350325,9.310395541666667,5.616485856770833,10.569042075520834,6.87897754296875,7.231319385677708
17026,3,3.213,1.189,118.155,3.606,992,2031,123.69,1.789,4.928398848882039,4.11815816015625,1.5239620455729168,4.6218731171875,2.2929925143229166,2.5050025163503102
17027,1,1.128,1.128,0.0,1.414,2368,2031,135.0,1.0,1.642799616294013,1.4457772812499998,1.4457772812499998,1.8123484713541664,1.2817174479166666,1.4462638771355416
17028,2,2.257,1.128,90.0,2.236,2785,2031,116.565,1.0,3.285599232588026,2.892836279947917,1.4457772812499998,2.865920213541667,1.2817174479166666,2.0453259898153786
17029,4,3.192,1.596,71.565,3.606,2856,2034,56.31,2.0,6.571198465176052,4.09124209375,2.045621046875,4.6218731171875,2.5634348958333333,2.892527754271083
17030,14,8.398,2.123,57.514,10.296,2925,2040,60.945,3.43,22.999194628116182,10.763863127604166,2.7210861419270835,13.19656284375,4.396290846354167,5.411423919108519
17031,4,3.192,1.596,18.435,3.606,2958,2033,33.69,2.0,6.571198465176052,4.09124209375,2.045621046875,4.6218731171875,2.5634348958333333,2.892527754271083
17032,2,2.257,1.128,0.0,2.236,3106,2031,153.435,1.0,3.285599232588026,2.892836279947917,1.4457772812499998,2.865920213541667,1.2817174479166666,2.0453259898153786
17033,43,12.983,4.217,62.436,16.155,3140,2046,68.199,6.86,70.64038350064256,16.640537626302084,5.405002477864583,20.70614537109375,8.792581692708334,9.483786464234974
17034,11,7.07,1.981,179.12,8.246,3274,2034,14.036,3.0,18.070795779234142,9.061742356770834,2.539082264322917,10.569042075520834,3.8451523437499997,4.796714628303253
17035,3603,100.064,45.846,2.983,127.883,3298,2068,6.736,59.0,5919.007017507329,128.2537747083333,58.761618117187496,163.90987239192708,75.62132942708334,86.81198169557348
17036,2,2.257,1.128,90.0,2.236,3739,2031,116.565,1.0,3.285599232588026,2.892836279947917,1.4457772812499998,2.865920213541667,1.2817174479166666,2.0453259898153786
17037,3,2.365,1.615,45.0,2.828,644,2034,45.0,2.0,4.928398848882039,3.0312617643229167,2.069973678385417,3.624696942708333,2.5634348958333333,2.5050025163503102
17038,5,3.086,2.063,34.099,3.606,669,2034,33.69,2.683,8.213998081470065,3.955380044270833,2.6441830950520835,4.6218731171875,3.4388479127604166,3.2339443426774745
17039,11,4.638,3.02,138.736,5.657,810,2032,135.0,4.0,18.070795779234142,5.9446055234375,3.870786692708333,7.250675602864583,5.126869791666667,4.796714628303253
17040,8,5.666,1.798,85.269,6.083,834,2032,99.462,2.0,13.142396930352104,7.262211059895834,2.3045279713541666,7.7966872356770835,2.5634348958333333,4.090651979630757
17041,2,2.257,1.128,90.0,2.236,939,2032,116.565,1.0,3.285599232588026,2.892836279947917,1.4457772812499998,2.865920213541667,1.2817174479166666,2.0453259898153786
17042,1,1.128,1.128,0.0,1.414,1445,2032,135.0,1.0,1.642799616294013,1.4457772812499998,1.4457772812499998,1.8123484713541664,1.2817174479166666,1.4462638771355416
17043,1,1.128,1.128,0.0,1.414,1461,2032,135.0,1.0,1.642799616294013,1.4457772812499998,1.4457772812499998,1.8123484713541664,1.2817174479166666,1.4462638771355416
17044,79,17.16,5.862,116.867,20.248,2739,2032,122.905,8.854,129.78116968722702,21.99427140625,7.5134276796875,25.952214885416666,11.348326283854165,12.854674518721318
17045,84,12.756,8.385,122.773,16.763,2836,2032,107.354,12.7,137.9951677686971,16.349587765625,10.747200800781249,21.485429579427084,16.277811588541667,13.255227383707863
17046,2,2.257,1.128,0.0,2.236,2890,2032,153.435,1.0,3.285599232588026,2.892836279947917,1.4457772812499998,2.865920213541667,1.2817174479166666,2.0453259898153786
17047,4,2.257,2.257,0.0,2.828,2962,2032,135.0,2.0,6.571198465176052,2.892836279947917,2.892836279947917,3.624696942708333,2.5634348958333333,2.892527754271083
17048,7,4.234,2.105,43.365,5.657,2970,2036,45.0,3.328,11.499597314058091,5.426791674479166,2.6980152278645835,7.250675602864583,4.265555666666667,3.826454549076717
17049,2,2.257,1.128,90.0,2.236,2985,2032,116.565,1.0,3.285599232588026,2.892836279947917,1.4457772812499998,2.865920213541667,1.2817174479166666,2.0453259898153786
17050,4,2.257,2.257,0.0,2.828,3016,2032,135.0,2.0,6.571198465176052,2.892836279947917,2.892836279947917,3.624696942708333,2.5634348958333333,2.892527754271083
17051,2,2.257,1.128,90.0,2.236,3063,2032,116.565,1.0,3.285599232588026,2.892836279947917,1.4457772812499998,2.865920213541667,1.2817174479166666,2.0453259898153786
17052,11,4.458,3.142,93.972,5.0,3162,2032,126.87,3.0,18.070795779234142,5.7138963828125,4.027156221354167,6.408587239583333,3.8451523437499997,4.796714628303253
17053,45,9.766,5.867,4.272,11.705,3337,2038,19.983,7.637,73.92598273323058,12.517252596354167,7.519836266927083,15.002502727864583,9.788476149739582,9.701833028032423
17054,4,2.734,1.863,0.0,3.162,3374,2033,161.565,2.0,6.571198465176052,3.5042155026041666,2.38783960546875,4.0527905703125,2.5634348958333333,2.892527754271083
17055,4,2.734,1.863,0.0,3.162,3629,2033,161.565,2.0,6.571198465176052,3.5042155026041666,2.38783960546875,4.0527905703125,2.5634348958333333,2.892527754271083
17056,2,2.257,1.128,0.0,2.236,3688,2032,153.435,1.0,3.285599232588026,2.892836279947917,1.4457772812499998,2.865920213541667,1.2817174479166666,2.0453259898153786
17057,2,2.257,1.128,0.0,2.236,650,2033,153.435,1.0,3.285599232588026,2.892836279947917,1.4457772812499998,2.865920213541667,1.2817174479166666,2.0453259898153786
17058,1,1.128,1.128,0.0,1.414,680,2033,135.0,1.0,1.642799616294013,1.4457772812499998,1.4457772812499998,1.8123484713541664,1.2817174479166666,1.4462638771355416
17059,1,1.128,1.128,0.0,1.414,687,2033,135.0,1.0,1.642799616294013,1.4457772812499998,1.4457772812499998,1.8123484713541664,1.2817174479166666,1.4462638771355416
17060,1,1.128,1.128,0.0,1.414,764,2033,135.0,1.0,1.642799616294013,1.4457772812499998,1.4457772812499998,1.8123484713541664,1.2817174479166666,1.4462638771355416
17061,1,1.128,1.128,0.0,1.414,801,2033,135.0,1.0,1.642799616294013,1.4457772812499998,1.4457772812499998,1.8123484713541664,1.2817174479166666,1.4462638771355416
17062,2,2.257,1.128,0.0,2.236,880,2033,153.435,1.0,3.285599232588026,2.892836279947917,1.4457772812499998,2.865920213541667,1.2817174479166666,2.0453259898153786
17063,1,1.128,1.128,0.0,1.414,887,2033,135.0,1.0,1.642799616294013,1.4457772812499998,1.4457772812499998,1.8123484713541664,1.2817174479166666,1.4462638771355416
17064,1,1.128,1.128,0.0,1.414,897,2033,135.0,1.0,1.642799616294013,1.4457772812499998,1.4457772812499998,1.8123484713541664,1.2817174479166666,1.4462638771355416
17065,1,1.128,1.128,0.0,1.414,1087,2033,135.0,1.0,1.642799616294013,1.4457772812499998,1.4457772812499998,1.8123484713541664,1.2817174479166666,1.4462638771355416
17066,1,1.128,1.128,0.0,1.414,1363,2033,135.0,1.0,1.642799616294013,1.4457772812499998,1.4457772812499998,1.8123484713541664,1.2817174479166666,1.4462638771355416
17067,27,10.82,3.177,73.245,12.53,2794,2044,61.39,5.491,44.35558963993835,13.868182786458334,4.07201633203125,16.05991962239583,7.037910506510416,7.515007549050931
17068,21,7.113,3.759,82.062,8.544,2846,2041,69.444,5.0,34.49879194217427,9.116856207031251,4.81797588671875,10.950993875,6.408587239583333,6.627613691853932
17069,1,1.128,1.128,0.0,1.414,2860,2033,135.0,1.0,1.642799616294013,1.4457772812499998,1.4457772812499998,1.8123484713541664,1.2817174479166666,1.4462638771355416
17070,17,9.614,2.251,54.549,11.402,2939,2042,52.125,3.597,27.927593476998222,12.322431544270835,2.8851459752604165,14.614142341145833,4.61033766015625,5.963098727945161
17071,1,1.128,1.128,0.0,1.414,3324,2033,135.0,1.0,1.642799616294013,1.4457772812499998,1.4457772812499998,1.8123484713541664,1.2817174479166666,1.4462638771355416
17072,3,2.365,1.615,135.0,2.828,61,2034,135.0,2.0,4.928398848882039,3.0312617643229167,2.069973678385417,3.624696942708333,2.5634348958333333,2.5050025163503102
17073,5,3.144,2.025,108.435,3.606,730,2034,123.69,2.0,8.213998081470065,4.02971965625,2.59547783203125,4.6218731171875,2.5634348958333333,3.2339443426774745
17074,5,3.144,2.025,108.435,3.606,752,2034,123.69,2.0,8.213998081470065,4.02971965625,2.59547783203125,4.6218731171875,2.5634348958333333,3.2339443426774745
17075,4,3.192,1.596,18.435,3.606,804,2036,33.69,2.0,6.571198465176052,4.09124209375,2.045621046875,4.6218731171875,2.5634348958333333,2.892527754271083
17076,15,5.843,3.269,157.047,8.062,849,2034,150.255,4.903,24.641994244410196,7.489075048177083,4.189934337239583,10.333206065104166,6.284260647135416,5.601355910367322
17077,5,3.144,2.025,71.565,3.606,1012,2037,56.31,2.0,8.213998081470065,4.02971965625,2.59547783203125,4.6218731171875,2.5634348958333333,3.2339443426774745
17078,1,1.128,1.128,0.0,1.414,1127,2034,135.0,1.0,1.642799616294013,1.4457772812499998,1.4457772812499998,1.8123484713541664,1.2817174479166666,1.4462638771355416
17079,2,2.257,1.128,90.0,2.236,1439,2034,116.565,1.0,3.285599232588026,2.892836279947917,1.4457772812499998,2.865920213541667,1.2817174479166666,2.0453259898153786
17080,2,2.257,1.128,90.0,2.236,2785,2034,116.565,1.0,3.285599232588026,2.892836279947917,1.4457772812499998,2.865920213541667,1.2817174479166666,2.0453259898153786
17081,4,2.257,2.257,0.0,2.828,2910,2034,135.0,2.0,6.571198465176052,2.892836279947917,2.892836279947917,3.624696942708333,2.5634348958333333,2.892527754271083
17082,2,2.257,1.128,90.0,2.236,3093,2034,116.565,1.0,3.285599232588026,2.892836279947917,1.4457772812499998,2.865920213541667,1.2817174479166666,2.0453259898153786
17083,4,2.257,2.257,0.0,2.828,3120,2034,135.0,2.0,6.571198465176052,2.892836279947917,2.892836279947917,3.624696942708333,2.5634348958333333,2.892527754271083
17084,1,1.128,1.128,0.0,1.414,3133,2034,135.0,1.0,1.642799616294013,1.4457772812499998,1.4457772812499998,1.8123484713541664,1.2817174479166666,1.4462638771355416
17085,2,2.257,1.128,90.0,2.236,3138,2034,116.565,1.0,3.285599232588026,2.892836279947917,1.4457772812499998,2.865920213541667,1.2817174479166666,2.0453259898153786
17086,3,3.385,1.128,0.0,3.162,3140,2034,161.565,1.0,4.928398848882039,4.338613561197916,1.4457772812499998,4.0527905703125,1.2817174479166666,2.5050025163503102
17087,7,4.624,1.927,12.732,5.831,3255,2037,30.964,2.91,11.499597314058091,5.9266614791666665,2.4698695221354168,7.473694438802084,3.7297977734375003,3.826454549076717
17088,20,7.587,3.356,99.153,8.944,3276,2034,116.565,4.0,32.85599232588026,9.72439027734375,4.301443755208333,11.463680854166668,5.126869791666667,6.467888685354949
17089,1,1.128,1.128,0.0,1.414,3313,2034,135.0,1.0,1.642799616294013,1.4457772812499998,1.4457772812499998,1.8123484713541664,1.2817174479166666,1.4462638771355416
17090,1,1.128,1.128,0.0,1.414,3403,2034,135.0,1.0,1.642799616294013,1.4457772812499998,1.4457772812499998,1.8123484713541664,1.2817174479166666,1.4462638771355416
17091,3,3.213,1.189,118.155,3.606,646,2035,123.69,1.789,4.928398848882039,4.11815816015625,1.5239620455729168,4.6218731171875,2.2929925143229166,2.5050025163503102
17092,33,6.793,6.185,6.696,10.63,658,2043,48.814,7.766,54.21238733770243,8.706706623697917,7.927422415364583,13.624656471354168,9.953817700520833,8.308153445630097
17093,2,2.257,1.128,0.0,2.236,1110,2035,153.435,1.0,3.285599232588026,2.892836279947917,1.4457772812499998,2.865920213541667,1.2817174479166666,2.0453259898153786
17094,1,1.128,1.128,0.0,1.414,1137,2035,135.0,1.0,1.642799616294013,1.4457772812499998,1.4457772812499998,1.8123484713541664,1.2817174479166666,1.4462638771355416
17095,2,2.257,1.128,0.0,2.236,2316,2035,153.435,1.0,3.285599232588026,2.892836279947917,1.4457772812499998,2.865920213541667,1.2817174479166666,2.0453259898153786
17096,1,1.128,1.128,0.0,1.414,2893,2035,135.0,1.0,1.642799616294013,1.4457772812499998,1.4457772812499998,1.8123484713541664,1.2817174479166666,1.4462638771355416
17097,1,1.128,1.128,0.0,1.414,2955,2035,135.0,1.0,1.642799616294013,1.4457772812499998,1.4457772812499998,1.8123484713541664,1.2817174479166666,1.4462638771355416
17098,4,3.589,1.419,135.0,4.243,2973,2035,135.0,2.121,6.571198465176052,4.600083920572916,1.81875705859375,5.438327131510417,2.71852270703125,2.892527754271083
17099,1,1.128,1.128,0.0,1.414,2983,2035,135.0,1.0,1.642799616294013,1.4457772812499998,1.4457772812499998,1.8123484713541664,1.2817174479166666,1.4462638771355416
17100,1,1.128,1.128,0.0,1.414,3070,2035,135.0,1.0,1.642799616294013,1.4457772812499998,1.4457772812499998,1.8123484713541664,1.2817174479166666,1.4462638771355416
17101,37,9.388,5.018,73.267,11.18,3087,2035,100.305,6.708,60.783585802878484,12.032763401041667,6.431658153645833,14.329601067708333,8.597760640625,8.7972797207639
17102,7,3.516,2.535,79.099,4.123,3372,2035,104.036,3.0,11.499597314058091,4.506518546875,3.24915373046875,5.284521037760417,3.8451523437499997,3.826454549076717
17103,9,4.2,2.729,60.482,5.0,613,2040,53.13,3.0,14.785196546646118,5.38321328125,3.4978069153645834,6.408587239583333,3.8451523437499997,4.338791631406624
17104,4,2.734,1.863,90.0,3.162,651,2036,108.435,2.0,6.571198465176052,3.5042155026041666,2.38783960546875,4.0527905703125,2.5634348958333333,2.892527754271083
17105,177,31.668,7.116,90.774,34.928,674,2070,76.759,11.907,290.7755320840403,40.589428140624996,9.120701359375,44.76782702083333,15.26140965234375,19.24128942686435
17106,36,8.807,5.204,169.425,12.042,691,2038,175.236,7.273,59.14078618658447,11.288085563802083,6.670057598958333,15.4344415078125,9.321930998697916,8.677583262813249
17107,3,3.385,1.128,90.0,3.162,757,2036,108.435,1.0,4.928398848882039,4.338613561197916,1.4457772812499998,4.0527905703125,1.2817174479166666,2.5050025163503102
17108,2,2.257,1.128,90.0,2.236,761,2036,116.565,1.0,3.285599232588026,2.892836279947917,1.4457772812499998,2.865920213541667,1.2817174479166666,2.0453259898153786
17109,3,2.365,1.615,45.0,2.828,806,2038,45.0,2.0,4.928398848882039,3.0312617643229167,2.069973678385417,3.624696942708333,2.5634348958333333,2.5050025163503102
17110,3,2.365,1.615,135.0,2.828,842,2036,135.0,2.0,4.928398848882039,3.0312617643229167,2.069973678385417,3.624696942708333,2.5634348958333333,2.5050025163503102
17111,2,2.257,1.128,0.0,2.236,896,2036,153.435,1.0,3.285599232588026,2.892836279947917,1.4457772812499998,2.865920213541667,1.2817174479166666,2.0453259898153786
17112,3,2.365,1.615,45.0,2.828,964,2038,45.0,2.0,4.928398848882039,3.0312617643229167,2.069973678385417,3.624696942708333,2.5634348958333333,2.5050025163503102
17113,6,3.988,1.916,71.565,4.472,1024,2040,63.435,2.0,9.856797697764078,5.111489182291667,2.4557706302083333,5.731840427083334,2.5634348958333333,3.5426085324013394
17114,3,2.365,1.615,135.0,2.828,1680,2036,135.0,2.0,4.928398848882039,3.0312617643229167,2.069973678385417,3.624696942708333,2.5634348958333333,2.5050025163503102
17115,2,2.257,1.128,0.0,2.236,2589,2036,153.435,1.0,3.285599232588026,2.892836279947917,1.4457772812499998,2.865920213541667,1.2817174479166666,2.0453259898153786
17116,1,1.128,1.128,0.0,1.414,2783,2036,135.0,1.0,1.642799616294013,1.4457772812499998,1.4457772812499998,1.8123484713541664,1.2817174479166666,1.4462638771355416
17117,12,4.986,3.064,54.217,5.657,2894,2040,45.0,3.578,19.713595395528156,6.390643195312499,3.9271822604166666,7.250675602864583,4.585985028645833,5.0100050327006205
17118,7,3.926,2.27,71.565,4.472,2989,2040,63.435,2.846,11.499597314058091,5.032022700520834,2.9094986067708333,5.731840427083334,3.6477678567708334,3.826454549076717
17119,5,3.144,2.025,161.565,3.606,3066,2036,146.31,2.0,8.213998081470065,4.02971965625,2.59547783203125,4.6218731171875,2.5634348958333333,3.2339443426774745
17120,1,1.128,1.128,0.0,1.414,3387,2036,135.0,1.0,1.642799616294013,1.4457772812499998,1.4457772812499998,1.8123484713541664,1.2817174479166666,1.4462638771355416
17121,1,1.128,1.128,0.0,1.414,3551,2036,135.0,1.0,1.642799616294013,1.4457772812499998,1.4457772812499998,1.8123484713541664,1.2817174479166666,1.4462638771355416
17122,3,2.365,1.615,135.0,2.828,3573,2036,135.0,2.0,4.928398848882039,3.0312617643229167,2.069973678385417,3.624696942708333,2.5634348958333333,2.5050025163503102
17123,3,2.365,1.615,45.0,2.828,2791,2039,45.0,2.0,4.928398848882039,3.0312617643229167,2.069973678385417,3.624696942708333,2.5634348958333333,2.5050025163503102
17124,1,1.128,1.128,0.0,1.414,2892,2037,135.0,1.0,1.642799616294013,1.4457772812499998,1.4457772812499998,1.8123484713541664,1.2817174479166666,1.4462638771355416
17125,833,40.264,26.341,49.897,63.032,2874,2084,48.215,45.982,1368.4520803729129,51.60707132291667,33.76171929557292,80.78921417708332,58.93593169010416,41.74169109561612
17126,171,22.111,9.847,170.752,26.077,2918,2038,147.529,16.386,280.91873438627624,28.340054490885418,12.621071709635416,33.42334588932292,21.0022221015625,18.912354258381452
17127,41,9.916,5.264,72.991,11.705,2964,2048,70.017,6.0,67.35478426805453,12.709510213541668,6.746960645833333,15.002502727864583,7.690304687499999,9.26060728541019
17128,2,2.257,1.128,0.0,2.236,3110,2037,153.435,1.0,3.285599232588026,2.892836279947917,1.4457772812499998,2.865920213541667,1.2817174479166666,2.0453259898153786
17129,1,1.128,1.128,0.0,1.414,3147,2037,135.0,1.0,1.642799616294013,1.4457772812499998,1.4457772812499998,1.8123484713541664,1.2817174479166666,1.4462638771355416
17130,1,1.128,1.128,0.0,1.414,3408,2037,135.0,1.0,1.642799616294013,1.4457772812499998,1.4457772812499998,1.8123484713541664,1.2817174479166666,1.4462638771355416
17131,4,3.676,1.385,50.31,4.243,3414,2040,45.0,2.121,6.571198465176052,4.711593338541666,1.7751786653645834,5.438327131510417,2.71852270703125,2.892527754271083
17132,27,7.218,4.763,166.394,8.944,730,2038,153.435,6.0,44.35558963993835,9.2514365390625,6.104820204427083,11.463680854166668,7.690304687499999,7.515007549050931
17133,4,2.257,2.257,0.0,2.828,742,2038,135.0,2.0,6.571198465176052,2.892836279947917,2.892836279947917,3.624696942708333,2.5634348958333333,2.892527754271083
17134,3,2.365,1.615,135.0,2.828,752,2038,135.0,2.0,4.928398848882039,3.0312617643229167,2.069973678385417,3.624696942708333,2.5634348958333333,2.5050025163503102
17135,1,1.128,1.128,0.0,1.414,921,2038,135.0,1.0,1.642799616294013,1.4457772812499998,1.4457772812499998,1.8123484713541664,1.2817174479166666,1.4462638771355416
17136,5,2.791,2.281,90.0,3.606,3007,2038,123.69,3.0,8.213998081470065,3.5772733971354165,2.9235974986979167,4.6218731171875,3.8451523437499997,3.2339443426774745
17137,18,5.416,4.232,145.982,8.062,3011,2038,150.255,5.814,29.570393093292235,6.941781697916667,5.424228239583334,10.333206065104166,7.4519052421875,6.135977969446135
17138,3,3.385,1.128,0.0,3.162,3083,2038,161.565,1.0,4.928398848882039,4.338613561197916,1.4457772812499998,4.0527905703125,1.2817174479166666,2.5050025163503102
17139,1,1.128,1.128,0.0,1.414,3265,2038,135.0,1.0,1.642799616294013,1.4457772812499998,1.4457772812499998,1.8123484713541664,1.2817174479166666,1.4462638771355416
17140,23,6.517,4.494,105.894,8.485,3306,2038,135.0,5.942,37.7843911747623,8.352952608072917,5.760038210937499,10.875372545572915,7.615965075520833,6.936037892995103
17141,930,39.663,29.855,38.627,70.711,3452,2090,45.0,45.927,1527.8036431534322,50.83675913671875,38.26567440755208,90.63152245963542,58.86543723046875,44.10512054337489
17142,1,1.128,1.128,0.0,1.414,766,2039,135.0,1.0,1.642799616294013,1.4457772812499998,1.4457772812499998,1.8123484713541664,1.2817174479166666,1.4462638771355416
17143,2,2.257,1.128,0.0,2.236,896,2039,153.435,1.0,3.285599232588026,2.892836279947917,1.4457772812499998,2.865920213541667,1.2817174479166666,2.0453259898153786
17144,1,1.128,1.128,0.0,1.414,1278,2039,135.0,1.0,1.642799616294013,1.4457772812499998,1.4457772812499998,1.8123484713541664,1.2817174479166666,1.4462638771355416
17145,2,2.257,1.128,0.0,2.236,2767,2039,153.435,1.0,3.285599232588026,2.892836279947917,1.4457772812499998,2.865920213541667,1.2817174479166666,2.0453259898153786
17146,1,1.128,1.128,0.0,1.414,2821,2039,135.0,1.0,1.642799616294013,1.4457772812499998,1.4457772812499998,1.8123484713541664,1.2817174479166666,1.4462638771355416
17147,3,2.365,1.615,45.0,2.828,2843,2041,45.0,2.0,4.928398848882039,3.0312617643229167,2.069973678385417,3.624696942708333,2.5634348958333333,2.5050025163503102
17148,26,6.86,4.826,42.752,8.602,3000,2046,54.462,6.0,42.71279002364434,8.792581692708334,6.185568403645833,11.025333486979166,7.690304687499999,7.374527731318484
17149,22,6.761,4.143,66.508,7.616,3418,2046,66.801,5.0,36.141591558468285,8.665691665364584,5.310155386718749,9.761560083333332,6.408587239583333,6.78357888217988
17150,13,6.137,2.697,80.163,7.28,614,2047,74.055,3.0,21.35639501182217,7.865899977864583,3.45679195703125,9.330903020833334,3.8451523437499997,5.214578566863546
17151,1,1.128,1.128,0.0,1.414,681,2040,135.0,1.0,1.642799616294013,1.4457772812499998,1.4457772812499998,1.8123484713541664,1.2817174479166666,1.4462638771355416
17152,10,4.456,2.857,18.222,5.0,712,2043,36.87,3.0,16.42799616294013,5.7113329479166675,3.661866748697917,6.408587239583333,3.8451523437499997,4.573487949374228
17153,8,3.898,2.613,29.872,5.0,717,2043,36.87,3.0,13.142396930352104,4.9961346119791665,3.3491276914062498,6.408587239583333,3.8451523437499997,4.090651979630757
17154,4,2.257,2.257,0.0,2.828,756,2040,135.0,2.0,6.571198465176052,2.892836279947917,2.892836279947917,3.624696942708333,2.5634348958333333,2.892527754271083
17155,15,4.957,3.853,51.264,5.831,839,2045,59.036,4.0,24.641994244410196,6.353473389322916,4.938457326822917,7.473694438802084,5.126869791666667,5.601355910367322
17156,9,4.758,2.408,32.903,6.403,919,2044,38.66,3.883,14.785196546646118,6.0984116171875,3.086375614583333,8.206836819010416,4.976908850260417,4.338791631406624
17157,10,4.049,3.144,116.565,5.0,932,2040,126.87,3.0,16.42799616294013,5.189673946614584,4.02971965625,6.408587239583333,3.8451523437499997,4.573487949374228
17158,1,1.128,1.128,0.0,1.414,1029,2040,135.0,1.0,1.642799616294013,1.4457772812499998,1.4457772812499998,1.8123484713541664,1.2817174479166666,1.4462638771355416
17159,6,3.489,2.19,45.0,4.243,1031,2043,45.0,2.828,9.856797697764078,4.47191217578125,2.8069612109374997,5.438327131510417,3.624696942708333,3.5426085324013394
17160,5,3.461,1.839,135.0,4.243,1363,2040,135.0,2.683,8.213998081470065,4.436024087239583,2.35707838671875,5.438327131510417,3.4388479127604166,3.2339443426774745
17161,4,2.257,2.257,0.0,2.828,2823,2040,135.0,2.0,6.571198465176052,2.892836279947917,2.892836279947917,3.624696942708333,2.5634348958333333,2.892527754271083
17162,42,9.144,5.848,65.657,13.601,2826,2040,107.103,9.012,68.99758388434854,11.72002434375,7.495483635416666,17.432639009114585,11.550837640625,9.372861169189449
17163,2,2.596,0.981,135.0,2.828,2905,2040,135.0,1.414,3.285599232588026,3.327338494791667,1.2573648164062499,3.624696942708333,1.8123484713541664,2.0453259898153786
17164,1,1.128,1.128,0.0,1.414,2927,2040,135.0,1.0,1.642799616294013,1.4457772812499998,1.4457772812499998,1.8123484713541664,1.2817174479166666,1.4462638771355416
17165,4,3.192,1.596,161.565,3.606,3094,2040,146.31,2.0,6.571198465176052,4.09124209375,2.045621046875,4.6218731171875,2.5634348958333333,2.892527754271083
17166,10,5.101,2.496,20.175,5.831,3147,2043,30.964,3.0,16.42799616294013,6.538040701822917,3.19916675,7.473694438802084,3.8451523437499997,4.573487949374228
17167,11,4.288,3.266,35.008,5.0,3202,2043,36.87,4.0,18.070795779234142,5.496004416666667,4.186089184895834,6.408587239583333,5.126869791666667,4.796714628303253
17168,32,11.666,3.492,58.331,13.892,3213,2052,59.744,5.4,52.56958772140842,14.952515747395834,4.475757328125,17.805618786458332,6.921274218750001,8.181303959261514
17169,4,2.257,2.257,0.0,2.828,3256,2040,135.0,2.0,6.571198465176052,2.892836279947917,2.892836279947917,3.624696942708333,2.5634348958333333,2.892527754271083
17170,12,5.374,2.843,137.145,6.403,3282,2040,128.66,4.243,19.713595395528156,6.887949565104166,3.643922704427083,8.206836819010416,5.438327131510417,5.0100050327006205
17171,7,3.772,2.363,45.0,4.243,3330,2043,45.0,2.828,11.499597314058091,4.834638213541666,3.0286983294270833,5.438327131510417,3.624696942708333,3.826454549076717
17172,3,2.365,1.615,45.0,2.828,3460,2042,45.0,2.0,4.928398848882039,3.0312617643229167,2.069973678385417,3.624696942708333,2.5634348958333333,2.5050025163503102
17173,43,11.419,4.795,116.476,12.083,3510,2040,114.444,6.261,70.64038350064256,14.635931537760417,6.145835162760417,15.486991923177083,8.02483294140625,9.483786464234974
17174,1,1.128,1.128,0.0,1.414,3577,2040,135.0,1.0,1.642799616294013,1.4457772812499998,1.4457772812499998,1.8123484713541664,1.2817174479166666,1.4462638771355416
17175,2,2.257,1.128,90.0,2.236,561,2041,116.565,1.0,3.285599232588026,2.892836279947917,1.4457772812499998,2.865920213541667,1.2817174479166666,2.0453259898153786
17176,5,3.144,2.025,18.435,3.606,725,2043,33.69,2.0,8.213998081470065,4.02971965625,2.59547783203125,4.6218731171875,2.5634348958333333,3.2339443426774745
17177,7,5.015,1.777,25.883,5.831,738,2044,30.964,2.53,11.499597314058091,6.427813001302082,2.2776119049479164,7.473694438802084,3.2427451432291665,3.826454549076717
17178,9,5.081,2.255,118.155,5.831,759,2041,120.964,3.0,14.785196546646118,6.512406352864584,2.890272845052083,7.473694438802084,3.8451523437499997,4.338791631406624
17179,1,1.128,1.128,0.0,1.414,781,2041,135.0,1.0,1.642799616294013,1.4457772812499998,1.4457772812499998,1.8123484713541664,1.2817174479166666,1.4462638771355416
17180,4,3.192,1.596,18.435,3.606,791,2043,33.69,2.0,6.571198465176052,4.09124209375,2.045621046875,4.6218731171875,2.5634348958333333,2.892527754271083
17181,1,1.128,1.128,0.0,1.414,815,2041,135.0,1.0,1.642799616294013,1.4457772812499998,1.4457772812499998,1.8123484713541664,1.2817174479166666,1.4462638771355416
17182,1,1.128,1.128,0.0,1.414,1025,2041,135.0,1.0,1.642799616294013,1.4457772812499998,1.4457772812499998,1.8123484713541664,1.2817174479166666,1.4462638771355416
17183,4,3.216,1.583,121.717,3.606,1098,2041,123.69,2.0,6.571198465176052,4.1220033125,2.028958720052083,4.6218731171875,2.5634348958333333,2.892527754271083
17184,1,1.128,1.128,0.0,1.414,2770,2041,135.0,1.0,1.642799616294013,1.4457772812499998,1.4457772812499998,1.8123484713541664,1.2817174479166666,1.4462638771355416
17185,13,5.244,3.157,55.076,6.403,2944,2046,51.34,4.0,21.35639501182217,6.721326296875,4.046381983072917,8.206836819010416,5.126869791666667,5.214578566863546
17186,1,1.128,1.128,0.0,1.414,2960,2041,135.0,1.0,1.642799616294013,1.4457772812499998,1.4457772812499998,1.8123484713541664,1.2817174479166666,1.4462638771355416
17187,1,1.128,1.128,0.0,1.414,3092,2041,135.0,1.0,1.642799616294013,1.4457772812499998,1.4457772812499998,1.8123484713541664,1.2817174479166666,1.4462638771355416
17188,1,1.128,1.128,0.0,1.414,3102,2041,135.0,1.0,1.642799616294013,1.4457772812499998,1.4457772812499998,1.8123484713541664,1.2817174479166666,1.4462638771355416
17189,7,4.134,2.156,27.231,5.0,3104,2044,36.87,3.0,11.499597314058091,5.298619929687501,2.7633828177083335,6.408587239583333,3.8451523437499997,3.826454549076717
17190,1,1.128,1.128,0.0,1.414,3274,2041,135.0,1.0,1.642799616294013,1.4457772812499998,1.4457772812499998,1.8123484713541664,1.2817174479166666,1.4462638771355416
17191,2,2.257,1.128,0.0,2.236,3475,2041,153.435,1.0,3.285599232588026,2.892836279947917,1.4457772812499998,2.865920213541667,1.2817174479166666,2.0453259898153786
17192,12,6.978,2.19,164.771,8.544,3832,2041,159.444,3.53,19.713595395528156,8.9438243515625,2.8069612109374997,10.950993875,4.524462591145833,5.0100050327006205
17193,5,3.461,1.839,135.0,4.243,557,2042,135.0,2.683,8.213998081470065,4.436024087239583,2.35707838671875,5.438327131510417,3.4388479127604166,3.2339443426774745
17194,4,2.257,2.257,0.0,2.828,788,2042,135.0,2.0,6.571198465176052,2.892836279947917,2.892836279947917,3.624696942708333,2.5634348958333333,2.892527754271083
17195,3,2.365,1.615,135.0,2.828,964,2042,135.0,2.0,4.928398848882039,3.0312617643229167,2.069973678385417,3.624696942708333,2.5634348958333333,2.5050025163503102
17196,5,3.144,2.025,71.565,3.606,1090,2045,56.31,2.0,8.213998081470065,4.02971965625,2.59547783203125,4.6218731171875,2.5634348958333333,3.2339443426774745
17197,1,1.128,1.128,0.0,1.414,1591,2042,135.0,1.0,1.642799616294013,1.4457772812499998,1.4457772812499998,1.8123484713541664,1.2817174479166666,1.4462638771355416
17198,15,5.601,3.41,97.053,6.708,1845,2042,116.565,5.0,24.641994244410196,7.17889942578125,4.370656497395833,8.597760640625,6.408587239583333,5.601355910367322
17199,1,1.128,1.128,0.0,1.414,2457,2042,135.0,1.0,1.642799616294013,1.4457772812499998,1.4457772812499998,1.8123484713541664,1.2817174479166666,1.4462638771355416
17200,1,1.128,1.128,0.0,1.414,2813,2042,135.0,1.0,1.642799616294013,1.4457772812499998,1.4457772812499998,1.8123484713541664,1.2817174479166666,1.4462638771355416
17201,8,3.739,2.724,178.212,4.472,2892,2044,26.565,3.0,13.142396930352104,4.792341537760416,3.4913983281250003,5.731840427083334,3.8451523437499997,4.090651979630757
17202,1,1.128,1.128,0.0,1.414,2987,2042,135.0,1.0,1.642799616294013,1.4457772812499998,1.4457772812499998,1.8123484713541664,1.2817174479166666,1.4462638771355416
17203,3,2.365,1.615,135.0,2.828,3008,2042,135.0,2.0,4.928398848882039,3.0312617643229167,2.069973678385417,3.624696942708333,2.5634348958333333,2.5050025163503102
17204,2,2.257,1.128,0.0,2.236,3067,2042,153.435,1.0,3.285599232588026,2.892836279947917,1.4457772812499998,2.865920213541667,1.2817174479166666,2.0453259898153786
17205,6,4.134,1.848,77.067,4.472,3098,2046,63.435,2.0,9.856797697764078,5.298619929687501,2.36861384375,5.731840427083334,2.5634348958333333,3.5426085324013394
17206,3,2.365,1.615,135.0,2.828,3208,2042,135.0,2.0,4.928398848882039,3.0312617643229167,2.069973678385417,3.624696942708333,2.5634348958333333,2.5050025163503102
17207,3,2.365,1.615,135.0,2.828,3290,2042,135.0,2.0,4.928398848882039,3.0312617643229167,2.069973678385417,3.624696942708333,2.5634348958333333,2.5050025163503102
17208,1,1.128,1.128,0.0,1.414,3297,2042,135.0,1.0,1.642799616294013,1.4457772812499998,1.4457772812499998,1.8123484713541664,1.2817174479166666,1.4462638771355416
17209,4,2.734,1.863,90.0,3.162,3303,2042,108.435,2.0,6.571198465176052,3.5042155026041666,2.38783960546875,4.0527905703125,2.5634348958333333,2.892527754271083
17210,4,2.734,1.863,0.0,3.162,3442,2043,161.565,2.0,6.571198465176052,3.5042155026041666,2.38783960546875,4.0527905703125,2.5634348958333333,2.892527754271083
17211,1,1.128,1.128,0.0,1.414,3721,2042,135.0,1.0,1.642799616294013,1.4457772812499998,1.4457772812499998,1.8123484713541664,1.2817174479166666,1.4462638771355416
17212,106,22.473,6.006,65.388,34.438,0,2074,64.179,9.839,174.13675932716538,28.80403620703125,7.6979949921875,44.139785471354166,12.610817970052084,14.890197965257402
17213,2,2.257,1.128,0.0,2.236,756,2043,153.435,1.0,3.285599232588026,2.892836279947917,1.4457772812499998,2.865920213541667,1.2817174479166666,2.0453259898153786
17214,1,1.128,1.128,0.0,1.414,883,2043,135.0,1.0,1.642799616294013,1.4457772812499998,1.4457772812499998,1.8123484713541664,1.2817174479166666,1.4462638771355416
17215,4,2.734,1.863,90.0,3.162,895,2043,108.435,2.0,6.571198465176052,3.5042155026041666,2.38783960546875,4.0527905703125,2.5634348958333333,2.892527754271083
17216,2,2.257,1.128,0.0,2.236,1027,2043,153.435,1.0,3.285599232588026,2.892836279947917,1.4457772812499998,2.865920213541667,1.2817174479166666,2.0453259898153786
17217,1,1.128,1.128,0.0,1.414,2851,2043,135.0,1.0,1.642799616294013,1.4457772812499998,1.4457772812499998,1.8123484713541664,1.2817174479166666,1.4462638771355416
17218,3,2.365,1.615,45.0,2.828,2951,2045,45.0,2.0,4.928398848882039,3.0312617643229167,2.069973678385417,3.624696942708333,2.5634348958333333,2.5050025163503102
17219,10,3.878,3.283,156.891,4.472,2955,2043,116.565,4.0,16.42799616294013,4.970500263020833,4.207878381510416,5.731840427083334,5.126869791666667,4.573487949374228
17220,5,3.144,2.025,108.435,3.606,3026,2043,123.69,2.0,8.213998081470065,4.02971965625,2.59547783203125,4.6218731171875,2.5634348958333333,3.2339443426774745
17221,1,1.128,1.128,0.0,1.414,3096,2043,135.0,1.0,1.642799616294013,1.4457772812499998,1.4457772812499998,1.8123484713541664,1.2817174479166666,1.4462638771355416
17222,5,4.183,1.522,10.901,4.472,3190,2045,26.565,2.0,8.213998081470065,5.361424084635416,1.9507739557291666,5.731840427083334,2.5634348958333333,3.2339443426774745
17223,2,2.257,1.128,0.0,2.236,3410,2043,153.435,1.0,3.285599232588026,2.892836279947917,1.4457772812499998,2.865920213541667,1.2817174479166666,2.0453259898153786
17224,1,1.128,1.128,0.0,1.414,3465,2043,135.0,1.0,1.642799616294013,1.4457772812499998,1.4457772812499998,1.8123484713541664,1.2817174479166666,1.4462638771355416
17225,11,4.738,2.956,99.992,5.385,3573,2043,111.801,3.0,18.070795779234142,6.072777268229167,3.7887567760416667,6.90204845703125,3.8451523437499997,4.796714628303253
17226,5,3.461,1.839,45.0,4.243,1,2047,45.0,2.683,8.213998081470065,4.436024087239583,2.35707838671875,5.438327131510417,3.4388479127604166,3.2339443426774745
17227,9,4.306,2.661,65.457,5.0,667,2048,36.87,3.479,14.785196546646118,5.519075330729167,3.41065012890625,6.408587239583333,4.459095001302083,4.338791631406624
17228,4,2.257,2.257,0.0,2.828,746,2044,135.0,2.0,6.571198465176052,2.892836279947917,2.892836279947917,3.624696942708333,2.5634348958333333,2.892527754271083
17229,2,2.257,1.128,0.0,2.236,852,2044,153.435,1.0,3.285599232588026,2.892836279947917,1.4457772812499998,2.865920213541667,1.2817174479166666,2.0453259898153786
17230,24,8.913,3.428,133.979,10.63,899,2044,131.186,4.685,39.42719079105631,11.42394761328125,4.393727411458333,13.624656471354168,6.004846243489583,7.085217064802679
17231,2,2.257,1.128,90.0,2.236,1037,2044,116.565,1.0,3.285599232588026,2.892836279947917,1.4457772812499998,2.865920213541667,1.2817174479166666,2.0453259898153786
17232,7,3.926,2.27,108.435,4.472,1315,2044,116.565,2.846,11.499597314058091,5.032022700520834,2.9094986067708333,5.731840427083334,3.6477678567708334,3.826454549076717
17233,3,2.365,1.615,45.0,2.828,2798,2046,45.0,2.0,4.928398848882039,3.0312617643229167,2.069973678385417,3.624696942708333,2.5634348958333333,2.5050025163503102
17234,2,2.257,1.128,90.0,2.236,2809,2044,116.565,1.0,3.285599232588026,2.892836279947917,1.4457772812499998,2.865920213541667,1.2817174479166666,2.0453259898153786
17235,12,5.122,2.983,94.26,6.325,2813,2044,108.435,4.0,19.713595395528156,6.564956768229166,3.823363147135417,8.106862858072917,5.126869791666667,5.0100050327006205
17236,1,1.128,1.128,0.0,1.414,2847,2044,135.0,1.0,1.642799616294013,1.4457772812499998,1.4457772812499998,1.8123484713541664,1.2817174479166666,1.4462638771355416
17237,8,4.16,2.448,67.242,5.099,3091,2044,101.31,3.479,13.142396930352104,5.331944583333334,3.1376443125,6.535477266927083,4.459095001302083,4.090651979630757
17238,14,4.699,3.794,144.485,5.657,3162,2044,135.0,4.0,22.999194628116182,6.022790287760416,4.862835997395833,7.250675602864583,5.126869791666667,5.411423919108519
17239,6,4.134,1.848,12.933,4.472,3224,2046,26.565,2.0,9.856797697764078,5.298619929687501,2.36861384375,5.731840427083334,2.5634348958333333,3.5426085324013394
17240,3,2.365,1.615,135.0,2.828,3413,2044,135.0,2.0,4.928398848882039,3.0312617643229167,2.069973678385417,3.624696942708333,2.5634348958333333,2.5050025163503102
17241,4,4.514,1.128,90.0,4.123,3423,2044,104.036,1.0,6.571198465176052,5.785672559895834,1.4457772812499998,5.284521037760417,1.2817174479166666,2.892527754271083
17242,9,3.685,3.109,97.628,4.472,3568,2044,116.565,3.0,14.785196546646118,4.723128795572917,3.9848595455729168,5.731840427083334,3.8451523437499997,4.338791631406624
17243,1,1.128,1.128,0.0,1.414,3651,2044,135.0,1.0,1.642799616294013,1.4457772812499998,1.4457772812499998,1.8123484713541664,1.2817174479166666,1.4462638771355416
17244,1,1.128,1.128,0.0,1.414,54,2045,135.0,1.0,1.642799616294013,1.4457772812499998,1.4457772812499998,1.8123484713541664,1.2817174479166666,1.4462638771355416
17245,2,2.257,1.128,90.0,2.236,693,2045,116.565,1.0,3.285599232588026,2.892836279947917,1.4457772812499998,2.865920213541667,1.2817174479166666,2.0453259898153786
17246,2,2.596,0.981,135.0,2.828,752,2045,135.0,1.414,3.285599232588026,3.327338494791667,1.2573648164062499,3.624696942708333,1.8123484713541664,2.0453259898153786
17247,2,2.257,1.128,90.0,2.236,873,2045,116.565,1.0,3.285599232588026,2.892836279947917,1.4457772812499998,2.865920213541667,1.2817174479166666,2.0453259898153786
17248,1,1.128,1.128,0.0,1.414,891,2045,135.0,1.0,1.642799616294013,1.4457772812499998,1.4457772812499998,1.8123484713541664,1.2817174479166666,1.4462638771355416
17249,1,1.128,1.128,0.0,1.414,1051,2045,135.0,1.0,1.642799616294013,1.4457772812499998,1.4457772812499998,1.8123484713541664,1.2817174479166666,1.4462638771355416
17250,1,1.128,1.128,0.0,1.414,1223,2045,135.0,1.0,1.642799616294013,1.4457772812499998,1.4457772812499998,1.8123484713541664,1.2817174479166666,1.4462638771355416
17251,1,1.128,1.128,0.0,1.414,1328,2045,135.0,1.0,1.642799616294013,1.4457772812499998,1.4457772812499998,1.8123484713541664,1.2817174479166666,1.4462638771355416
17252,1,1.128,1.128,0.0,1.414,2427,2045,135.0,1.0,1.642799616294013,1.4457772812499998,1.4457772812499998,1.8123484713541664,1.2817174479166666,1.4462638771355416
17253,2,2.257,1.128,0.0,2.236,2640,2045,153.435,1.0,3.285599232588026,2.892836279947917,1.4457772812499998,2.865920213541667,1.2817174479166666,2.0453259898153786
17254,2,2.257,1.128,90.0,2.236,2849,2045,116.565,1.0,3.285599232588026,2.892836279947917,1.4457772812499998,2.865920213541667,1.2817174479166666,2.0453259898153786
17255,2,2.257,1.128,0.0,2.236,2985,2045,153.435,1.0,3.285599232588026,2.892836279947917,1.4457772812499998,2.865920213541667,1.2817174479166666,2.0453259898153786
17256,28,8.49,4.199,129.574,12.207,3034,2047,145.008,7.071,45.998389256232365,10.8817811328125,5.381931563802083,15.64592488671875,9.063024074218749,7.652909098153434
17257,1,1.128,1.128,0.0,1.414,3176,2045,135.0,1.0,1.642799616294013,1.4457772812499998,1.4457772812499998,1.8123484713541664,1.2817174479166666,1.4462638771355416
17258,2,2.257,1.128,0.0,2.236,3208,2045,153.435,1.0,3.285599232588026,2.892836279947917,1.4457772812499998,2.865920213541667,1.2817174479166666,2.0453259898153786
17259,4,2.257,2.257,0.0,2.828,3221,2045,135.0,2.0,6.571198465176052,2.892836279947917,2.892836279947917,3.624696942708333,2.5634348958333333,2.892527754271083
17260,1,1.128,1.128,0.0,1.414,3230,2045,135.0,1.0,1.642799616294013,1.4457772812499998,1.4457772812499998,1.8123484713541664,1.2817174479166666,1.4462638771355416
17261,1,1.128,1.128,0.0,1.414,3243,2045,135.0,1.0,1.642799616294013,1.4457772812499998,1.4457772812499998,1.8123484713541664,1.2817174479166666,1.4462638771355416
17262,2,2.257,1.128,90.0,2.236,3280,2045,116.565,1.0,3.285599232588026,2.892836279947917,1.4457772812499998,2.865920213541667,1.2817174479166666,2.0453259898153786
17263,2,2.596,0.981,45.0,2.828,664,2048,45.0,1.414,3.285599232588026,3.327338494791667,1.2573648164062499,3.624696942708333,1.8123484713541664,2.0453259898153786
17264,1,1.128,1.128,0.0,1.414,689,2046,135.0,1.0,1.642799616294013,1.4457772812499998,1.4457772812499998,1.8123484713541664,1.2817174479166666,1.4462638771355416
17265,1,1.128,1.128,0.0,1.414,707,2046,135.0,1.0,1.642799616294013,1.4457772812499998,1.4457772812499998,1.8123484713541664,1.2817174479166666,1.4462638771355416
17266,4,2.257,2.257,0.0,2.828,774,2046,135.0,2.0,6.571198465176052,2.892836279947917,2.892836279947917,3.624696942708333,2.5634348958333333,2.892527754271083
17267,8,4.429,2.3,54.462,5.0,847,2050,36.87,3.051,13.142396930352104,5.676726576822917,2.947950130208333,6.408587239583333,3.91051993359375,4.090651979630757
17268,6,3.988,1.916,161.565,4.472,868,2046,153.435,2.0,9.856797697764078,5.111489182291667,2.4557706302083333,5.731840427083334,2.5634348958333333,3.5426085324013394
17269,3,2.365,1.615,135.0,2.828,926,2046,135.0,2.0,4.928398848882039,3.0312617643229167,2.069973678385417,3.624696942708333,2.5634348958333333,2.5050025163503102
17270,15,6.142,3.109,51.142,7.81,1004,2052,50.194,4.243,24.641994244410196,7.872308565104167,3.9848595455729168,10.010213268229165,5.438327131510417,5.601355910367322
17271,2,2.257,1.128,90.0,2.236,1039,2046,116.565,1.0,3.285599232588026,2.892836279947917,1.4457772812499998,2.865920213541667,1.2817174479166666,2.0453259898153786
17272,6,4.134,1.848,77.067,4.472,1096,2050,63.435,2.0,9.856797697764078,5.298619929687501,2.36861384375,5.731840427083334,2.5634348958333333,3.5426085324013394
17273,2,2.596,0.981,45.0,2.828,2788,2048,45.0,1.414,3.285599232588026,3.327338494791667,1.2573648164062499,3.624696942708333,1.8123484713541664,2.0453259898153786
17274,2,2.596,0.981,45.0,2.828,2880,2048,45.0,1.414,3.285599232588026,3.327338494791667,1.2573648164062499,3.624696942708333,1.8123484713541664,2.0453259898153786
17275,7,3.165,2.816,135.0,4.472,3047,2046,116.565,4.0,11.499597314058091,4.05663572265625,3.609316333333333,5.731840427083334,5.126869791666667,3.826454549076717
17276,25,6.456,4.93,115.629,8.544,3145,2046,110.556,6.0,41.069990407350325,8.27476784375,6.318867018229166,10.950993875,7.690304687499999,7.231319385677708
17277,35,10.121,4.403,90.725,14.142,3198,2046,98.13,6.887,57.49798657029046,12.972262290364583,5.643401923177083,18.126048148437498,8.827188063802083,8.556212484548844
17278,45,10.233,5.599,88.647,13.038,3259,2046,94.399,7.906,73.92598273323058,13.11581464453125,7.176335990885417,16.7110320859375,10.133258143229167,9.701833028032423
17279,8,5.671,1.796,63.999,6.708,3271,2052,63.435,2.683,13.142396930352104,7.2686196471354165,2.301964536458333,8.597760640625,3.4388479127604166,4.090651979630757
17280,29,7.553,4.889,106.837,8.944,3284,2046,116.565,6.0,47.64118887252638,9.680811884114583,6.266316602864584,11.463680854166668,7.690304687499999,7.788369332980218
17281,2,2.257,1.128,90.0,2.236,3303,2046,116.565,1.0,3.285599232588026,2.892836279947917,1.4457772812499998,2.865920213541667,1.2817174479166666,2.0453259898153786
17282,1,1.128,1.128,0.0,1.414,3505,2046,135.0,1.0,1.642799616294013,1.4457772812499998,1.4457772812499998,1.8123484713541664,1.2817174479166666,1.4462638771355416
17283,5,3.144,2.025,161.565,3.606,45,2047,146.31,2.0,8.213998081470065,4.02971965625,2.59547783203125,4.6218731171875,2.5634348958333333,3.2339443426774745
17284,12,4.424,3.453,57.933,5.0,732,2050,36.87,4.0,19.713595395528156,5.670317989583333,4.4257703476562495,6.408587239583333,5.126869791666667,5.0100050327006205
17285,7,3.086,2.888,0.0,3.606,743,2047,123.69,3.0,11.499597314058091,3.955380044270833,3.701599989583333,4.6218731171875,3.8451523437499997,3.826454549076717
17286,2,2.257,1.128,90.0,2.236,793,2047,116.565,1.0,3.285599232588026,2.892836279947917,1.4457772812499998,2.865920213541667,1.2817174479166666,2.0453259898153786
17287,1,1.128,1.128,0.0,1.414,801,2047,135.0,1.0,1.642799616294013,1.4457772812499998,1.4457772812499998,1.8123484713541664,1.2817174479166666,1.4462638771355416
17288,2,2.257,1.128,0.0,2.236,1052,2047,153.435,1.0,3.285599232588026,2.892836279947917,1.4457772812499998,2.865920213541667,1.2817174479166666,2.0453259898153786
17289,10,4.144,3.072,129.345,5.657,1056,2048,135.0,4.0,16.42799616294013,5.311437104166667,3.937436,7.250675602864583,5.126869791666667,4.573487949374228
17290,7,4.11,2.168,112.5,4.472,1168,2047,116.565,2.683,11.499597314058091,5.2678587109375,2.7787634270833337,5.731840427083334,3.4388479127604166,3.826454549076717
17291,1,1.128,1.128,0.0,1.414,1705,2047,135.0,1.0,1.642799616294013,1.4457772812499998,1.4457772812499998,1.8123484713541664,1.2817174479166666,1.4462638771355416
17292,1,1.128,1.128,0.0,1.414,2780,2047,135.0,1.0,1.642799616294013,1.4457772812499998,1.4457772812499998,1.8123484713541664,1.2817174479166666,1.4462638771355416
17293,2,2.257,1.128,0.0,2.236,2820,2047,153.435,1.0,3.285599232588026,2.892836279947917,1.4457772812499998,2.865920213541667,1.2817174479166666,2.0453259898153786
17294,1,1.128,1.128,0.0,1.414,2847,2047,135.0,1.0,1.642799616294013,1.4457772812499998,1.4457772812499998,1.8123484713541664,1.2817174479166666,1.4462638771355416
17295,1,1.128,1.128,0.0,1.414,2872,2047,135.0,1.0,1.642799616294013,1.4457772812499998,1.4457772812499998,1.8123484713541664,1.2817174479166666,1.4462638771355416
17296,1,1.128,1.128,0.0,1.414,3052,2047,135.0,1.0,1.642799616294013,1.4457772812499998,1.4457772812499998,1.8123484713541664,1.2817174479166666,1.4462638771355416
17297,1,1.128,1.128,0.0,1.414,3270,2047,135.0,1.0,1.642799616294013,1.4457772812499998,1.4457772812499998,1.8123484713541664,1.2817174479166666,1.4462638771355416
17298,1,1.128,1.128,0.0,1.414,3276,2047,135.0,1.0,1.642799616294013,1.4457772812499998,1.4457772812499998,1.8123484713541664,1.2817174479166666,1.4462638771355416
17299,1,1.128,1.128,0.0,1.414,3495,2047,135.0,1.0,1.642799616294013,1.4457772812499998,1.4457772812499998,1.8123484713541664,1.2817174479166666,1.4462638771355416
17300,75,11.213,8.516,72.989,19.723,3830,2064,59.534,15.11,123.20997122205098,14.371897743489582,10.915105786458334,25.279313225260413,19.366750638020832,12.52501258175155
17301,3,2.365,1.615,45.0,2.828,0,2050,45.0,2.0,4.928398848882039,3.0312617643229167,2.069973678385417,3.624696942708333,2.5634348958333333,2.5050025163503102
17302,77,14.648,6.693,120.7,17.692,704,2049,132.709,8.682,126.49557045463901,18.774597177083333,8.578534878906249,22.676145088541666,11.1278708828125,12.690914016636032
17303,2,2.596,0.981,45.0,2.828,812,2050,45.0,1.414,3.285599232588026,3.327338494791667,1.2573648164062499,3.624696942708333,1.8123484713541664,2.0453259898153786
17304,2,2.257,1.128,90.0,2.236,1137,2048,116.565,1.0,3.285599232588026,2.892836279947917,1.4457772812499998,2.865920213541667,1.2817174479166666,2.0453259898153786
17305,9,3.919,2.924,110.301,4.472,1352,2048,116.565,3.0,14.785196546646118,5.023050678385417,3.747741817708333,5.731840427083334,3.8451523437499997,4.338791631406624
17306,6,4.134,1.848,12.933,4.472,2770,2050,26.565,2.0,9.856797697764078,5.298619929687501,2.36861384375,5.731840427083334,2.5634348958333333,3.5426085324013394
17307,5,3.144,2.025,18.435,3.606,2781,2050,33.69,2.0,8.213998081470065,4.02971965625,2.59547783203125,4.6218731171875,2.5634348958333333,3.2339443426774745
17308,1,1.128,1.128,0.0,1.414,2833,2048,135.0,1.0,1.642799616294013,1.4457772812499998,1.4457772812499998,1.8123484713541664,1.2817174479166666,1.4462638771355416
17309,9,5.229,2.191,175.269,5.385,2898,2048,158.199,2.0,14.785196546646118,6.70210053515625,2.8082429283854164,6.90204845703125,2.5634348958333333,4.338791631406624
17310,7,5.155,1.729,80.385,5.385,3084,2053,68.199,2.0,11.499597314058091,6.607253444010417,2.2160894674479166,6.90204845703125,2.5634348958333333,3.826454549076717
17311,2,2.596,0.981,45.0,2.828,3132,2050,45.0,1.414,3.285599232588026,3.327338494791667,1.2573648164062499,3.624696942708333,1.8123484713541664,2.0453259898153786
17312,14,5.434,3.28,114.749,6.708,3247,2048,116.565,4.0,22.999194628116182,6.9648526119791665,4.204033229166666,8.597760640625,5.126869791666667,5.411423919108519
17313,2,2.257,1.128,0.0,2.236,3388,2048,153.435,1.0,3.285599232588026,2.892836279947917,1.4457772812499998,2.865920213541667,1.2817174479166666,2.0453259898153786
17314,4,3.676,1.385,140.31,4.243,3393,2048,135.0,2.121,6.571198465176052,4.711593338541666,1.7751786653645834,5.438327131510417,2.71852270703125,2.892527754271083
17315,1,1.128,1.128,0.0,1.414,3413,2048,135.0,1.0,1.642799616294013,1.4457772812499998,1.4457772812499998,1.8123484713541664,1.2817174479166666,1.4462638771355416
17316,1099,53.823,25.998,172.281,83.096,3508,2060,177.241,39.441,1805.4367783071204,68.98587819921875,33.3220902109375,106.50559305208334,50.55221786328125,47.94533807718467
17317,1,1.128,1.128,0.0,1.414,3533,2048,135.0,1.0,1.642799616294013,1.4457772812499998,1.4457772812499998,1.8123484713541664,1.2817174479166666,1.4462638771355416
17318,18,6.976,3.285,38.848,7.81,3572,2053,39.806,4.63,29.570393093292235,8.941260916666666,4.2104418164062505,10.010213268229165,5.934351783854167,6.135977969446135
17319,4,3.216,1.583,121.717,3.606,3827,2048,123.69,2.0,6.571198465176052,4.1220033125,2.028958720052083,4.6218731171875,2.5634348958333333,2.892527754271083
17320,4,2.257,2.257,0.0,2.828,3830,2048,135.0,2.0,6.571198465176052,2.892836279947917,2.892836279947917,3.624696942708333,2.5634348958333333,2.892527754271083
17321,1,1.128,1.128,0.0,1.414,558,2049,135.0,1.0,1.642799616294013,1.4457772812499998,1.4457772812499998,1.8123484713541664,1.2817174479166666,1.4462638771355416
17322,1,1.128,1.128,0.0,1.414,661,2049,135.0,1.0,1.642799616294013,1.4457772812499998,1.4457772812499998,1.8123484713541664,1.2817174479166666,1.4462638771355416
17323,1,1.128,1.128,0.0,1.414,695,2049,135.0,1.0,1.642799616294013,1.4457772812499998,1.4457772812499998,1.8123484713541664,1.2817174479166666,1.4462638771355416
17324,3,2.365,1.615,135.0,2.828,700,2049,135.0,2.0,4.928398848882039,3.0312617643229167,2.069973678385417,3.624696942708333,2.5634348958333333,2.5050025163503102
17325,1,1.128,1.128,0.0,1.414,777,2049,135.0,1.0,1.642799616294013,1.4457772812499998,1.4457772812499998,1.8123484713541664,1.2817174479166666,1.4462638771355416
17326,1,1.128,1.128,0.0,1.414,919,2049,135.0,1.0,1.642799616294013,1.4457772812499998,1.4457772812499998,1.8123484713541664,1.2817174479166666,1.4462638771355416
17327,6,3.385,2.257,90.0,3.606,1345,2049,123.69,2.0,9.856797697764078,4.338613561197916,2.892836279947917,4.6218731171875,2.5634348958333333,3.5426085324013394
17328,4,2.887,1.764,104.872,3.606,2820,2049,123.69,2.0,6.571198465176052,3.7003182721354166,2.260949578125,4.6218731171875,2.5634348958333333,2.892527754271083
17329,70,14.703,6.062,69.52,18.682,2875,2067,74.476,9.985,114.99597314058092,18.84509163671875,7.769771169270833,23.945045361979165,12.797948717447916,12.100311738194971
17330,1,1.128,1.128,0.0,1.414,3057,2049,135.0,1.0,1.642799616294013,1.4457772812499998,1.4457772812499998,1.8123484713541664,1.2817174479166666,1.4462638771355416
17331,2,2.257,1.128,90.0,2.236,3140,2049,116.565,1.0,3.285599232588026,2.892836279947917,1.4457772812499998,2.865920213541667,1.2817174479166666,2.0453259898153786
17332,5,3.144,2.025,108.435,3.606,3264,2049,123.69,2.0,8.213998081470065,4.02971965625,2.59547783203125,4.6218731171875,2.5634348958333333,3.2339443426774745
17333,2,2.257,1.128,0.0,2.236,3276,2049,153.435,1.0,3.285599232588026,2.892836279947917,1.4457772812499998,2.865920213541667,1.2817174479166666,2.0453259898153786
17334,1,1.128,1.128,0.0,1.414,3461,2049,135.0,1.0,1.642799616294013,1.4457772812499998,1.4457772812499998,1.8123484713541664,1.2817174479166666,1.4462638771355416
17335,1,1.128,1.128,0.0,1.414,613,2050,135.0,1.0,1.642799616294013,1.4457772812499998,1.4457772812499998,1.8123484713541664,1.2817174479166666,1.4462638771355416
17336,20,7.033,3.621,75.334,8.944,614,2058,63.435,4.0,32.85599232588026,9.014318811197917,4.6410988789062495,11.463680854166668,5.126869791666667,6.467888685354949
17337,92,17.133,6.837,105.297,25.298,766,2050,108.435,11.111,151.1375646990492,21.95966503515625,8.763102191406249,32.42488799739583,14.241162563802083,13.872075785990207
17338,6,3.14,2.433,135.0,3.606,837,2050,123.69,2.828,9.856797697764078,4.024592786458333,3.1184185507812496,4.6218731171875,3.624696942708333,3.5426085324013394
17339,3,2.365,1.615,45.0,2.828,916,2052,45.0,2.0,4.928398848882039,3.0312617643229167,2.069973678385417,3.624696942708333,2.5634348958333333,2.5050025163503102
17340,5,4.183,1.522,79.099,4.472,1348,2054,63.435,2.0,8.213998081470065,5.361424084635416,1.9507739557291666,5.731840427083334,2.5634348958333333,3.2339443426774745
17341,6,3.718,2.055,36.87,4.243,2791,2053,45.0,2.683,9.856797697764078,4.765425471354167,2.63392935546875,5.438327131510417,3.4388479127604166,3.5426085324013394
17342,18,9.037,2.536,23.351,9.434,2796,2055,32.005,3.578,29.570393093292235,11.582880576822918,3.250435447916667,12.091722403645832,4.585985028645833,6.135977969446135
17343,13,5.025,3.294,169.357,5.831,2831,2050,149.036,3.0,21.35639501182217,6.4406301757812505,4.2219772734375,7.473694438802084,3.8451523437499997,5.214578566863546
17344,1,1.128,1.128,0.0,1.414,3001,2050,135.0,1.0,1.642799616294013,1.4457772812499998,1.4457772812499998,1.8123484713541664,1.2817174479166666,1.4462638771355416
17345,9,5.866,1.953,100.278,6.325,3016,2050,108.435,2.0,14.785196546646118,7.518554549479166,2.50319417578125,8.106862858072917,2.5634348958333333,4.338791631406624
17346,7,3.728,2.391,97.372,4.472,3079,2050,116.565,3.0,11.499597314058091,4.778242645833333,3.06458641796875,5.731840427083334,3.8451523437499997,3.826454549076717
17347,15,7.43,2.57,171.183,8.944,3114,2050,153.435,4.0,24.641994244410196,9.523160638020833,3.294013841145833,11.463680854166668,5.126869791666667,5.601355910367322
17348,43,9.964,5.495,109.881,11.662,3188,2050,120.964,7.0,70.64038350064256,12.771032651041667,7.043037376302084,14.947388877604167,8.972022135416667,9.483786464234974
17349,59,12.082,6.218,169.426,14.866,3222,2050,160.346,7.809,96.92517736134677,15.485710205729168,7.9697190911458335,19.054011580729167,10.00893155078125,11.108963630155632
17350,3,2.365,1.615,135.0,2.828,3268,2050,135.0,2.0,4.928398848882039,3.0312617643229167,2.069973678385417,3.624696942708333,2.5634348958333333,2.5050025163503102
17351,2,2.257,1.128,90.0,2.236,3677,2050,116.565,1.0,3.285599232588026,2.892836279947917,1.4457772812499998,2.865920213541667,1.2817174479166666,2.0453259898153786
17352,1,1.128,1.128,0.0,1.414,3721,2050,135.0,1.0,1.642799616294013,1.4457772812499998,1.4457772812499998,1.8123484713541664,1.2817174479166666,1.4462638771355416
17353,1,1.128,1.128,0.0,1.414,3735,2050,135.0,1.0,1.642799616294013,1.4457772812499998,1.4457772812499998,1.8123484713541664,1.2817174479166666,1.4462638771355416
17354,17,5.402,4.007,157.5,6.403,698,2051,141.34,5.0,27.927593476998222,6.923837653645833,5.135841813802083,8.206836819010416,6.408587239583333,5.963098727945161
17355,2,2.257,1.128,90.0,2.236,719,2051,116.565,1.0,3.285599232588026,2.892836279947917,1.4457772812499998,2.865920213541667,1.2817174479166666,2.0453259898153786
17356,6,3.385,2.257,90.0,3.606,802,2051,123.69,2.0,9.856797697764078,4.338613561197916,2.892836279947917,4.6218731171875,2.5634348958333333,3.5426085324013394
17357,1,1.128,1.128,0.0,1.414,2518,2051,135.0,1.0,1.642799616294013,1.4457772812499998,1.4457772812499998,1.8123484713541664,1.2817174479166666,1.4462638771355416
17358,14,5.171,3.447,8.51,5.831,2734,2054,30.964,4.0,22.999194628116182,6.6277609231770835,4.41808004296875,7.473694438802084,5.126869791666667,5.411423919108519
17359,1,1.128,1.128,0.0,1.414,2884,2051,135.0,1.0,1.642799616294013,1.4457772812499998,1.4457772812499998,1.8123484713541664,1.2817174479166666,1.4462638771355416
17360,3,3.213,1.189,118.155,3.606,2928,2051,123.69,1.789,4.928398848882039,4.11815816015625,1.5239620455729168,4.6218731171875,2.2929925143229166,2.5050025163503102
17361,5,3.144,2.025,161.565,3.606,3206,2051,146.31,2.0,8.213998081470065,4.02971965625,2.59547783203125,4.6218731171875,2.5634348958333333,3.2339443426774745
17362,2,2.257,1.128,0.0,2.236,3279,2051,153.435,1.0,3.285599232588026,2.892836279947917,1.4457772812499998,2.865920213541667,1.2817174479166666,2.0453259898153786
17363,1,1.128,1.128,0.0,1.414,3570,2051,135.0,1.0,1.642799616294013,1.4457772812499998,1.4457772812499998,1.8123484713541664,1.2817174479166666,1.4462638771355416
17364,37,7.586,6.21,164.324,9.22,621,2052,139.399,6.0,60.783585802878484,9.723108559895833,7.9594653515625,11.817434869791667,7.690304687499999,8.7972797207639
17365,1,1.128,1.128,0.0,1.414,659,2052,135.0,1.0,1.642799616294013,1.4457772812499998,1.4457772812499998,1.8123484713541664,1.2817174479166666,1.4462638771355416
17366,9,3.963,2.892,71.063,5.0,666,2056,53.13,3.0,14.785196546646118,5.07944624609375,3.706726859375,6.408587239583333,3.8451523437499997,4.338791631406624
17367,5,3.461,1.839,45.0,4.243,727,2055,45.0,2.683,8.213998081470065,4.436024087239583,2.35707838671875,5.438327131510417,3.4388479127604166,3.2339443426774745
17368,60,10.946,6.979,98.073,15.133,733,2067,82.405,9.547,98.56797697764078,14.029679184895834,8.945106069010416,19.396230139322917,12.236556475260418,11.202711820734644
17369,3,3.385,1.128,90.0,3.162,747,2052,108.435,1.0,4.928398848882039,4.338613561197916,1.4457772812499998,4.0527905703125,1.2817174479166666,2.5050025163503102
17370,2,2.257,1.128,90.0,2.236,1245,2052,116.565,1.0,3.285599232588026,2.892836279947917,1.4457772812499998,2.865920213541667,1.2817174479166666,2.0453259898153786
17371,3,2.365,1.615,45.0,2.828,2642,2054,45.0,2.0,4.928398848882039,3.0312617643229167,2.069973678385417,3.624696942708333,2.5634348958333333,2.5050025163503102
17372,11,5.529,2.533,92.979,6.325,2774,2052,108.435,3.0,18.070795779234142,7.0866157695312495,3.2465902955729167,8.106862858072917,3.8451523437499997,4.796714628303253
17373,7,4.384,2.033,0.0,5.099,2808,2053,168.69,3.0,11.499597314058091,5.619049291666667,2.6057315716145832,6.535477266927083,3.8451523437499997,3.826454549076717
17374,23,10.239,2.86,112.461,11.18,2845,2052,116.565,4.07,37.7843911747623,13.12350494921875,3.6657119010416666,14.329601067708333,5.216590013020833,6.936037892995103
17375,60,9.544,8.004,176.849,13.038,2862,2061,32.471,10.0,98.56797697764078,12.232711322916668,10.258866453125,16.7110320859375,12.817174479166667,11.202711820734644
17376,12,4.514,3.385,90.0,5.0,2946,2052,126.87,3.0,19.713595395528156,5.785672559895834,4.338613561197916,6.408587239583333,3.8451523437499997,5.0100050327006205
17377,1,1.128,1.128,0.0,1.414,3103,2052,135.0,1.0,1.642799616294013,1.4457772812499998,1.4457772812499998,1.8123484713541664,1.2817174479166666,1.4462638771355416
17378,14,5.585,3.192,93.48,6.325,3128,2052,108.435,4.0,22.999194628116182,7.158391946614583,4.09124209375,8.106862858072917,5.126869791666667,5.411423919108519
17379,3,3.385,1.128,90.0,3.162,3155,2052,108.435,1.0,4.928398848882039,4.338613561197916,1.4457772812499998,4.0527905703125,1.2817174479166666,2.5050025163503102
17380,31,7.399,5.334,35.118,8.944,3290,2058,26.565,7.071,50.926788105114404,9.483427397135417,6.836680867187499,11.463680854166668,9.063024074218749,8.052456474363645
17381,17,6.511,3.324,44.585,8.485,3344,2058,45.0,5.199,27.927593476998222,8.345262303385416,4.260428796875,10.875372545572915,6.66364901171875,5.963098727945161
17382,2,2.257,1.128,90.0,2.236,3433,2052,116.565,1.0,3.285599232588026,2.892836279947917,1.4457772812499998,2.865920213541667,1.2817174479166666,2.0453259898153786
17383,1,1.128,1.128,0.0,1.414,628,2053,135.0,1.0,1.642799616294013,1.4457772812499998,1.4457772812499998,1.8123484713541664,1.2817174479166666,1.4462638771355416
17384,2,2.257,1.128,0.0,2.236,930,2053,153.435,1.0,3.285599232588026,2.892836279947917,1.4457772812499998,2.865920213541667,1.2817174479166666,2.0453259898153786
17385,2,2.257,1.128,0.0,2.236,1432,2053,153.435,1.0,3.285599232588026,2.892836279947917,1.4457772812499998,2.865920213541667,1.2817174479166666,2.0453259898153786
17386,1,1.128,1.128,0.0,1.414,2134,2053,135.0,1.0,1.642799616294013,1.4457772812499998,1.4457772812499998,1.8123484713541664,1.2817174479166666,1.4462638771355416
17387,1,1.128,1.128,0.0,1.414,2270,2053,135.0,1.0,1.642799616294013,1.4457772812499998,1.4457772812499998,1.8123484713541664,1.2817174479166666,1.4462638771355416
17388,1,1.128,1.128,0.0,1.414,2620,2053,135.0,1.0,1.642799616294013,1.4457772812499998,1.4457772812499998,1.8123484713541664,1.2817174479166666,1.4462638771355416
17389,2,2.257,1.128,0.0,2.236,2622,2053,153.435,1.0,3.285599232588026,2.892836279947917,1.4457772812499998,2.865920213541667,1.2817174479166666,2.0453259898153786
17390,225,24.99,11.464,144.946,26.0,2759,2057,157.38,15.149,369.62991366615296,32.0301190234375,14.693608822916667,33.32465364583333,19.41673761848958,21.693958157033123
17391,1,1.128,1.128,0.0,1.414,2802,2053,135.0,1.0,1.642799616294013,1.4457772812499998,1.4457772812499998,1.8123484713541664,1.2817174479166666,1.4462638771355416
17392,5,3.43,1.856,53.35,4.243,3085,2056,45.0,2.683,8.213998081470065,4.396290846354167,2.3788675833333333,5.438327131510417,3.4388479127604166,3.2339443426774745
17393,5,3.461,1.839,135.0,4.243,3161,2053,135.0,2.683,8.213998081470065,4.436024087239583,2.35707838671875,5.438327131510417,3.4388479127604166,3.2339443426774745
17394,1,1.128,1.128,0.0,1.414,3216,2053,135.0,1.0,1.642799616294013,1.4457772812499998,1.4457772812499998,1.8123484713541664,1.2817174479166666,1.4462638771355416
17395,14,4.919,3.624,105.267,6.708,3267,2053,116.565,5.0,22.999194628116182,6.304768126302083,4.64494403125,8.597760640625,6.408587239583333,5.411423919108519
17396,6,5.208,1.467,97.466,5.385,3302,2053,111.801,2.0,9.856797697764078,6.67518446875,1.8802794960937501,6.90204845703125,2.5634348958333333,3.5426085324013394
17397,2,2.257,1.128,90.0,2.236,647,2054,116.565,1.0,3.285599232588026,2.892836279947917,1.4457772812499998,2.865920213541667,1.2817174479166666,2.0453259898153786
17398,3,2.365,1.615,45.0,2.828,658,2056,45.0,2.0,4.928398848882039,3.0312617643229167,2.069973678385417,3.624696942708333,2.5634348958333333,2.5050025163503102
17399,5,4.474,1.423,35.28,5.0,661,2057,36.87,2.121,8.213998081470065,5.734403861979167,1.8238839283854167,6.408587239583333,2.71852270703125,3.2339443426774745
17400,56,11.997,5.943,4.733,14.56,734,2056,164.055,7.354,91.99677851246473,15.37676422265625,7.617246792968749,18.66180604166667,9.425750111979166,10.822847838217038
17401,14,5.595,3.186,141.17,6.403,753,2054,141.34,4.0,22.999194628116182,7.171209121093749,4.0835517890625,8.206836819010416,5.126869791666667,5.411423919108519
17402,1,1.128,1.128,0.0,1.414,805,2054,135.0,1.0,1.642799616294013,1.4457772812499998,1.4457772812499998,1.8123484713541664,1.2817174479166666,1.4462638771355416
17403,16,6.383,3.192,108.435,7.211,836,2054,123.69,4.0,26.28479386070421,8.181202470052083,4.09124209375,9.242464516927084,5.126869791666667,5.785055508542166
17404,22,7.411,3.78,20.456,9.434,854,2059,32.005,5.692,36.141591558468285,9.498808006510416,4.844891953125,12.091722403645832,7.295535713541667,6.78357888217988
17405,7,3.855,2.312,120.964,4.472,2841,2054,116.565,2.828,11.499597314058091,4.94102076171875,2.9633307395833333,5.731840427083334,3.624696942708333,3.826454549076717
17406,1,1.128,1.128,0.0,1.414,2973,2054,135.0,1.0,1.642799616294013,1.4457772812499998,1.4457772812499998,1.8123484713541664,1.2817174479166666,1.4462638771355416
17407,7,4.134,2.156,62.769,5.0,3003,2058,53.13,3.0,11.499597314058091,5.298619929687501,2.7633828177083335,6.408587239583333,3.8451523437499997,3.826454549076717
17408,2,2.257,1.128,0.0,2.236,3098,2054,153.435,1.0,3.285599232588026,2.892836279947917,1.4457772812499998,2.865920213541667,1.2817174479166666,2.0453259898153786
17409,1,1.128,1.128,0.0,1.414,3103,2054,135.0,1.0,1.642799616294013,1.4457772812499998,1.4457772812499998,1.8123484713541664,1.2817174479166666,1.4462638771355416
17410,3,2.365,1.615,45.0,2.828,3138,2056,45.0,2.0,4.928398848882039,3.0312617643229167,2.069973678385417,3.624696942708333,2.5634348958333333,2.5050025163503102
17411,12,4.375,3.492,76.557,5.385,3181,2059,68.199,4.0,19.713595395528156,5.607513834635417,4.475757328125,6.90204845703125,5.126869791666667,5.0100050327006205
17412,17,6.146,3.522,85.666,7.211,3204,2060,56.31,4.0,27.927593476998222,7.877435434895833,4.5142088515625,9.242464516927084,5.126869791666667,5.963098727945161
17413,1,1.128,1.128,0.0,1.414,3221,2054,135.0,1.0,1.642799616294013,1.4457772812499998,1.4457772812499998,1.8123484713541664,1.2817174479166666,1.4462638771355416
17414,13,5.231,3.164,33.939,6.403,3234,2059,38.66,4.608,21.35639501182217,6.704663970052083,4.055354005208334,8.206836819010416,5.906153999999999,5.214578566863546
17415,36,7.135,6.425,102.427,8.602,3457,2056,144.462,7.0,59.14078618658447,9.145053990885415,8.235034602864584,11.025333486979166,8.972022135416667,8.677583262813249
17416,2,2.257,1.128,0.0,2.236,682,2055,153.435,1.0,3.285599232588026,2.892836279947917,1.4457772812499998,2.865920213541667,1.2817174479166666,2.0453259898153786
17417,1,1.128,1.128,0.0,1.414,689,2055,135.0,1.0,1.642799616294013,1.4457772812499998,1.4457772812499998,1.8123484713541664,1.2817174479166666,1.4462638771355416
17418,3,3.213,1.189,28.155,3.606,811,2057,33.69,1.789,4.928398848882039,4.11815816015625,1.5239620455729168,4.6218731171875,2.2929925143229166,2.5050025163503102
17419,2,2.596,0.981,45.0,2.828,821,2057,45.0,1.414,3.285599232588026,3.327338494791667,1.2573648164062499,3.624696942708333,1.8123484713541664,2.0453259898153786
17420,5,3.144,2.025,108.435,3.606,1690,2055,123.69,2.0,8.213998081470065,4.02971965625,2.59547783203125,4.6218731171875,2.5634348958333333,3.2339443426774745
17421,2,2.257,1.128,0.0,2.236,1732,2055,153.435,1.0,3.285599232588026,2.892836279947917,1.4457772812499998,2.865920213541667,1.2817174479166666,2.0453259898153786
17422,1,1.128,1.128,0.0,1.414,1983,2055,135.0,1.0,1.642799616294013,1.4457772812499998,1.4457772812499998,1.8123484713541664,1.2817174479166666,1.4462638771355416
17423,2,2.257,1.128,90.0,2.236,2435,2055,116.565,1.0,3.285599232588026,2.892836279947917,1.4457772812499998,2.865920213541667,1.2817174479166666,2.0453259898153786
17424,7,5.397,1.651,44.158,6.403,2782,2060,51.34,2.828,11.499597314058091,6.9174290664062505,2.1161155065104165,8.206836819010416,3.624696942708333,3.826454549076717
17425,23,7.816,3.747,66.194,10.296,2802,2064,60.945,5.692,37.7843911747623,10.017903572916666,4.80259527734375,13.19656284375,7.295535713541667,6.936037892995103
17426,2,2.257,1.128,0.0,2.236,3824,2055,153.435,1.0,3.285599232588026,2.892836279947917,1.4457772812499998,2.865920213541667,1.2817174479166666,2.0453259898153786
17427,55,12.57,5.571,87.212,15.524,9,2071,75.069,8.825,90.35397889617072,16.1111883203125,7.14044790234375,19.897381661458333,11.311156477864582,10.72577997755371
17428,3,2.365,1.615,135.0,2.828,609,2056,135.0,2.0,4.928398848882039,3.0312617643229167,2.069973678385417,3.624696942708333,2.5634348958333333,2.5050025163503102
17429,5,4.183,1.522,10.901,4.472,666,2058,26.565,2.0,8.213998081470065,5.361424084635416,1.9507739557291666,5.731840427083334,2.5634348958333333,3.2339443426774745
17430,1,1.128,1.128,0.0,1.414,713,2056,135.0,1.0,1.642799616294013,1.4457772812499998,1.4457772812499998,1.8123484713541664,1.2817174479166666,1.4462638771355416
17431,2,2.257,1.128,90.0,2.236,809,2056,116.565,1.0,3.285599232588026,2.892836279947917,1.4457772812499998,2.865920213541667,1.2817174479166666,2.0453259898153786
17432,11,4.994,2.804,45.0,5.657,912,2060,45.0,3.536,18.070795779234142,6.400896934895833,3.593935723958333,7.250675602864583,4.532152895833334,4.796714628303253
17433,2,2.257,1.128,90.0,2.236,1317,2056,116.565,1.0,3.285599232588026,2.892836279947917,1.4457772812499998,2.865920213541667,1.2817174479166666,2.0453259898153786
17434,3,2.365,1.615,135.0,2.828,2516,2056,135.0,2.0,4.928398848882039,3.0312617643229167,2.069973678385417,3.624696942708333,2.5634348958333333,2.5050025163503102
17435,23,7.409,3.953,38.167,9.434,2792,2061,32.005,5.657,37.7843911747623,9.496244571614582,5.066629071614583,12.091722403645832,7.250675602864583,6.936037892995103
17436,8,3.651,2.79,34.722,4.472,2821,2059,26.565,3.0,13.142396930352104,4.679550402343749,3.5759916796874998,5.731840427083334,3.8451523437499997,4.090651979630757
17437,1,1.128,1.128,0.0,1.414,2973,2056,135.0,1.0,1.642799616294013,1.4457772812499998,1.4457772812499998,1.8123484713541664,1.2817174479166666,1.4462638771355416
17438,24,7.252,4.214,54.564,10.198,3082,2066,78.69,7.056,39.42719079105631,9.295014932291666,5.401157325520834,13.070954533854167,9.0437983125,7.085217064802679
17439,7,3.644,2.446,112.5,4.472,3088,2056,116.565,3.0,11.499597314058091,4.670578380208333,3.135080877604167,5.731840427083334,3.8451523437499997,3.826454549076717
17440,11,3.957,3.539,90.0,5.0,3116,2057,143.13,4.0,18.070795779234142,5.071755941406249,4.535998048177084,6.408587239583333,5.126869791666667,4.796714628303253
17441,1,1.128,1.128,0.0,1.414,3157,2056,135.0,1.0,1.642799616294013,1.4457772812499998,1.4457772812499998,1.8123484713541664,1.2817174479166666,1.4462638771355416
17442,49,12.195,5.116,107.307,14.56,3172,2056,105.945,6.49,80.49718119840664,15.63054427734375,6.557266463541666,18.66180604166667,8.318346236979167,10.12384713994879
17443,3,2.365,1.615,135.0,2.828,3215,2056,135.0,2.0,4.928398848882039,3.0312617643229167,2.069973678385417,3.624696942708333,2.5634348958333333,2.5050025163503102
17444,62,14.063,5.613,118.658,16.643,3219,2056,122.735,8.186,101.85357621022881,18.024792470052084,7.19428003515625,21.331623485677085,10.492139028645832,11.387893156464104
17445,50,10.84,5.873,38.096,12.806,3272,2066,38.66,7.905,82.13998081470065,13.893817135416667,7.527526571614583,16.413673638020832,10.13197642578125,10.226629949076893
17446,6,4.134,1.848,77.067,4.472,3838,2060,63.435,2.0,9.856797697764078,5.298619929687501,2.36861384375,5.731840427083334,2.5634348958333333,3.5426085324013394
17447,1,1.128,1.128,0.0,1.414,677,2057,135.0,1.0,1.642799616294013,1.4457772812499998,1.4457772812499998,1.8123484713541664,1.2817174479166666,1.4462638771355416
17448,2,2.257,1.128,0.0,2.236,803,2057,153.435,1.0,3.285599232588026,2.892836279947917,1.4457772812499998,2.865920213541667,1.2817174479166666,2.0453259898153786
17449,6,3.14,2.433,45.0,3.606,898,2059,33.69,2.828,9.856797697764078,4.024592786458333,3.1184185507812496,4.6218731171875,3.624696942708333,3.5426085324013394
17450,1,1.128,1.128,0.0,1.414,1037,2057,135.0,1.0,1.642799616294013,1.4457772812499998,1.4457772812499998,1.8123484713541664,1.2817174479166666,1.4462638771355416
17451,1,1.128,1.128,0.0,1.414,1402,2057,135.0,1.0,1.642799616294013,1.4457772812499998,1.4457772812499998,1.8123484713541664,1.2817174479166666,1.4462638771355416
17452,16,5.218,3.904,3.91,6.325,1463,2058,161.565,4.919,26.28479386070421,6.688001643229167,5.003824916666667,8.106862858072917,6.304768126302083,5.785055508542166
17453,1,1.128,1.128,0.0,1.414,2809,2057,135.0,1.0,1.642799616294013,1.4457772812499998,1.4457772812499998,1.8123484713541664,1.2817174479166666,1.4462638771355416
17454,2,2.257,1.128,90.0,2.236,2815,2057,116.565,1.0,3.285599232588026,2.892836279947917,1.4457772812499998,2.865920213541667,1.2817174479166666,2.0453259898153786
17455,292,20.442,18.187,75.393,36.249,2924,2090,65.556,24.947,479.6974879578518,26.2008680703125,23.310595225260418,46.46097576953125,31.97500517317708,24.71376796592704
17456,5,2.791,2.281,90.0,3.606,3106,2057,123.69,3.0,8.213998081470065,3.5772733971354165,2.9235974986979167,4.6218731171875,3.8451523437499997,3.2339443426774745
17457,1,1.128,1.128,0.0,1.414,3636,2057,135.0,1.0,1.642799616294013,1.4457772812499998,1.4457772812499998,1.8123484713541664,1.2817174479166666,1.4462638771355416
17458,2,2.257,1.128,0.0,2.236,819,2058,153.435,1.0,3.285599232588026,2.892836279947917,1.4457772812499998,2.865920213541667,1.2817174479166666,2.0453259898153786
17459,18,6.77,3.385,90.0,6.708,1071,2058,116.565,3.0,29.570393093292235,8.677227122395832,4.338613561197916,8.597760640625,3.8451523437499997,6.135977969446135
17460,8,4.514,2.257,0.0,4.472,2837,2058,153.435,2.0,13.142396930352104,5.785672559895834,2.892836279947917,5.731840427083334,2.5634348958333333,4.090651979630757
17461,16,5.933,3.433,151.162,7.211,2852,2058,146.31,4.0,26.28479386070421,7.604429618489583,4.400135998697916,9.242464516927084,5.126869791666667,5.785055508542166
17462,19,7.767,3.115,155.487,8.602,2973,2059,144.462,4.457,31.21319270958625,9.95509941796875,3.9925498502604166,11.025333486979166,5.712614665364583,6.304118086127151
17463,1,1.128,1.128,0.0,1.414,3095,2058,135.0,1.0,1.642799616294013,1.4457772812499998,1.4457772812499998,1.8123484713541664,1.2817174479166666,1.4462638771355416
17464,3,3.385,1.128,90.0,3.162,3149,2058,108.435,1.0,4.928398848882039,4.338613561197916,1.4457772812499998,4.0527905703125,1.2817174479166666,2.5050025163503102
17465,1,1.128,1.128,0.0,1.414,3175,2058,135.0,1.0,1.642799616294013,1.4457772812499998,1.4457772812499998,1.8123484713541664,1.2817174479166666,1.4462638771355416
17466,1,1.128,1.128,0.0,1.414,3306,2058,135.0,1.0,1.642799616294013,1.4457772812499998,1.4457772812499998,1.8123484713541664,1.2817174479166666,1.4462638771355416
17467,9,4.534,2.528,37.372,5.0,3348,2061,36.87,3.536,14.785196546646118,5.811306908854166,3.2401817083333335,6.408587239583333,4.532152895833334,4.338791631406624
17468,3,2.365,1.615,45.0,2.828,630,2061,45.0,2.0,4.928398848882039,3.0312617643229167,2.069973678385417,3.624696942708333,2.5634348958333333,2.5050025163503102
17469,1,1.128,1.128,0.0,1.414,719,2059,135.0,1.0,1.642799616294013,1.4457772812499998,1.4457772812499998,1.8123484713541664,1.2817174479166666,1.4462638771355416
17470,1,1.128,1.128,0.0,1.414,753,2059,135.0,1.0,1.642799616294013,1.4457772812499998,1.4457772812499998,1.8123484713541664,1.2817174479166666,1.4462638771355416
17471,1,1.128,1.128,0.0,1.414,757,2059,135.0,1.0,1.642799616294013,1.4457772812499998,1.4457772812499998,1.8123484713541664,1.2817174479166666,1.4462638771355416
17472,1,1.128,1.128,0.0,1.414,861,2059,135.0,1.0,1.642799616294013,1.4457772812499998,1.4457772812499998,1.8123484713541664,1.2817174479166666,1.4462638771355416
17473,1,1.128,1.128,0.0,1.414,891,2059,135.0,1.0,1.642799616294013,1.4457772812499998,1.4457772812499998,1.8123484713541664,1.2817174479166666,1.4462638771355416
17474,1,1.128,1.128,0.0,1.414,977,2059,135.0,1.0,1.642799616294013,1.4457772812499998,1.4457772812499998,1.8123484713541664,1.2817174479166666,1.4462638771355416
17475,1,1.128,1.128,0.0,1.414,1224,2059,135.0,1.0,1.642799616294013,1.4457772812499998,1.4457772812499998,1.8123484713541664,1.2817174479166666,1.4462638771355416
17476,1,1.128,1.128,0.0,1.414,2882,2059,135.0,1.0,1.642799616294013,1.4457772812499998,1.4457772812499998,1.8123484713541664,1.2817174479166666,1.4462638771355416
17477,1,1.128,1.128,0.0,1.414,3251,2059,135.0,1.0,1.642799616294013,1.4457772812499998,1.4457772812499998,1.8123484713541664,1.2817174479166666,1.4462638771355416
17478,1,1.128,1.128,0.0,1.414,3287,2059,135.0,1.0,1.642799616294013,1.4457772812499998,1.4457772812499998,1.8123484713541664,1.2817174479166666,1.4462638771355416
17479,6,3.385,2.257,0.0,3.606,616,2060,146.31,2.0,9.856797697764078,4.338613561197916,2.892836279947917,4.6218731171875,2.5634348958333333,3.5426085324013394
17480,3,3.385,1.128,90.0,3.162,625,2060,108.435,1.0,4.928398848882039,4.338613561197916,1.4457772812499998,4.0527905703125,1.2817174479166666,2.5050025163503102
17481,18,7.557,3.033,69.622,8.944,682,2068,63.435,4.0,29.570393093292235,9.68593875390625,3.8874490195312497,11.463680854166668,5.126869791666667,6.135977969446135
17482,1,1.128,1.128,0.0,1.414,789,2060,135.0,1.0,1.642799616294013,1.4457772812499998,1.4457772812499998,1.8123484713541664,1.2817174479166666,1.4462638771355416
17483,12,4.911,3.111,99.417,5.385,808,2060,111.801,3.0,19.713595395528156,6.294514386718749,3.98742298046875,6.90204845703125,3.8451523437499997,5.0100050327006205
17484,4,2.257,2.257,0.0,2.828,818,2060,135.0,2.0,6.571198465176052,2.892836279947917,2.892836279947917,3.624696942708333,2.5634348958333333,2.892527754271083
17485,1,1.128,1.128,0.0,1.414,984,2060,135.0,1.0,1.642799616294013,1.4457772812499998,1.4457772812499998,1.8123484713541664,1.2817174479166666,1.4462638771355416
17486,4,3.192,1.596,161.565,3.606,1123,2060,146.31,2.0,6.571198465176052,4.09124209375,2.045621046875,4.6218731171875,2.5634348958333333,2.892527754271083
17487,3,2.365,1.615,135.0,2.828,1346,2060,135.0,2.0,4.928398848882039,3.0312617643229167,2.069973678385417,3.624696942708333,2.5634348958333333,2.5050025163503102
17488,13,5.0,3.31,12.566,5.831,2811,2063,30.964,4.0,21.35639501182217,6.408587239583333,4.242484752604167,7.473694438802084,5.126869791666667,5.214578566863546
17489,40,7.778,6.548,41.294,10.198,3097,2065,11.31,7.496,65.71198465176052,9.969198309895832,8.392685848958333,13.070954533854167,9.607753989583333,9.146975898748456
17490,25,7.836,4.062,104.462,8.944,3137,2060,116.565,5.0,41.069990407350325,10.043537921875,5.2063362734375005,11.463680854166668,6.408587239583333,7.231319385677708
17491,3,2.365,1.615,135.0,2.828,3159,2060,135.0,2.0,4.928398848882039,3.0312617643229167,2.069973678385417,3.624696942708333,2.5634348958333333,2.5050025163503102
17492,4,2.257,2.257,0.0,2.828,3254,2060,135.0,2.0,6.571198465176052,2.892836279947917,2.892836279947917,3.624696942708333,2.5634348958333333,2.892527754271083
17493,2,2.257,1.128,0.0,2.236,3301,2060,153.435,1.0,3.285599232588026,2.892836279947917,1.4457772812499998,2.865920213541667,1.2817174479166666,2.0453259898153786
17494,1,1.128,1.128,0.0,1.414,621,2061,135.0,1.0,1.642799616294013,1.4457772812499998,1.4457772812499998,1.8123484713541664,1.2817174479166666,1.4462638771355416
17495,2,2.257,1.128,90.0,2.236,743,2061,116.565,1.0,3.285599232588026,2.892836279947917,1.4457772812499998,2.865920213541667,1.2817174479166666,2.0453259898153786
17496,2,2.257,1.128,90.0,2.236,767,2061,116.565,1.0,3.285599232588026,2.892836279947917,1.4457772812499998,2.865920213541667,1.2817174479166666,2.0453259898153786
17497,2,2.257,1.128,0.0,2.236,856,2061,153.435,1.0,3.285599232588026,2.892836279947917,1.4457772812499998,2.865920213541667,1.2817174479166666,2.0453259898153786
17498,1,1.128,1.128,0.0,1.414,864,2061,135.0,1.0,1.642799616294013,1.4457772812499998,1.4457772812499998,1.8123484713541664,1.2817174479166666,1.4462638771355416
17499,2,2.257,1.128,90.0,2.236,971,2061,116.565,1.0,3.285599232588026,2.892836279947917,1.4457772812499998,2.865920213541667,1.2817174479166666,2.0453259898153786
17500,1,1.128,1.128,0.0,1.414,2601,2061,135.0,1.0,1.642799616294013,1.4457772812499998,1.4457772812499998,1.8123484713541664,1.2817174479166666,1.4462638771355416
17501,1,1.128,1.128,0.0,1.414,2621,2061,135.0,1.0,1.642799616294013,1.4457772812499998,1.4457772812499998,1.8123484713541664,1.2817174479166666,1.4462638771355416
17502,1,1.128,1.128,0.0,1.414,2783,2061,135.0,1.0,1.642799616294013,1.4457772812499998,1.4457772812499998,1.8123484713541664,1.2817174479166666,1.4462638771355416
17503,5,3.732,1.706,5.152,4.123,2786,2061,165.964,2.0,8.213998081470065,4.783369515625,2.1866099661458334,5.284521037760417,2.5634348958333333,3.2339443426774745
17504,1,1.128,1.128,0.0,1.414,2817,2061,135.0,1.0,1.642799616294013,1.4457772812499998,1.4457772812499998,1.8123484713541664,1.2817174479166666,1.4462638771355416
17505,8,4.044,2.519,19.33,4.472,2830,2064,26.565,3.0,13.142396930352104,5.1832653593749995,3.2286462513020835,5.731840427083334,3.8451523437499997,4.090651979630757
17506,4,2.257,2.257,0.0,2.828,2845,2061,135.0,2.0,6.571198465176052,2.892836279947917,2.892836279947917,3.624696942708333,2.5634348958333333,2.892527754271083
17507,1,1.128,1.128,0.0,1.414,2984,2061,135.0,1.0,1.642799616294013,1.4457772812499998,1.4457772812499998,1.8123484713541664,1.2817174479166666,1.4462638771355416
17508,1,1.128,1.128,0.0,1.414,3037,2061,135.0,1.0,1.642799616294013,1.4457772812499998,1.4457772812499998,1.8123484713541664,1.2817174479166666,1.4462638771355416
17509,1,1.128,1.128,0.0,1.414,3141,2061,135.0,1.0,1.642799616294013,1.4457772812499998,1.4457772812499998,1.8123484713541664,1.2817174479166666,1.4462638771355416
17510,1,1.128,1.128,0.0,1.414,3237,2061,135.0,1.0,1.642799616294013,1.4457772812499998,1.4457772812499998,1.8123484713541664,1.2817174479166666,1.4462638771355416
17511,2,2.257,1.128,0.0,2.236,3257,2061,153.435,1.0,3.285599232588026,2.892836279947917,1.4457772812499998,2.865920213541667,1.2817174479166666,2.0453259898153786
17512,7,4.748,1.877,99.645,5.385,3561,2061,111.801,2.668,11.499597314058091,6.0855944427083335,2.4057836497395835,6.90204845703125,3.4196221510416667,3.826454549076717
17513,5,3.144,2.025,71.565,3.606,3838,2064,56.31,2.0,8.213998081470065,4.02971965625,2.59547783203125,4.6218731171875,2.5634348958333333,3.2339443426774745
17514,4,2.257,2.257,0.0,2.828,20,2062,135.0,2.0,6.571198465176052,2.892836279947917,2.892836279947917,3.624696942708333,2.5634348958333333,2.892527754271083
17515,2,2.257,1.128,90.0,2.236,777,2062,116.565,1.0,3.285599232588026,2.892836279947917,1.4457772812499998,2.865920213541667,1.2817174479166666,2.0453259898153786
17516,16,6.494,3.137,7.573,6.708,780,2065,26.565,3.0,26.28479386070421,8.323473106770832,4.020747634114583,8.597760640625,3.8451523437499997,5.785055508542166
17517,27,8.105,4.241,90.918,10.77,792,2072,68.199,5.83,44.35558963993835,10.388319915364583,5.435763696614583,13.8040969140625,7.472412721354167,7.515007549050931
17518,20,6.289,4.049,108.435,7.211,868,2062,123.69,4.0,32.85599232588026,8.060721029947915,5.189673946614584,9.242464516927084,5.126869791666667,6.467888685354949
17519,3,3.385,1.128,90.0,3.162,1245,2062,108.435,1.0,4.928398848882039,4.338613561197916,1.4457772812499998,4.0527905703125,1.2817174479166666,2.5050025163503102
17520,1,1.128,1.128,0.0,1.414,2851,2062,135.0,1.0,1.642799616294013,1.4457772812499998,1.4457772812499998,1.8123484713541664,1.2817174479166666,1.4462638771355416
17521,7,3.855,2.312,59.036,4.472,2962,2066,63.435,2.828,11.499597314058091,4.94102076171875,2.9633307395833333,5.731840427083334,3.624696942708333,3.826454549076717
17522,1,1.128,1.128,0.0,1.414,3070,2062,135.0,1.0,1.642799616294013,1.4457772812499998,1.4457772812499998,1.8123484713541664,1.2817174479166666,1.4462638771355416
17523,36,8.503,5.391,173.185,10.44,3196,2068,16.699,6.0,59.14078618658447,10.898443459635416,6.90973876171875,13.381130156249998,7.690304687499999,8.677583262813249
17524,1,1.128,1.128,0.0,1.414,3211,2062,135.0,1.0,1.642799616294013,1.4457772812499998,1.4457772812499998,1.8123484713541664,1.2817174479166666,1.4462638771355416
17525,19,7.348,3.292,65.04,8.062,3242,2069,60.255,4.0,31.21319270958625,9.418059807291666,4.219413838541667,10.333206065104166,5.126869791666667,6.304118086127151
17526,2,2.257,1.128,90.0,2.236,3345,2062,116.565,1.0,3.285599232588026,2.892836279947917,1.4457772812499998,2.865920213541667,1.2817174479166666,2.0453259898153786
17527,1,1.128,1.128,0.0,1.414,3623,2062,135.0,1.0,1.642799616294013,1.4457772812499998,1.4457772812499998,1.8123484713541664,1.2817174479166666,1.4462638771355416
17528,3,2.365,1.615,135.0,2.828,14,2063,135.0,2.0,4.928398848882039,3.0312617643229167,2.069973678385417,3.624696942708333,2.5634348958333333,2.5050025163503102
17529,1,1.128,1.128,0.0,1.414,18,2063,135.0,1.0,1.642799616294013,1.4457772812499998,1.4457772812499998,1.8123484713541664,1.2817174479166666,1.4462638771355416
17530,1,1.128,1.128,0.0,1.414,25,2063,135.0,1.0,1.642799616294013,1.4457772812499998,1.4457772812499998,1.8123484713541664,1.2817174479166666,1.4462638771355416
17531,1,1.128,1.128,0.0,1.414,611,2063,135.0,1.0,1.642799616294013,1.4457772812499998,1.4457772812499998,1.8123484713541664,1.2817174479166666,1.4462638771355416
17532,13,6.151,2.691,107.483,6.708,691,2063,116.565,3.0,21.35639501182217,7.883844022135416,3.44910165234375,8.597760640625,3.8451523437499997,5.214578566863546
17533,15,6.346,3.01,132.182,7.81,697,2063,140.194,4.2,24.641994244410196,8.133778924479167,3.8579695182291665,10.010213268229165,5.38321328125,5.601355910367322
17534,17,5.813,3.724,24.183,6.708,704,2067,26.565,4.919,27.927593476998222,7.450623524739583,4.773115776041667,8.597760640625,6.304768126302083,5.963098727945161
17535,2,2.257,1.128,0.0,2.236,736,2063,153.435,1.0,3.285599232588026,2.892836279947917,1.4457772812499998,2.865920213541667,1.2817174479166666,2.0453259898153786
17536,1,1.128,1.128,0.0,1.414,820,2063,135.0,1.0,1.642799616294013,1.4457772812499998,1.4457772812499998,1.8123484713541664,1.2817174479166666,1.4462638771355416
17537,2,2.257,1.128,0.0,2.236,830,2063,153.435,1.0,3.285599232588026,2.892836279947917,1.4457772812499998,2.865920213541667,1.2817174479166666,2.0453259898153786
17538,2,2.257,1.128,90.0,2.236,982,2063,116.565,1.0,3.285599232588026,2.892836279947917,1.4457772812499998,2.865920213541667,1.2817174479166666,2.0453259898153786
17539,1,1.128,1.128,0.0,1.414,985,2063,135.0,1.0,1.642799616294013,1.4457772812499998,1.4457772812499998,1.8123484713541664,1.2817174479166666,1.4462638771355416
17540,13,6.327,2.616,115.365,6.708,1176,2063,116.565,3.479,21.35639501182217,8.10942629296875,3.35297284375,8.597760640625,4.459095001302083,5.214578566863546
17541,2,2.257,1.128,0.0,2.236,2663,2063,153.435,1.0,3.285599232588026,2.892836279947917,1.4457772812499998,2.865920213541667,1.2817174479166666,2.0453259898153786
17542,1,1.128,1.128,0.0,1.414,2785,2063,135.0,1.0,1.642799616294013,1.4457772812499998,1.4457772812499998,1.8123484713541664,1.2817174479166666,1.4462638771355416
17543,26,6.938,4.771,43.933,8.602,2835,2069,35.538,6.364,42.71279002364434,8.892555653645832,6.115073944010416,11.025333486979166,8.156849838541666,7.374527731318484
17544,5,3.144,2.025,108.435,3.606,2848,2063,123.69,2.0,8.213998081470065,4.02971965625,2.59547783203125,4.6218731171875,2.5634348958333333,3.2339443426774745
17545,20,6.902,3.69,152.198,8.062,2864,2063,150.255,4.715,32.85599232588026,8.846413825520834,4.7295373828125,10.333206065104166,6.043297766927083,6.467888685354949
17546,5,3.732,1.706,31.717,4.243,2993,2066,45.0,2.236,8.213998081470065,4.783369515625,2.1866099661458334,5.438327131510417,2.865920213541667,3.2339443426774745
17547,5,3.144,2.025,108.435,3.606,3036,2063,123.69,2.0,8.213998081470065,4.02971965625,2.59547783203125,4.6218731171875,2.5634348958333333,3.2339443426774745
17548,4,2.734,1.863,0.0,3.162,3419,2064,161.565,2.0,6.571198465176052,3.5042155026041666,2.38783960546875,4.0527905703125,2.5634348958333333,2.892527754271083
17549,17,5.633,3.843,10.072,7.071,3548,2068,45.0,5.0,27.927593476998222,7.219914384114583,4.92564015234375,9.063024074218749,6.408587239583333,5.963098727945161
17550,2,2.596,0.981,135.0,2.828,3564,2063,135.0,1.414,3.285599232588026,3.327338494791667,1.2573648164062499,3.624696942708333,1.8123484713541664,2.0453259898153786
17551,1,1.128,1.128,0.0,1.414,789,2064,135.0,1.0,1.642799616294013,1.4457772812499998,1.4457772812499998,1.8123484713541664,1.2817174479166666,1.4462638771355416
17552,2,2.257,1.128,90.0,2.236,825,2064,116.565,1.0,3.285599232588026,2.892836279947917,1.4457772812499998,2.865920213541667,1.2817174479166666,2.0453259898153786
17553,4,2.257,2.257,0.0,2.828,896,2064,135.0,2.0,6.571198465176052,2.892836279947917,2.892836279947917,3.624696942708333,2.5634348958333333,2.892527754271083
17554,9,4.2,2.729,119.518,5.0,903,2064,126.87,3.0,14.785196546646118,5.38321328125,3.4978069153645834,6.408587239583333,3.8451523437499997,4.338791631406624
17555,2,2.257,1.128,90.0,2.236,943,2064,116.565,1.0,3.285599232588026,2.892836279947917,1.4457772812499998,2.865920213541667,1.2817174479166666,2.0453259898153786
17556,3,2.365,1.615,45.0,2.828,958,2066,45.0,2.0,4.928398848882039,3.0312617643229167,2.069973678385417,3.624696942708333,2.5634348958333333,2.5050025163503102
17557,1,1.128,1.128,0.0,1.414,2533,2064,135.0,1.0,1.642799616294013,1.4457772812499998,1.4457772812499998,1.8123484713541664,1.2817174479166666,1.4462638771355416
17558,5,3.244,1.963,0.0,3.606,2826,2064,146.31,2.0,8.213998081470065,4.157891401041667,2.516011350260417,4.6218731171875,2.5634348958333333,3.2339443426774745
17559,15,5.558,3.436,174.418,6.325,3044,2064,161.565,4.0,24.641994244410196,7.123785575520833,4.403981151041666,8.106862858072917,5.126869791666667,5.601355910367322
17560,2,2.257,1.128,90.0,2.236,3282,2064,116.565,1.0,3.285599232588026,2.892836279947917,1.4457772812499998,2.865920213541667,1.2817174479166666,2.0453259898153786
17561,1,1.128,1.128,0.0,1.414,3441,2064,135.0,1.0,1.642799616294013,1.4457772812499998,1.4457772812499998,1.8123484713541664,1.2817174479166666,1.4462638771355416
17562,369,22.183,21.179,98.774,31.89,3816,2090,41.186,23.973,606.1930584124908,28.432338147135415,27.145493829427082,40.8739694140625,30.72661237890625,27.781821856230568
17563,3,2.365,1.615,45.0,2.828,501,2067,45.0,2.0,4.928398848882039,3.0312617643229167,2.069973678385417,3.624696942708333,2.5634348958333333,2.5050025163503102
17564,2,2.257,1.128,90.0,2.236,745,2065,116.565,1.0,3.285599232588026,2.892836279947917,1.4457772812499998,2.865920213541667,1.2817174479166666,2.0453259898153786
17565,4,2.734,1.863,90.0,3.162,1150,2065,108.435,2.0,6.571198465176052,3.5042155026041666,2.38783960546875,4.0527905703125,2.5634348958333333,2.892527754271083
17566,2,2.257,1.128,90.0,2.236,1153,2065,116.565,1.0,3.285599232588026,2.892836279947917,1.4457772812499998,2.865920213541667,1.2817174479166666,2.0453259898153786
17567,1,1.128,1.128,0.0,1.414,1589,2065,135.0,1.0,1.642799616294013,1.4457772812499998,1.4457772812499998,1.8123484713541664,1.2817174479166666,1.4462638771355416
17568,1,1.128,1.128,0.0,1.414,2582,2065,135.0,1.0,1.642799616294013,1.4457772812499998,1.4457772812499998,1.8123484713541664,1.2817174479166666,1.4462638771355416
17569,2,2.257,1.128,90.0,2.236,2853,2065,116.565,1.0,3.285599232588026,2.892836279947917,1.4457772812499998,2.865920213541667,1.2817174479166666,2.0453259898153786
17570,1,1.128,1.128,0.0,1.414,2857,2065,135.0,1.0,1.642799616294013,1.4457772812499998,1.4457772812499998,1.8123484713541664,1.2817174479166666,1.4462638771355416
17571,2,2.257,1.128,90.0,2.236,2923,2065,116.565,1.0,3.285599232588026,2.892836279947917,1.4457772812499998,2.865920213541667,1.2817174479166666,2.0453259898153786
17572,2,2.257,1.128,90.0,2.236,2965,2065,116.565,1.0,3.285599232588026,2.892836279947917,1.4457772812499998,2.865920213541667,1.2817174479166666,2.0453259898153786
17573,21,5.846,4.573,45.0,8.602,3212,2072,54.462,6.102,34.49879194217427,7.4929202005208335,5.861293889322917,11.025333486979166,7.8210398671875,6.627613691853932
17574,1,1.128,1.128,0.0,1.414,3328,2065,135.0,1.0,1.642799616294013,1.4457772812499998,1.4457772812499998,1.8123484713541664,1.2817174479166666,1.4462638771355416
17575,2,2.257,1.128,0.0,2.236,3525,2065,153.435,1.0,3.285599232588026,2.892836279947917,1.4457772812499998,2.865920213541667,1.2817174479166666,2.0453259898153786
17576,9,3.919,2.924,110.301,4.472,3586,2065,116.565,3.0,14.785196546646118,5.023050678385417,3.747741817708333,5.731840427083334,3.8451523437499997,4.338791631406624
17577,1,1.128,1.128,0.0,1.414,3591,2065,135.0,1.0,1.642799616294013,1.4457772812499998,1.4457772812499998,1.8123484713541664,1.2817174479166666,1.4462638771355416
17578,3,3.213,1.189,151.845,3.606,3,2066,146.31,1.789,4.928398848882039,4.11815816015625,1.5239620455729168,4.6218731171875,2.2929925143229166,2.5050025163503102
17579,4,2.734,1.863,0.0,3.162,80,2067,161.565,2.0,6.571198465176052,3.5042155026041666,2.38783960546875,4.0527905703125,2.5634348958333333,2.892527754271083
17580,34,8.245,5.25,162.744,8.944,656,2067,153.435,6.0,55.855186953996444,10.567760358072915,6.7290166015625,11.463680854166668,7.690304687499999,8.433095094829797
17581,8,5.621,1.812,15.679,5.831,685,2069,30.964,2.425,13.142396930352104,7.204533774739584,2.322472015625,7.473694438802084,3.1081648111979163,4.090651979630757
17582,3,2.365,1.615,135.0,2.828,779,2066,135.0,2.0,4.928398848882039,3.0312617643229167,2.069973678385417,3.624696942708333,2.5634348958333333,2.5050025163503102
17583,19,5.164,4.684,101.31,6.325,788,2066,108.435,5.547,31.21319270958625,6.6187889010416665,6.003564526041667,8.106862858072917,7.10968668359375,6.304118086127151
17584,15,5.043,3.787,90.0,6.325,834,2072,71.565,4.0,24.641994244410196,6.46370108984375,4.853863975260417,8.106862858072917,5.126869791666667,5.601355910367322
17585,6,4.134,1.848,77.067,4.472,840,2070,63.435,2.0,9.856797697764078,5.298619929687501,2.36861384375,5.731840427083334,2.5634348958333333,3.5426085324013394
17586,3,2.365,1.615,135.0,2.828,1036,2066,135.0,2.0,4.928398848882039,3.0312617643229167,2.069973678385417,3.624696942708333,2.5634348958333333,2.5050025163503102
17587,2,2.257,1.128,90.0,2.236,1367,2066,116.565,1.0,3.285599232588026,2.892836279947917,1.4457772812499998,2.865920213541667,1.2817174479166666,2.0453259898153786
17588,2,2.257,1.128,90.0,2.236,1485,2066,116.565,1.0,3.285599232588026,2.892836279947917,1.4457772812499998,2.865920213541667,1.2817174479166666,2.0453259898153786
17589,13,6.14,2.696,40.627,6.403,1578,2070,38.66,3.536,21.35639501182217,7.869745130208333,3.4555102395833335,8.206836819010416,4.532152895833334,5.214578566863546
17590,1,1.128,1.128,0.0,1.414,2951,2066,135.0,1.0,1.642799616294013,1.4457772812499998,1.4457772812499998,1.8123484713541664,1.2817174479166666,1.4462638771355416
17591,17,6.707,3.227,115.379,7.211,3010,2066,123.69,4.0,27.927593476998222,8.596478923177083,4.136102204427083,9.242464516927084,5.126869791666667,5.963098727945161
17592,10,5.631,2.261,136.761,6.403,3032,2066,128.66,3.536,16.42799616294013,7.21735094921875,2.8979631497395832,8.206836819010416,4.532152895833334,4.573487949374228
17593,3,2.365,1.615,45.0,2.828,3084,2068,45.0,2.0,4.928398848882039,3.0312617643229167,2.069973678385417,3.624696942708333,2.5634348958333333,2.5050025163503102
17594,3,2.365,1.615,45.0,2.828,3124,2068,45.0,2.0,4.928398848882039,3.0312617643229167,2.069973678385417,3.624696942708333,2.5634348958333333,2.5050025163503102
17595,2,2.257,1.128,90.0,2.236,3231,2066,116.565,1.0,3.285599232588026,2.892836279947917,1.4457772812499998,2.865920213541667,1.2817174479166666,2.0453259898153786
17596,4,2.734,1.863,0.0,3.162,3236,2067,161.565,2.0,6.571198465176052,3.5042155026041666,2.38783960546875,4.0527905703125,2.5634348958333333,2.892527754271083
17597,4,3.216,1.583,148.283,3.606,3422,2066,146.31,2.0,6.571198465176052,4.1220033125,2.028958720052083,4.6218731171875,2.5634348958333333,2.892527754271083
17598,1,1.128,1.128,0.0,1.414,3435,2066,135.0,1.0,1.642799616294013,1.4457772812499998,1.4457772812499998,1.8123484713541664,1.2817174479166666,1.4462638771355416
17599,1,1.128,1.128,0.0,1.414,3613,2066,135.0,1.0,1.642799616294013,1.4457772812499998,1.4457772812499998,1.8123484713541664,1.2817174479166666,1.4462638771355416
17600,1,1.128,1.128,0.0,1.414,20,2067,135.0,1.0,1.642799616294013,1.4457772812499998,1.4457772812499998,1.8123484713541664,1.2817174479166666,1.4462638771355416
17601,1,1.128,1.128,0.0,1.414,36,2067,135.0,1.0,1.642799616294013,1.4457772812499998,1.4457772812499998,1.8123484713541664,1.2817174479166666,1.4462638771355416
17602,5,3.144,2.025,161.565,3.606,145,2067,146.31,2.0,8.213998081470065,4.02971965625,2.59547783203125,4.6218731171875,2.5634348958333333,3.2339443426774745
17603,2,2.257,1.128,0.0,2.236,761,2067,153.435,1.0,3.285599232588026,2.892836279947917,1.4457772812499998,2.865920213541667,1.2817174479166666,2.0453259898153786
17604,2,2.257,1.128,0.0,2.236,900,2067,153.435,1.0,3.285599232588026,2.892836279947917,1.4457772812499998,2.865920213541667,1.2817174479166666,2.0453259898153786
17605,2,2.257,1.128,90.0,2.236,1085,2067,116.565,1.0,3.285599232588026,2.892836279947917,1.4457772812499998,2.865920213541667,1.2817174479166666,2.0453259898153786
17606,3,3.385,1.128,0.0,3.162,1535,2067,161.565,1.0,4.928398848882039,4.338613561197916,1.4457772812499998,4.0527905703125,1.2817174479166666,2.5050025163503102
17607,1,1.128,1.128,0.0,1.414,2057,2067,135.0,1.0,1.642799616294013,1.4457772812499998,1.4457772812499998,1.8123484713541664,1.2817174479166666,1.4462638771355416
17608,1,1.128,1.128,0.0,1.414,2201,2067,135.0,1.0,1.642799616294013,1.4457772812499998,1.4457772812499998,1.8123484713541664,1.2817174479166666,1.4462638771355416
17609,2,2.257,1.128,0.0,2.236,2210,2067,153.435,1.0,3.285599232588026,2.892836279947917,1.4457772812499998,2.865920213541667,1.2817174479166666,2.0453259898153786
17610,1,1.128,1.128,0.0,1.414,2501,2067,135.0,1.0,1.642799616294013,1.4457772812499998,1.4457772812499998,1.8123484713541664,1.2817174479166666,1.4462638771355416
17611,1,1.128,1.128,0.0,1.414,2807,2067,135.0,1.0,1.642799616294013,1.4457772812499998,1.4457772812499998,1.8123484713541664,1.2817174479166666,1.4462638771355416
17612,1,1.128,1.128,0.0,1.414,2845,2067,135.0,1.0,1.642799616294013,1.4457772812499998,1.4457772812499998,1.8123484713541664,1.2817174479166666,1.4462638771355416
17613,1,1.128,1.128,0.0,1.414,2859,2067,135.0,1.0,1.642799616294013,1.4457772812499998,1.4457772812499998,1.8123484713541664,1.2817174479166666,1.4462638771355416
17614,6,3.931,1.943,120.964,4.472,2864,2067,116.565,2.683,9.856797697764078,5.0384312877604165,2.4903770013020834,5.731840427083334,3.4388479127604166,3.5426085324013394
17615,1,1.128,1.128,0.0,1.414,2992,2067,135.0,1.0,1.642799616294013,1.4457772812499998,1.4457772812499998,1.8123484713541664,1.2817174479166666,1.4462638771355416
17616,2,2.257,1.128,90.0,2.236,3037,2067,116.565,1.0,3.285599232588026,2.892836279947917,1.4457772812499998,2.865920213541667,1.2817174479166666,2.0453259898153786
17617,5,3.144,2.025,18.435,3.606,3130,2069,33.69,2.0,8.213998081470065,4.02971965625,2.59547783203125,4.6218731171875,2.5634348958333333,3.2339443426774745
17618,1,1.128,1.128,0.0,1.414,3252,2067,135.0,1.0,1.642799616294013,1.4457772812499998,1.4457772812499998,1.8123484713541664,1.2817174479166666,1.4462638771355416
17619,1,1.128,1.128,0.0,1.414,3293,2067,135.0,1.0,1.642799616294013,1.4457772812499998,1.4457772812499998,1.8123484713541664,1.2817174479166666,1.4462638771355416
17620,1,1.128,1.128,0.0,1.414,3411,2067,135.0,1.0,1.642799616294013,1.4457772812499998,1.4457772812499998,1.8123484713541664,1.2817174479166666,1.4462638771355416
17621,210,19.822,13.489,153.226,31.257,3416,2082,172.648,23.0,344.98791942174273,25.406203252604165,17.289086654947916,40.06264226953125,29.47950130208333,20.958354717975766
17622,2,2.257,1.128,90.0,2.236,3449,2067,116.565,1.0,3.285599232588026,2.892836279947917,1.4457772812499998,2.865920213541667,1.2817174479166666,2.0453259898153786
17623,10,5.317,2.395,44.17,7.211,3557,2073,33.69,4.116,16.42799616294013,6.814891670572917,3.0697132877604165,9.242464516927084,5.275549015625,4.573487949374228
17624,3,2.365,1.615,45.0,2.828,666,2070,45.0,2.0,4.928398848882039,3.0312617643229167,2.069973678385417,3.624696942708333,2.5634348958333333,2.5050025163503102
17625,5,3.144,2.025,161.565,3.606,716,2068,146.31,2.0,8.213998081470065,4.02971965625,2.59547783203125,4.6218731171875,2.5634348958333333,3.2339443426774745
17626,46,11.225,5.218,16.402,13.601,730,2076,36.027,6.548,75.5687823495246,14.387278352864582,6.688001643229167,17.432639009114585,8.392685848958333,9.809038857407382
17627,11,4.994,2.804,8.13,5.385,742,2068,158.199,3.0,18.070795779234142,6.400896934895833,3.593935723958333,6.90204845703125,3.8451523437499997,4.796714628303253
17628,8,4.566,2.231,101.835,5.099,1125,2068,101.31,2.846,13.142396930352104,5.8523218671874995,2.859511626302083,6.535477266927083,3.6477678567708334,4.090651979630757
17629,4,2.257,2.257,0.0,2.828,2618,2068,135.0,2.0,6.571198465176052,2.892836279947917,2.892836279947917,3.624696942708333,2.5634348958333333,2.892527754271083
17630,1,1.128,1.128,0.0,1.414,3019,2068,135.0,1.0,1.642799616294013,1.4457772812499998,1.4457772812499998,1.8123484713541664,1.2817174479166666,1.4462638771355416
17631,13,4.477,3.697,24.061,5.385,3023,2072,21.801,4.0,21.35639501182217,5.738249014322917,4.738509404947917,6.90204845703125,5.126869791666667,5.214578566863546
17632,4,2.734,1.863,0.0,3.162,3256,2069,161.565,2.0,6.571198465176052,3.5042155026041666,2.38783960546875,4.0527905703125,2.5634348958333333,2.892527754271083
17633,4,2.257,2.257,0.0,2.828,3260,2068,135.0,2.0,6.571198465176052,2.892836279947917,2.892836279947917,3.624696942708333,2.5634348958333333,2.892527754271083
17634,7,4.154,2.146,98.35,4.472,3270,2068,116.565,2.0,11.499597314058091,5.324254278645833,2.7505656432291663,5.731840427083334,2.5634348958333333,3.826454549076717
17635,4,3.969,1.283,162.391,4.472,3354,2068,153.435,1.897,6.571198465176052,5.08713655078125,1.644443485677083,5.731840427083334,2.4314179986979165,2.892527754271083
17636,1,1.128,1.128,0.0,1.414,3363,2068,135.0,1.0,1.642799616294013,1.4457772812499998,1.4457772812499998,1.8123484713541664,1.2817174479166666,1.4462638771355416
17637,52,10.541,6.281,144.006,12.53,13,2070,151.39,8.322,85.42558004728868,13.510583618489584,8.050467290364583,16.05991962239583,10.666452601562499,10.429157133727092
17638,16,5.177,3.935,62.656,5.831,22,2072,30.964,4.743,26.28479386070421,6.635451227864583,5.043558157552083,7.473694438802084,6.07918585546875,5.785055508542166
17639,1,1.128,1.128,0.0,1.414,79,2069,135.0,1.0,1.642799616294013,1.4457772812499998,1.4457772812499998,1.8123484713541664,1.2817174479166666,1.4462638771355416
17640,9,4.005,2.861,170.783,5.099,668,2071,168.69,3.0,14.785196546646118,5.13327837890625,3.6669936184895837,6.535477266927083,3.8451523437499997,4.338791631406624
17641,3,3.385,1.128,90.0,3.162,697,2069,108.435,1.0,4.928398848882039,4.338613561197916,1.4457772812499998,4.0527905703125,1.2817174479166666,2.5050025163503102
17642,2,2.257,1.128,0.0,2.236,702,2069,153.435,1.0,3.285599232588026,2.892836279947917,1.4457772812499998,2.865920213541667,1.2817174479166666,2.0453259898153786
17643,2,2.257,1.128,0.0,2.236,863,2069,153.435,1.0,3.285599232588026,2.892836279947917,1.4457772812499998,2.865920213541667,1.2817174479166666,2.0453259898153786
17644,1,1.128,1.128,0.0,1.414,1213,2069,135.0,1.0,1.642799616294013,1.4457772812499998,1.4457772812499998,1.8123484713541664,1.2817174479166666,1.4462638771355416
17645,1,1.128,1.128,0.0,1.414,1933,2069,135.0,1.0,1.642799616294013,1.4457772812499998,1.4457772812499998,1.8123484713541664,1.2817174479166666,1.4462638771355416
17646,2,2.257,1.128,90.0,2.236,2851,2069,116.565,1.0,3.285599232588026,2.892836279947917,1.4457772812499998,2.865920213541667,1.2817174479166666,2.0453259898153786
17647,6,3.385,2.257,90.0,3.606,2855,2069,123.69,2.0,9.856797697764078,4.338613561197916,2.892836279947917,4.6218731171875,2.5634348958333333,3.5426085324013394
17648,1,1.128,1.128,0.0,1.414,2895,2069,135.0,1.0,1.642799616294013,1.4457772812499998,1.4457772812499998,1.8123484713541664,1.2817174479166666,1.4462638771355416
17649,1,1.128,1.128,0.0,1.414,2990,2069,135.0,1.0,1.642799616294013,1.4457772812499998,1.4457772812499998,1.8123484713541664,1.2817174479166666,1.4462638771355416
17650,1,1.128,1.128,0.0,1.414,3076,2069,135.0,1.0,1.642799616294013,1.4457772812499998,1.4457772812499998,1.8123484713541664,1.2817174479166666,1.4462638771355416
17651,110,16.812,8.331,118.67,21.095,3235,2070,121.43,12.728,180.70795779234143,21.548233734375,10.67798805859375,27.03782956380208,16.31369967708333,15.168543511286249
17652,1,1.128,1.128,0.0,1.414,3254,2069,135.0,1.0,1.642799616294013,1.4457772812499998,1.4457772812499998,1.8123484713541664,1.2817174479166666,1.4462638771355416
17653,8,4.2,2.425,33.847,5.831,3450,2072,30.964,3.536,13.142396930352104,5.38321328125,3.1081648111979163,7.473694438802084,4.532152895833334,4.090651979630757
17654,14,6.285,2.836,164.382,8.062,3461,2069,150.255,4.0,22.999194628116182,8.05559416015625,3.6349506822916666,10.333206065104166,5.126869791666667,5.411423919108519
17655,1,1.128,1.128,0.0,1.414,33,2070,135.0,1.0,1.642799616294013,1.4457772812499998,1.4457772812499998,1.8123484713541664,1.2817174479166666,1.4462638771355416
17656,1,1.128,1.128,0.0,1.414,72,2070,135.0,1.0,1.642799616294013,1.4457772812499998,1.4457772812499998,1.8123484713541664,1.2817174479166666,1.4462638771355416
17657,5,3.144,2.025,108.435,3.606,561,2070,123.69,2.0,8.213998081470065,4.02971965625,2.59547783203125,4.6218731171875,2.5634348958333333,3.2339443426774745
17658,41,10.202,5.117,83.106,11.18,676,2080,63.435,7.761,67.35478426805453,13.076081403645833,6.558548180989583,14.329601067708333,9.94740911328125,9.26060728541019
17659,3,3.213,1.189,118.155,3.606,684,2070,123.69,1.789,4.928398848882039,4.11815816015625,1.5239620455729168,4.6218731171875,2.2929925143229166,2.5050025163503102
17660,32,7.303,5.579,82.877,10.44,712,2080,73.301,7.496,52.56958772140842,9.360382522135417,7.150701641927083,13.381130156249998,9.607753989583333,8.181303959261514
17661,1,1.128,1.128,0.0,1.414,759,2070,135.0,1.0,1.642799616294013,1.4457772812499998,1.4457772812499998,1.8123484713541664,1.2817174479166666,1.4462638771355416
17662,4,2.257,2.257,0.0,2.828,842,2070,135.0,2.0,6.571198465176052,2.892836279947917,2.892836279947917,3.624696942708333,2.5634348958333333,2.892527754271083
17663,6,3.385,2.257,90.0,3.606,930,2070,123.69,2.0,9.856797697764078,4.338613561197916,2.892836279947917,4.6218731171875,2.5634348958333333,3.5426085324013394
17664,1,1.128,1.128,0.0,1.414,939,2070,135.0,1.0,1.642799616294013,1.4457772812499998,1.4457772812499998,1.8123484713541664,1.2817174479166666,1.4462638771355416
17665,1,1.128,1.128,0.0,1.414,1075,2070,135.0,1.0,1.642799616294013,1.4457772812499998,1.4457772812499998,1.8123484713541664,1.2817174479166666,1.4462638771355416
17666,1,1.128,1.128,0.0,1.414,1182,2070,135.0,1.0,1.642799616294013,1.4457772812499998,1.4457772812499998,1.8123484713541664,1.2817174479166666,1.4462638771355416
17667,1,1.128,1.128,0.0,1.414,1205,2070,135.0,1.0,1.642799616294013,1.4457772812499998,1.4457772812499998,1.8123484713541664,1.2817174479166666,1.4462638771355416
17668,51,10.2,6.366,120.603,11.705,2732,2070,109.983,8.485,83.78278043099466,13.073517968749998,8.1594132734375,15.002502727864583,10.875372545572915,10.32838996735036
17669,96,16.829,7.263,139.167,19.723,2804,2070,120.466,10.607,157.70876316422525,21.570022930989584,9.30911382421875,25.279313225260413,13.595176970052082,14.170434129605358
17670,209,18.427,14.441,154.378,31.78,2812,2090,12.724,20.0,343.34511980544875,23.618207412760416,18.509281665364583,40.73298049479167,25.634348958333334,20.908394325777145
17671,2,2.596,0.981,45.0,2.828,2917,2072,45.0,1.414,3.285599232588026,3.327338494791667,1.2573648164062499,3.624696942708333,1.8123484713541664,2.0453259898153786
17672,10,5.312,2.397,45.0,5.657,3040,2074,45.0,2.828,16.42799616294013,6.808483083333334,3.0722767226562495,7.250675602864583,3.624696942708333,4.573487949374228
17673,5,4.076,1.562,20.994,4.472,3112,2072,26.565,2.0,8.213998081470065,5.224280317708333,2.0020426536458333,5.731840427083334,2.5634348958333333,3.2339443426774745
17674,6,4.134,1.848,77.067,4.472,3120,2074,63.435,2.0,9.856797697764078,5.298619929687501,2.36861384375,5.731840427083334,2.5634348958333333,3.5426085324013394
17675,175,23.093,9.649,32.745,31.623,3126,2090,34.695,15.606,287.4899328514523,29.598701024739583,12.367291654947916,40.53175085546875,20.0024824921875,19.132272745383585
17676,22,6.622,4.23,96.693,7.211,3180,2070,123.69,4.0,36.141591558468285,8.487532940104167,5.4216648046875004,9.242464516927084,5.126869791666667,6.78357888217988
17677,7,4.154,2.146,81.65,4.472,3186,2074,63.435,2.0,11.499597314058091,5.324254278645833,2.7505656432291663,5.731840427083334,2.5634348958333333,3.826454549076717
17678,7,3.507,2.542,120.473,4.243,3217,2070,135.0,3.0,11.499597314058091,4.49498308984375,3.2581257526041663,5.438327131510417,3.8451523437499997,3.826454549076717
17679,2,2.257,1.128,90.0,2.236,3413,2070,116.565,1.0,3.285599232588026,2.892836279947917,1.4457772812499998,2.865920213541667,1.2817174479166666,2.0453259898153786
17680,29,8.198,4.504,100.043,12.166,3458,2082,80.538,6.0,47.64118887252638,10.507519638020833,5.772855385416666,15.593374471354167,7.690304687499999,7.788369332980218
17681,1,1.128,1.128,0.0,1.414,723,2071,135.0,1.0,1.642799616294013,1.4457772812499998,1.4457772812499998,1.8123484713541664,1.2817174479166666,1.4462638771355416
17682,1,1.128,1.128,0.0,1.414,728,2071,135.0,1.0,1.642799616294013,1.4457772812499998,1.4457772812499998,1.8123484713541664,1.2817174479166666,1.4462638771355416
17683,11,4.021,3.483,72.746,5.385,756,2076,68.199,4.0,18.070795779234142,5.153785858072917,4.46422187109375,6.90204845703125,5.126869791666667,4.796714628303253
17684,1,1.128,1.128,0.0,1.414,764,2071,135.0,1.0,1.642799616294013,1.4457772812499998,1.4457772812499998,1.8123484713541664,1.2817174479166666,1.4462638771355416
17685,1,1.128,1.128,0.0,1.414,780,2071,135.0,1.0,1.642799616294013,1.4457772812499998,1.4457772812499998,1.8123484713541664,1.2817174479166666,1.4462638771355416
17686,1,1.128,1.128,0.0,1.414,937,2071,135.0,1.0,1.642799616294013,1.4457772812499998,1.4457772812499998,1.8123484713541664,1.2817174479166666,1.4462638771355416
17687,1,1.128,1.128,0.0,1.414,1203,2071,135.0,1.0,1.642799616294013,1.4457772812499998,1.4457772812499998,1.8123484713541664,1.2817174479166666,1.4462638771355416
17688,1,1.128,1.128,0.0,1.414,1248,2071,135.0,1.0,1.642799616294013,1.4457772812499998,1.4457772812499998,1.8123484713541664,1.2817174479166666,1.4462638771355416
17689,2,2.257,1.128,90.0,2.236,1934,2071,116.565,1.0,3.285599232588026,2.892836279947917,1.4457772812499998,2.865920213541667,1.2817174479166666,2.0453259898153786
17690,5,3.833,1.661,45.0,4.243,2687,2074,45.0,2.121,8.213998081470065,4.912822977864583,2.128932680989583,5.438327131510417,2.71852270703125,3.2339443426774745
17691,2,2.596,0.981,45.0,2.828,2840,2073,45.0,1.414,3.285599232588026,3.327338494791667,1.2573648164062499,3.624696942708333,1.8123484713541664,2.0453259898153786
17692,55,12.442,5.628,142.006,15.62,2912,2071,140.194,8.05,90.35397889617072,15.947128486979167,7.213505796875,20.02042653645833,10.317825455729167,10.72577997755371
17693,1,1.128,1.128,0.0,1.414,2995,2071,135.0,1.0,1.642799616294013,1.4457772812499998,1.4457772812499998,1.8123484713541664,1.2817174479166666,1.4462638771355416
17694,4,4.514,1.128,90.0,4.123,3131,2071,104.036,1.0,6.571198465176052,5.785672559895834,1.4457772812499998,5.284521037760417,1.2817174479166666,2.892527754271083
17695,15,6.981,2.736,149.991,8.062,3169,2071,150.255,4.025,24.641994244410196,8.94766950390625,3.5067789375,10.333206065104166,5.158912727864584,5.601355910367322
17696,7,4.743,1.879,40.269,5.657,3263,2075,45.0,2.683,11.499597314058091,6.07918585546875,2.4083470846354165,7.250675602864583,3.4388479127604166,3.826454549076717
17697,1,1.128,1.128,0.0,1.414,3355,2071,135.0,1.0,1.642799616294013,1.4457772812499998,1.4457772812499998,1.8123484713541664,1.2817174479166666,1.4462638771355416
17698,1,1.128,1.128,0.0,1.414,3421,2071,135.0,1.0,1.642799616294013,1.4457772812499998,1.4457772812499998,1.8123484713541664,1.2817174479166666,1.4462638771355416
17699,1,1.128,1.128,0.0,1.414,3811,2071,135.0,1.0,1.642799616294013,1.4457772812499998,1.4457772812499998,1.8123484713541664,1.2817174479166666,1.4462638771355416
17700,4,2.257,2.257,0.0,2.828,6,2072,135.0,2.0,6.571198465176052,2.892836279947917,2.892836279947917,3.624696942708333,2.5634348958333333,2.892527754271083
17701,1,1.128,1.128,0.0,1.414,775,2072,135.0,1.0,1.642799616294013,1.4457772812499998,1.4457772812499998,1.8123484713541664,1.2817174479166666,1.4462638771355416
17702,4,2.257,2.257,0.0,2.828,818,2072,135.0,2.0,6.571198465176052,2.892836279947917,2.892836279947917,3.624696942708333,2.5634348958333333,2.892527754271083
17703,4,3.192,1.596,108.435,3.606,1346,2072,123.69,2.0,6.571198465176052,4.09124209375,2.045621046875,4.6218731171875,2.5634348958333333,2.892527754271083
17704,1,1.128,1.128,0.0,1.414,2647,2072,135.0,1.0,1.642799616294013,1.4457772812499998,1.4457772812499998,1.8123484713541664,1.2817174479166666,1.4462638771355416
17705,3,2.446,1.561,90.0,3.162,2843,2072,108.435,2.0,4.928398848882039,3.135080877604167,2.0007609361979166,4.0527905703125,2.5634348958333333,2.5050025163503102
17706,4,2.734,1.863,90.0,3.162,2851,2072,108.435,2.0,6.571198465176052,3.5042155026041666,2.38783960546875,4.0527905703125,2.5634348958333333,2.892527754271083
17707,1,1.128,1.128,0.0,1.414,2863,2072,135.0,1.0,1.642799616294013,1.4457772812499998,1.4457772812499998,1.8123484713541664,1.2817174479166666,1.4462638771355416
17708,5,3.713,1.715,6.047,4.472,3018,2074,26.565,2.0,8.213998081470065,4.759016884114583,2.1981454231770834,5.731840427083334,2.5634348958333333,3.2339443426774745
17709,3,2.365,1.615,135.0,2.828,3052,2072,135.0,2.0,4.928398848882039,3.0312617643229167,2.069973678385417,3.624696942708333,2.5634348958333333,2.5050025163503102
17710,3,3.385,1.128,90.0,3.162,3101,2072,108.435,1.0,4.928398848882039,4.338613561197916,1.4457772812499998,4.0527905703125,1.2817174479166666,2.5050025163503102
17711,16,5.831,3.494,135.226,6.403,3206,2072,128.66,4.243,26.28479386070421,7.473694438802084,4.478320763020833,8.206836819010416,5.438327131510417,5.785055508542166
17712,1,1.128,1.128,0.0,1.414,3275,2072,135.0,1.0,1.642799616294013,1.4457772812499998,1.4457772812499998,1.8123484713541664,1.2817174479166666,1.4462638771355416
17713,1,1.128,1.128,0.0,1.414,3297,2072,135.0,1.0,1.642799616294013,1.4457772812499998,1.4457772812499998,1.8123484713541664,1.2817174479166666,1.4462638771355416
17714,2,2.257,1.128,90.0,2.236,3374,2072,116.565,1.0,3.285599232588026,2.892836279947917,1.4457772812499998,2.865920213541667,1.2817174479166666,2.0453259898153786
17715,39,13.573,3.659,175.632,14.318,27,2075,167.905,5.0,64.0691850354665,17.396750920572916,4.689804141927083,18.351630419270833,6.408587239583333,9.031915017867364
17716,19,4.978,4.86,117.303,9.849,701,2081,23.962,8.0,31.21319270958625,6.3803894557291665,6.229146796875001,12.62363514453125,10.253739583333333,6.304118086127151
17717,1,1.128,1.128,0.0,1.414,728,2073,135.0,1.0,1.642799616294013,1.4457772812499998,1.4457772812499998,1.8123484713541664,1.2817174479166666,1.4462638771355416
17718,16,5.403,3.77,123.316,7.616,761,2073,113.199,5.0,26.28479386070421,6.925119371093749,4.832074778645834,9.761560083333332,6.408587239583333,5.785055508542166
17719,4,2.734,1.863,0.0,3.162,779,2074,161.565,2.0,6.571198465176052,3.5042155026041666,2.38783960546875,4.0527905703125,2.5634348958333333,2.892527754271083
17720,1,1.128,1.128,0.0,1.414,792,2073,135.0,1.0,1.642799616294013,1.4457772812499998,1.4457772812499998,1.8123484713541664,1.2817174479166666,1.4462638771355416
17721,1,1.128,1.128,0.0,1.414,830,2073,135.0,1.0,1.642799616294013,1.4457772812499998,1.4457772812499998,1.8123484713541664,1.2817174479166666,1.4462638771355416
17722,1,1.128,1.128,0.0,1.414,919,2073,135.0,1.0,1.642799616294013,1.4457772812499998,1.4457772812499998,1.8123484713541664,1.2817174479166666,1.4462638771355416
17723,8,3.789,2.689,166.35,4.472,992,2073,153.435,3.0,13.142396930352104,4.85642741015625,3.446538217447917,5.731840427083334,3.8451523437499997,4.090651979630757
17724,3,3.213,1.189,118.155,3.606,1006,2073,123.69,1.789,4.928398848882039,4.11815816015625,1.5239620455729168,4.6218731171875,2.2929925143229166,2.5050025163503102
17725,4,3.192,1.596,108.435,3.606,1332,2073,123.69,2.0,6.571198465176052,4.09124209375,2.045621046875,4.6218731171875,2.5634348958333333,2.892527754271083
17726,2,2.257,1.128,90.0,2.236,1715,2073,116.565,1.0,3.285599232588026,2.892836279947917,1.4457772812499998,2.865920213541667,1.2817174479166666,2.0453259898153786
17727,1,1.128,1.128,0.0,1.414,2643,2073,135.0,1.0,1.642799616294013,1.4457772812499998,1.4457772812499998,1.8123484713541664,1.2817174479166666,1.4462638771355416
17728,2,2.596,0.981,45.0,2.828,2869,2075,45.0,1.414,3.285599232588026,3.327338494791667,1.2573648164062499,3.624696942708333,1.8123484713541664,2.0453259898153786
17729,1,1.128,1.128,0.0,1.414,2950,2073,135.0,1.0,1.642799616294013,1.4457772812499998,1.4457772812499998,1.8123484713541664,1.2817174479166666,1.4462638771355416
17730,17,7.385,2.931,80.432,9.22,2995,2082,77.471,4.0,27.927593476998222,9.465483352864583,3.75671383984375,11.817434869791667,5.126869791666667,5.963098727945161
17731,1,1.128,1.128,0.0,1.414,3027,2073,135.0,1.0,1.642799616294013,1.4457772812499998,1.4457772812499998,1.8123484713541664,1.2817174479166666,1.4462638771355416
17732,1,1.128,1.128,0.0,1.414,3160,2073,135.0,1.0,1.642799616294013,1.4457772812499998,1.4457772812499998,1.8123484713541664,1.2817174479166666,1.4462638771355416
17733,3,3.213,1.189,151.845,3.606,3162,2073,146.31,1.789,4.928398848882039,4.11815816015625,1.5239620455729168,4.6218731171875,2.2929925143229166,2.5050025163503102
17734,1,1.128,1.128,0.0,1.414,3211,2073,135.0,1.0,1.642799616294013,1.4457772812499998,1.4457772812499998,1.8123484713541664,1.2817174479166666,1.4462638771355416
17735,2,2.257,1.128,90.0,2.236,3273,2073,116.565,1.0,3.285599232588026,2.892836279947917,1.4457772812499998,2.865920213541667,1.2817174479166666,2.0453259898153786
17736,1,1.128,1.128,0.0,1.414,3418,2073,135.0,1.0,1.642799616294013,1.4457772812499998,1.4457772812499998,1.8123484713541664,1.2817174479166666,1.4462638771355416
17737,1,1.128,1.128,0.0,1.414,3586,2073,135.0,1.0,1.642799616294013,1.4457772812499998,1.4457772812499998,1.8123484713541664,1.2817174479166666,1.4462638771355416
17738,10,4.91,2.593,79.695,5.385,698,2079,68.199,3.0,16.42799616294013,6.293232669270833,3.3234933424479167,6.90204845703125,3.8451523437499997,4.573487949374228
17739,1,1.128,1.128,0.0,1.414,747,2074,135.0,1.0,1.642799616294013,1.4457772812499998,1.4457772812499998,1.8123484713541664,1.2817174479166666,1.4462638771355416
17740,1,1.128,1.128,0.0,1.414,824,2074,135.0,1.0,1.642799616294013,1.4457772812499998,1.4457772812499998,1.8123484713541664,1.2817174479166666,1.4462638771355416
17741,12,4.729,3.231,45.0,5.657,834,2078,45.0,4.0,19.713595395528156,6.061241811197917,4.141229074218749,7.250675602864583,5.126869791666667,5.0100050327006205
17742,2,2.257,1.128,90.0,2.236,839,2074,116.565,1.0,3.285599232588026,2.892836279947917,1.4457772812499998,2.865920213541667,1.2817174479166666,2.0453259898153786
17743,1,1.128,1.128,0.0,1.414,1028,2074,135.0,1.0,1.642799616294013,1.4457772812499998,1.4457772812499998,1.8123484713541664,1.2817174479166666,1.4462638771355416
17744,1,1.128,1.128,0.0,1.414,2325,2074,135.0,1.0,1.642799616294013,1.4457772812499998,1.4457772812499998,1.8123484713541664,1.2817174479166666,1.4462638771355416
17745,3,3.385,1.128,90.0,3.162,2507,2074,108.435,1.0,4.928398848882039,4.338613561197916,1.4457772812499998,4.0527905703125,1.2817174479166666,2.5050025163503102
17746,74,13.612,6.922,139.45,18.601,2645,2074,126.254,10.607,121.56717160575697,17.446737901041665,8.872048174479167,23.841226248697915,13.595176970052082,12.441232293094101
17747,109,18.743,7.405,136.026,25.0,2841,2075,143.13,11.051,179.06515817604742,24.02323012630208,9.491117701822917,32.04293619791667,14.164259516927084,15.099438170060402
17748,4,3.192,1.596,161.565,3.606,2857,2074,146.31,2.0,6.571198465176052,4.09124209375,2.045621046875,4.6218731171875,2.5634348958333333,2.892527754271083
17749,6,4.153,1.84,86.437,4.472,3082,2074,116.565,2.0,9.856797697764078,5.322972561197916,2.3583601041666666,5.731840427083334,2.5634348958333333,3.5426085324013394
17750,8,3.944,2.582,79.663,5.0,3111,2078,53.13,3.0,13.142396930352104,5.055093614583333,3.3093944505208333,6.408587239583333,3.8451523437499997,4.090651979630757
17751,1,1.128,1.128,0.0,1.414,3117,2074,135.0,1.0,1.642799616294013,1.4457772812499998,1.4457772812499998,1.8123484713541664,1.2817174479166666,1.4462638771355416
17752,143,22.344,8.148,3.394,27.659,3207,2083,12.529,12.009,234.92034513004387,28.63869465625,10.443433765624999,35.45102289192708,15.39214483203125,17.29480054611557
17753,137,17.344,10.057,50.362,21.932,3286,2089,43.152,12.971,225.0635474322798,22.23010741666667,12.890232373697916,28.110627067708332,16.625157016927083,16.928084673585392
17754,2,2.257,1.128,0.0,2.236,3310,2074,153.435,1.0,3.285599232588026,2.892836279947917,1.4457772812499998,2.865920213541667,1.2817174479166666,2.0453259898153786
17755,129,14.508,11.321,112.309,19.105,3589,2074,137.121,13.333,211.92115050192768,18.595156734375,14.510323227864582,24.487211842447916,17.089138733072918,16.426400004188977
17756,3,2.365,1.615,45.0,2.828,655,2077,45.0,2.0,4.928398848882039,3.0312617643229167,2.069973678385417,3.624696942708333,2.5634348958333333,2.5050025163503102
17757,4,3.192,1.596,18.435,3.606,765,2077,33.69,2.0,6.571198465176052,4.09124209375,2.045621046875,4.6218731171875,2.5634348958333333,2.892527754271083
17758,1,1.128,1.128,0.0,1.414,931,2075,135.0,1.0,1.642799616294013,1.4457772812499998,1.4457772812499998,1.8123484713541664,1.2817174479166666,1.4462638771355416
17759,1,1.128,1.128,0.0,1.414,1193,2075,135.0,1.0,1.642799616294013,1.4457772812499998,1.4457772812499998,1.8123484713541664,1.2817174479166666,1.4462638771355416
17760,1,1.128,1.128,0.0,1.414,1335,2075,135.0,1.0,1.642799616294013,1.4457772812499998,1.4457772812499998,1.8123484713541664,1.2817174479166666,1.4462638771355416
17761,1,1.128,1.128,0.0,1.414,1426,2075,135.0,1.0,1.642799616294013,1.4457772812499998,1.4457772812499998,1.8123484713541664,1.2817174479166666,1.4462638771355416
17762,2,2.596,0.981,135.0,2.828,2641,2075,135.0,1.414,3.285599232588026,3.327338494791667,1.2573648164062499,3.624696942708333,1.8123484713541664,2.0453259898153786
17763,3,2.365,1.615,135.0,2.828,2774,2075,135.0,2.0,4.928398848882039,3.0312617643229167,2.069973678385417,3.624696942708333,2.5634348958333333,2.5050025163503102
17764,1,1.128,1.128,0.0,1.414,2959,2075,135.0,1.0,1.642799616294013,1.4457772812499998,1.4457772812499998,1.8123484713541664,1.2817174479166666,1.4462638771355416
17765,1,1.128,1.128,0.0,1.414,3022,2075,135.0,1.0,1.642799616294013,1.4457772812499998,1.4457772812499998,1.8123484713541664,1.2817174479166666,1.4462638771355416
17766,10,4.325,2.944,99.72,5.0,3053,2075,126.87,3.0,16.42799616294013,5.5434279622395835,3.7733761666666665,6.408587239583333,3.8451523437499997,4.573487949374228
17767,1,1.128,1.128,0.0,1.414,3124,2075,135.0,1.0,1.642799616294013,1.4457772812499998,1.4457772812499998,1.8123484713541664,1.2817174479166666,1.4462638771355416
17768,1,1.128,1.128,0.0,1.414,3129,2075,135.0,1.0,1.642799616294013,1.4457772812499998,1.4457772812499998,1.8123484713541664,1.2817174479166666,1.4462638771355416
17769,4,3.216,1.583,121.717,3.606,3252,2075,123.69,2.0,6.571198465176052,4.1220033125,2.028958720052083,4.6218731171875,2.5634348958333333,2.892527754271083
17770,6,3.718,2.055,143.13,4.243,3260,2075,135.0,2.683,9.856797697764078,4.765425471354167,2.63392935546875,5.438327131510417,3.4388479127604166,3.5426085324013394
17771,2,2.257,1.128,0.0,2.236,3319,2075,153.435,1.0,3.285599232588026,2.892836279947917,1.4457772812499998,2.865920213541667,1.2817174479166666,2.0453259898153786
17772,2,2.257,1.128,90.0,2.236,3421,2075,116.565,1.0,3.285599232588026,2.892836279947917,1.4457772812499998,2.865920213541667,1.2817174479166666,2.0453259898153786
17773,11,5.197,2.695,129.947,6.403,3436,2075,128.66,3.883,18.070795779234142,6.6610855768229165,3.4542285221354163,8.206836819010416,4.976908850260417,4.796714628303253
17774,3,3.385,1.128,90.0,3.162,3743,2075,108.435,1.0,4.928398848882039,4.338613561197916,1.4457772812499998,4.0527905703125,1.2817174479166666,2.5050025163503102
17775,1,1.128,1.128,0.0,1.414,9,2076,135.0,1.0,1.642799616294013,1.4457772812499998,1.4457772812499998,1.8123484713541664,1.2817174479166666,1.4462638771355416
17776,22,7.454,3.758,25.599,9.849,655,2081,23.962,6.499,36.141591558468285,9.553921856770833,4.816694169270833,12.62363514453125,8.329881694010416,6.78357888217988
17777,17,7.532,2.874,90.745,9.22,667,2076,102.529,4.0,27.927593476998222,9.653895817708333,3.6836559453125,11.817434869791667,5.126869791666667,5.963098727945161
17778,209,27.411,9.708,8.193,34.713,668,2090,11.634,14.0,343.34511980544875,35.13315696484375,12.442912984375,44.49225776953125,17.944044270833334,20.908394325777145
17779,1,1.128,1.128,0.0,1.414,719,2076,135.0,1.0,1.642799616294013,1.4457772812499998,1.4457772812499998,1.8123484713541664,1.2817174479166666,1.4462638771355416
17780,2,2.596,0.981,45.0,2.828,750,2078,45.0,1.414,3.285599232588026,3.327338494791667,1.2573648164062499,3.624696942708333,1.8123484713541664,2.0453259898153786
17781,3,3.385,1.128,90.0,3.162,753,2076,108.435,1.0,4.928398848882039,4.338613561197916,1.4457772812499998,4.0527905703125,1.2817174479166666,2.5050025163503102
17782,26,8.389,3.946,108.822,11.18,781,2076,116.565,5.692,42.71279002364434,10.752327670572916,5.057657049479166,14.329601067708333,7.295535713541667,7.374527731318484
17783,9,4.038,2.838,43.939,5.0,877,2080,53.13,3.536,14.785196546646118,5.1755750546875,3.6375141171875,6.408587239583333,4.532152895833334,4.338791631406624
17784,9,5.066,2.262,144.217,5.657,1042,2076,135.0,3.051,14.785196546646118,6.493180591145833,2.8992448671875,7.250675602864583,3.91051993359375,4.338791631406624
17785,85,12.075,8.963,151.749,13.0,2744,2079,157.38,9.839,139.6379673849911,15.47673818359375,11.488033485677082,16.662326822916665,12.610817970052084,13.333894112227902
17786,203,23.854,10.835,5.724,29.069,2769,2089,26.565,14.0,333.48832210768467,30.574088002604164,13.887408548177085,37.258244493489585,17.944044270833334,20.606088373787664
17787,1,1.128,1.128,0.0,1.414,3160,2076,135.0,1.0,1.642799616294013,1.4457772812499998,1.4457772812499998,1.8123484713541664,1.2817174479166666,1.4462638771355416
17788,47,12.148,4.926,110.947,16.643,3194,2076,122.735,8.944,77.21158196581861,15.570303557291666,6.3137401484375,21.331623485677085,11.463680854166668,9.915085602678126
17789,1,1.128,1.128,0.0,1.414,3283,2076,135.0,1.0,1.642799616294013,1.4457772812499998,1.4457772812499998,1.8123484713541664,1.2817174479166666,1.4462638771355416
17790,2,2.596,0.981,45.0,2.828,3494,2078,45.0,1.414,3.285599232588026,3.327338494791667,1.2573648164062499,3.624696942708333,1.8123484713541664,2.0453259898153786
17791,25,7.355,4.328,143.142,8.602,3579,2077,144.462,5.547,41.069990407350325,9.427031829427083,5.547273114583334,11.025333486979166,7.10968668359375,7.231319385677708
17792,1,1.128,1.128,0.0,1.414,674,2077,135.0,1.0,1.642799616294013,1.4457772812499998,1.4457772812499998,1.8123484713541664,1.2817174479166666,1.4462638771355416
17793,1,1.128,1.128,0.0,1.414,735,2077,135.0,1.0,1.642799616294013,1.4457772812499998,1.4457772812499998,1.8123484713541664,1.2817174479166666,1.4462638771355416
17794,14,5.977,2.982,87.707,6.708,743,2083,63.435,3.0,22.999194628116182,7.660825186197917,3.8220814296875,8.597760640625,3.8451523437499997,5.411423919108519
17795,1,1.128,1.128,0.0,1.414,786,2077,135.0,1.0,1.642799616294013,1.4457772812499998,1.4457772812499998,1.8123484713541664,1.2817174479166666,1.4462638771355416
17796,1,1.128,1.128,0.0,1.414,1031,2077,135.0,1.0,1.642799616294013,1.4457772812499998,1.4457772812499998,1.8123484713541664,1.2817174479166666,1.4462638771355416
17797,2,2.257,1.128,0.0,2.236,1127,2077,153.435,1.0,3.285599232588026,2.892836279947917,1.4457772812499998,2.865920213541667,1.2817174479166666,2.0453259898153786
17798,1,1.128,1.128,0.0,1.414,1192,2077,135.0,1.0,1.642799616294013,1.4457772812499998,1.4457772812499998,1.8123484713541664,1.2817174479166666,1.4462638771355416
17799,1,1.128,1.128,0.0,1.414,1403,2077,135.0,1.0,1.642799616294013,1.4457772812499998,1.4457772812499998,1.8123484713541664,1.2817174479166666,1.4462638771355416
17800,1,1.128,1.128,0.0,1.414,1405,2077,135.0,1.0,1.642799616294013,1.4457772812499998,1.4457772812499998,1.8123484713541664,1.2817174479166666,1.4462638771355416
17801,1,1.128,1.128,0.0,1.414,1505,2077,135.0,1.0,1.642799616294013,1.4457772812499998,1.4457772812499998,1.8123484713541664,1.2817174479166666,1.4462638771355416
17802,1,1.128,1.128,0.0,1.414,1509,2077,135.0,1.0,1.642799616294013,1.4457772812499998,1.4457772812499998,1.8123484713541664,1.2817174479166666,1.4462638771355416
17803,1,1.128,1.128,0.0,1.414,2854,2077,135.0,1.0,1.642799616294013,1.4457772812499998,1.4457772812499998,1.8123484713541664,1.2817174479166666,1.4462638771355416
17804,86,14.271,7.673,158.108,17.029,2858,2077,130.236,10.752,141.2807670012851,18.29138969921875,9.834617977864584,21.826366420572917,13.781026,13.412099440371483
17805,2,2.257,1.128,90.0,2.236,3039,2077,116.565,1.0,3.285599232588026,2.892836279947917,1.4457772812499998,2.865920213541667,1.2817174479166666,2.0453259898153786
17806,15,4.861,3.929,80.538,6.403,3098,2082,51.34,4.0,24.641994244410196,6.2304285143229166,5.035867852864583,8.206836819010416,5.126869791666667,5.601355910367322
17807,2,2.257,1.128,90.0,2.236,3155,2077,116.565,1.0,3.285599232588026,2.892836279947917,1.4457772812499998,2.865920213541667,1.2817174479166666,2.0453259898153786
17808,3,3.213,1.189,118.155,3.606,3158,2077,123.69,1.789,4.928398848882039,4.11815816015625,1.5239620455729168,4.6218731171875,2.2929925143229166,2.5050025163503102
17809,2,2.257,1.128,0.0,2.236,3175,2077,153.435,1.0,3.285599232588026,2.892836279947917,1.4457772812499998,2.865920213541667,1.2817174479166666,2.0453259898153786
17810,9,4.488,2.553,166.717,5.0,3286,2077,143.13,3.0,14.785196546646118,5.752347906250001,3.2722246445312497,6.408587239583333,3.8451523437499997,4.338791631406624
17811,15,6.276,3.043,15.635,7.28,3443,2081,15.945,4.0,24.641994244410196,8.044058703125,3.900266194010417,9.330903020833334,5.126869791666667,5.601355910367322
17812,1,1.128,1.128,0.0,1.414,3650,2077,135.0,1.0,1.642799616294013,1.4457772812499998,1.4457772812499998,1.8123484713541664,1.2817174479166666,1.4462638771355416
17813,38,8.955,5.403,34.851,11.18,0,2086,26.565,7.778,62.4263854191725,11.47777974609375,6.925119371093749,14.329601067708333,9.969198309895832,8.915369296202536
17814,96,13.825,8.841,174.154,18.974,13,2084,161.565,12.0,157.70876316422525,17.719743717447916,11.33166395703125,24.319306856770833,15.380609374999999,14.170434129605358
17815,4,2.257,2.257,0.0,2.828,720,2078,135.0,2.0,6.571198465176052,2.892836279947917,2.892836279947917,3.624696942708333,2.5634348958333333,2.892527754271083
17816,58,11.766,6.276,62.037,12.806,752,2088,38.66,7.92,95.28237774505276,15.080687492187499,8.044058703125,16.413673638020832,10.1512021875,11.01441753947132
17817,34,8.702,4.975,159.062,11.314,768,2078,135.0,7.566,55.855186953996444,11.153505231770833,6.376544303385416,14.501351205729167,9.6974742109375,8.433095094829797
17818,7,4.154,2.146,98.35,4.472,844,2078,116.565,2.0,11.499597314058091,5.324254278645833,2.7505656432291663,5.731840427083334,2.5634348958333333,3.826454549076717
17819,5,3.086,2.063,145.901,3.606,866,2078,123.69,2.683,8.213998081470065,3.955380044270833,2.6441830950520835,4.6218731171875,3.4388479127604166,3.2339443426774745
17820,4,2.257,2.257,0.0,2.828,892,2078,135.0,2.0,6.571198465176052,2.892836279947917,2.892836279947917,3.624696942708333,2.5634348958333333,2.892527754271083
17821,2,2.257,1.128,90.0,2.236,945,2078,116.565,1.0,3.285599232588026,2.892836279947917,1.4457772812499998,2.865920213541667,1.2817174479166666,2.0453259898153786
17822,13,5.118,3.234,81.955,6.325,1000,2084,71.565,4.0,21.35639501182217,6.5598298984375,4.1450742265625,8.106862858072917,5.126869791666667,5.214578566863546
17823,1,1.128,1.128,0.0,1.414,1033,2078,135.0,1.0,1.642799616294013,1.4457772812499998,1.4457772812499998,1.8123484713541664,1.2817174479166666,1.4462638771355416
17824,2,2.596,0.981,135.0,2.828,1380,2078,135.0,1.414,3.285599232588026,3.327338494791667,1.2573648164062499,3.624696942708333,1.8123484713541664,2.0453259898153786
17825,3,3.385,1.128,90.0,3.162,2477,2078,108.435,1.0,4.928398848882039,4.338613561197916,1.4457772812499998,4.0527905703125,1.2817174479166666,2.5050025163503102
17826,5,3.732,1.706,95.152,4.123,2507,2078,104.036,2.0,8.213998081470065,4.783369515625,2.1866099661458334,5.284521037760417,2.5634348958333333,3.2339443426774745
17827,2,2.257,1.128,90.0,2.236,2675,2078,116.565,1.0,3.285599232588026,2.892836279947917,1.4457772812499998,2.865920213541667,1.2817174479166666,2.0453259898153786
17828,1,1.128,1.128,0.0,1.414,2837,2078,135.0,1.0,1.642799616294013,1.4457772812499998,1.4457772812499998,1.8123484713541664,1.2817174479166666,1.4462638771355416
17829,2,2.596,0.981,45.0,2.828,2864,2080,45.0,1.414,3.285599232588026,3.327338494791667,1.2573648164062499,3.624696942708333,1.8123484713541664,2.0453259898153786
17830,1,1.128,1.128,0.0,1.414,2947,2078,135.0,1.0,1.642799616294013,1.4457772812499998,1.4457772812499998,1.8123484713541664,1.2817174479166666,1.4462638771355416
17831,1,1.128,1.128,0.0,1.414,2985,2078,135.0,1.0,1.642799616294013,1.4457772812499998,1.4457772812499998,1.8123484713541664,1.2817174479166666,1.4462638771355416
17832,2,2.257,1.128,0.0,2.236,3036,2078,153.435,1.0,3.285599232588026,2.892836279947917,1.4457772812499998,2.865920213541667,1.2817174479166666,2.0453259898153786
17833,26,7.768,4.261,104.093,10.817,3044,2078,123.69,5.821,42.71279002364434,9.956381135416667,5.461398045572917,13.864337634114584,7.460877264322916,7.374527731318484
17834,28,9.735,3.662,36.567,12.207,3069,2088,55.008,6.8,45.998389256232365,12.477519355468749,4.693649294270833,15.64592488671875,8.715678645833332,7.652909098153434
17835,2,2.257,1.128,90.0,2.236,3103,2078,116.565,1.0,3.285599232588026,2.892836279947917,1.4457772812499998,2.865920213541667,1.2817174479166666,2.0453259898153786
17836,4,2.734,1.863,0.0,3.162,3106,2078,161.565,2.0,6.571198465176052,3.5042155026041666,2.38783960546875,4.0527905703125,2.5634348958333333,2.892527754271083
17837,3,2.365,1.615,135.0,2.828,3178,2078,135.0,2.0,4.928398848882039,3.0312617643229167,2.069973678385417,3.624696942708333,2.5634348958333333,2.5050025163503102
17838,26,6.868,4.82,93.425,8.944,3281,2078,116.565,6.788,42.71279002364434,8.802835432291667,6.177878098958334,11.463680854166668,8.700298036458333,7.374527731318484
17839,5,3.244,1.963,90.0,3.606,3485,2078,123.69,2.0,8.213998081470065,4.157891401041667,2.516011350260417,4.6218731171875,2.5634348958333333,3.2339443426774745
17840,14,4.911,3.63,116.24,6.708,3793,2078,116.565,4.919,22.999194628116182,6.294514386718749,4.6526343359375,8.597760640625,6.304768126302083,5.411423919108519
17841,1,1.128,1.128,0.0,1.414,32,2079,135.0,1.0,1.642799616294013,1.4457772812499998,1.4457772812499998,1.8123484713541664,1.2817174479166666,1.4462638771355416
17842,1,1.128,1.128,0.0,1.414,610,2079,135.0,1.0,1.642799616294013,1.4457772812499998,1.4457772812499998,1.8123484713541664,1.2817174479166666,1.4462638771355416
17843,3,2.365,1.615,135.0,2.828,638,2079,135.0,2.0,4.928398848882039,3.0312617643229167,2.069973678385417,3.624696942708333,2.5634348958333333,2.5050025163503102
17844,65,11.527,7.18,116.18,13.601,644,2079,126.027,8.731,106.78197505911085,14.774357022135415,9.202731276041666,17.432639009114585,11.190675037760416,11.660152149520322
17845,1,1.128,1.128,0.0,1.414,723,2079,135.0,1.0,1.642799616294013,1.4457772812499998,1.4457772812499998,1.8123484713541664,1.2817174479166666,1.4462638771355416
17846,1,1.128,1.128,0.0,1.414,730,2079,135.0,1.0,1.642799616294013,1.4457772812499998,1.4457772812499998,1.8123484713541664,1.2817174479166666,1.4462638771355416
17847,5,3.144,2.025,18.435,3.606,803,2081,33.69,2.0,8.213998081470065,4.02971965625,2.59547783203125,4.6218731171875,2.5634348958333333,3.2339443426774745
17848,1,1.128,1.128,0.0,1.414,942,2079,135.0,1.0,1.642799616294013,1.4457772812499998,1.4457772812499998,1.8123484713541664,1.2817174479166666,1.4462638771355416
17849,1,1.128,1.128,0.0,1.414,1487,2079,135.0,1.0,1.642799616294013,1.4457772812499998,1.4457772812499998,1.8123484713541664,1.2817174479166666,1.4462638771355416
17850,9,3.803,3.013,45.0,5.0,2714,2082,36.87,3.536,14.785196546646118,4.8743714544270835,3.8618146705729166,6.408587239583333,4.532152895833334,4.338791631406624
17851,1,1.128,1.128,0.0,1.414,3167,2079,135.0,1.0,1.642799616294013,1.4457772812499998,1.4457772812499998,1.8123484713541664,1.2817174479166666,1.4462638771355416
17852,1,1.128,1.128,0.0,1.414,3797,2079,135.0,1.0,1.642799616294013,1.4457772812499998,1.4457772812499998,1.8123484713541664,1.2817174479166666,1.4462638771355416
17853,1,1.128,1.128,0.0,1.414,1061,2080,135.0,1.0,1.642799616294013,1.4457772812499998,1.4457772812499998,1.8123484713541664,1.2817174479166666,1.4462638771355416
17854,2,2.257,1.128,90.0,2.236,1078,2080,116.565,1.0,3.285599232588026,2.892836279947917,1.4457772812499998,2.865920213541667,1.2817174479166666,2.0453259898153786
17855,1,1.128,1.128,0.0,1.414,1551,2080,135.0,1.0,1.642799616294013,1.4457772812499998,1.4457772812499998,1.8123484713541664,1.2817174479166666,1.4462638771355416
17856,1,1.128,1.128,0.0,1.414,2962,2080,135.0,1.0,1.642799616294013,1.4457772812499998,1.4457772812499998,1.8123484713541664,1.2817174479166666,1.4462638771355416
17857,14,5.757,3.097,160.56,6.403,2985,2080,141.34,3.638,22.999194628116182,7.378847347656249,3.9694789361979166,8.206836819010416,4.662888075520833,5.411423919108519
17858,2,2.257,1.128,0.0,2.236,3129,2080,153.435,1.0,3.285599232588026,2.892836279947917,1.4457772812499998,2.865920213541667,1.2817174479166666,2.0453259898153786
17859,4,2.257,2.257,0.0,2.828,3493,2080,135.0,2.0,6.571198465176052,2.892836279947917,2.892836279947917,3.624696942708333,2.5634348958333333,2.892527754271083
17860,43,9.002,6.082,167.133,10.77,3496,2084,21.801,8.0,70.64038350064256,11.538020466145834,7.795405518229166,13.8040969140625,10.253739583333333,9.483786464234974
17861,1,1.128,1.128,0.0,1.414,622,2081,135.0,1.0,1.642799616294013,1.4457772812499998,1.4457772812499998,1.8123484713541664,1.2817174479166666,1.4462638771355416
17862,5,3.679,1.73,115.67,4.472,628,2081,116.565,2.53,8.213998081470065,4.7154384908854166,2.2173711848958333,5.731840427083334,3.2427451432291665,3.2339443426774745
17863,28,6.86,5.197,177.532,8.062,730,2081,150.255,6.0,45.998389256232365,8.792581692708334,6.6610855768229165,10.333206065104166,7.690304687499999,7.652909098153434
17864,2,2.596,0.981,135.0,2.828,788,2081,135.0,1.414,3.285599232588026,3.327338494791667,1.2573648164062499,3.624696942708333,1.8123484713541664,2.0453259898153786
17865,1,1.128,1.128,0.0,1.414,2928,2081,135.0,1.0,1.642799616294013,1.4457772812499998,1.4457772812499998,1.8123484713541664,1.2817174479166666,1.4462638771355416
17866,1,1.128,1.128,0.0,1.414,2974,2081,135.0,1.0,1.642799616294013,1.4457772812499998,1.4457772812499998,1.8123484713541664,1.2817174479166666,1.4462638771355416
17867,13,4.453,3.717,90.0,5.385,3104,2086,68.199,4.0,21.35639501182217,5.707487795572917,4.76414375390625,6.90204845703125,5.126869791666667,5.214578566863546
17868,1,1.128,1.128,0.0,1.414,3220,2081,135.0,1.0,1.642799616294013,1.4457772812499998,1.4457772812499998,1.8123484713541664,1.2817174479166666,1.4462638771355416
17869,3,3.385,1.128,0.0,3.162,3258,2081,161.565,1.0,4.928398848882039,4.338613561197916,1.4457772812499998,4.0527905703125,1.2817174479166666,2.5050025163503102
17870,20,6.74,3.778,144.32,7.616,3523,2082,156.801,4.95,32.85599232588026,8.638775598958333,4.842328518229166,9.761560083333332,6.3445013671875,6.467888685354949
17871,1,1.128,1.128,0.0,1.414,3527,2081,135.0,1.0,1.642799616294013,1.4457772812499998,1.4457772812499998,1.8123484713541664,1.2817174479166666,1.4462638771355416
17872,98,19.936,6.259,5.312,21.587,3568,2090,13.392,9.0,160.99436239681327,25.552319041666667,8.022269506510417,27.668434548177082,11.535457031249999,14.317281928707649
17873,1,1.128,1.128,0.0,1.414,633,2082,135.0,1.0,1.642799616294013,1.4457772812499998,1.4457772812499998,1.8123484713541664,1.2817174479166666,1.4462638771355416
17874,3,2.365,1.615,45.0,2.828,638,2084,45.0,2.0,4.928398848882039,3.0312617643229167,2.069973678385417,3.624696942708333,2.5634348958333333,2.5050025163503102
17875,29,7.671,4.814,6.29,10.0,718,2090,36.87,7.417,47.64118887252638,9.83205454296875,6.170187794270833,12.817174479166667,9.506498311197916,7.788369332980218
17876,1,1.128,1.128,0.0,1.414,723,2082,135.0,1.0,1.642799616294013,1.4457772812499998,1.4457772812499998,1.8123484713541664,1.2817174479166666,1.4462638771355416
17877,4,2.257,2.257,0.0,2.828,792,2082,135.0,2.0,6.571198465176052,2.892836279947917,2.892836279947917,3.624696942708333,2.5634348958333333,2.892527754271083
17878,3,2.365,1.615,45.0,2.828,982,2084,45.0,2.0,4.928398848882039,3.0312617643229167,2.069973678385417,3.624696942708333,2.5634348958333333,2.5050025163503102
17879,5,4.183,1.522,10.901,4.472,1060,2084,26.565,2.0,8.213998081470065,5.361424084635416,1.9507739557291666,5.731840427083334,2.5634348958333333,3.2339443426774745
17880,9,3.919,2.924,20.301,4.472,1130,2085,26.565,3.0,14.785196546646118,5.023050678385417,3.747741817708333,5.731840427083334,3.8451523437499997,4.338791631406624
17881,1,1.128,1.128,0.0,1.414,1451,2082,135.0,1.0,1.642799616294013,1.4457772812499998,1.4457772812499998,1.8123484713541664,1.2817174479166666,1.4462638771355416
17882,3,2.365,1.615,45.0,2.828,2258,2084,45.0,2.0,4.928398848882039,3.0312617643229167,2.069973678385417,3.624696942708333,2.5634348958333333,2.5050025163503102
17883,1,1.128,1.128,0.0,1.414,2909,2082,135.0,1.0,1.642799616294013,1.4457772812499998,1.4457772812499998,1.8123484713541664,1.2817174479166666,1.4462638771355416
17884,11,4.381,3.197,23.645,5.831,2960,2086,30.964,4.0,18.070795779234142,5.615204139322917,4.097650680989584,7.473694438802084,5.126869791666667,4.796714628303253
17885,11,5.992,2.337,58.995,7.211,3016,2088,56.31,3.328,18.070795779234142,7.6800509479166665,2.9953736757812504,9.242464516927084,4.265555666666667,4.796714628303253
17886,2,2.257,1.128,90.0,2.236,3107,2082,116.565,1.0,3.285599232588026,2.892836279947917,1.4457772812499998,2.865920213541667,1.2817174479166666,2.0453259898153786
17887,6,2.93,2.607,153.435,3.606,3171,2082,123.69,3.0,9.856797697764078,3.7554321223958333,3.3414373867187503,4.6218731171875,3.8451523437499997,3.5426085324013394
17888,2,2.257,1.128,0.0,2.236,3175,2082,153.435,1.0,3.285599232588026,2.892836279947917,1.4457772812499998,2.865920213541667,1.2817174479166666,2.0453259898153786
17889,10,5.656,2.251,25.809,7.211,3174,2086,33.69,3.343,16.42799616294013,7.249393885416666,2.8851459752604165,9.242464516927084,4.284781428385417,4.573487949374228
17890,2,2.257,1.128,90.0,2.236,3190,2082,116.565,1.0,3.285599232588026,2.892836279947917,1.4457772812499998,2.865920213541667,1.2817174479166666,2.0453259898153786
17891,23,6.326,4.629,34.353,8.485,3250,2088,45.0,5.821,37.7843911747623,8.108144575520832,5.933070066406249,10.875372545572915,7.460877264322916,6.936037892995103
17892,10,6.126,2.078,135.37,7.071,3451,2082,135.0,3.4,16.42799616294013,7.851801085937501,2.663408856770833,9.063024074218749,4.357839322916666,4.573487949374228
17893,31,8.268,4.774,34.404,10.0,3482,2090,53.13,6.364,50.926788105114404,10.597239859375001,6.118919096354166,12.817174479166667,8.156849838541666,8.052456474363645
17894,19,8.366,2.892,114.919,10.0,3513,2082,126.87,4.727,31.21319270958625,10.722848169270833,3.706726859375,12.817174479166667,6.058678376302083,6.304118086127151
17895,3,3.385,1.128,0.0,3.162,3636,2082,161.565,1.0,4.928398848882039,4.338613561197916,1.4457772812499998,4.0527905703125,1.2817174479166666,2.5050025163503102
17896,1,1.128,1.128,0.0,1.414,656,2083,135.0,1.0,1.642799616294013,1.4457772812499998,1.4457772812499998,1.8123484713541664,1.2817174479166666,1.4462638771355416
17897,30,7.323,5.216,115.508,8.062,860,2083,119.745,6.0,49.28398848882039,9.38601687109375,6.685438208333333,10.333206065104166,7.690304687499999,7.921513496120161
17898,1,1.128,1.128,0.0,1.414,1079,2083,135.0,1.0,1.642799616294013,1.4457772812499998,1.4457772812499998,1.8123484713541664,1.2817174479166666,1.4462638771355416
17899,13,4.854,3.41,75.51,5.657,1087,2087,45.0,3.881,21.35639501182217,6.2214564921875,4.370656497395833,7.250675602864583,4.974345415364583,5.214578566863546
17900,2,2.596,0.981,135.0,2.828,1281,2083,135.0,1.414,3.285599232588026,3.327338494791667,1.2573648164062499,3.624696942708333,1.8123484713541664,2.0453259898153786
17901,1,1.128,1.128,0.0,1.414,1319,2083,135.0,1.0,1.642799616294013,1.4457772812499998,1.4457772812499998,1.8123484713541664,1.2817174479166666,1.4462638771355416
17902,2,2.257,1.128,0.0,2.236,1359,2083,153.435,1.0,3.285599232588026,2.892836279947917,1.4457772812499998,2.865920213541667,1.2817174479166666,2.0453259898153786
17903,1,1.128,1.128,0.0,1.414,2560,2083,135.0,1.0,1.642799616294013,1.4457772812499998,1.4457772812499998,1.8123484713541664,1.2817174479166666,1.4462638771355416
17904,2,2.596,0.981,135.0,2.828,2600,2083,135.0,1.414,3.285599232588026,3.327338494791667,1.2573648164062499,3.624696942708333,1.8123484713541664,2.0453259898153786
17905,50,12.28,5.184,162.98,13.416,2676,2084,153.435,7.0,82.13998081470065,15.739490260416666,6.64442325,17.19552128125,8.972022135416667,10.226629949076893
17906,4,2.734,1.863,90.0,3.162,3477,2083,108.435,2.0,6.571198465176052,3.5042155026041666,2.38783960546875,4.0527905703125,2.5634348958333333,2.892527754271083
17907,47,10.065,5.946,3.614,11.18,3538,2089,26.565,7.0,77.21158196581861,12.900486113281248,7.621091945312499,14.329601067708333,8.972022135416667,9.915085602678126
17908,2,2.257,1.128,0.0,2.236,3643,2083,153.435,1.0,3.285599232588026,2.892836279947917,1.4457772812499998,2.865920213541667,1.2817174479166666,2.0453259898153786
17909,4,4.514,1.128,90.0,4.123,641,2084,104.036,1.0,6.571198465176052,5.785672559895834,1.4457772812499998,5.284521037760417,1.2817174479166666,2.892527754271083
17910,21,7.863,3.401,164.72,8.544,657,2085,159.444,4.0,34.49879194217427,10.07814429296875,4.359121040364583,10.950993875,5.126869791666667,6.627613691853932
17911,3,2.365,1.615,45.0,2.828,740,2086,45.0,2.0,4.928398848882039,3.0312617643229167,2.069973678385417,3.624696942708333,2.5634348958333333,2.5050025163503102
17912,1,1.128,1.128,0.0,1.414,743,2084,135.0,1.0,1.642799616294013,1.4457772812499998,1.4457772812499998,1.8123484713541664,1.2817174479166666,1.4462638771355416
17913,8,3.961,2.571,82.204,4.472,816,2084,116.565,3.0,13.142396930352104,5.076882811197916,3.2952955585937502,5.731840427083334,3.8451523437499997,4.090651979630757
17914,4,2.257,2.257,0.0,2.828,890,2084,135.0,2.0,6.571198465176052,2.892836279947917,2.892836279947917,3.624696942708333,2.5634348958333333,2.892527754271083
17915,6,4.943,1.546,100.625,5.385,894,2084,111.801,2.0,9.856797697764078,6.335529345052083,1.9815351744791667,6.90204845703125,2.5634348958333333,3.5426085324013394
17916,15,5.211,3.665,22.921,8.485,908,2090,45.0,5.659,24.641994244410196,6.6790296210937505,4.697494446614583,10.875372545572915,7.253239037760416,5.601355910367322
17917,2,2.257,1.128,90.0,2.236,1065,2084,116.565,1.0,3.285599232588026,2.892836279947917,1.4457772812499998,2.865920213541667,1.2817174479166666,2.0453259898153786
17918,2,2.257,1.128,90.0,2.236,1153,2084,116.565,1.0,3.285599232588026,2.892836279947917,1.4457772812499998,2.865920213541667,1.2817174479166666,2.0453259898153786
17919,3,2.365,1.615,45.0,2.828,2686,2086,45.0,2.0,4.928398848882039,3.0312617643229167,2.069973678385417,3.624696942708333,2.5634348958333333,2.5050025163503102
17920,3,2.365,1.615,45.0,2.828,3000,2086,45.0,2.0,4.928398848882039,3.0312617643229167,2.069973678385417,3.624696942708333,2.5634348958333333,2.5050025163503102
17921,9,4.2,2.729,150.482,5.0,3074,2084,143.13,3.0,14.785196546646118,5.38321328125,3.4978069153645834,6.408587239583333,3.8451523437499997,4.338791631406624
17922,4,2.257,2.257,0.0,2.828,3114,2084,135.0,2.0,6.571198465176052,2.892836279947917,2.892836279947917,3.624696942708333,2.5634348958333333,2.892527754271083
17923,2,2.257,1.128,90.0,2.236,3257,2084,116.565,1.0,3.285599232588026,2.892836279947917,1.4457772812499998,2.865920213541667,1.2817174479166666,2.0453259898153786
17924,4,3.192,1.596,18.435,3.606,3303,2086,33.69,2.0,6.571198465176052,4.09124209375,2.045621046875,4.6218731171875,2.5634348958333333,2.892527754271083
17925,1,1.128,1.128,0.0,1.414,3493,2084,135.0,1.0,1.642799616294013,1.4457772812499998,1.4457772812499998,1.8123484713541664,1.2817174479166666,1.4462638771355416
17926,1,1.128,1.128,0.0,1.414,77,2085,135.0,1.0,1.642799616294013,1.4457772812499998,1.4457772812499998,1.8123484713541664,1.2817174479166666,1.4462638771355416
17927,2,2.257,1.128,0.0,2.236,714,2085,153.435,1.0,3.285599232588026,2.892836279947917,1.4457772812499998,2.865920213541667,1.2817174479166666,2.0453259898153786
17928,1,1.128,1.128,0.0,1.414,779,2085,135.0,1.0,1.642799616294013,1.4457772812499998,1.4457772812499998,1.8123484713541664,1.2817174479166666,1.4462638771355416
17929,3,3.385,1.128,0.0,3.162,789,2085,161.565,1.0,4.928398848882039,4.338613561197916,1.4457772812499998,4.0527905703125,1.2817174479166666,2.5050025163503102
17930,3,2.365,1.615,135.0,2.828,830,2085,135.0,2.0,4.928398848882039,3.0312617643229167,2.069973678385417,3.624696942708333,2.5634348958333333,2.5050025163503102
17931,1,1.128,1.128,0.0,1.414,954,2085,135.0,1.0,1.642799616294013,1.4457772812499998,1.4457772812499998,1.8123484713541664,1.2817174479166666,1.4462638771355416
17932,1,1.128,1.128,0.0,1.414,1690,2085,135.0,1.0,1.642799616294013,1.4457772812499998,1.4457772812499998,1.8123484713541664,1.2817174479166666,1.4462638771355416
17933,1,1.128,1.128,0.0,1.414,1725,2085,135.0,1.0,1.642799616294013,1.4457772812499998,1.4457772812499998,1.8123484713541664,1.2817174479166666,1.4462638771355416
17934,1,1.128,1.128,0.0,1.414,2505,2085,135.0,1.0,1.642799616294013,1.4457772812499998,1.4457772812499998,1.8123484713541664,1.2817174479166666,1.4462638771355416
17935,1,1.128,1.128,0.0,1.414,2622,2085,135.0,1.0,1.642799616294013,1.4457772812499998,1.4457772812499998,1.8123484713541664,1.2817174479166666,1.4462638771355416
17936,1,1.128,1.128,0.0,1.414,3031,2085,135.0,1.0,1.642799616294013,1.4457772812499998,1.4457772812499998,1.8123484713541664,1.2817174479166666,1.4462638771355416
17937,9,4.88,2.348,103.283,5.385,3205,2085,111.801,3.0,14.785196546646118,6.254781145833333,3.009472567708333,6.90204845703125,3.8451523437499997,4.338791631406624
17938,9,6.326,1.811,30.473,7.211,3261,2089,33.69,2.683,14.785196546646118,8.108144575520832,2.321190298177083,9.242464516927084,3.4388479127604166,4.338791631406624
17939,1,1.128,1.128,0.0,1.414,3612,2085,135.0,1.0,1.642799616294013,1.4457772812499998,1.4457772812499998,1.8123484713541664,1.2817174479166666,1.4462638771355416
17940,25,10.86,2.931,172.405,11.402,70,2087,164.745,4.0,41.069990407350325,13.919451484375,3.75671383984375,14.614142341145833,5.126869791666667,7.231319385677708
17941,1,1.128,1.128,0.0,1.414,629,2086,135.0,1.0,1.642799616294013,1.4457772812499998,1.4457772812499998,1.8123484713541664,1.2817174479166666,1.4462638771355416
17942,20,6.394,3.983,165.051,7.616,633,2087,156.801,4.0,32.85599232588026,8.195301361979167,5.105080595052083,9.761560083333332,5.126869791666667,6.467888685354949
17943,2,2.257,1.128,90.0,2.236,821,2086,116.565,1.0,3.285599232588026,2.892836279947917,1.4457772812499998,2.865920213541667,1.2817174479166666,2.0453259898153786
17944,1,1.128,1.128,0.0,1.414,824,2086,135.0,1.0,1.642799616294013,1.4457772812499998,1.4457772812499998,1.8123484713541664,1.2817174479166666,1.4462638771355416
17945,19,6.221,3.889,16.773,7.616,899,2089,23.199,4.0,31.21319270958625,7.973564243489584,4.984599154947916,9.761560083333332,5.126869791666667,6.304118086127151
17946,2,2.257,1.128,90.0,2.236,1133,2086,116.565,1.0,3.285599232588026,2.892836279947917,1.4457772812499998,2.865920213541667,1.2817174479166666,2.0453259898153786
17947,7,4.899,1.819,45.0,5.657,1148,2090,45.0,2.828,11.499597314058091,6.27913377734375,2.3314440377604164,7.250675602864583,3.624696942708333,3.826454549076717
17948,4,2.257,2.257,0.0,2.828,2019,2086,135.0,2.0,6.571198465176052,2.892836279947917,2.892836279947917,3.624696942708333,2.5634348958333333,2.892527754271083
17949,11,3.924,3.569,35.008,5.0,2956,2090,53.13,4.0,18.070795779234142,5.0294592656249995,4.574449571614583,6.408587239583333,5.126869791666667,4.796714628303253
17950,12,4.575,3.34,57.388,5.657,2972,2090,45.0,4.0,19.713595395528156,5.86385732421875,4.2809362760416665,7.250675602864583,5.126869791666667,5.0100050327006205
17951,1,1.128,1.128,0.0,1.414,3039,2086,135.0,1.0,1.642799616294013,1.4457772812499998,1.4457772812499998,1.8123484713541664,1.2817174479166666,1.4462638771355416
17952,1,1.128,1.128,0.0,1.414,3079,2086,135.0,1.0,1.642799616294013,1.4457772812499998,1.4457772812499998,1.8123484713541664,1.2817174479166666,1.4462638771355416
17953,2,2.257,1.128,90.0,2.236,3147,2086,116.565,1.0,3.285599232588026,2.892836279947917,1.4457772812499998,2.865920213541667,1.2817174479166666,2.0453259898153786
17954,12,4.303,3.551,128.78,5.657,3170,2086,135.0,4.0,19.713595395528156,5.5152301783854165,4.551378657552084,7.250675602864583,5.126869791666667,5.0100050327006205
17955,1,1.128,1.128,0.0,1.414,3189,2086,135.0,1.0,1.642799616294013,1.4457772812499998,1.4457772812499998,1.8123484713541664,1.2817174479166666,1.4462638771355416
17956,1,1.128,1.128,0.0,1.414,3493,2086,135.0,1.0,1.642799616294013,1.4457772812499998,1.4457772812499998,1.8123484713541664,1.2817174479166666,1.4462638771355416
17957,19,6.072,3.984,175.56,7.28,3494,2088,164.055,4.0,31.21319270958625,7.78258834375,5.1063623125,9.330903020833334,5.126869791666667,6.304118086127151
17958,6,5.232,1.46,155.712,5.831,3507,2086,149.036,2.236,9.856797697764078,6.7059456875,1.8713074739583333,7.473694438802084,2.865920213541667,3.5426085324013394
17959,5,3.144,2.025,18.435,3.606,4,2089,33.69,2.0,8.213998081470065,4.02971965625,2.59547783203125,4.6218731171875,2.5634348958333333,3.2339443426774745
17960,3,2.365,1.615,135.0,2.828,586,2087,135.0,2.0,4.928398848882039,3.0312617643229167,2.069973678385417,3.624696942708333,2.5634348958333333,2.5050025163503102
17961,2,2.257,1.128,90.0,2.236,737,2087,116.565,1.0,3.285599232588026,2.892836279947917,1.4457772812499998,2.865920213541667,1.2817174479166666,2.0453259898153786
17962,6,3.718,2.055,53.13,4.243,741,2090,45.0,2.683,9.856797697764078,4.765425471354167,2.63392935546875,5.438327131510417,3.4388479127604166,3.5426085324013394
17963,1,1.128,1.128,0.0,1.414,961,2087,135.0,1.0,1.642799616294013,1.4457772812499998,1.4457772812499998,1.8123484713541664,1.2817174479166666,1.4462638771355416
17964,1,1.128,1.128,0.0,1.414,968,2087,135.0,1.0,1.642799616294013,1.4457772812499998,1.4457772812499998,1.8123484713541664,1.2817174479166666,1.4462638771355416
17965,1,1.128,1.128,0.0,1.414,1235,2087,135.0,1.0,1.642799616294013,1.4457772812499998,1.4457772812499998,1.8123484713541664,1.2817174479166666,1.4462638771355416
17966,1,1.128,1.128,0.0,1.414,1251,2087,135.0,1.0,1.642799616294013,1.4457772812499998,1.4457772812499998,1.8123484713541664,1.2817174479166666,1.4462638771355416
17967,2,2.257,1.128,0.0,2.236,2622,2087,153.435,1.0,3.285599232588026,2.892836279947917,1.4457772812499998,2.865920213541667,1.2817174479166666,2.0453259898153786
17968,1,1.128,1.128,0.0,1.414,2647,2087,135.0,1.0,1.642799616294013,1.4457772812499998,1.4457772812499998,1.8123484713541664,1.2817174479166666,1.4462638771355416
17969,1,1.128,1.128,0.0,1.414,3212,2087,135.0,1.0,1.642799616294013,1.4457772812499998,1.4457772812499998,1.8123484713541664,1.2817174479166666,1.4462638771355416
17970,2,2.257,1.128,90.0,2.236,3479,2087,116.565,1.0,3.285599232588026,2.892836279947917,1.4457772812499998,2.865920213541667,1.2817174479166666,2.0453259898153786
17971,4,3.192,1.596,161.565,3.606,9,2088,146.31,2.0,6.571198465176052,4.09124209375,2.045621046875,4.6218731171875,2.5634348958333333,2.892527754271083
17972,5,3.144,2.025,161.565,3.606,144,2088,146.31,2.0,8.213998081470065,4.02971965625,2.59547783203125,4.6218731171875,2.5634348958333333,3.2339443426774745
17973,1,1.128,1.128,0.0,1.414,655,2088,135.0,1.0,1.642799616294013,1.4457772812499998,1.4457772812499998,1.8123484713541664,1.2817174479166666,1.4462638771355416
17974,1,1.128,1.128,0.0,1.414,715,2088,135.0,1.0,1.642799616294013,1.4457772812499998,1.4457772812499998,1.8123484713541664,1.2817174479166666,1.4462638771355416
17975,4,2.734,1.863,0.0,3.162,720,2089,161.565,2.0,6.571198465176052,3.5042155026041666,2.38783960546875,4.0527905703125,2.5634348958333333,2.892527754271083
17976,8,4.514,2.257,0.0,4.472,732,2088,153.435,2.0,13.142396930352104,5.785672559895834,2.892836279947917,5.731840427083334,2.5634348958333333,4.090651979630757
17977,6,3.988,1.916,18.435,4.472,744,2090,26.565,2.0,9.856797697764078,5.111489182291667,2.4557706302083333,5.731840427083334,2.5634348958333333,3.5426085324013394
17978,7,4.35,2.049,2.043,4.472,764,2088,153.435,2.0,11.499597314058091,5.5754708984375,2.62623905078125,5.731840427083334,2.5634348958333333,3.826454549076717
17979,1,1.128,1.128,0.0,1.414,808,2088,135.0,1.0,1.642799616294013,1.4457772812499998,1.4457772812499998,1.8123484713541664,1.2817174479166666,1.4462638771355416
17980,10,5.642,2.257,0.0,5.385,811,2088,158.199,2.0,16.42799616294013,7.2314498411458334,2.892836279947917,6.90204845703125,2.5634348958333333,4.573487949374228
17981,1,1.128,1.128,0.0,1.414,973,2088,135.0,1.0,1.642799616294013,1.4457772812499998,1.4457772812499998,1.8123484713541664,1.2817174479166666,1.4462638771355416
17982,2,2.257,1.128,90.0,2.236,1035,2088,116.565,1.0,3.285599232588026,2.892836279947917,1.4457772812499998,2.865920213541667,1.2817174479166666,2.0453259898153786
17983,3,2.365,1.615,135.0,2.828,1038,2088,135.0,2.0,4.928398848882039,3.0312617643229167,2.069973678385417,3.624696942708333,2.5634348958333333,2.5050025163503102
17984,3,2.365,1.615,135.0,2.828,2625,2088,135.0,2.0,4.928398848882039,3.0312617643229167,2.069973678385417,3.624696942708333,2.5634348958333333,2.5050025163503102
17985,9,5.643,2.031,3.17,6.083,2689,2089,170.538,2.0,14.785196546646118,7.232731558593749,2.6031681367187502,7.7966872356770835,2.5634348958333333,4.338791631406624
17986,6,3.718,2.055,0.0,4.123,2698,2089,165.964,2.0,9.856797697764078,4.765425471354167,2.63392935546875,5.284521037760417,2.5634348958333333,3.5426085324013394
17987,5,3.144,2.025,18.435,3.606,2881,2090,33.69,2.0,8.213998081470065,4.02971965625,2.59547783203125,4.6218731171875,2.5634348958333333,3.2339443426774745
17988,3,2.365,1.615,45.0,2.828,2980,2090,45.0,2.0,4.928398848882039,3.0312617643229167,2.069973678385417,3.624696942708333,2.5634348958333333,2.5050025163503102
17989,3,2.365,1.615,135.0,2.828,2998,2088,135.0,2.0,4.928398848882039,3.0312617643229167,2.069973678385417,3.624696942708333,2.5634348958333333,2.5050025163503102
17990,11,6.526,2.146,1.571,6.325,3050,2088,161.565,2.0,18.070795779234142,8.364488065104167,2.7505656432291663,8.106862858072917,2.5634348958333333,4.796714628303253
17991,3,2.365,1.615,135.0,2.828,3065,2088,135.0,2.0,4.928398848882039,3.0312617643229167,2.069973678385417,3.624696942708333,2.5634348958333333,2.5050025163503102
17992,2,2.257,1.128,90.0,2.236,3075,2088,116.565,1.0,3.285599232588026,2.892836279947917,1.4457772812499998,2.865920213541667,1.2817174479166666,2.0453259898153786
17993,2,2.257,1.128,90.0,2.236,3117,2088,116.565,1.0,3.285599232588026,2.892836279947917,1.4457772812499998,2.865920213541667,1.2817174479166666,2.0453259898153786
17994,5,3.144,2.025,161.565,3.606,3161,2088,146.31,2.0,8.213998081470065,4.02971965625,2.59547783203125,4.6218731171875,2.5634348958333333,3.2339443426774745
17995,2,2.257,1.128,90.0,2.236,3255,2088,116.565,1.0,3.285599232588026,2.892836279947917,1.4457772812499998,2.865920213541667,1.2817174479166666,2.0453259898153786
17996,2,2.257,1.128,90.0,2.236,3419,2088,116.565,1.0,3.285599232588026,2.892836279947917,1.4457772812499998,2.865920213541667,1.2817174479166666,2.0453259898153786
17997,4,2.257,2.257,0.0,2.828,3602,2088,135.0,2.0,6.571198465176052,2.892836279947917,2.892836279947917,3.624696942708333,2.5634348958333333,2.892527754271083
17998,1,1.128,1.128,0.0,1.414,418,2089,135.0,1.0,1.642799616294013,1.4457772812499998,1.4457772812499998,1.8123484713541664,1.2817174479166666,1.4462638771355416
17999,1,1.128,1.128,0.0,1.414,707,2089,135.0,1.0,1.642799616294013,1.4457772812499998,1.4457772812499998,1.8123484713541664,1.2817174479166666,1.4462638771355416
18000,2,2.257,1.128,0.0,2.236,728,2089,153.435,1.0,3.285599232588026,2.892836279947917,1.4457772812499998,2.865920213541667,1.2817174479166666,2.0453259898153786
18001,2,2.257,1.128,0.0,2.236,962,2089,153.435,1.0,3.285599232588026,2.892836279947917,1.4457772812499998,2.865920213541667,1.2817174479166666,2.0453259898153786
18002,1,1.128,1.128,0.0,1.414,1111,2089,135.0,1.0,1.642799616294013,1.4457772812499998,1.4457772812499998,1.8123484713541664,1.2817174479166666,1.4462638771355416
18003,1,1.128,1.128,0.0,1.414,1156,2089,135.0,1.0,1.642799616294013,1.4457772812499998,1.4457772812499998,1.8123484713541664,1.2817174479166666,1.4462638771355416
18004,1,1.128,1.128,0.0,1.414,1251,2089,135.0,1.0,1.642799616294013,1.4457772812499998,1.4457772812499998,1.8123484713541664,1.2817174479166666,1.4462638771355416
18005,1,1.128,1.128,0.0,1.414,2644,2089,135.0,1.0,1.642799616294013,1.4457772812499998,1.4457772812499998,1.8123484713541664,1.2817174479166666,1.4462638771355416
18006,1,1.128,1.128,0.0,1.414,2717,2089,135.0,1.0,1.642799616294013,1.4457772812499998,1.4457772812499998,1.8123484713541664,1.2817174479166666,1.4462638771355416
18007,2,2.257,1.128,0.0,2.236,2919,2089,153.435,1.0,3.285599232588026,2.892836279947917,1.4457772812499998,2.865920213541667,1.2817174479166666,2.0453259898153786
18008,1,1.128,1.128,0.0,1.414,2936,2089,135.0,1.0,1.642799616294013,1.4457772812499998,1.4457772812499998,1.8123484713541664,1.2817174479166666,1.4462638771355416
18009,1,1.128,1.128,0.0,1.414,2977,2089,135.0,1.0,1.642799616294013,1.4457772812499998,1.4457772812499998,1.8123484713541664,1.2817174479166666,1.4462638771355416
18010,1,1.128,1.128,0.0,1.414,3011,2089,135.0,1.0,1.642799616294013,1.4457772812499998,1.4457772812499998,1.8123484713541664,1.2817174479166666,1.4462638771355416
18011,2,2.257,1.128,0.0,2.236,3030,2089,153.435,1.0,3.285599232588026,2.892836279947917,1.4457772812499998,2.865920213541667,1.2817174479166666,2.0453259898153786
18012,1,1.128,1.128,0.0,1.414,3041,2089,135.0,1.0,1.642799616294013,1.4457772812499998,1.4457772812499998,1.8123484713541664,1.2817174479166666,1.4462638771355416
18013,1,1.128,1.128,0.0,1.414,3214,2089,135.0,1.0,1.642799616294013,1.4457772812499998,1.4457772812499998,1.8123484713541664,1.2817174479166666,1.4462638771355416
18014,1,1.128,1.128,0.0,1.414,3233,2089,135.0,1.0,1.642799616294013,1.4457772812499998,1.4457772812499998,1.8123484713541664,1.2817174479166666,1.4462638771355416
18015,2,2.257,1.128,0.0,2.236,3264,2089,153.435,1.0,3.285599232588026,2.892836279947917,1.4457772812499998,2.865920213541667,1.2817174479166666,2.0453259898153786
18016,1,1.128,1.128,0.0,1.414,3473,2089,135.0,1.0,1.642799616294013,1.4457772812499998,1.4457772812499998,1.8123484713541664,1.2817174479166666,1.4462638771355416
18017,2,2.257,1.128,0.0,2.236,3529,2089,153.435,1.0,3.285599232588026,2.892836279947917,1.4457772812499998,2.865920213541667,1.2817174479166666,2.0453259898153786
18018,1,1.128,1.128,0.0,1.414,3536,2089,135.0,1.0,1.642799616294013,1.4457772812499998,1.4457772812499998,1.8123484713541664,1.2817174479166666,1.4462638771355416
18019,1,1.128,1.128,0.0,1.414,3589,2089,135.0,1.0,1.642799616294013,1.4457772812499998,1.4457772812499998,1.8123484713541664,1.2817174479166666,1.4462638771355416
18020,1,1.128,1.128,0.0,1.414,3600,2089,135.0,1.0,1.642799616294013,1.4457772812499998,1.4457772812499998,1.8123484713541664,1.2817174479166666,1.4462638771355416
18021,1,1.128,1.128,0.0,1.414,3606,2089,135.0,1.0,1.642799616294013,1.4457772812499998,1.4457772812499998,1.8123484713541664,1.2817174479166666,1.4462638771355416
